/*--------------------------------*- C++ -*----------------------------------*\
  =========                 |
  \\      /  F ield         | OpenFOAM: The Open Source CFD Toolbox
   \\    /   O peration     | Website:  https://openfoam.org
    \\  /    A nd           | Version:  7
     \\/     M anipulation  |
\*---------------------------------------------------------------------------*/
FoamFile
{
    version     2.0;
    format      ascii;
    class       volVectorField;
    location    "60";
    object      U;
}
// * * * * * * * * * * * * * * * * * * * * * * * * * * * * * * * * * * * * * //

dimensions      [0 1 -1 0 0 0 0];

internalField   nonuniform List<vector> 
2125
(
(0.0181083 0.0134228 1.78181e-21)
(0.0820505 0.0247615 -4.91518e-21)
(0.179783 0.0269563 -5.58426e-21)
(0.0181076 -0.0133918 -1.78182e-21)
(0.0820493 -0.0247027 4.91522e-21)
(0.179781 -0.0268895 5.5843e-21)
(0.272668 -0.0252295 -5.36278e-21)
(0.356646 -0.0225629 4.7401e-21)
(0.431685 -0.0199828 2.38748e-21)
(0.498581 -0.0177037 -3.83679e-21)
(0.558321 -0.0157061 -4.48871e-21)
(0.611682 -0.0139397 6.69633e-22)
(0.659363 -0.012367 -1.89651e-21)
(0.0201446 -0.0400845 1.9545e-21)
(0.0856733 -0.0739826 -5.85452e-21)
(0.183642 -0.0805619 1.31676e-20)
(0.276242 -0.0756066 -1.1593e-20)
(0.359799 -0.0676253 -5.44633e-22)
(0.434437 -0.0598984 -7.7786e-21)
(0.500983 -0.0530716 1.27234e-20)
(0.560429 -0.0470867 1.74284e-20)
(0.61355 -0.0417935 3.14459e-21)
(0.660953 -0.0370832 -6.80539e-21)
(0.0241936 -0.0664128 -1.68762e-21)
(0.0928868 -0.122711 -1.24207e-20)
(0.191332 -0.133715 -2.89072e-20)
(0.283364 -0.125543 2.5112e-20)
(0.366085 -0.112316 5.22211e-21)
(0.439925 -0.0994962 4.63217e-21)
(0.505773 -0.0881665 -2.29013e-20)
(0.564631 -0.0782315 -1.3573e-20)
(0.617274 -0.0694417 -3.04664e-21)
(0.664126 -0.0616295 2.10295e-20)
(0.0302039 -0.0921378 -5.95391e-21)
(0.103619 -0.170526 7.45954e-21)
(0.202788 -0.186008 5.25287e-20)
(0.293983 -0.174748 -4.70943e-21)
(0.37546 -0.156389 -1.35669e-20)
(0.448111 -0.138567 9.81191e-21)
(0.512918 -0.122809 6.56135e-22)
(0.570901 -0.108985 3.50913e-21)
(0.622829 -0.096749 -7.70801e-21)
(0.668865 -0.0858932 -2.05545e-20)
(0.0380999 -0.117027 -4.03457e-21)
(0.117765 -0.217071 2.19749e-20)
(0.217916 -0.237103 -5.29945e-20)
(0.308022 -0.222936 2.30638e-20)
(0.387861 -0.199605 2.06147e-22)
(0.458942 -0.176905 -2.94847e-20)
(0.522373 -0.156822 1.30753e-20)
(0.579196 -0.139196 -1.24039e-21)
(0.630178 -0.123582 5.0044e-21)
(0.675145 -0.109762 -1.54431e-21)
(0.0477818 -0.140855 -4.63467e-20)
(0.135184 -0.262001 -5.54147e-20)
(0.23659 -0.286675 1.44827e-20)
(0.325376 -0.26983 -2.64204e-20)
(0.403202 -0.241729 -7.55116e-21)
(0.472344 -0.21431 1.12109e-20)
(0.534074 -0.190035 4.17773e-21)
(0.589461 -0.168716 1.57666e-20)
(0.639274 -0.149813 -3.39893e-21)
(0.682934 -0.133126 1.84834e-20)
(0.0591266 -0.16341 4.43576e-20)
(0.155703 -0.304982 2.85205e-20)
(0.258655 -0.334405 -2.17462e-20)
(0.345919 -0.315161 3.66869e-20)
(0.421378 -0.282535 -3.24087e-21)
(0.488229 -0.250591 -3.99912e-20)
(0.547947 -0.222281 7.03721e-21)
(0.601629 -0.197401 -4.29607e-20)
(0.650057 -0.175315 1.57494e-21)
(0.69219 -0.155877 1.57968e-20)
(0.071989 -0.184489 -3.33533e-20)
(0.179116 -0.345699 5.97182e-20)
(0.283926 -0.379992 2.34217e-20)
(0.3695 -0.358669 -2.88267e-20)
(0.442264 -0.321807 1.30243e-22)
(0.506491 -0.285561 7.38486e-20)
(0.5639 -0.253404 3.47051e-21)
(0.615622 -0.225118 3.31556e-20)
(0.662456 -0.199971 4.06213e-20)
(0.702866 -0.177908 -2.29153e-20)
(0.0862028 -0.203908 1.86966e-20)
(0.205188 -0.383851 -8.94276e-21)
(0.312189 -0.423146 -2.12861e-20)
(0.395943 -0.400111 1.6328e-20)
(0.465718 -0.359338 6.20722e-20)
(0.52701 -0.319047 -2.1766e-20)
(0.581829 -0.283252 -3.51242e-21)
(0.631348 -0.251737 -4.8123e-20)
(0.676395 -0.223667 -5.99108e-20)
(0.714906 -0.199118 2.63064e-20)
(0.101582 -0.221498 -2.53046e-20)
(0.23365 -0.41916 -2.22981e-20)
(0.343204 -0.463598 3.67523e-21)
(0.425053 -0.439256 -8.54691e-20)
(0.491578 -0.394937 -3.62664e-20)
(0.549648 -0.350885 -2.66002e-20)
(0.60162 -0.311687 -3.52662e-20)
(0.648707 -0.277138 1.62107e-20)
(0.691784 -0.2463 1.96819e-20)
(0.72825 -0.219409 2.98703e-20)
(0.117925 -0.23711 4.83839e-21)
(0.264211 -0.45137 3.2441e-20)
(0.376705 -0.501095 2.37309e-20)
(0.456612 -0.475889 3.99577e-20)
(0.519665 -0.428425 3.14444e-20)
(0.574258 -0.380925 -3.02583e-20)
(0.623143 -0.338578 2.83249e-20)
(0.667588 -0.301214 1.94855e-20)
(0.708529 -0.267775 -2.32327e-21)
(0.742829 -0.23869 -8.77616e-21)
(0.135011 -0.250616 5.83073e-20)
(0.296548 -0.480253 -2.86076e-20)
(0.4124 -0.535409 -2.17984e-20)
(0.490383 -0.509814 -1.3053e-20)
(0.549788 -0.459638 2.41852e-20)
(0.600677 -0.409028 2.16443e-20)
(0.646262 -0.363811 -3.04185e-20)
(0.687872 -0.323864 2.36003e-20)
(0.726527 -0.288007 1.14157e-21)
(0.758573 -0.256877 2.24048e-20)
(0.152609 -0.261911 -4.20333e-20)
(0.330318 -0.505606 -1.60602e-20)
(0.449977 -0.566332 -2.02515e-21)
(0.52611 -0.540854 2.39017e-20)
(0.581739 -0.488432 -3.9807e-21)
(0.628731 -0.435073 -2.42751e-20)
(0.670828 -0.387279 6.81071e-21)
(0.709431 -0.345003 7.50275e-21)
(0.74567 -0.306924 1.76755e-20)
(0.775406 -0.273896 -3.44495e-20)
(0.170475 -0.270914 -1.90075e-20)
(0.365156 -0.527257 3.93111e-20)
(0.489099 -0.593684 3.07372e-20)
(0.563522 -0.568852 -1.4007e-20)
(0.615297 -0.514676 -3.08602e-20)
(0.658237 -0.458952 -2.35013e-20)
(0.696685 -0.408891 2.67102e-20)
(0.732129 -0.364555 -5.29977e-20)
(0.765843 -0.324468 1.40323e-20)
(0.793251 -0.289684 3.71857e-20)
(0.188358 -0.277569 3.52783e-20)
(0.400677 -0.545067 -2.12597e-20)
(0.529413 -0.617309 6.15539e-21)
(0.602329 -0.593674 -4.98313e-23)
(0.650231 -0.538263 -8.69315e-21)
(0.689003 -0.480574 3.87162e-20)
(0.723668 -0.428571 -3.42981e-20)
(0.75582 -0.382459 3.32563e-20)
(0.786924 -0.340596 -5.10457e-20)
(0.812035 -0.304196 -1.91561e-20)
(0.206 -0.281848 -2.58544e-21)
(0.43648 -0.558928 -2.81821e-20)
(0.570545 -0.63708 3.8931e-21)
(0.642229 -0.615207 -8.33293e-21)
(0.686298 -0.5591 -6.9462e-21)
(0.720829 -0.499866 1.27209e-21)
(0.751609 -0.446254 -2.37835e-20)
(0.780349 -0.39866 -1.52882e-21)
(0.808775 -0.355272 3.13497e-20)
(0.831688 -0.317402 -4.05617e-20)
(0.223141 -0.283751 1.21007e-20)
(0.472152 -0.568771 2.13699e-20)
(0.61211 -0.652897 -2.24398e-20)
(0.682907 -0.633362 -9.77754e-21)
(0.723248 -0.577118 6.4828e-20)
(0.753512 -0.516773 -5.35827e-20)
(0.780338 -0.461894 5.24708e-20)
(0.805555 -0.413128 5.03391e-22)
(0.831243 -0.36852 1.0765e-20)
(0.852161 -0.329365 3.73494e-20)
(0.239522 -0.283305 -3.65609e-21)
(0.507271 -0.574561 -2.8722e-21)
(0.653705 -0.664692 5.65591e-21)
(0.724038 -0.648073 3.0104e-21)
(0.760822 -0.592267 -1.3046e-21)
(0.786841 -0.531252 1.9835e-20)
(0.809689 -0.475449 -1.03029e-20)
(0.831276 -0.425791 1.287e-20)
(0.854116 -0.380203 -4.25137e-21)
(0.873427 -0.339951 -1.84118e-21)
(0.254887 -0.280568 5.59729e-21)
(0.541407 -0.576303 -3.77117e-21)
(0.694918 -0.672427 1.1279e-21)
(0.765287 -0.659302 1.59965e-21)
(0.798757 -0.604517 -1.7127e-20)
(0.8206 -0.543288 4.62073e-20)
(0.839491 -0.486916 -3.6016e-20)
(0.857351 -0.436714 2.66584e-20)
(0.877063 -0.390688 -2.26564e-20)
(0.895399 -0.350207 -2.73853e-20)
(0.268985 -0.275625 -2.43237e-21)
(0.574128 -0.574038 -3.55237e-21)
(0.735328 -0.676092 6.31815e-21)
(0.80631 -0.667034 3.11242e-21)
(0.836787 -0.613859 -6.03091e-21)
(0.85457 -0.552873 -3.77197e-20)
(0.869595 -0.496256 9.58562e-21)
(0.883767 -0.445684 -6.45216e-21)
(0.899898 -0.39903 2.46585e-20)
(0.918558 -0.357091 -8.6254e-21)
(0.281587 -0.268597 -4.61949e-21)
(0.604999 -0.567844 -4.29102e-21)
(0.774508 -0.675715 2.45159e-21)
(0.84676 -0.671281 -2.86642e-21)
(0.874644 -0.620304 7.79769e-21)
(0.888529 -0.560029 5.24113e-21)
(0.899798 -0.503525 1.56898e-20)
(0.91049 -0.452974 -2.08555e-20)
(0.922227 -0.407346 -2.21642e-20)
(0.939359 -0.369163 1.19296e-20)
(0.292502 -0.259638 -5.18522e-21)
(0.633579 -0.557831 7.6717e-21)
(0.812031 -0.671361 -2.89981e-21)
(0.886286 -0.672081 -1.8899e-21)
(0.912062 -0.623882 -7.49894e-22)
(0.92226 -0.564789 -6.09432e-21)
(0.929847 -0.508757 -1.49447e-20)
(0.937306 -0.458503 1.4714e-20)
(0.945103 -0.413772 -1.44517e-20)
(0.957879 -0.375636 -1.03982e-21)
(0.301521 -0.248858 -1.33164e-20)
(0.659433 -0.544126 -2.07486e-20)
(0.847482 -0.663161 1.43062e-20)
(0.924534 -0.669492 -1.61395e-22)
(0.948774 -0.624638 -4.03433e-21)
(0.955569 -0.567187 3.39048e-21)
(0.959559 -0.511958 -6.54827e-21)
(0.963951 -0.462158 -7.18365e-21)
(0.968535 -0.418127 3.05454e-20)
(0.976847 -0.380224 1.61728e-20)
(0.308418 -0.236398 1.03273e-20)
(0.682008 -0.526863 -5.92977e-21)
(0.880522 -0.651308 -1.36182e-20)
(0.961157 -0.663584 4.25364e-22)
(0.984516 -0.62264 -1.4631e-21)
(0.988274 -0.56728 5.4425e-21)
(0.988814 -0.513179 -1.33569e-21)
(0.990243 -0.464045 6.06315e-21)
(0.99218 -0.420787 -6.73884e-21)
(0.99697 -0.383569 1.84913e-21)
(0.313119 -0.222482 1.5668e-20)
(0.70099 -0.506491 3.89677e-20)
(0.910702 -0.63604 -2.1626e-21)
(0.995837 -0.65437 -1.90926e-21)
(1.01903 -0.617975 -2.36916e-21)
(1.02019 -0.565146 -3.0322e-21)
(1.0175 -0.512507 4.52343e-21)
(1.01607 -0.464303 1.75978e-21)
(1.01564 -0.421946 -1.01652e-20)
(1.01757 -0.385631 -7.36517e-21)
(0.315548 -0.207424 -1.21678e-20)
(0.71619 -0.483376 -6.20783e-21)
(0.93718 -0.617221 2.79743e-20)
(1.0283 -0.642054 3.58826e-22)
(1.05205 -0.610781 -9.59706e-21)
(1.05112 -0.56088 8.82942e-21)
(1.04549 -0.510036 1.72246e-21)
(1.04132 -0.463026 1.45648e-21)
(1.03866 -0.421676 3.7892e-21)
(1.03801 -0.386386 5.67052e-21)
(0.31562 -0.191483 3.02918e-20)
(0.7274 -0.457648 -6.18747e-21)
(0.959632 -0.595199 -1.92691e-20)
(1.05806 -0.626943 1.95365e-21)
(1.08334 -0.601069 9.35205e-21)
(1.08088 -0.554575 -1.98663e-21)
(1.07263 -0.505863 -2.22873e-21)
(1.0659 -0.460293 1.07877e-21)
(1.06113 -0.420048 -1.62049e-22)
(1.05806 -0.38589 -2.48466e-21)
(0.313274 -0.174915 -1.0667e-20)
(0.734292 -0.429665 -6.66099e-20)
(0.978024 -0.570374 5.48367e-21)
(1.08455 -0.609037 2.14501e-20)
(1.11256 -0.588993 -1.04934e-21)
(1.10926 -0.546358 -2.06532e-20)
(1.09879 -0.500093 9.7375e-21)
(1.08971 -0.456191 -1.58402e-21)
(1.08295 -0.417158 5.38689e-22)
(1.07765 -0.384241 -3.09147e-23)
(0.308504 -0.15798 -1.33946e-20)
(0.736568 -0.399813 2.32482e-20)
(0.991982 -0.542954 2.95124e-20)
(1.10752 -0.588533 -1.64696e-20)
(1.13943 -0.574741 3.70104e-21)
(1.13607 -0.536358 1.30058e-20)
(1.12383 -0.492844 6.17385e-21)
(1.11262 -0.45082 1.16157e-21)
(1.10405 -0.413108 -1.2193e-21)
(1.09671 -0.381535 -4.15857e-22)
(0.301362 -0.140932 -1.8311e-20)
(0.734024 -0.368491 -6.71096e-21)
(1.00109 -0.513206 -5.54269e-20)
(1.12671 -0.565666 -7.17775e-21)
(1.16371 -0.55847 1.58746e-21)
(1.16117 -0.524732 2.69976e-21)
(1.14759 -0.484219 -2.23935e-20)
(1.13455 -0.444283 -8.8657e-21)
(1.12434 -0.407997 2.97436e-22)
(1.11516 -0.377845 1.04832e-21)
(0.291943 -0.124026 -5.01869e-21)
(0.726542 -0.336118 2.15646e-20)
(1.00501 -0.481463 2.81832e-20)
(1.14176 -0.540666 1.56381e-20)
(1.1851 -0.540361 -2.97432e-21)
(1.18439 -0.511594 -2.87034e-21)
(1.17001 -0.474342 1.85556e-20)
(1.15537 -0.436701 1.59928e-20)
(1.14377 -0.401916 1.95653e-21)
(1.13293 -0.37326 -1.32283e-21)
(0.280389 -0.107509 4.81302e-20)
(0.714082 -0.303138 2.96015e-20)
(1.00346 -0.448086 -2.82112e-20)
(1.15231 -0.513759 -4.87852e-21)
(1.20331 -0.520559 2.43826e-21)
(1.20547 -0.497087 -7.24171e-21)
(1.19104 -0.463341 -1.15448e-20)
(1.17507 -0.428171 -3.13801e-22)
(1.16219 -0.394979 -9.39591e-21)
(1.15005 -0.367861 3.65692e-21)
(0.266885 -0.091618 6.0104e-21)
(0.696682 -0.27001 -1.62372e-20)
(0.996205 -0.413452 3.71713e-20)
(1.15801 -0.485186 2.11054e-20)
(1.21806 -0.499219 1.05444e-21)
(1.22421 -0.481346 1.03743e-20)
(1.21047 -0.451341 9.00208e-22)
(1.19364 -0.418797 -8.04554e-21)
(1.17958 -0.387286 5.47984e-21)
(1.16661 -0.361838 9.79102e-22)
(0.251657 -0.0765691 -4.00426e-20)
(0.674464 -0.237197 -1.15805e-20)
(0.98306 -0.377957 -9.81535e-21)
(1.15853 -0.455201 -1.4843e-20)
(1.22903 -0.476501 3.84533e-21)
(1.24043 -0.464499 -1.27821e-22)
(1.22817 -0.438466 7.36353e-21)
(1.21096 -0.40868 -2.17475e-21)
(1.19595 -0.37907 -6.77218e-21)
(1.18249 -0.355144 -4.73014e-21)
(0.234966 -0.0625528 3.21542e-21)
(0.647647 -0.205159 1.84953e-20)
(0.96391 -0.342013 8.52277e-21)
(1.15354 -0.424069 -2.39728e-20)
(1.23591 -0.452567 -3.19837e-22)
(1.25392 -0.446663 -8.47434e-21)
(1.24405 -0.424832 1.35975e-22)
(1.22697 -0.397942 2.5543e-21)
(1.21126 -0.370385 -2.78586e-21)
(1.19727 -0.347906 7.88344e-21)
(0.217104 -0.0497296 7.42189e-21)
(0.616551 -0.174343 -1.78959e-20)
(0.938711 -0.306042 -4.04033e-20)
(1.14274 -0.392065 3.48068e-20)
(1.23833 -0.427577 -2.17352e-21)
(1.26441 -0.427947 6.09366e-21)
(1.25796 -0.410541 -7.2667e-22)
(1.2416 -0.386677 4.78476e-21)
(1.22547 -0.361232 -4.37814e-22)
(1.21093 -0.340182 -6.15707e-21)
(0.198383 -0.0382255 -1.47902e-20)
(0.581602 -0.145171 2.28984e-20)
(0.907516 -0.270473 1.83687e-20)
(1.12584 -0.359473 -2.47657e-20)
(1.23593 -0.401688 -3.86371e-21)
(1.27163 -0.40845 1.29205e-21)
(1.26977 -0.395678 1.28165e-20)
(1.25479 -0.374964 3.66782e-22)
(1.23858 -0.351666 2.1947e-21)
(1.22363 -0.332038 -4.3027e-21)
(0.17913 -0.0281286 1.11858e-20)
(0.54332 -0.118026 -9.88793e-21)
(0.870482 -0.235738 -8.06797e-21)
(1.10261 -0.32659 1.33158e-20)
(1.22831 -0.375058 4.30201e-21)
(1.27524 -0.388256 3.11758e-21)
(1.27926 -0.380314 -1.35216e-20)
(1.26647 -0.362885 -4.56808e-21)
(1.2506 -0.341778 -3.70713e-21)
(1.23549 -0.323558 1.40874e-21)
(0.159673 -0.0194874 -5.312e-21)
(0.502318 -0.0932391 -1.06055e-22)
(0.827895 -0.202266 1.51913e-20)
(1.07286 -0.293719 -5.43826e-21)
(1.21507 -0.347842 -2.3523e-21)
(1.27485 -0.367436 -1.49344e-21)
(1.28622 -0.364504 3.43849e-21)
(1.27654 -0.350509 5.57996e-21)
(1.26151 -0.331663 -3.02657e-22)
(1.24651 -0.314827 1.95589e-21)
(0.140337 -0.0123098 3.70148e-21)
(0.459284 -0.0710814 -1.02641e-21)
(0.780182 -0.170477 -2.69185e-21)
(1.03649 -0.261181 -2.394e-21)
(1.19579 -0.320202 2.09505e-21)
(1.27003 -0.346053 1.59776e-21)
(1.29033 -0.348284 -1.44076e-21)
(1.28487 -0.337888 4.87119e-22)
(1.27126 -0.321397 6.84664e-22)
(1.25668 -0.305918 -8.85163e-22)
(0.121427 -0.00656496 1.87186e-21)
(0.414966 -0.0517502 5.46544e-22)
(0.727921 -0.140774 -3.21058e-21)
(0.993505 -0.229306 -2.59368e-21)
(1.17007 -0.292304 2.73508e-21)
(1.26029 -0.324157 5.51012e-22)
(1.29123 -0.331669 -1.26779e-21)
(1.29125 -0.32505 1.18302e-21)
(1.27979 -0.311037 6.67564e-22)
(1.26598 -0.296896 -7.7134e-22)
(0.103224 -0.00218638 -7.64369e-22)
(0.370141 -0.035361 1.4703e-21)
(0.671851 -0.113529 9.72382e-21)
(0.944053 -0.198439 -4.44631e-21)
(1.13752 -0.26433 -2.21916e-21)
(1.24507 -0.301792 -2.56405e-21)
(1.28846 -0.314652 5.34114e-21)
(1.29542 -0.311996 3.80806e-21)
(1.28698 -0.300617 2.9982e-21)
(1.27437 -0.287811 1.59738e-21)
(0.0859733 0.000923445 1.42792e-20)
(0.325593 -0.0219419 -7.82232e-21)
(0.612866 -0.0890723 -9.26391e-21)
(0.888451 -0.16894 1.28676e-20)
(1.09782 -0.236481 7.10804e-21)
(1.22375 -0.279006 -5.0667e-22)
(1.28146 -0.297209 -9.47966e-21)
(1.29703 -0.298701 -6.65231e-21)
(1.29267 -0.290148 -7.37306e-21)
(1.2818 -0.278705 4.68156e-21)
(0.0698795 0.00288688 -1.91259e-20)
(0.282072 -0.0114332 1.78275e-20)
(0.551992 -0.0676734 2.09479e-20)
(0.827237 -0.141181 -2.17935e-20)
(1.05076 -0.208985 -7.92119e-21)
(1.19571 -0.255853 5.52736e-21)
(1.26956 -0.279297 1.01626e-20)
(1.2956 -0.285111 1.82889e-21)
(1.29663 -0.279611 -5.25611e-22)
(1.28818 -0.2696 -6.84955e-21)
(0.0551011 0.00384446 -2.59548e-21)
(0.240266 -0.00369142 -2.47061e-20)
(0.490357 -0.0495217 -2.73003e-20)
(0.761191 -0.11554 3.27767e-20)
(0.996311 -0.182111 -3.91195e-21)
(1.16031 -0.232409 8.27988e-21)
(1.25198 -0.26087 1.83556e-21)
(1.29052 -0.271143 -4.64634e-21)
(1.2985 -0.268955 2.593e-21)
(1.29336 -0.260494 -1.11666e-21)
(0.0417487 0.00394783 5.33665e-21)
(0.200777 0.00149988 1.50657e-20)
(0.429132 -0.0347078 8.9363e-21)
(0.691361 -0.0923896 -7.12285e-21)
(0.934656 -0.156171 -1.25628e-20)
(1.11697 -0.208789 -1.27508e-20)
(1.22787 -0.24188 -2.84799e-21)
(1.28103 -0.256694 8.89731e-21)
(1.29781 -0.258094 -1.94185e-21)
(1.29709 -0.251354 4.14084e-21)
(0.0298852 0.00335299 -1.98091e-20)
(0.16409 0.00441484 -1.88039e-20)
(0.369467 -0.0232101 -3.24661e-21)
(0.619045 -0.0720739 -3.6887e-21)
(0.866306 -0.13153 -9.93258e-21)
(1.06527 -0.185158 6.7902e-21)
(1.19628 -0.222303 -9.95551e-22)
(1.26619 -0.241642 -7.57095e-21)
(1.29388 -0.246909 7.06966e-21)
(1.29903 -0.242114 -1.31846e-20)
(0.0195283 0.00221398 4.74296e-21)
(0.130568 0.00536706 1.61159e-20)
(0.312423 -0.0148903 1.50964e-20)
(0.545745 -0.054876 1.76993e-20)
(0.792152 -0.108603 -2.45136e-22)
(1.00501 -0.161753 2.04061e-20)
(1.15629 -0.20215 2.38913e-21)
(1.24492 -0.225859 -3.01658e-20)
(1.28586 -0.235247 2.34728e-20)
(1.29864 -0.232662 8.40735e-21)
(0.0106545 0.000677413 1.27674e-20)
(0.100445 0.00469042 2.90128e-20)
(0.258908 -0.00950317 -3.95316e-21)
(0.473073 -0.0409795 -2.26426e-20)
(0.713509 -0.0878403 1.11738e-20)
(0.936345 -0.138904 -1.33884e-20)
(1.10708 -0.181499 -2.21535e-20)
(1.21599 -0.209233 -4.44628e-21)
(1.27266 -0.222928 -2.25162e-20)
(0.0032055 -0.00112221 6.27309e-21)
(0.073831 0.00272091 5.25095e-21)
(0.20963 -0.00671871 4.09765e-20)
(0.402629 -0.0304322 9.28338e-21)
(0.632103 -0.0696923 -9.24093e-21)
(0.859952 -0.117041 -5.01381e-21)
(1.04805 -0.160521 3.78006e-20)
(1.17813 -0.191692 3.50957e-20)
(-0.00290534 -0.00306585 1.55129e-21)
(0.050722 -0.000219182 -3.03957e-20)
(0.16508 -0.0061525 -4.91001e-20)
(0.335865 -0.0231272 2.87784e-21)
(0.549975 -0.0545529 1.42219e-20)
(0.777097 -0.0966909 -2.10306e-20)
(0.979027 -0.139515 -6.14667e-20)
(-0.00778674 -0.00505259 -1.13935e-20)
(0.0310168 -0.00383355 3.05022e-20)
(0.125528 -0.00739783 3.07357e-20)
(0.27397 -0.0188123 -3.45173e-20)
(0.469303 -0.0426873 4.93108e-21)
(-0.0115625 -0.00700147 -2.72509e-20)
(0.0145349 -0.00786167 -4.74837e-20)
(0.0910409 -0.0100536 -1.02212e-20)
(0.217807 -0.0171237 1.9057e-20)
(-0.0143647 -0.00885118 2.05215e-20)
(0.00103663 -0.0120836 2.30505e-22)
(0.061516 -0.0137453 -4.96061e-21)
(-0.016328 -0.0105595 -6.82121e-21)
(-0.00975836 -0.0163219 -1.19148e-20)
(-0.0175852 -0.0121012 4.70978e-20)
(-0.0181535 -0.0204396 3.7193e-20)
(-0.0182621 -0.0134656 9.07253e-21)
(0.998635 -0.00344049 -1.79318e-22)
(0.998334 -0.00828096 8.10882e-22)
(0.991446 -0.0161834 4.00372e-22)
(0.987077 -0.0225682 1.87451e-22)
(0.976567 -0.0336777 3.89661e-22)
(0.969189 -0.0433853 -1.68382e-21)
(0.955675 -0.0598417 -2.29161e-21)
(0.946468 -0.0747761 7.49288e-22)
(0.931106 -0.0990107 2.39651e-21)
(0.92238 -0.120837 2.88569e-21)
(0.907582 -0.155569 5.04681e-21)
(0.90372 -0.184358 -1.10592e-21)
(0.893911 -0.232712 -7.39756e-21)
(0.901872 -0.263624 -2.0789e-21)
(0.907695 -0.335413 5.67507e-21)
(0.998683 -0.00328605 -1.0256e-21)
(0.99821 -0.00785952 3.8894e-22)
(0.991367 -0.0154275 -6.56117e-22)
(0.986689 -0.0214382 1.79702e-21)
(0.976138 -0.0320798 -1.61428e-21)
(0.968239 -0.0412164 1.93009e-22)
(0.954488 -0.0569946 2.41556e-21)
(0.944367 -0.0711048 -3.83988e-21)
(0.92838 -0.094455 1.74198e-21)
(0.918029 -0.115273 -6.42858e-21)
(0.90192 -0.14917 7.38642e-21)
(0.895218 -0.177214 -7.79721e-21)
(0.883096 -0.225484 -1.24016e-21)
(0.885729 -0.256894 9.48314e-21)
(0.886908 -0.328379 -2.18419e-21)
(0.998728 -0.00312805 1.36192e-21)
(0.998101 -0.00741278 9.55539e-22)
(0.991313 -0.0146293 1.16549e-21)
(0.986366 -0.0202502 -8.75534e-22)
(0.975793 -0.0303947 -9.13815e-22)
(0.967452 -0.0389444 3.41731e-21)
(0.953505 -0.0540012 -1.8826e-21)
(0.94262 -0.067263 5.281e-21)
(0.92608 -0.089635 -3.26877e-21)
(0.914357 -0.10937 -1.6111e-21)
(0.897054 -0.142145 -2.26901e-21)
(0.887862 -0.169186 1.90853e-21)
(0.873565 -0.21648 5.48511e-21)
(0.871747 -0.248226 -1.56302e-20)
(0.868666 -0.317747 1.78601e-20)
(0.998772 -0.00297054 1.95416e-22)
(0.998003 -0.00695334 -1.58413e-21)
(0.991272 -0.0138419 -2.97614e-21)
(0.986084 -0.0191009 5.23045e-22)
(0.9755 -0.0287628 -1.02484e-22)
(0.96677 -0.0367685 9.6656e-22)
(0.95265 -0.0511211 2.93445e-21)
(0.941093 -0.0635868 -1.9862e-21)
(0.924051 -0.0849686 2.56358e-21)
(0.911095 -0.103655 -5.17738e-21)
(0.892688 -0.13516 3.49385e-21)
(0.881183 -0.161161 2.38751e-21)
(0.864769 -0.206963 5.92183e-21)
(0.85886 -0.238705 -1.03243e-20)
(0.851592 -0.30619 8.30704e-23)
(0.998815 -0.00280823 -1.72263e-21)
(0.997912 -0.00652845 -4.13878e-22)
(0.991237 -0.0130492 -4.10899e-22)
(0.985831 -0.0179512 2.31014e-21)
(0.975243 -0.0271205 4.15931e-23)
(0.966161 -0.0345881 -3.63226e-22)
(0.951888 -0.0482171 -2.06632e-21)
(0.939718 -0.0598899 -1.7234e-22)
(0.92222 -0.0802368 6.52915e-21)
(0.908112 -0.0978712 -7.61665e-21)
(0.888681 -0.127988 2.43641e-21)
(0.874982 -0.152918 3.75444e-21)
(0.856512 -0.196956 1.27489e-21)
(0.84676 -0.22838 -5.65061e-21)
(0.835435 -0.293666 1.7678e-22)
(0.998854 -0.00264197 3.17898e-22)
(0.997827 -0.00613257 2.84357e-22)
(0.991211 -0.0122448 9.8263e-22)
(0.9856 -0.0167926 -1.28334e-21)
(0.975014 -0.0254553 3.63995e-22)
(0.965607 -0.0323879 -1.00238e-21)
(0.9512 -0.0452696 5.34118e-22)
(0.938457 -0.0561522 -2.28412e-21)
(0.920546 -0.0754164 4.40288e-21)
(0.905347 -0.0919956 -1.03027e-22)
(0.884962 -0.12061 -7.97833e-21)
(0.869183 -0.144417 5.07574e-22)
(0.84873 -0.186462 8.62865e-21)
(0.835354 -0.217264 2.76998e-22)
(0.820123 -0.280073 -1.02304e-20)
(0.998891 -0.00247393 2.75855e-22)
(0.997748 -0.00571125 -1.62864e-21)
(0.991191 -0.0114273 -1.23026e-21)
(0.985387 -0.015629 1.46668e-21)
(0.974809 -0.0237732 -1.05062e-21)
(0.965097 -0.0301777 8.49908e-22)
(0.950575 -0.042291 -4.48658e-22)
(0.937288 -0.0523913 -5.00758e-22)
(0.919006 -0.0705271 3.35786e-21)
(0.902771 -0.0860497 -6.72022e-21)
(0.881497 -0.113055 5.39928e-21)
(0.863758 -0.135677 7.56727e-21)
(0.841407 -0.175529 -9.39391e-21)
(0.82462 -0.205417 -1.77472e-21)
(0.805655 -0.265452 -8.6679e-21)
(0.998928 -0.00230323 -1.53305e-22)
(0.997675 -0.00528396 1.02014e-21)
(0.991178 -0.0105905 -1.12477e-21)
(0.985188 -0.0144619 2.6154e-21)
(0.974626 -0.0220762 -2.82022e-21)
(0.964623 -0.0279609 -2.8663e-21)
(0.950006 -0.0392842 -7.16718e-22)
(0.936203 -0.0486105 3.38105e-22)
(0.917586 -0.0655735 -2.62141e-21)
(0.900373 -0.0800355 2.98382e-21)
(0.87827 -0.105339 3.18492e-21)
(0.858696 -0.126701 -1.13689e-21)
(0.834544 -0.164193 -3.93173e-21)
(0.814557 -0.192899 8.2367e-21)
(0.79205 -0.249854 -8.02354e-21)
(0.998964 -0.00212986 -6.67099e-22)
(0.997608 -0.00485783 6.30853e-21)
(0.991169 -0.00973843 1.47006e-22)
(0.985002 -0.0132913 1.29853e-21)
(0.974463 -0.0203648 -2.32249e-22)
(0.964184 -0.0257382 3.86473e-21)
(0.949487 -0.0362496 5.97904e-22)
(0.935196 -0.0448101 5.46723e-23)
(0.916278 -0.0605583 -4.08452e-21)
(0.898148 -0.0739523 -7.34614e-22)
(0.875273 -0.097472 3.56253e-21)
(0.853997 -0.117498 -5.13404e-21)
(0.828149 -0.152485 -3.85841e-21)
(0.805179 -0.179764 4.61469e-21)
(0.779338 -0.233334 -4.00165e-21)
(0.998998 -0.00195422 1.66491e-21)
(0.997547 -0.00443039 -3.54146e-21)
(0.991166 -0.00893106 1.89496e-21)
(0.984826 -0.0121212 -2.69365e-21)
(0.974317 -0.0186399 -9.93494e-22)
(0.963776 -0.0235108 5.55194e-22)
(0.949017 -0.0331887 -2.0154e-21)
(0.934266 -0.0409907 3.55232e-21)
(0.915076 -0.0554855 1.91925e-21)
(0.896096 -0.0678007 -1.09341e-21)
(0.872504 -0.0894679 3.33351e-21)
(0.849661 -0.108077 -6.26711e-21)
(0.822235 -0.140432 1.08717e-20)
(0.796502 -0.166062 -7.59615e-21)
(0.767552 -0.215954 -3.8762e-21)
(0.999031 -0.00177643 -1.18241e-21)
(0.997487 -0.00400292 1.59789e-22)
(0.991168 -0.00814125 1.23266e-23)
(0.984668 -0.0109506 2.48998e-21)
(0.97419 -0.0169025 6.20414e-22)
(0.963402 -0.0212796 -1.14368e-21)
(0.948593 -0.0301031 1.30988e-21)
(0.933414 -0.0371532 -2.58284e-21)
(0.91398 -0.0503599 1.06962e-21)
(0.89422 -0.0615822 6.95353e-22)
(0.869967 -0.0813379 -3.27537e-21)
(0.845694 -0.0984513 2.47111e-21)
(0.816813 -0.128061 6.44302e-21)
(0.788546 -0.151842 -3.1706e-21)
(0.756725 -0.197783 -8.54775e-21)
(0.999063 -0.00159644 -1.34423e-21)
(0.997429 -0.00357726 -2.83607e-22)
(0.991174 -0.00731357 -1.2269e-21)
(0.984524 -0.00977851 -3.6247e-21)
(0.974077 -0.0151537 1.74867e-21)
(0.963061 -0.0190455 -1.6752e-21)
(0.948213 -0.0269949 2.25028e-21)
(0.932642 -0.0332982 3.32371e-21)
(0.912989 -0.0451864 -2.15859e-21)
(0.892522 -0.055299 4.42179e-21)
(0.867664 -0.0730935 -2.3808e-21)
(0.8421 -0.0886347 -3.61573e-21)
(0.811894 -0.115397 -2.27297e-21)
(0.78133 -0.137149 9.31546e-21)
(0.746891 -0.178892 -3.07732e-21)
(0.999093 -0.00141433 1.3969e-21)
(0.997375 -0.00315225 6.74433e-22)
(0.991184 -0.00647476 -9.78095e-23)
(0.984394 -0.00859853 1.45263e-21)
(0.97398 -0.0133937 -2.32453e-21)
(0.962754 -0.0168089 -5.76506e-22)
(0.947876 -0.0238663 -5.00622e-23)
(0.931952 -0.0294263 -1.12273e-21)
(0.912102 -0.0399701 -3.29295e-21)
(0.891005 -0.0489545 -1.6746e-21)
(0.865599 -0.0647456 6.23704e-21)
(0.838885 -0.0786426 -9.6552e-22)
(0.807489 -0.102468 -9.93987e-22)
(0.774873 -0.122033 -8.19702e-22)
(0.738079 -0.159356 -3.92781e-21)
(0.999121 -0.00123022 8.44613e-22)
(0.997326 -0.00272825 -1.55565e-21)
(0.991197 -0.00562842 6.61372e-22)
(0.984279 -0.00742493 -1.77864e-21)
(0.973895 -0.0116243 -1.11512e-22)
(0.962483 -0.0145703 9.81393e-23)
(0.947581 -0.0207197 1.41021e-22)
(0.931344 -0.0255386 2.12024e-22)
(0.911321 -0.0347159 -1.51592e-21)
(0.889671 -0.0425527 1.97049e-21)
(0.863779 -0.0563052 -3.21303e-21)
(0.836057 -0.0684919 7.14059e-22)
(0.803609 -0.0893016 2.16833e-21)
(0.769191 -0.106538 -1.4601e-22)
(0.730314 -0.139251 2.64548e-21)
(0.999147 -0.00104425 -8.21983e-22)
(0.997283 -0.00230566 1.88632e-21)
(0.991212 -0.00477369 -1.18506e-21)
(0.984179 -0.00629444 1.45166e-21)
(0.973823 -0.00984926 7.9775e-22)
(0.962248 -0.0123303 -5.00581e-22)
(0.947328 -0.0175573 -8.82193e-23)
(0.930821 -0.0216361 -5.74279e-22)
(0.910647 -0.029429 2.04137e-22)
(0.888522 -0.036099 -1.67954e-21)
(0.862208 -0.0477833 7.91387e-22)
(0.833619 -0.0582005 -5.42829e-21)
(0.800264 -0.0759253 7.63745e-21)
(0.764297 -0.0907133 -2.306e-21)
(0.72362 -0.118653 -4.9449e-21)
(0.999169 -0.000856645 -3.82709e-22)
(0.997245 -0.00188437 -5.82591e-22)
(0.991223 -0.00391306 4.04554e-22)
(0.984095 -0.00517017 9.96174e-23)
(0.973768 -0.00806738 1.1031e-21)
(0.962051 -0.0100891 -3.92978e-22)
(0.947118 -0.0143818 2.22814e-22)
(0.930383 -0.0177205 -8.34667e-23)
(0.910082 -0.0241145 6.33825e-22)
(0.887562 -0.0295996 1.19775e-21)
(0.860891 -0.0391915 1.72883e-21)
(0.831579 -0.0477875 -2.832e-21)
(0.797461 -0.0623691 1.25942e-21)
(0.760202 -0.0746067 -1.62706e-21)
(0.718015 -0.0976396 -4.60287e-21)
(0.999187 -0.000667653 1.35841e-21)
(0.997214 -0.00146412 -1.58805e-22)
(0.991232 -0.00304812 6.33333e-22)
(0.984028 -0.00402377 5.41545e-22)
(0.973725 -0.00627895 -1.71944e-21)
(0.961893 -0.007847 6.49706e-23)
(0.946949 -0.0111955 2.65135e-22)
(0.930032 -0.0137936 1.63197e-22)
(0.909628 -0.0187773 -6.16144e-22)
(0.886791 -0.0230615 5.69345e-22)
(0.859831 -0.0305414 2.6322e-21)
(0.829941 -0.037273 -1.05135e-21)
(0.79521 -0.0486635 2.40625e-21)
(0.756917 -0.0582677 -5.28339e-21)
(0.713514 -0.0762873 6.66025e-21)
(0.999201 -0.000477552 -9.69743e-22)
(0.99719 -0.00104473 1.81998e-23)
(0.99124 -0.00217909 -5.64362e-22)
(0.983977 -0.00287567 -2.81107e-22)
(0.973693 -0.0044868 6.12794e-22)
(0.961774 -0.00560413 -3.25138e-23)
(0.946822 -0.00800093 -1.09974e-21)
(0.929768 -0.00985741 6.34907e-22)
(0.909286 -0.0134226 -2.82871e-22)
(0.886212 -0.0164925 2.52396e-22)
(0.859033 -0.0218454 9.0105e-22)
(0.828708 -0.0266783 2.56972e-22)
(0.793515 -0.0348404 -1.58465e-21)
(0.754448 -0.0417465 1.94777e-22)
(0.710129 -0.0546725 -1.49272e-21)
(0.999211 -0.000286639 4.72436e-22)
(0.997174 -0.000625941 -3.25458e-23)
(0.991245 -0.00130742 8.2102e-23)
(0.983943 -0.00172498 4.5805e-22)
(0.973673 -0.00269157 -8.31791e-23)
(0.961694 -0.00336067 -4.47114e-22)
(0.946738 -0.00480048 -2.82758e-22)
(0.929592 -0.00591446 3.40034e-22)
(0.909057 -0.00805529 -3.04912e-22)
(0.885825 -0.00990093 3.66062e-22)
(0.8585 -0.0131163 -9.45437e-22)
(0.827885 -0.0160256 5.29896e-22)
(0.792382 -0.0209326 -1.18402e-21)
(0.752799 -0.0250944 4.77583e-22)
(0.707869 -0.032871 2.01747e-22)
(0.999215 -9.52328e-05 -8.42199e-23)
(0.997166 -0.000207526 8.2434e-23)
(0.991248 -0.000434206 -1.06791e-22)
(0.983926 -0.000572832 -1.51661e-22)
(0.973662 -0.00089453 1.42176e-22)
(0.961654 -0.00111693 2.25668e-22)
(0.946695 -0.00159657 1.56501e-22)
(0.929504 -0.00196738 -9.45055e-23)
(0.908943 -0.0026806 3.76712e-22)
(0.885632 -0.00329572 6.91469e-23)
(0.858233 -0.00436726 1.77089e-22)
(0.827473 -0.00533772 2.46513e-22)
(0.791815 -0.00697399 -5.12177e-24)
(0.751974 -0.00836322 -1.78553e-22)
(0.706738 -0.0109577 -2.8859e-23)
(1.00003 -0.000313148 0)
(1.00234 -0.000828881 0)
(1.00629 -0.00140709 0)
(1.01143 -0.00188052 0)
(1.01746 -0.00241515 0)
(1.0241 -0.00283566 0)
(1.03114 -0.00330123 0)
(1.03835 -0.00363681 0)
(1.04558 -0.00401456 0)
(1.05267 -0.00425107 0)
(1.05952 -0.00454445 0)
(1.06604 -0.00468359 0)
(1.07219 -0.00491232 0)
(1.07793 -0.00496032 0)
(1.08327 -0.00515607 0)
(1.00004 -0.000922721 0)
(1.00232 -0.00244448 0)
(1.00625 -0.00414962 0)
(1.01135 -0.00554641 0)
(1.01735 -0.0071263 0)
(1.02397 -0.0083707 0)
(1.03102 -0.00975142 0)
(1.03824 -0.0107495 0)
(1.04552 -0.0118743 0)
(1.05264 -0.0125817 0)
(1.05955 -0.0134571 0)
(1.06612 -0.013876 0)
(1.07234 -0.0145579 0)
(1.07813 -0.0147066 0)
(1.08355 -0.0152881 0)
(1.00004 -0.00149981 0)
(1.00228 -0.00396443 0)
(1.00616 -0.00674178 0)
(1.01118 -0.00901194 0)
(1.01715 -0.0115988 0)
(1.02372 -0.0136343 0)
(1.03079 -0.015911 0)
(1.03803 -0.0175565 0)
(1.04538 -0.0194249 0)
(1.05256 -0.0205987 0)
(1.05959 -0.0220604 0)
(1.06625 -0.022758 0)
(1.07261 -0.0239005 0)
(1.0785 -0.0241482 0)
(1.08407 -0.0251253 0)
(1.00005 -0.00204416 0)
(1.00223 -0.00537305 0)
(1.00603 -0.00917242 0)
(1.01093 -0.0122638 0)
(1.01683 -0.0158313 0)
(1.02335 -0.0186309 0)
(1.03042 -0.0218006 0)
(1.03768 -0.0240871 0)
(1.04512 -0.0267119 0)
(1.0524 -0.0283561 0)
(1.05959 -0.0304233 0)
(1.06637 -0.0314051 0)
(1.07293 -0.0330279 0)
(1.07895 -0.0333764 0)
(1.08474 -0.034768 0)
(1.00006 -0.00255466 0)
(1.00215 -0.00666233 0)
(1.00585 -0.0114357 0)
(1.0106 -0.0152947 0)
(1.01641 -0.0198225 0)
(1.02283 -0.0233621 0)
(1.0299 -0.0274314 0)
(1.03718 -0.0303591 0)
(1.04473 -0.0337652 0)
(1.05211 -0.0358917 0)
(1.05949 -0.038596 0)
(1.06644 -0.0398737 0)
(1.07324 -0.0420079 0)
(1.07944 -0.0424619 0)
(1.08549 -0.0442965 0)
(1.00007 -0.00303083 0)
(1.00207 -0.00782643 0)
(1.00562 -0.0135278 0)
(1.01018 -0.0180977 0)
(1.01585 -0.0235684 0)
(1.02215 -0.0278241 0)
(1.02921 -0.0328068 0)
(1.03648 -0.0363804 0)
(1.04414 -0.0406036 0)
(1.05164 -0.0432307 0)
(1.05924 -0.0466156 0)
(1.06638 -0.048207 0)
(1.07348 -0.0508945 0)
(1.07989 -0.0514621 0)
(1.08626 -0.053778 0)
(1.00008 -0.00347219 0)
(1.00196 -0.0088607 0)
(1.00534 -0.0154462 0)
(1.00967 -0.0206653 0)
(1.01517 -0.0270627 0)
(1.02131 -0.0320089 0)
(1.0283 -0.0379244 0)
(1.03555 -0.0421513 0)
(1.04331 -0.0472368 0)
(1.05094 -0.0503885 0)
(1.05878 -0.0545088 0)
(1.06614 -0.0564373 0)
(1.07356 -0.059731 0)
(1.08023 -0.0604239 0)
(1.08696 -0.0632691 0)
(1.00008 -0.00387787 0)
(1.00184 -0.00976208 0)
(1.005 -0.0171894 0)
(1.00907 -0.0229897 0)
(1.01434 -0.0302981 0)
(1.02028 -0.0359059 0)
(1.02717 -0.042777 0)
(1.03437 -0.047666 0)
(1.04221 -0.0536666 0)
(1.04996 -0.0573716 0)
(1.05804 -0.0622926 0)
(1.06566 -0.0645874 0)
(1.07342 -0.0685511 0)
(1.0804 -0.0693848 0)
(1.08753 -0.0728171 0)
(1.00009 -0.00424654 0)
(1.0017 -0.0105297 0)
(1.0046 -0.0187568 0)
(1.00838 -0.0250634 0)
(1.01336 -0.0332669 0)
(1.01905 -0.0395022 0)
(1.02578 -0.0473541 0)
(1.0329 -0.0529125 0)
(1.04078 -0.0598878 0)
(1.04865 -0.0641783 0)
(1.05697 -0.0699758 0)
(1.06486 -0.0726716 0)
(1.073 -0.0773806 0)
(1.08032 -0.0783751 0)
(1.08789 -0.0824629 0)
(1.00008 -0.00457618 0)
(1.00154 -0.0111656 0)
(1.00414 -0.0201485 0)
(1.00759 -0.02688 0)
(1.01222 -0.0359619 0)
(1.01762 -0.0427839 0)
(1.02412 -0.0516423 0)
(1.03112 -0.0578744 0)
(1.039 -0.0658891 0)
(1.04697 -0.0707995 0)
(1.05552 -0.0775597 0)
(1.0637 -0.0806968 0)
(1.07222 -0.0862385 0)
(1.07994 -0.0874185 0)
(1.08796 -0.0922416 0)
(1.00007 -0.00486424 0)
(1.00137 -0.0116749 0)
(1.00362 -0.0213646 0)
(1.00673 -0.0284349 0)
(1.01093 -0.0383772 0)
(1.01599 -0.0457371 0)
(1.02218 -0.0556265 0)
(1.02901 -0.0625312 0)
(1.03682 -0.0716538 0)
(1.04488 -0.0772197 0)
(1.05361 -0.0850386 0)
(1.06211 -0.0886626 0)
(1.07102 -0.0951377 0)
(1.07918 -0.0965334 0)
(1.08769 -0.102184 0)
(1.00005 -0.00510784 0)
(1.00118 -0.0120662 0)
(1.00304 -0.0224039 0)
(1.00578 -0.0297274 0)
(1.00949 -0.0405083 0)
(1.01417 -0.0483485 0)
(1.01995 -0.059291 0)
(1.02657 -0.0668597 0)
(1.03422 -0.0771609 0)
(1.04234 -0.0834173 0)
(1.05122 -0.0924005 0)
(1.06004 -0.0965622 0)
(1.06933 -0.104085 0)
(1.07799 -0.105733 0)
(1.087 -0.112319 0)
(1.00002 -0.00530423 0)
(1.00098 -0.0123504 0)
(1.00241 -0.0232645 0)
(1.00477 -0.0307614 0)
(1.00791 -0.0423513 0)
(1.01216 -0.0506073 0)
(1.01744 -0.0626202 0)
(1.02378 -0.0708344 0)
(1.03119 -0.0823858 0)
(1.03932 -0.0893652 0)
(1.04829 -0.0996271 0)
(1.05744 -0.104382 0)
(1.06709 -0.113082 0)
(1.07631 -0.115026 0)
(1.08583 -0.122669 0)
(0.999968 -0.00545138 0)
(1.00077 -0.0125401 0)
(1.00174 -0.0239438 0)
(1.00371 -0.0315465 0)
(1.0062 -0.0439028 0)
(1.00998 -0.0525063 0)
(1.01465 -0.0655987 0)
(1.02066 -0.0744294 0)
(1.0277 -0.0873013 0)
(1.03581 -0.0950316 0)
(1.04479 -0.106694 0)
(1.05427 -0.112102 0)
(1.06426 -0.122124 0)
(1.07408 -0.124415 0)
(1.08411 -0.133256 0)
(0.999902 -0.00554846 0)
(1.00056 -0.0126484 0)
(1.00104 -0.0244395 0)
(1.0026 -0.0320975 0)
(1.00438 -0.0451588 0)
(1.00765 -0.0540439 0)
(1.01159 -0.0682116 0)
(1.01721 -0.0776195 0)
(1.02377 -0.0918782 0)
(1.0318 -0.10038 0)
(1.04068 -0.113571 0)
(1.05048 -0.119697 0)
(1.06076 -0.131201 0)
(1.07124 -0.133899 0)
(1.08179 -0.144098 0)
(0.999817 -0.00559627 0)
(1.00036 -0.0126868 0)
(1.0003 -0.0247514 0)
(1.00147 -0.0324331 0)
(1.00246 -0.0461152 0)
(1.00519 -0.0552253 0)
(1.0083 -0.0704436 0)
(1.01346 -0.0803829 0)
(1.01939 -0.096086 0)
(1.02728 -0.10537 0)
(1.03594 -0.120224 0)
(1.04605 -0.127131 0)
(1.05655 -0.140295 0)
(1.06774 -0.143471 0)
(1.07879 -0.15521 0)
(0.999709 -0.00559734 0)
(1.00017 -0.0126649 0)
(0.999547 -0.0248827 0)
(1.00032 -0.032574 0)
(1.00047 -0.0467691 0)
(1.00262 -0.0560627 0)
(1.00479 -0.0722788 0)
(1.00943 -0.082703 0)
(1.01457 -0.0998926 0)
(1.02226 -0.109959 0)
(1.03055 -0.12661 0)
(1.04094 -0.134366 0)
(1.05157 -0.149382 0)
(1.06352 -0.153118 0)
(1.07505 -0.166602 0)
(0.999578 -0.00555584 0)
(1 -0.0125899 0)
(0.998774 -0.024841 0)
(0.999169 -0.0325408 0)
(0.998419 -0.0471202 0)
(0.999984 -0.0565744 0)
(1.0011 -0.0737008 0)
(1.00516 -0.0845716 0)
(1.00935 -0.103263 0)
(1.01675 -0.114103 0)
(1.0245 -0.132687 0)
(1.03513 -0.141352 0)
(1.04578 -0.158429 0)
(1.05853 -0.16282 0)
(1.0705 -0.178277 0)
(0.999425 -0.00547718 0)
(0.999868 -0.0124664 0)
(0.997988 -0.0246384 0)
(0.998041 -0.0323518 0)
(0.996334 -0.0471733 0)
(0.997298 -0.0567825 0)
(0.99727 -0.0746941 0)
(1.00067 -0.0859894 0)
(1.00376 -0.10616 0)
(1.01077 -0.117764 0)
(1.01779 -0.138403 0)
(1.0286 -0.148033 0)
(1.03912 -0.167397 0)
(1.05272 -0.17255 0)
(1.06506 -0.190236 0)
(0.999254 -0.00536757 0)
(0.999766 -0.0122967 0)
(0.997195 -0.0242911 0)
(0.996948 -0.0320224 0)
(0.99423 -0.0469394 0)
(0.994596 -0.0567102 0)
(0.993329 -0.0752476 0)
(0.996012 -0.0869664 0)
(0.99783 -0.10854 0)
(1.00436 -0.120906 0)
(1.01042 -0.143703 0)
(1.02135 -0.154345 0)
(1.03157 -0.176241 0)
(1.04603 -0.182269 0)
(1.05867 -0.20247 0)
(0.999072 -0.00523343 0)
(0.999695 -0.0120821 0)
(0.996401 -0.0238182 0)
(0.9959 -0.0315646 0)
(0.992122 -0.0464369 0)
(0.991909 -0.056379 0)
(0.989311 -0.0753573 0)
(0.99122 -0.0875191 0)
(0.991622 -0.110361 0)
(0.997529 -0.12351 0)
(1.00244 -0.14852 0)
(1.01337 -0.160221 0)
(1.02307 -0.184911 0)
(1.03841 -0.191932 0)
(1.05125 -0.214968 0)
(0.998892 -0.00508079 0)
(0.999643 -0.0118234 0)
(0.995619 -0.0232399 0)
(0.994901 -0.0309873 0)
(0.990027 -0.045691 0)
(0.989268 -0.0558067 0)
(0.985248 -0.0750305 0)
(0.986351 -0.0876671 0)
(0.98518 -0.111579 0)
(0.990334 -0.125565 0)
(0.993867 -0.152774 0)
(1.00466 -0.165595 0)
(1.01362 -0.193348 0)
(1.02982 -0.201479 0)
(1.04274 -0.227723 0)
(0.998728 -0.00491482 0)
(0.999596 -0.0115224 0)
(0.994866 -0.0225764 0)
(0.993945 -0.0302975 0)
(0.98797 -0.0447322 0)
(0.986689 -0.0550066 0)
(0.981174 -0.0742878 0)
(0.981459 -0.0874275 0)
(0.978552 -0.112164 0)
(0.982836 -0.127076 0)
(0.984768 -0.156371 0)
(0.995229 -0.170414 0)
(1.00321 -0.201473 0)
(1.02024 -0.210836 0)
(1.0331 -0.240728 0)
(0.998594 -0.00473945 0)
(0.999535 -0.0111821 0)
(0.994164 -0.0218456 0)
(0.993015 -0.0295031 0)
(0.985984 -0.0435933 0)
(0.984177 -0.0539895 0)
(0.977136 -0.0731638 0)
(0.976592 -0.0868121 0)
(0.971792 -0.112104 0)
(0.97512 -0.128051 0)
(0.975193 -0.159211 0)
(0.985127 -0.174647 0)
(0.991865 -0.209179 0)
(1.00962 -0.219907 0)
(1.02227 -0.253957 0)
(0.998498 -0.00455737 0)
(0.999445 -0.0108071 0)
(0.993531 -0.0210629 0)
(0.992095 -0.0286137 0)
(0.984107 -0.0423067 0)
(0.981723 -0.0527672 0)
(0.973196 -0.0717044 0)
(0.971782 -0.0858287 0)
(0.964982 -0.111417 0)
(0.967278 -0.128496 0)
(0.965209 -0.161207 0)
(0.974442 -0.178293 0)
(0.979629 -0.216332 0)
(0.997959 -0.22857 0)
(1.01022 -0.267328 0)
(0.998445 -0.00437028 0)
(0.999316 -0.0104029 0)
(0.992981 -0.0202405 0)
(0.991172 -0.0276416 0)
(0.982373 -0.0409005 0)
(0.979317 -0.0513545 0)
(0.969433 -0.0699575 0)
(0.967038 -0.0844818 0)
(0.958241 -0.110144 0)
(0.959385 -0.128394 0)
(0.954922 -0.162289 0)
(0.9633 -0.181344 0)
(0.966548 -0.222774 0)
(0.985314 -0.236734 0)
(0.99687 -0.280777 0)
(0.998434 -0.0041792 0)
(0.999148 -0.00997507 0)
(0.992515 -0.0193859 0)
(0.990244 -0.0265973 0)
(0.980805 -0.0393913 0)
(0.976959 -0.0497627 0)
(0.965919 -0.0679526 0)
(0.962374 -0.0827639 0)
(0.951725 -0.108313 0)
(0.951488 -0.127693 0)
(0.944514 -0.16239 0)
(0.95179 -0.183753 0)
(0.952674 -0.228328 0)
(0.971758 -0.244531 0)
(0.982114 -0.294635 0)
(0.998458 -0.00398478 0)
(0.998949 -0.00953001 0)
(0.99213 -0.0185023 0)
(0.989327 -0.0254887 0)
(0.979419 -0.0377814 0)
(0.974679 -0.0479963 0)
(0.962718 -0.0656925 0)
(0.957833 -0.0806645 0)
(0.945596 -0.105938 0)
(0.94363 -0.126345 0)
(0.934242 -0.161492 0)
(0.939888 -0.185491 0)
(0.938036 -0.232792 0)
(0.957109 -0.252515 0)
(0.965851 -0.310096 0)
(0.998507 -0.00378909 0)
(0.998731 -0.00908025 0)
(0.991822 -0.0176064 0)
(0.988451 -0.0243489 0)
(0.978225 -0.0361114 0)
(0.972535 -0.0461234 0)
(0.959877 -0.063266 0)
(0.953506 -0.0783094 0)
(0.939975 -0.103197 0)
(0.935887 -0.124529 0)
(0.924338 -0.159853 0)
(0.927472 -0.186661 0)
(0.922637 -0.235866 0)
(0.940481 -0.260906 0)
(0.947947 -0.328036 0)
(0.998573 -0.00359916 0)
(0.998512 -0.00864716 0)
(0.991587 -0.0167743 0)
(0.987656 -0.0233009 0)
(0.977233 -0.0346061 0)
(0.970601 -0.0444429 0)
(0.957421 -0.0611159 0)
(0.9495 -0.0762001 0)
(0.934903 -0.10074 0)
(0.928362 -0.122757 0)
(0.91492 -0.158028 0)
(0.914532 -0.186952 0)
(0.906674 -0.23656 0)
(0.920527 -0.266679 0)
(0.927791 -0.342855 0)
(1.08676 -0.00512335 -2.18509e-23)
(1.0886 -0.0051035 4.12707e-23)
(1.09045 -0.00508155 -4.01802e-23)
(1.0923 -0.0050583 7.21302e-23)
(1.09416 -0.00503437 1.74408e-23)
(1.09603 -0.00501014 -1.6189e-23)
(1.0979 -0.00498591 -5.38546e-23)
(1.09978 -0.00496195 -1.90172e-24)
(1.10167 -0.00493854 7.87416e-24)
(1.10355 -0.00491593 1.33412e-23)
(1.10544 -0.00489434 -1.45057e-23)
(1.10733 -0.00487395 5.75491e-24)
(1.10922 -0.00485491 6.85226e-24)
(1.11111 -0.00483733 2.77729e-23)
(1.11299 -0.00482128 -1.85291e-23)
(1.11487 -0.00480678 2.48859e-23)
(1.11675 -0.00479381 -2.97989e-23)
(1.11862 -0.00478221 -4.1612e-23)
(1.12049 -0.004772 2.0968e-23)
(1.12236 -0.00476328 -7.96741e-25)
(1.08707 -0.0151978 2.10309e-24)
(1.0889 -0.0151483 -4.09015e-23)
(1.09076 -0.0150967 -2.39244e-25)
(1.09261 -0.015044 -2.232e-23)
(1.09447 -0.014991 7.34208e-23)
(1.09634 -0.0149381 3.87252e-23)
(1.09822 -0.0148853 -1.53933e-23)
(1.10011 -0.014833 -1.34348e-23)
(1.10201 -0.0147811 6.87967e-24)
(1.10391 -0.0147299 9.93684e-24)
(1.10581 -0.0146796 -8.65626e-24)
(1.10772 -0.0146303 2.04021e-23)
(1.10963 -0.0145822 1.76493e-23)
(1.11155 -0.0145353 -4.27932e-23)
(1.11346 -0.0144898 3.77968e-23)
(1.11537 -0.0144457 -4.00455e-23)
(1.11728 -0.0144031 -1.96765e-23)
(1.11919 -0.0143621 3.56833e-23)
(1.12109 -0.0143228 -6.57734e-24)
(1.12299 -0.014285 -1.55055e-25)
(1.08762 -0.0249749 5.29897e-23)
(1.08948 -0.0248935 -1.50544e-23)
(1.09135 -0.0248084 -9.58864e-23)
(1.09323 -0.024721 -1.23981e-23)
(1.09512 -0.0246327 -3.10505e-23)
(1.09701 -0.024544 2.67366e-23)
(1.09892 -0.024455 1.28968e-22)
(1.10084 -0.0243661 -5.5753e-23)
(1.10277 -0.0242775 9.63045e-24)
(1.1047 -0.0241896 1.18809e-23)
(1.10665 -0.0241028 -1.03551e-23)
(1.10859 -0.0240172 -6.87389e-23)
(1.11054 -0.0239333 4.08688e-23)
(1.1125 -0.0238514 -9.2518e-24)
(1.11445 -0.0237715 -1.04582e-23)
(1.11641 -0.0236941 -6.1537e-23)
(1.11836 -0.0236192 5.59281e-23)
(1.12032 -0.0235475 -1.02082e-23)
(1.12226 -0.0234788 2.93142e-23)
(1.12421 -0.023413 -1.58375e-24)
(1.08836 -0.0345537 6.24606e-23)
(1.09026 -0.0344389 -4.0627e-23)
(1.09217 -0.0343192 1.319e-22)
(1.09409 -0.0341966 -9.43056e-23)
(1.09601 -0.0340729 -2.54818e-23)
(1.09794 -0.033949 -4.72583e-23)
(1.09989 -0.0338249 -3.88887e-23)
(1.10186 -0.033701 3.21238e-23)
(1.10383 -0.0335777 -1.5492e-23)
(1.10582 -0.0334553 -1.73817e-24)
(1.10781 -0.0333345 -1.03603e-23)
(1.10981 -0.0332154 1.35717e-23)
(1.11182 -0.0330985 5.21153e-23)
(1.11383 -0.0329842 -3.78738e-23)
(1.11584 -0.0328725 -3.9861e-23)
(1.11785 -0.0327641 6.4584e-23)
(1.11987 -0.0326587 -4.45727e-23)
(1.12188 -0.0325575 1.6129e-23)
(1.12389 -0.0324603 2.05895e-23)
(1.1259 -0.0323669 -1.28798e-23)
(1.08921 -0.0440146 -9.63048e-23)
(1.09117 -0.0438649 1.76679e-22)
(1.09315 -0.043709 8.05349e-23)
(1.09512 -0.0435496 -4.96177e-23)
(1.09709 -0.043389 -2.989e-23)
(1.09908 -0.0432282 3.54269e-23)
(1.10108 -0.0430673 6.74882e-23)
(1.10311 -0.0429067 1.46806e-23)
(1.10515 -0.0427468 -1.03303e-23)
(1.1072 -0.0425881 -1.79849e-23)
(1.10926 -0.0424311 7.18149e-24)
(1.11132 -0.0422764 1.04553e-23)
(1.1134 -0.0421243 9.27853e-24)
(1.11548 -0.0419753 -8.63035e-24)
(1.11757 -0.0418298 -2.24261e-23)
(1.11966 -0.0416882 -2.22079e-23)
(1.12175 -0.0415505 5.0678e-23)
(1.12383 -0.0414171 -5.47838e-24)
(1.12592 -0.0412881 -1.92339e-24)
(1.12801 -0.0411638 -1.30094e-23)
(1.09011 -0.0534245 -1.11346e-22)
(1.09214 -0.0532382 -1.96095e-22)
(1.0942 -0.0530442 9.11829e-23)
(1.09624 -0.052846 1.33964e-22)
(1.09828 -0.0526466 -4.6279e-23)
(1.10034 -0.0524471 4.52593e-23)
(1.10242 -0.0522477 -1.0203e-22)
(1.10452 -0.0520486 2.16303e-23)
(1.10664 -0.0518502 -8.72875e-24)
(1.10877 -0.0516533 1.10571e-23)
(1.11091 -0.0514584 -1.52951e-23)
(1.11306 -0.0512663 3.70437e-23)
(1.11522 -0.0510773 1.95206e-24)
(1.11739 -0.050892 -3.30746e-23)
(1.11956 -0.0507109 -1.33891e-23)
(1.12174 -0.0505344 -1.9439e-23)
(1.12392 -0.0503628 -2.34037e-23)
(1.1261 -0.0501954 4.91267e-25)
(1.12828 -0.0500327 9.23506e-24)
(1.13047 -0.0498757 2.32943e-25)
(1.09097 -0.06284 9.18234e-23)
(1.0931 -0.0626152 -4.77126e-23)
(1.09526 -0.0623809 -2.95711e-22)
(1.0974 -0.0621415 -2.71528e-23)
(1.09953 -0.0619009 -1.57094e-22)
(1.10168 -0.0616604 1.18228e-24)
(1.10385 -0.0614201 9.60184e-23)
(1.10604 -0.0611799 -2.01462e-23)
(1.10826 -0.0609404 2.47953e-23)
(1.11048 -0.0607025 1.33594e-23)
(1.11272 -0.0604668 -3.31939e-23)
(1.11497 -0.060234 4.94566e-23)
(1.11723 -0.0600047 -5.48165e-23)
(1.1195 -0.0597794 -3.96929e-24)
(1.12177 -0.0595586 7.83595e-23)
(1.12405 -0.0593429 4.16408e-24)
(1.12633 -0.0591325 3.63432e-23)
(1.12862 -0.0589281 -2.9766e-23)
(1.13092 -0.0587296 -3.77439e-23)
(1.13321 -0.0585375 1.71277e-23)
(1.09172 -0.0723089 -1.58632e-22)
(1.09399 -0.0720437 2.29231e-22)
(1.09628 -0.0717668 2.10279e-22)
(1.09853 -0.0714837 -8.11181e-23)
(1.10076 -0.0711994 6.58974e-23)
(1.10302 -0.0709153 -1.09533e-23)
(1.1053 -0.0706312 -9.95954e-24)
(1.10761 -0.070347 2.69336e-23)
(1.10993 -0.0700635 3.77444e-24)
(1.11227 -0.0697814 -1.37835e-23)
(1.11463 -0.0695017 2.05174e-23)
(1.11699 -0.069225 -6.46074e-23)
(1.11937 -0.068952 3.11632e-23)
(1.12175 -0.0686833 8.41149e-23)
(1.12414 -0.0684195 -7.67697e-23)
(1.12654 -0.0681614 7.6904e-23)
(1.12894 -0.067909 1.9896e-23)
(1.13135 -0.0676638 -4.91357e-23)
(1.13377 -0.0674255 1.26439e-23)
(1.13618 -0.0671944 2.53716e-24)
(1.09231 -0.0818725 3.78689e-22)
(1.09473 -0.0815653 -4.65152e-22)
(1.09718 -0.0812436 -2.28366e-22)
(1.09957 -0.0809142 1.34908e-22)
(1.10193 -0.0805833 -2.27142e-23)
(1.10431 -0.0802526 9.09613e-23)
(1.10672 -0.0799217 -4.25373e-24)
(1.10916 -0.0795903 -4.26694e-23)
(1.11162 -0.0792592 -3.83819e-23)
(1.1141 -0.0789294 4.68573e-24)
(1.11658 -0.0786018 -5.82123e-23)
(1.11908 -0.0782772 7.70728e-23)
(1.12159 -0.0779565 -8.95929e-23)
(1.12411 -0.0776403 8.90181e-23)
(1.12663 -0.0773294 6.36302e-23)
(1.12916 -0.0770244 -7.47067e-23)
(1.1317 -0.076726 -2.43422e-23)
(1.13425 -0.0764351 3.73267e-23)
(1.13679 -0.0761518 3.85513e-23)
(1.13934 -0.0758762 -2.72754e-24)
(1.09266 -0.0915674 -4.9314e-22)
(1.09527 -0.0912169 1.82548e-22)
(1.09791 -0.0908481 6.4373e-23)
(1.10046 -0.0904696 8.77305e-23)
(1.10297 -0.0900891 4.33356e-23)
(1.1055 -0.0897087 -2.01638e-22)
(1.10807 -0.0893276 -3.25884e-24)
(1.11067 -0.0889453 9.23265e-23)
(1.11328 -0.0885626 4.11864e-23)
(1.11591 -0.0881807 6.75275e-25)
(1.11855 -0.0878007 3.22581e-23)
(1.1212 -0.0874236 -5.51628e-23)
(1.12386 -0.0870502 9.00297e-23)
(1.12653 -0.0866813 5.68043e-24)
(1.1292 -0.0863178 -4.28558e-23)
(1.13188 -0.0859605 -2.08452e-23)
(1.13457 -0.0856103 5.45091e-23)
(1.13726 -0.0852681 1.15779e-23)
(1.13996 -0.0849338 3.62537e-23)
(1.14266 -0.0846079 -3.42659e-23)
(1.09271 -0.101426 3.77151e-22)
(1.09555 -0.101031 4.76634e-23)
(1.09841 -0.100614 -1.17001e-22)
(1.10116 -0.100183 -1.66671e-22)
(1.10385 -0.0997503 -4.86986e-23)
(1.10655 -0.0993168 1.74069e-22)
(1.1093 -0.0988817 7.41899e-23)
(1.11207 -0.0984444 -4.15434e-23)
(1.11486 -0.0980055 -3.00745e-23)
(1.11767 -0.0975666 2.32195e-23)
(1.12048 -0.097129 -1.95199e-23)
(1.1233 -0.0966937 5.38152e-24)
(1.12613 -0.0962618 -7.44276e-23)
(1.12897 -0.0958342 -1.16914e-22)
(1.13182 -0.0954119 8.80331e-23)
(1.13466 -0.0949956 -4.63867e-23)
(1.13751 -0.0945871 3.9631e-23)
(1.14037 -0.0941868 1.16861e-23)
(1.14324 -0.0937949 -5.19487e-23)
(1.1461 -0.0934115 2.14565e-23)
(1.09239 -0.111478 5.6302e-22)
(1.0955 -0.111039 -1.43987e-22)
(1.09863 -0.110571 -1.09273e-23)
(1.10161 -0.110087 1.67821e-22)
(1.1045 -0.109598 3.20116e-22)
(1.1074 -0.109108 1.01115e-22)
(1.11036 -0.108615 -6.48669e-23)
(1.11334 -0.108118 -1.05153e-22)
(1.11634 -0.107618 -1.14049e-23)
(1.11934 -0.107116 -5.3662e-24)
(1.12235 -0.106615 -2.33128e-23)
(1.12537 -0.106115 -1.03571e-22)
(1.12839 -0.105618 1.07932e-22)
(1.13142 -0.105125 6.0147e-23)
(1.13445 -0.104636 -1.28686e-22)
(1.13748 -0.104153 1.2357e-22)
(1.14051 -0.103678 1.16496e-23)
(1.14356 -0.103212 1.22762e-23)
(1.1466 -0.102754 4.3481e-23)
(1.14965 -0.102305 4.07998e-23)
(1.09165 -0.12175 -8.33121e-22)
(1.09507 -0.121269 -7.66737e-23)
(1.09852 -0.12075 2.21942e-22)
(1.10176 -0.120208 4.36559e-22)
(1.10489 -0.119661 -1.42555e-22)
(1.10803 -0.119112 -3.60569e-22)
(1.11122 -0.118557 -8.93522e-24)
(1.11444 -0.117995 3.34152e-23)
(1.11767 -0.117428 3.34357e-23)
(1.1209 -0.116858 8.3296e-24)
(1.12413 -0.116287 9.1465e-23)
(1.12737 -0.115715 3.43093e-23)
(1.13061 -0.115145 1.1077e-22)
(1.13385 -0.114577 -5.82619e-23)
(1.13709 -0.114014 -1.70121e-22)
(1.14032 -0.113455 -3.18191e-24)
(1.14355 -0.112905 8.97427e-23)
(1.14679 -0.112363 -1.11041e-22)
(1.15003 -0.11183 6.65953e-24)
(1.15328 -0.111305 -3.96539e-23)
(1.09043 -0.132268 -3.8658e-23)
(1.09421 -0.131747 9.625e-22)
(1.09803 -0.131177 -7.55461e-22)
(1.10158 -0.130577 -7.15365e-22)
(1.10498 -0.129969 -1.23325e-22)
(1.10838 -0.129357 2.17209e-23)
(1.11184 -0.128736 8.43421e-24)
(1.11534 -0.128105 6.20949e-23)
(1.11883 -0.127465 -2.67164e-23)
(1.12232 -0.126819 -4.17365e-24)
(1.1258 -0.12617 -9.0464e-23)
(1.12928 -0.125518 -5.41533e-23)
(1.13276 -0.124866 -3.46164e-23)
(1.13623 -0.124214 1.09783e-22)
(1.13971 -0.123566 8.04851e-23)
(1.14316 -0.122921 -1.48019e-22)
(1.14661 -0.122286 -2.62614e-22)
(1.15007 -0.12166 -1.34019e-24)
(1.15353 -0.121041 9.47485e-23)
(1.15698 -0.120428 4.89299e-23)
(1.08866 -0.143054 -1.75025e-22)
(1.09286 -0.142498 -1.24248e-21)
(1.09711 -0.141878 -7.05331e-23)
(1.10102 -0.14122 -1.65813e-22)
(1.10473 -0.14055 3.46197e-22)
(1.10844 -0.139871 -1.65833e-22)
(1.1122 -0.139181 1.38288e-22)
(1.11601 -0.138475 -4.05685e-23)
(1.1198 -0.137756 1.10716e-24)
(1.12358 -0.137027 1.08304e-23)
(1.12734 -0.136292 -1.00739e-23)
(1.13109 -0.135552 -1.32829e-22)
(1.13484 -0.134808 -1.21054e-22)
(1.13858 -0.134061 1.12126e-22)
(1.1423 -0.133314 -2.46065e-23)
(1.146 -0.132561 1.89717e-22)
(1.14968 -0.131825 2.8498e-22)
(1.15337 -0.131099 -3.45301e-23)
(1.15707 -0.130379 -1.29616e-22)
(1.16076 -0.129665 -3.4057e-23)
(1.08629 -0.15413 8.38713e-22)
(1.09097 -0.153546 7.54993e-22)
(1.09572 -0.152881 -3.44355e-22)
(1.10004 -0.152164 5.22829e-22)
(1.1041 -0.15143 -3.00545e-22)
(1.10815 -0.150684 3.94108e-22)
(1.11227 -0.149919 -1.14396e-22)
(1.11642 -0.149133 -1.89729e-23)
(1.12056 -0.148328 4.87078e-24)
(1.12466 -0.147509 5.36188e-25)
(1.12873 -0.14668 -8.13661e-23)
(1.13279 -0.145843 1.73891e-22)
(1.13684 -0.145001 -3.47509e-23)
(1.14087 -0.144159 -1.17528e-22)
(1.14489 -0.143317 -1.50377e-22)
(1.14885 -0.142483 2.20564e-22)
(1.15277 -0.141632 -4.5431e-22)
(1.15672 -0.140774 2.36688e-22)
(1.16068 -0.139923 2.2795e-23)
(1.16461 -0.139083 -5.61824e-23)
(1.08324 -0.165513 -1.68433e-21)
(1.08849 -0.164913 -9.32926e-23)
(1.09381 -0.164207 1.08072e-21)
(1.0986 -0.163435 -1.7644e-22)
(1.10306 -0.162638 -9.2547e-22)
(1.1075 -0.161822 -1.00611e-22)
(1.11202 -0.16098 -1.13497e-22)
(1.11657 -0.160107 4.76625e-23)
(1.12108 -0.159208 -3.86248e-23)
(1.12554 -0.158288 -4.32619e-23)
(1.12996 -0.157352 8.14732e-23)
(1.13436 -0.156403 7.79499e-23)
(1.13872 -0.155445 -2.04117e-22)
(1.14304 -0.154481 3.05411e-22)
(1.14733 -0.153514 1.32464e-22)
(1.15162 -0.152551 -4.48875e-22)
(1.15593 -0.15157 1.38082e-22)
(1.16019 -0.15058 -2.81511e-22)
(1.1644 -0.149595 -5.58141e-23)
(1.16858 -0.148618 5.66377e-23)
(1.07946 -0.177218 -4.76805e-22)
(1.08534 -0.176616 2.46685e-22)
(1.09133 -0.17588 -1.04639e-21)
(1.09666 -0.175057 2.70132e-22)
(1.10156 -0.1742 1.41435e-21)
(1.10645 -0.173316 7.50762e-24)
(1.11143 -0.172394 2.94473e-22)
(1.11642 -0.171429 -8.82993e-23)
(1.12136 -0.170426 5.19158e-23)
(1.12623 -0.169394 -1.85507e-23)
(1.13105 -0.168337 -5.08693e-23)
(1.13582 -0.167259 -3.725e-23)
(1.14055 -0.166163 3.39347e-22)
(1.14524 -0.16505 -2.69997e-22)
(1.14987 -0.163927 -2.3743e-22)
(1.15448 -0.162791 2.76823e-22)
(1.15908 -0.161665 6.23453e-23)
(1.16364 -0.16054 3.39271e-22)
(1.16814 -0.159414 1.0572e-22)
(1.17261 -0.158288 -2.21496e-23)
(1.07487 -0.189255 9.39076e-22)
(1.08148 -0.188672 -4.77488e-22)
(1.08823 -0.187919 2.43252e-21)
(1.09415 -0.187056 8.90171e-22)
(1.09957 -0.186146 1.55747e-22)
(1.10496 -0.185196 -1.10036e-21)
(1.11045 -0.184193 -1.01305e-22)
(1.11596 -0.18313 2.79984e-22)
(1.12138 -0.182017 4.21171e-23)
(1.12671 -0.180864 1.17126e-23)
(1.13196 -0.179675 -2.09539e-23)
(1.13716 -0.178456 1.55452e-23)
(1.14229 -0.17721 -2.32394e-22)
(1.14737 -0.175943 3.05582e-22)
(1.15237 -0.174658 2.25203e-22)
(1.15732 -0.173366 -2.42097e-22)
(1.16226 -0.172071 4.85344e-23)
(1.16715 -0.17077 -2.46771e-22)
(1.17198 -0.169461 1.14458e-22)
(1.17675 -0.168151 -3.24949e-23)
(1.0694 -0.201631 4.04584e-21)
(1.07682 -0.201093 7.92515e-22)
(1.08444 -0.200341 -2.53451e-21)
(1.09105 -0.199451 -6.20513e-22)
(1.09704 -0.198499 -5.64919e-22)
(1.103 -0.197491 6.65069e-22)
(1.10908 -0.196408 7.61336e-22)
(1.11516 -0.195245 -1.0844e-22)
(1.12112 -0.194016 -4.41916e-23)
(1.12696 -0.192732 5.15419e-23)
(1.1327 -0.1914 -5.46694e-23)
(1.13836 -0.190025 -1.25541e-22)
(1.14395 -0.188611 2.93373e-22)
(1.14945 -0.187166 -2.2448e-22)
(1.15486 -0.185694 -5.80448e-22)
(1.16019 -0.184211 2.30186e-22)
(1.1655 -0.182718 2.47385e-22)
(1.17075 -0.181211 3.67849e-23)
(1.17593 -0.179692 -1.19526e-22)
(1.18103 -0.178168 1.02154e-22)
(1.06298 -0.214346 -5.07673e-21)
(1.07132 -0.213884 -1.70727e-21)
(1.07991 -0.213158 2.7024e-21)
(1.08728 -0.212263 -1.1428e-21)
(1.09391 -0.211287 2.82226e-22)
(1.10052 -0.210231 8.90653e-22)
(1.10726 -0.209071 -1.00417e-21)
(1.11399 -0.207807 -3.71401e-22)
(1.12056 -0.206457 3.79364e-24)
(1.12697 -0.205034 -1.89215e-23)
(1.13326 -0.203546 6.58565e-23)
(1.13945 -0.201999 -3.68775e-22)
(1.14553 -0.200397 -3.20467e-22)
(1.15151 -0.198751 3.7675e-23)
(1.15736 -0.197061 8.65719e-22)
(1.16311 -0.19536 -1.72745e-23)
(1.16882 -0.193639 -2.78457e-22)
(1.17447 -0.191895 -3.26457e-23)
(1.18002 -0.190133 -4.34609e-22)
(1.18547 -0.188362 -4.27715e-23)
(1.05555 -0.227403 -1.07806e-21)
(1.06492 -0.227052 3.68951e-22)
(1.07459 -0.226381 -2.69884e-21)
(1.08279 -0.225508 9.55353e-22)
(1.09014 -0.224532 -1.46243e-21)
(1.09748 -0.223444 -2.0427e-21)
(1.10499 -0.222214 6.06372e-22)
(1.11243 -0.22085 -2.88952e-22)
(1.11968 -0.219375 -3.66017e-24)
(1.12672 -0.217807 5.61947e-23)
(1.13363 -0.216152 -1.00589e-23)
(1.14041 -0.214416 2.06304e-22)
(1.14705 -0.21261 3.77938e-22)
(1.15356 -0.210746 3.22987e-22)
(1.15989 -0.208825 6.06507e-22)
(1.16609 -0.206868 5.5984e-22)
(1.17226 -0.204869 3.67029e-22)
(1.17834 -0.20284 9.18218e-23)
(1.18429 -0.200794 2.30844e-23)
(1.19012 -0.198736 -6.5873e-23)
(1.04706 -0.240806 3.79144e-21)
(1.05757 -0.2406 4.2987e-22)
(1.06843 -0.240016 2.16162e-21)
(1.07754 -0.239202 -2.52951e-21)
(1.08568 -0.238259 3.31967e-21)
(1.09386 -0.237159 2.92631e-21)
(1.10222 -0.235869 6.07148e-22)
(1.11047 -0.23441 1.37357e-22)
(1.11846 -0.232812 -6.22695e-24)
(1.12622 -0.231091 -3.21029e-23)
(1.13381 -0.229254 -3.06102e-22)
(1.14124 -0.227312 5.04098e-22)
(1.14849 -0.225286 -1.98734e-22)
(1.15558 -0.223185 -1.27495e-21)
(1.16246 -0.221051 -5.84513e-22)
(1.16921 -0.218798 -9.93979e-23)
(1.17589 -0.216465 1.29111e-22)
(1.18243 -0.214097 -5.65468e-22)
(1.1888 -0.211714 2.40132e-22)
(1.19502 -0.209316 1.33732e-22)
(1.0375 -0.254549 -3.51338e-21)
(1.04927 -0.254524 -3.26454e-21)
(1.0614 -0.254067 6.94724e-22)
(1.07146 -0.253364 1.08935e-21)
(1.08048 -0.252494 -2.17025e-21)
(1.08962 -0.251405 -2.35675e-21)
(1.09894 -0.250071 -7.24655e-22)
(1.10808 -0.248527 1.02324e-21)
(1.1169 -0.24681 4.11365e-23)
(1.12546 -0.24493 -3.59307e-23)
(1.13382 -0.242895 -2.76263e-23)
(1.14197 -0.240717 -6.35282e-23)
(1.14989 -0.238423 -6.02674e-22)
(1.15756 -0.236022 1.1664e-21)
(1.16509 -0.23356 2.1565e-22)
(1.17255 -0.230985 -6.33747e-22)
(1.1798 -0.22832 -3.8117e-22)
(1.18681 -0.2256 2.53918e-22)
(1.19362 -0.222846 5.30918e-22)
(1.20026 -0.220066 -5.72761e-23)
(1.02688 -0.268576 1.79239e-22)
(1.04004 -0.268782 3.99724e-21)
(1.05346 -0.268519 8.97826e-22)
(1.06451 -0.267998 2.56862e-21)
(1.07452 -0.267254 6.04693e-23)
(1.08475 -0.266206 4.66182e-22)
(1.09513 -0.264849 -1.16961e-21)
(1.10525 -0.263243 -4.41954e-22)
(1.11499 -0.261418 -3.3379e-23)
(1.12445 -0.259379 2.47745e-22)
(1.13368 -0.257132 3.17735e-22)
(1.14266 -0.254696 -6.41856e-23)
(1.15137 -0.252097 2.67413e-22)
(1.15977 -0.249348 7.35583e-22)
(1.16796 -0.246493 -6.11101e-22)
(1.17603 -0.24356 -1.60055e-22)
(1.18388 -0.240529 5.13981e-22)
(1.19145 -0.237412 7.64711e-22)
(1.19878 -0.234235 -5.1062e-22)
(1.20589 -0.231018 -2.47826e-25)
(1.01524 -0.282772 7.02124e-21)
(1.02987 -0.283268 -4.59698e-21)
(1.04455 -0.283303 1.72964e-21)
(1.05661 -0.283075 -1.37071e-21)
(1.06776 -0.282529 6.34114e-22)
(1.07922 -0.281566 -6.06567e-22)
(1.09076 -0.280227 5.37736e-22)
(1.10193 -0.278592 -6.72872e-22)
(1.11271 -0.276681 5.17382e-23)
(1.12318 -0.27449 -7.99882e-22)
(1.13339 -0.272033 -5.19012e-23)
(1.14329 -0.269334 -6.72785e-22)
(1.15287 -0.266421 4.22767e-22)
(1.16207 -0.263294 -4.71917e-22)
(1.17098 -0.260056 -7.80451e-22)
(1.17978 -0.256686 6.88828e-23)
(1.18831 -0.253189 -3.40937e-22)
(1.19651 -0.249595 -1.06152e-21)
(1.20441 -0.245927 -4.78617e-22)
(1.21204 -0.242204 -1.33486e-23)
(1.00259 -0.297114 -4.201e-21)
(1.01873 -0.297879 6.44329e-21)
(1.03457 -0.298322 -2.54533e-21)
(1.04769 -0.298525 -2.0929e-22)
(1.06014 -0.298271 -4.62766e-22)
(1.07298 -0.297465 1.44275e-21)
(1.08575 -0.296216 7.19985e-22)
(1.09808 -0.294607 1.22427e-21)
(1.11 -0.29264 1.64838e-23)
(1.12162 -0.290313 7.11791e-22)
(1.13292 -0.287652 -7.29937e-22)
(1.14385 -0.284704 1.4582e-21)
(1.15444 -0.28149 -1.20029e-22)
(1.16451 -0.278093 -1.17198e-21)
(1.17427 -0.274385 3.19311e-21)
(1.18391 -0.270453 1.62722e-21)
(1.19321 -0.266394 -5.07122e-22)
(1.20211 -0.262245 7.84704e-22)
(1.21066 -0.258013 9.71835e-22)
(1.21891 -0.253709 9.30843e-23)
(0.988974 -0.312066 -2.14783e-21)
(1.0066 -0.31277 -4.80386e-21)
(1.02339 -0.313587 1.74067e-21)
(1.03763 -0.31428 5.67489e-21)
(1.05163 -0.314372 -1.45056e-21)
(1.06598 -0.313812 -8.25389e-23)
(1.08006 -0.312755 -8.36336e-22)
(1.09365 -0.311251 -7.3791e-22)
(1.10687 -0.309282 -2.64589e-23)
(1.11975 -0.306861 -3.37142e-23)
(1.13225 -0.304018 1.23281e-21)
(1.14433 -0.300807 -3.12594e-22)
(1.15592 -0.297223 -2.43851e-22)
(1.16713 -0.293444 1.89295e-23)
(1.17817 -0.289252 -1.79421e-21)
(1.18879 -0.284786 -1.4469e-21)
(1.19891 -0.280169 -1.28247e-21)
(1.20859 -0.275428 -2.95129e-22)
(1.21789 -0.270565 -5.69845e-22)
(1.22681 -0.265595 -2.80713e-22)
(0.974638 -0.328402 -4.30886e-21)
(0.993472 -0.328573 3.24149e-21)
(1.01072 -0.3296 -8.10955e-21)
(1.0262 -0.330639 -7.20964e-21)
(1.04197 -0.331041 -7.56313e-22)
(1.05788 -0.330826 8.36404e-22)
(1.07338 -0.33009 -7.4599e-22)
(1.08844 -0.328802 -1.04972e-21)
(1.10315 -0.326939 1.40618e-23)
(1.11753 -0.324531 5.49031e-22)
(1.13149 -0.321612 -1.72609e-22)
(1.14503 -0.318212 -1.51546e-21)
(1.15798 -0.314313 1.3899e-21)
(1.17051 -0.309946 -9.10365e-22)
(1.18283 -0.305115 3.98746e-22)
(1.19458 -0.299978 -7.44866e-22)
(1.20569 -0.294641 2.63356e-21)
(1.21626 -0.289135 -6.1313e-22)
(1.22632 -0.283474 -7.93122e-22)
(1.23588 -0.277682 2.43951e-23)
(0.960754 -0.343116 1.13673e-20)
(0.979827 -0.343484 1.18196e-21)
(0.997272 -0.344772 2.06255e-21)
(1.01459 -0.345943 4.5405e-21)
(1.03248 -0.346601 3.61223e-21)
(1.05027 -0.346783 -2.60354e-21)
(1.06759 -0.346443 2.34482e-21)
(1.08447 -0.345487 1.54683e-21)
(1.10095 -0.343882 -1.63321e-23)
(1.11699 -0.34164 -2.39106e-22)
(1.13251 -0.338787 1.63831e-22)
(1.14755 -0.33533 4.96074e-22)
(1.16201 -0.331273 7.96074e-22)
(1.1761 -0.326428 3.4978e-21)
(1.18967 -0.321042 -2.47818e-21)
(1.20232 -0.315287 4.12087e-21)
(1.21412 -0.309227 -3.59246e-21)
(1.22525 -0.302898 1.90223e-21)
(1.23573 -0.29634 8.10542e-22)
(1.24558 -0.289594 2.0445e-22)
(1.12422 -0.00475607 7.82511e-25)
(1.12607 -0.00475027 3.45375e-23)
(1.12791 -0.00474575 -7.69151e-23)
(1.12974 -0.00474232 -5.48624e-23)
(1.13157 -0.00473984 3.91577e-23)
(1.13338 -0.00473813 -6.89749e-23)
(1.13518 -0.00473703 7.58397e-23)
(1.13697 -0.00473635 6.19987e-23)
(1.13875 -0.0047359 6.00407e-23)
(1.12489 -0.0142489 -5.68247e-24)
(1.12677 -0.0142144 -4.35697e-24)
(1.12865 -0.0141815 1.00698e-22)
(1.13052 -0.0141501 -1.50007e-23)
(1.13238 -0.0141201 -9.72597e-23)
(1.13423 -0.0140915 2.6317e-23)
(1.13606 -0.0140642 -1.86907e-22)
(1.13789 -0.0140382 -4.36422e-24)
(1.1397 -0.0140132 7.85791e-24)
(1.12615 -0.0233501 -4.60858e-24)
(1.12809 -0.0232901 1.88668e-23)
(1.13002 -0.0232331 -2.89141e-23)
(1.13193 -0.0231791 1.40029e-22)
(1.13384 -0.0231281 -4.88942e-23)
(1.13574 -0.02308 -1.56091e-23)
(1.13763 -0.0230346 1.04341e-22)
(1.1395 -0.0229919 3.10366e-22)
(1.14136 -0.0229517 -2.84766e-22)
(1.12791 -0.0322773 -6.27713e-24)
(1.12991 -0.0321916 5.10205e-23)
(1.13191 -0.03211 3.52903e-23)
(1.13389 -0.0320323 -1.03632e-22)
(1.13587 -0.0319586 -9.838e-25)
(1.13784 -0.0318888 -2.55934e-23)
(1.13979 -0.0318227 -2.42671e-22)
(1.14174 -0.0317603 3.11216e-22)
(1.14367 -0.0317013 4.12935e-23)
(1.1301 -0.0410445 -8.05243e-24)
(1.13218 -0.0409302 -1.99229e-23)
(1.13426 -0.0408211 -2.63109e-23)
(1.13633 -0.040717 9.49267e-23)
(1.13839 -0.0406181 -1.08451e-22)
(1.14044 -0.0405242 -1.57216e-23)
(1.14248 -0.0404353 -1.95492e-22)
(1.14451 -0.0403512 5.44842e-23)
(1.14653 -0.0402718 5.64843e-22)
(1.13265 -0.0497246 2.74177e-24)
(1.13482 -0.0495798 -1.61379e-23)
(1.137 -0.0494411 1.90805e-23)
(1.13916 -0.0493087 3.5426e-23)
(1.14132 -0.0491824 2.12526e-22)
(1.14347 -0.0490624 -7.9321e-24)
(1.14561 -0.0489485 -1.76781e-23)
(1.14774 -0.0488407 -1.39987e-23)
(1.14986 -0.0487387 9.35176e-23)
(1.1355 -0.0583522 -2.64078e-24)
(1.13778 -0.0581739 3.76262e-23)
(1.14006 -0.0580027 -1.10719e-23)
(1.14234 -0.0578387 1.77893e-23)
(1.14461 -0.057682 -6.67488e-23)
(1.14688 -0.0575326 3.62711e-24)
(1.14913 -0.0573905 1.1265e-22)
(1.15138 -0.0572556 -1.52438e-22)
(1.15361 -0.0571277 1.20948e-22)
(1.13859 -0.0669707 2.34456e-24)
(1.141 -0.0667547 7.26027e-23)
(1.14341 -0.0665468 -1.52458e-22)
(1.14581 -0.0663471 -7.8473e-23)
(1.1482 -0.0661558 4.50803e-23)
(1.15059 -0.0659729 -1.51435e-22)
(1.15298 -0.0657984 2.30244e-22)
(1.15535 -0.0656324 -3.34043e-22)
(1.15771 -0.0654747 5.23254e-23)
(1.14189 -0.0756088 -1.725e-24)
(1.14444 -0.07535 -6.0649e-23)
(1.14698 -0.0751001 -2.0517e-24)
(1.14952 -0.0748594 1.19457e-22)
(1.15205 -0.0746282 -1.8733e-22)
(1.15458 -0.0744064 -2.39088e-23)
(1.1571 -0.0741943 2.13679e-22)
(1.15962 -0.0739919 -1.17716e-22)
(1.16212 -0.0737991 -1.18286e-22)
(1.14536 -0.0842907 -1.57908e-23)
(1.14805 -0.0839829 9.73099e-24)
(1.15075 -0.0836849 2.18033e-23)
(1.15344 -0.0833971 -1.14444e-22)
(1.15612 -0.0831196 7.29731e-23)
(1.1588 -0.0828528 2.19276e-22)
(1.16147 -0.0825967 -1.56028e-22)
(1.16414 -0.0823515 -1.13209e-23)
(1.16679 -0.0821173 -3.52173e-22)
(1.14896 -0.0930375 1.40288e-23)
(1.15182 -0.0926734 3.41849e-23)
(1.15468 -0.0923198 -1.1526e-22)
(1.15753 -0.0919771 2.74678e-22)
(1.16038 -0.0916458 -3.62395e-22)
(1.16322 -0.0913262 9.62446e-23)
(1.16605 -0.0910184 6.79036e-23)
(1.16888 -0.0907227 5.99245e-22)
(1.1717 -0.0904392 2.09151e-22)
(1.15269 -0.101866 -2.42253e-23)
(1.15572 -0.101436 1.39617e-23)
(1.15876 -0.101018 2.26912e-23)
(1.16178 -0.100612 -2.11637e-22)
(1.1648 -0.100218 8.17215e-23)
(1.16782 -0.0998359 1.08156e-22)
(1.17083 -0.0994671 -2.02195e-22)
(1.17382 -0.0991116 -7.76386e-22)
(1.15651 -0.110789 2.51035e-23)
(1.15974 -0.110285 6.51134e-23)
(1.16296 -0.109791 -1.51554e-23)
(1.16617 -0.10931 1.19086e-22)
(1.16938 -0.108842 2.58865e-22)
(1.17258 -0.108387 9.84209e-23)
(1.17577 -0.107947 3.05069e-22)
(1.17895 -0.10752 -3.32285e-22)
(1.16043 -0.119825 -4.1141e-23)
(1.16386 -0.119232 -5.78178e-23)
(1.16728 -0.11865 1.25254e-22)
(1.1707 -0.118082 4.22691e-22)
(1.1741 -0.117527 4.3823e-22)
(1.17749 -0.116986 -4.59379e-22)
(1.18087 -0.116459 -2.31758e-23)
(1.18424 -0.115948 1.34254e-22)
(1.16443 -0.128961 3.67581e-23)
(1.16808 -0.128267 2.81598e-24)
(1.17172 -0.127585 1.89262e-22)
(1.17535 -0.126916 -6.05274e-22)
(1.17896 -0.12626 -4.15512e-22)
(1.18255 -0.125619 -2.12138e-22)
(1.18614 -0.124992 3.05795e-22)
(1.18971 -0.124382 6.91061e-22)
(1.16852 -0.138255 3.91762e-23)
(1.17241 -0.137438 -1.0036e-22)
(1.17627 -0.136633 -1.52001e-22)
(1.18012 -0.135841 5.08037e-22)
(1.18395 -0.135064 -2.76654e-22)
(1.18776 -0.134301 4.00493e-22)
(1.19156 -0.133555 8.20898e-25)
(1.19533 -0.132826 1.07273e-21)
(1.17274 -0.147652 -4.48096e-23)
(1.17687 -0.146696 1.26797e-22)
(1.18097 -0.145751 3.43411e-22)
(1.18505 -0.14482 -2.30979e-22)
(1.18911 -0.143903 1.11e-21)
(1.19314 -0.143001 -6.27406e-22)
(1.19715 -0.142115 1.01707e-21)
(1.20113 -0.141247 1.32548e-21)
(1.17704 -0.157167 1.93497e-23)
(1.18143 -0.156053 7.9619e-23)
(1.18579 -0.15495 -4.43619e-22)
(1.19012 -0.153858 -3.93993e-22)
(1.19441 -0.152779 -2.40876e-22)
(1.19868 -0.151716 6.45429e-22)
(1.20291 -0.150669 -2.60247e-21)
(1.20711 -0.149639 -2.1057e-21)
(1.18147 -0.166842 -2.08951e-24)
(1.18615 -0.16554 -3.67261e-22)
(1.19078 -0.164246 1.22484e-22)
(1.19536 -0.162964 7.95274e-23)
(1.1999 -0.161694 2.44327e-22)
(1.2044 -0.160439 -4.17708e-22)
(1.20886 -0.1592 1.40763e-21)
(1.21328 -0.157979 3.94628e-22)
(1.18606 -0.176644 -8.33754e-23)
(1.19103 -0.175123 1.47627e-22)
(1.19594 -0.17361 -1.99276e-22)
(1.20079 -0.172106 -3.53547e-22)
(1.20559 -0.170615 -6.34958e-22)
(1.21033 -0.169138 1.72052e-21)
(1.21503 -0.167678 7.53283e-22)
(1.21967 -0.166235 -1.26652e-21)
(1.19083 -0.186588 4.42149e-23)
(1.19611 -0.184814 4.87889e-22)
(1.20132 -0.183045 1.99172e-22)
(1.20645 -0.181285 3.99296e-22)
(1.21151 -0.179537 1.90319e-22)
(1.2165 -0.177803 -2.44913e-21)
(1.22144 -0.176086 3.05263e-22)
(1.22631 -0.174387 9.07935e-22)
(1.19583 -0.19667 9.47799e-23)
(1.20144 -0.194602 -1.84618e-22)
(1.20695 -0.192537 1.95936e-22)
(1.21237 -0.190479 -8.25016e-22)
(1.21771 -0.188434 -1.40756e-21)
(1.22296 -0.186403 -8.76748e-22)
(1.22814 -0.184393 -1.60618e-21)
(1.23325 -0.182403 -2.04606e-21)
(1.2011 -0.206908 -1.45684e-22)
(1.20706 -0.204494 -3.50502e-22)
(1.2129 -0.202083 -2.21626e-22)
(1.21862 -0.199679 -7.16601e-22)
(1.22424 -0.197289 2.3495e-22)
(1.22976 -0.194917 2.05074e-21)
(1.2352 -0.192569 3.62471e-21)
(1.24055 -0.190248 1.11205e-21)
(1.20674 -0.217268 9.22906e-23)
(1.21307 -0.214462 -7.70109e-22)
(1.21925 -0.211657 1.00467e-21)
(1.22529 -0.20886 9.86992e-22)
(1.23121 -0.206078 1.20472e-21)
(1.23702 -0.203318 -6.82326e-22)
(1.24272 -0.200586 -3.69422e-21)
(1.24833 -0.197885 2.08419e-21)
(1.2128 -0.227774 -2.55906e-23)
(1.21953 -0.224519 7.34844e-22)
(1.22608 -0.221263 -1.15421e-21)
(1.23248 -0.218019 -1.15335e-21)
(1.23873 -0.214795 7.02672e-22)
(1.24485 -0.211598 1.67728e-21)
(1.25084 -0.208433 -2.67201e-21)
(1.25672 -0.205303 -7.83411e-22)
(1.21944 -0.238446 5.16934e-23)
(1.22661 -0.234672 4.76993e-22)
(1.23358 -0.230899 1.49457e-21)
(1.24035 -0.227138 5.06037e-22)
(1.24695 -0.223402 -1.12063e-22)
(1.25338 -0.219699 2.2492e-21)
(1.25965 -0.216032 1.35477e-21)
(1.26574 -0.212403 -1.38517e-21)
(1.22686 -0.249355 -1.26759e-22)
(1.23454 -0.244974 -1.23114e-21)
(1.24195 -0.240583 -8.68411e-22)
(1.2491 -0.236199 7.31495e-22)
(1.256 -0.231834 -2.82969e-21)
(1.26265 -0.227497 -7.58906e-21)
(1.26902 -0.223193 3.31345e-21)
(1.27508 -0.218926 4.72122e-22)
(1.23536 -0.260544 3.30437e-22)
(1.24353 -0.255434 7.77352e-22)
(1.25133 -0.250289 3.99242e-22)
(1.25875 -0.245127 1.76601e-21)
(1.26576 -0.239963 2.72002e-21)
(1.27236 -0.234811 4.95104e-21)
(1.2785 -0.229677 -3.32866e-22)
(1.2841 -0.224564 1.06745e-21)
(1.24491 -0.271784 -9.78193e-24)
(1.25342 -0.265804 9.88349e-22)
(1.26138 -0.259763 6.97533e-22)
(1.26878 -0.253681 -4.09789e-21)
(1.2756 -0.247574 1.08477e-21)
(1.28179 -0.241454 -5.46e-22)
(1.28725 -0.235321 2.31426e-21)
(1.29188 -0.22916 -3.98905e-21)
(1.25475 -0.282698 -2.80195e-22)
(1.26326 -0.275687 -1.03642e-21)
(1.27106 -0.26859 -2.63192e-21)
(1.27814 -0.261433 5.69062e-21)
(1.28443 -0.254232 -7.0296e-21)
(1.28983 -0.246989 5.26281e-21)
(1.29416 -0.239683 -9.18606e-21)
(1.29719 -0.232266 -2.07118e-21)
)
;

boundaryField
{
    inlet
    {
        type            uniformFixedValue;
        uniformValue    constant (1 0 0);
        value           uniform (1 0 0);
    }
    outlet
    {
        type            pressureInletOutletVelocity;
        value           nonuniform 0();
    }
    cylinder
    {
        type            fixedValue;
        value           uniform (0 0 0);
    }
    top
    {
        type            symmetryPlane;
    }
    bottom
    {
        type            symmetryPlane;
    }
    defaultFaces
    {
        type            empty;
    }
    procBoundary0to1
    {
        type            processor;
        value           nonuniform List<vector> 
50
(
(1.29517 -0.22284 -7.23447e-21)
(1.29517 -0.22284 -7.23447e-21)
(1.25296 -0.209766 -2.06931e-20)
(1.25296 -0.209766 -2.06931e-20)
(1.1301 -0.173238 1.43221e-20)
(0.689699 -0.0784471 3.95239e-20)
(1.1301 -0.173238 1.43221e-20)
(0.900475 -0.118933 -8.28971e-20)
(0.689699 -0.0784471 3.95239e-20)
(0.392171 -0.0341722 8.14707e-21)
(0.392171 -0.0341722 8.14707e-21)
(0.167886 -0.0176331 -2.94884e-22)
(0.167886 -0.0176331 -2.94884e-22)
(0.0367115 -0.0181376 5.15199e-21)
(0.0367115 -0.0181376 5.15199e-21)
(0.0162839 -0.0229405 4.00052e-21)
(-0.02446 -0.0243355 2.21617e-20)
(-0.02446 -0.0243355 2.21617e-20)
(-0.018474 -0.0146523 6.24978e-20)
(1.14052 -0.0047355 -2.28556e-22)
(1.1415 -0.0139893 -1.71027e-22)
(1.14321 -0.0229138 -2.83534e-22)
(1.14559 -0.0316457 3.14653e-22)
(1.14853 -0.0401968 2.4885e-22)
(1.15197 -0.0486423 -2.33063e-22)
(1.15584 -0.0570069 6.5829e-23)
(1.16007 -0.0653253 4.01106e-22)
(1.16462 -0.073616 3.02398e-22)
(1.16944 -0.0818941 -5.25964e-22)
(1.17451 -0.0901681 1.01541e-22)
(1.17681 -0.0987694 5.929e-22)
(1.17681 -0.0987694 5.929e-22)
(1.18212 -0.107108 -3.82458e-22)
(1.1876 -0.115453 9.45334e-22)
(1.19326 -0.123788 1.33311e-21)
(1.19909 -0.132114 -1.06415e-21)
(1.2051 -0.140397 -1.4561e-22)
(1.21128 -0.148627 7.76817e-23)
(1.21767 -0.156778 -2.61828e-22)
(1.22427 -0.164814 9.90229e-22)
(1.23113 -0.172711 1.85094e-21)
(1.2383 -0.18044 -6.07382e-22)
(1.24585 -0.187961 -3.14293e-21)
(1.25387 -0.195223 1.15237e-21)
(1.26249 -0.202206 2.99049e-22)
(1.27164 -0.208802 3.39796e-21)
(1.2808 -0.214687 -6.90815e-21)
(1.28909 -0.219463 1.95103e-21)
(1.29546 -0.222939 6.25236e-21)
(1.2985 -0.224656 -1.97237e-21)
)
;
    }
    procBoundary0to2
    {
        type            processor;
        value           nonuniform List<vector> 
26
(
(0.0201465 0.0401154 1.43999e-21)
(0.0856769 0.0740415 -2.98094e-21)
(0.183646 0.0806286 6.74612e-21)
(0.272669 0.0252948 -3.88465e-21)
(0.272669 0.0252948 -3.88465e-21)
(0.356648 0.0226238 3.72016e-21)
(0.431686 0.020039 1.68646e-21)
(0.498582 0.0177553 -1.68898e-21)
(0.558322 0.0157533 -7.75668e-21)
(0.611684 0.0139827 2.57015e-21)
(0.659364 0.012406 -2.42411e-21)
(0.999215 9.63395e-05 -8.50266e-23)
(0.997166 0.000210761 5.95711e-23)
(0.991248 0.000439524 -1.43911e-22)
(0.983926 0.000579623 -9.62841e-23)
(0.973663 0.000903138 1.06062e-22)
(0.961654 0.00112697 1.95566e-22)
(0.946696 0.00160853 1.33811e-22)
(0.929504 0.00198114 1.53603e-22)
(0.908943 0.00269661 2.27483e-22)
(0.885632 0.00331416 1.98768e-22)
(0.858234 0.00438845 1.39275e-22)
(0.827474 0.00536204 1.07506e-22)
(0.791816 0.00700156 -4.72681e-22)
(0.751975 0.00839458 5.37523e-22)
(0.706739 0.0109928 -4.84593e-23)
)
;
    }
}


// ************************************************************************* //
