/*--------------------------------*- C++ -*----------------------------------*\
  =========                 |
  \\      /  F ield         | OpenFOAM: The Open Source CFD Toolbox
   \\    /   O peration     | Website:  https://openfoam.org
    \\  /    A nd           | Version:  7
     \\/     M anipulation  |
\*---------------------------------------------------------------------------*/
FoamFile
{
    version     2.0;
    format      ascii;
    class       volVectorField;
    location    "165";
    object      U;
}
// * * * * * * * * * * * * * * * * * * * * * * * * * * * * * * * * * * * * * //

dimensions      [0 1 -1 0 0 0 0];

internalField   nonuniform List<vector> 
2125
(
(-0.00167272 -0.0419627 1.04146e-21)
(-0.0115196 -0.075479 -2.99618e-21)
(-0.0305364 -0.0776097 -3.49934e-21)
(-0.0530395 -0.0615882 3.48196e-21)
(-0.0772665 -0.0371772 -3.19769e-21)
(-0.101946 -0.00967086 -1.7068e-21)
(-0.126091 0.0195182 2.92348e-21)
(-0.149082 0.0511928 3.58156e-21)
(-0.170403 0.0868677 -5.74812e-22)
(-0.190111 0.128568 1.72709e-21)
(-0.000313883 -0.0377461 -1.15455e-21)
(-0.00905853 -0.0663888 3.56316e-21)
(-0.0276737 -0.0658857 -8.11739e-21)
(-0.0500031 -0.0485947 7.35583e-21)
(-0.0740112 -0.0237742 3.72887e-22)
(-0.0983146 0.00355451 5.48227e-21)
(-0.121902 0.0321272 -9.4644e-21)
(-0.144149 0.0629126 -1.37831e-20)
(-0.164393 0.0975993 -2.59017e-21)
(-0.182288 0.138327 5.87647e-21)
(0.000791757 -0.03355 9.8772e-22)
(-0.00697525 -0.0574954 7.47491e-21)
(-0.0249896 -0.0545811 1.77591e-20)
(-0.0467687 -0.0362158 -1.60614e-20)
(-0.0700234 -0.0111228 -3.51526e-21)
(-0.0932514 0.0159337 -3.27657e-21)
(-0.115387 0.043795 1.65212e-20)
(-0.135772 0.0735479 1.04676e-20)
(-0.153588 0.107038 2.66826e-21)
(-0.167748 0.146404 -1.80381e-20)
(0.00164589 -0.0294836 3.47279e-21)
(-0.00529601 -0.0489989 -4.44412e-21)
(-0.0225798 -0.0439352 -3.226e-20)
(-0.0435134 -0.0247189 2.94698e-21)
(-0.06557 0.000480889 8.89445e-21)
(-0.0871196 0.0271405 -6.72524e-21)
(-0.107019 0.0541632 -7.16871e-22)
(-0.12455 0.0826968 -2.62478e-21)
(-0.138807 0.114733 6.15071e-21)
(-0.147559 0.152321 1.71421e-20)
(0.00225762 -0.0256267 2.34994e-21)
(-0.00403912 -0.0410481 -1.34764e-20)
(-0.0205393 -0.0341348 3.27563e-20)
(-0.0404253 -0.0143268 -1.46007e-20)
(-0.0609439 0.0107742 -1.06927e-22)
(-0.0803298 0.0368732 2.002e-20)
(-0.0973459 0.0628947 -9.31663e-21)
(-0.111189 0.0899885 1.15133e-21)
(-0.121017 0.120275 -3.75343e-21)
(-0.12299 0.15568 8.5149e-22)
(0.00263895 -0.0220268 2.79535e-20)
(-0.00321925 -0.0337359 3.42665e-20)
(-0.0189609 -0.025308 -8.92495e-21)
(-0.0376939 -0.00520869 1.67912e-20)
(-0.056448 0.0195396 5.01657e-21)
(-0.0733169 0.044867 -7.54893e-21)
(-0.0869599 0.0696867 -2.80755e-21)
(-0.0964578 0.0950916 -1.15342e-20)
(-0.10126 0.123305 2.48597e-21)
(-0.0954423 0.156228 -1.48402e-20)
(0.00280017 -0.0186991 -2.68808e-20)
(-0.00285132 -0.0270983 -1.77465e-20)
(-0.0179325 -0.0175201 1.40829e-20)
(-0.0354991 0.00252816 -2.41885e-20)
(-0.0523752 0.026617 2.45295e-21)
(-0.066511 0.0509078 2.77203e-20)
(-0.0764603 0.0742825 -4.91872e-21)
(-0.0811345 0.0977182 3.17565e-20)
(-0.0805333 0.123475 -1.05153e-21)
(-0.0663731 0.153928 -1.20762e-20)
(0.00274611 -0.0156289 2.17293e-20)
(-0.00295313 -0.021118 -3.94876e-20)
(-0.0175322 -0.0107738 -1.56381e-20)
(-0.0339974 0.00884364 1.86839e-20)
(-0.0489831 0.0319154 2.90874e-22)
(-0.0602992 0.0548505 -5.15261e-20)
(-0.0664044 0.0764903 -2.68199e-21)
(-0.0659724 0.0976338 -2.43977e-20)
(-0.0596067 0.12033 -3.06398e-20)
(-0.0370073 0.148525 1.74193e-20)
(0.00247367 -0.0127778 -1.21181e-20)
(-0.00354561 -0.0157329 5.94167e-21)
(-0.0178211 -0.0050142 1.43709e-20)
(-0.0333036 0.013767 -1.22199e-20)
(-0.0464625 0.0354238 -4.37542e-20)
(-0.0549783 0.0566389 1.51682e-20)
(-0.057242 0.0762165 2.34782e-21)
(-0.0516988 0.0947545 3.58036e-20)
(-0.0391954 0.113816 4.54897e-20)
(-0.00797901 0.139205 -2.00027e-20)
(0.00197135 -0.0100913 1.84461e-20)
(-0.00464993 -0.0108485 1.67746e-20)
(-0.018833 -0.000137593 -2.4539e-21)
(-0.0334701 0.0173949 6.18603e-20)
(-0.0448997 0.0372184 2.61784e-20)
(-0.0506904 0.0563237 1.93433e-20)
(-0.0491789 0.0734921 2.64466e-20)
(-0.0386556 0.0891175 -1.18271e-20)
(-0.0200938 0.104193 -1.50234e-20)
(0.0203052 0.125413 -2.2963e-20)
(0.00122118 -0.00750853 -2.0549e-21)
(-0.00628094 -0.00635278 -2.619e-20)
(-0.0205615 0.00399513 -1.87653e-20)
(-0.0344632 0.0198836 -3.01418e-20)
(-0.0442375 0.0374644 -2.35047e-20)
(-0.0473627 0.0540726 2.33107e-20)
(-0.0421161 0.0684786 -2.18347e-20)
(-0.0266438 0.0809412 -1.48246e-20)
(-0.00223973 0.0917109 1.85637e-21)
(0.048184 0.107567 6.48729e-21)
(0.000203237 -0.00497321 -4.94554e-20)
(-0.00843758 -0.00213385 2.38053e-20)
(-0.022944 0.00754197 1.73281e-20)
(-0.0361395 0.0214368 1.13609e-20)
(-0.0442347 0.03641 -2.03567e-20)
(-0.0446446 0.0501805 -1.70505e-20)
(-0.0355357 0.0615731 2.41747e-20)
(-0.0148632 0.0707145 -1.90582e-20)
(0.0154956 0.0768377 -1.27913e-21)
(0.0776054 0.0865909 -1.81457e-20)
(-0.00109589 -0.00244643 4.07354e-20)
(-0.0110903 0.00190256 1.6516e-20)
(-0.0258477 0.0106604 1.03523e-21)
(-0.038225 0.0222862 -2.07378e-20)
(-0.0444305 0.0343711 1.7183e-21)
(-0.0418143 0.0450641 2.18992e-20)
(-0.0283972 0.053325 -6.0076e-21)
(-0.00176333 0.059169 -6.92309e-21)
(0.0354233 0.0604873 -1.51455e-20)
(0.112287 0.0641768 2.78391e-20)
(-0.00268102 9.74662e-05 2.6779e-20)
(-0.0141683 0.00581889 -4.4263e-20)
(-0.0290575 0.0134874 -3.38555e-20)
(-0.0403042 0.0226668 1.4716e-20)
(-0.0441353 0.0316988 2.96131e-20)
(-0.037796 0.0392037 2.41954e-20)
(-0.0190686 0.0443646 -2.51979e-20)
(0.0150096 0.0472434 4.74092e-20)
(0.0610386 0.043842 -1.38126e-20)
(0.157139 0.0429442 -3.14875e-20)
(-0.00453822 0.0026451 -4.07536e-20)
(-0.0175567 0.00962761 2.45963e-20)
(-0.032274 0.0161188 -1.14037e-20)
(-0.0418269 0.0227892 1.18737e-21)
(-0.0424511 0.0287424 1.21615e-20)
(-0.0312011 0.0331109 -3.84196e-20)
(-0.00546633 0.0353933 3.28764e-20)
(0.0383717 0.035891 -3.13807e-20)
(0.0966521 0.0281469 4.82123e-20)
(0.2168 0.0259225 1.67564e-20)
(-0.00661892 0.00514761 8.36465e-21)
(-0.0210807 0.0132898 4.7045e-20)
(-0.0351195 0.0185944 -1.16161e-20)
(-0.0421322 0.0228112 1.18511e-20)
(-0.0383243 0.0258074 1.33449e-20)
(-0.0204438 0.0272599 -3.95379e-21)
(0.0147046 0.0270763 2.80482e-20)
(0.0713009 0.0259378 1.64945e-21)
(0.146563 0.0146251 -3.0282e-20)
(0.293541 0.0155643 3.95931e-20)
(-0.00885311 0.00753575 -2.26208e-20)
(-0.0245179 0.0167131 -4.43627e-20)
(-0.0371572 0.0208869 3.84714e-20)
(-0.0404937 0.0228141 1.90611e-20)
(-0.0306345 0.0231103 -8.76848e-20)
(-0.00391026 0.022033 7.03303e-20)
(0.0436323 0.0199721 -6.17522e-20)
(0.11627 0.0179569 1.07411e-21)
(0.214023 0.00459484 -1.28733e-20)
(0.385496 0.0129991 -3.62246e-20)
(-0.0111428 0.00971628 1.93649e-20)
(-0.0276052 0.0197593 -2.54975e-21)
(-0.0379183 0.0229016 -9.43289e-21)
(-0.0361781 0.0227905 -1.20429e-21)
(-0.018307 0.020771 -5.4664e-21)
(0.0198615 0.0176797 -2.23482e-20)
(0.0830821 0.0144795 9.0853e-21)
(0.174873 0.0122148 -1.43462e-20)
(0.300254 -0.000345078 4.42235e-21)
(0.486401 0.0181194 1.16292e-21)
(-0.0133694 0.0115868 -3.95161e-20)
(-0.0300535 0.0222604 -2.78642e-21)
(-0.0369295 0.0244884 4.30635e-21)
(-0.0284893 0.0226537 1.7578e-21)
(-0.0004054 0.0187952 2.86177e-20)
(0.052015 0.0143088 -8.2158e-20)
(0.134164 0.0108316 5.3903e-20)
(0.247779 0.00875727 -3.96484e-20)
(0.403806 0.00144836 3.18794e-20)
(0.588005 0.0292213 3.36143e-20)
(-0.0154037 0.0130501 -4.79085e-21)
(-0.0315632 0.0240408 2.20793e-20)
(-0.033737 0.0254645 -2.76534e-20)
(-0.0168119 0.022257 -8.6432e-21)
(0.023827 0.0170991 1.65309e-20)
(0.093293 0.0119377 7.81388e-20)
(0.197166 0.00911702 -1.52206e-20)
(0.334659 0.00774786 7.3281e-21)
(0.520085 0.0105198 -3.74732e-20)
(0.685977 0.0399827 1.67108e-20)
(-0.0171159 0.0140279 -1.44268e-20)
(-0.0318374 0.0249428 -1.12549e-20)
(-0.0279183 0.0256513 2.79835e-21)
(-0.000618922 0.0214395 1.08577e-20)
(0.0549432 0.0155819 -3.20081e-20)
(0.144043 0.0105594 -1.28197e-20)
(0.271546 0.00936668 -3.95682e-20)
(0.43365 0.00984783 3.91269e-20)
(0.640385 0.0242757 4.03279e-20)
(0.784226 0.0402109 -1.63128e-20)
(-0.0183849 0.0144708 -6.90683e-21)
(-0.0305905 0.0248539 2.81228e-20)
(-0.0190784 0.0249107 -3.14312e-20)
(0.020544 0.020082 -3.66056e-21)
(0.0933287 0.014198 -1.47421e-20)
(0.204262 0.0102478 3.16027e-20)
(0.356149 0.0117076 3.9864e-20)
(0.541154 0.0158547 -3.74903e-20)
(0.753949 0.0360057 3.91693e-20)
(0.911053 0.039241 5.36115e-21)
(-0.0190998 0.0143625 -2.00402e-20)
(-0.0275522 0.0237263 -5.69092e-20)
(-0.00683846 0.0231813 5.55482e-20)
(0.0470862 0.0181646 7.9901e-21)
(0.139242 0.0130246 1.15361e-20)
(0.273611 0.0112246 7.08153e-21)
(0.449227 0.0164003 3.06392e-20)
(0.65213 0.0255016 2.19798e-20)
(0.863235 0.0478252 -7.61155e-20)
(1.02202 0.0524096 -3.64104e-20)
(-0.0224564 0.0215851 1.37746e-20)
(0.00917282 0.02051 -3.14784e-20)
(0.0793901 0.0158087 6.09228e-21)
(0.192821 0.0123101 9.74519e-21)
(0.351368 0.0138707 -6.91588e-20)
(0.548314 0.023763 3.02872e-20)
(0.761841 0.0380833 -1.97835e-20)
(0.964261 0.0616746 2.05027e-20)
(1.11017 0.0674097 -7.12125e-21)
(0.0293294 0.0170671 -1.57514e-21)
(0.117806 0.0132956 -8.58988e-21)
(0.254032 0.0124821 2.52855e-22)
(0.436325 0.0186599 5.01117e-22)
(0.650242 0.033963 -4.59033e-20)
(0.866133 0.0529528 6.14427e-21)
(1.05304 0.0768157 5.53772e-20)
(1.18126 0.0828331 2.44247e-20)
(0.0540012 0.0131418 5.37082e-20)
(0.16261 0.0110613 1.36703e-21)
(0.322558 0.0141075 -2.24476e-20)
(0.526683 0.0260318 5.96259e-20)
(0.751474 0.0468968 1.29633e-20)
(0.961574 0.0694486 7.66075e-22)
(1.12826 0.0925709 -2.43904e-20)
(1.23522 0.0980199 -3.13072e-20)
(0.213934 0.00966462 -2.23347e-20)
(0.397668 0.0178056 3.63723e-20)
(0.620065 0.0362531 -1.76693e-20)
(0.848577 0.0622019 -1.97895e-20)
(1.04593 0.086939 -4.57675e-21)
(1.18963 0.108396 -1.42058e-20)
(1.2752 0.112466 1.50482e-20)
(0.478122 0.0241297 1.98794e-20)
(0.713716 0.0493356 -6.57906e-20)
(0.938689 0.0793642 4.18563e-20)
(1.11814 0.10488 -1.87609e-20)
(1.2381 0.123909 2.78978e-20)
(1.30357 0.126154 7.59222e-21)
(1.0198 0.0978382 -1.07101e-20)
(1.17817 0.122857 8.89732e-21)
(1.27511 0.13891 -2.13093e-20)
(1.32279 0.139086 -2.13934e-20)
(1.2267 0.140591 -2.82424e-20)
(1.30238 0.153325 5.26668e-22)
(1.33494 0.151397 1.48493e-20)
(1.32161 0.167176 2.11901e-20)
(1.34174 0.163226 -8.96581e-21)
(-0.221608 0.200756 -1.32465e-22)
(-0.254736 0.337613 4.10271e-23)
(-0.24744 0.466723 1.73992e-22)
(-0.213805 0.565136 -1.70502e-22)
(-0.121064 0.558147 4.3821e-23)
(0.0303888 0.402018 1.68006e-22)
(0.202792 0.113933 4.19673e-23)
(0.377689 -0.22252 -9.70389e-23)
(0.525199 -0.487936 -8.44461e-23)
(0.608975 -0.628516 -6.28411e-23)
(0.655194 -0.663401 3.31373e-24)
(0.645315 -0.637453 -6.84654e-23)
(0.533946 -0.6616 3.8864e-23)
(0.479888 -0.495255 -1.78807e-23)
(0.587275 -0.139532 -1.51132e-23)
(0.742406 0.218923 -1.0334e-23)
(0.851718 0.434306 5.78564e-23)
(0.901209 0.452654 7.31462e-23)
(0.862362 0.557021 2.08334e-24)
(0.751326 0.497924 2.81489e-23)
(0.737446 0.374098 -1.33656e-23)
(0.848522 0.0879552 -1.03235e-23)
(0.923271 -0.189025 -4.23258e-24)
(0.933972 -0.290799 -2.06467e-23)
(0.962118 -0.559825 -2.18498e-23)
(0.942339 -0.381462 -7.17335e-24)
(0.941085 -0.237243 6.49569e-24)
(0.96183 0.00863516 5.12715e-23)
(1.0037 0.522261 7.72678e-24)
(0.971244 0.309747 3.77638e-24)
(-0.213127 0.20994 5.53255e-23)
(-0.241036 0.338871 -4.08744e-22)
(-0.226507 0.459761 -5.67853e-23)
(-0.180015 0.547245 4.42876e-22)
(-0.0683081 0.529341 -1.88676e-23)
(0.0923497 0.367839 -6.43258e-22)
(0.263043 0.0809061 5.38821e-22)
(0.433043 -0.252763 -5.26527e-22)
(0.57322 -0.509866 2.4117e-22)
(0.645188 -0.640204 -3.74938e-22)
(0.677627 -0.666524 5.18869e-22)
(0.664686 -0.62813 -3.94627e-22)
(0.555118 -0.648023 -1.94445e-23)
(0.477742 -0.498474 2.89379e-22)
(0.569278 -0.158423 -5.01865e-23)
(0.723235 0.199826 -6.4159e-23)
(0.838502 0.422839 -1.77053e-22)
(0.893823 0.451538 1.30274e-22)
(0.853789 0.565443 8.67172e-23)
(0.744057 0.504967 -1.12181e-22)
(0.732263 0.369433 -3.10123e-23)
(0.851367 0.0790042 6.44115e-23)
(0.928835 -0.192907 -3.09372e-24)
(0.939215 -0.292285 -7.62775e-23)
(0.969476 -0.560021 3.84791e-23)
(0.946808 -0.380994 6.53139e-23)
(0.943615 -0.237883 -8.83818e-25)
(0.960722 0.00643622 -9.70614e-23)
(0.998688 0.522031 1.68832e-24)
(0.969057 0.310557 -2.27857e-23)
(-0.195432 0.216532 2.90896e-21)
(-0.21667 0.337173 -2.19556e-21)
(-0.193926 0.449585 1.48294e-21)
(-0.134977 0.526023 -1.38555e-21)
(-0.00757604 0.498726 -7.20026e-22)
(0.157192 0.335541 3.65448e-21)
(0.325127 0.0509777 -1.29879e-21)
(0.489823 -0.279676 -1.47073e-21)
(0.621837 -0.528852 7.07698e-22)
(0.682303 -0.649295 -1.86531e-23)
(0.700707 -0.668403 1.37175e-22)
(0.683861 -0.618933 -2.93226e-23)
(0.577325 -0.633349 -3.72171e-23)
(0.478782 -0.499803 9.57257e-23)
(0.553425 -0.177319 4.88456e-23)
(0.705189 0.17949 -1.21646e-22)
(0.826061 0.410315 3.78067e-22)
(0.887044 0.44995 8.81138e-23)
(0.845412 0.573778 -4.89627e-23)
(0.737336 0.512055 -7.67975e-23)
(0.72829 0.364711 5.05914e-23)
(0.854906 0.0700552 9.02421e-23)
(0.934799 -0.196625 -1.77204e-22)
(0.944732 -0.29362 6.03931e-23)
(0.976659 -0.560111 -1.16878e-22)
(0.951124 -0.380475 -7.49507e-23)
(0.946223 -0.23845 1.46353e-23)
(0.959807 0.00435628 1.69933e-22)
(0.993625 0.52178 -2.03345e-23)
(0.966765 0.311291 1.40431e-23)
(-0.169967 0.220158 -3.14432e-21)
(-0.183421 0.332405 1.45965e-21)
(-0.151855 0.43626 -1.88353e-22)
(-0.0812681 0.501987 4.24849e-22)
(0.0582305 0.4672 -4.76335e-22)
(0.223462 0.305516 -2.47551e-21)
(0.387951 0.0242755 1.32226e-21)
(0.54749 -0.303192 -2.04447e-22)
(0.670697 -0.544905 9.42273e-22)
(0.719967 -0.655856 1.4633e-21)
(0.724352 -0.669005 -3.43605e-22)
(0.702803 -0.609963 2.58374e-22)
(0.60019 -0.617835 -2.83956e-22)
(0.483186 -0.49922 -3.15224e-22)
(0.540079 -0.195987 5.39142e-23)
(0.688421 0.158017 -1.60324e-22)
(0.814494 0.396734 -3.30627e-22)
(0.880872 0.447868 -8.06642e-23)
(0.83728 0.581998 1.08945e-22)
(0.731253 0.519157 -3.86078e-23)
(0.725536 0.359964 -1.53304e-22)
(0.859102 0.061154 -5.54285e-24)
(0.941136 -0.200171 7.07939e-23)
(0.950507 -0.294783 1.06164e-23)
(0.983655 -0.560079 4.08841e-23)
(0.95527 -0.379914 2.09854e-23)
(0.948887 -0.238955 1.69457e-23)
(0.95907 0.00240029 5.64719e-23)
(0.98851 0.521515 1.15581e-22)
(0.964378 0.31195 7.70957e-24)
(-0.138441 0.220591 2.20777e-21)
(-0.143357 0.324597 2.33498e-21)
(-0.102713 0.419916 1.46773e-21)
(-0.0214017 0.475517 -1.23509e-21)
(0.126618 0.435709 1.64604e-22)
(0.289732 0.277874 -8.47832e-22)
(0.450505 0.000789391 -2.25301e-21)
(0.605474 -0.323317 -6.94896e-22)
(0.719478 -0.558055 3.8031e-22)
(0.757832 -0.659971 -7.12146e-23)
(0.748471 -0.668311 -5.07754e-22)
(0.721482 -0.601288 1.08714e-22)
(0.623379 -0.601756 5.35675e-22)
(0.490996 -0.496767 -3.26261e-22)
(0.529627 -0.214178 3.2279e-22)
(0.673116 0.135529 4.65344e-23)
(0.803898 0.382101 6.88196e-22)
(0.875301 0.445266 -9.47219e-23)
(0.829455 0.590067 -1.83555e-22)
(0.725884 0.526243 -2.53414e-23)
(0.723995 0.355231 -2.02789e-22)
(0.863917 0.052347 -3.10212e-22)
(0.947824 -0.203537 -6.03808e-25)
(0.956516 -0.295754 1.75881e-22)
(0.990457 -0.559907 1.26092e-23)
(0.959233 -0.379319 3.5119e-23)
(0.951581 -0.23941 -7.5555e-23)
(0.95849 0.000572132 -2.46943e-22)
(0.983345 0.521246 -1.93243e-22)
(0.961904 0.312535 -4.4842e-23)
(-0.102687 0.217729 1.31923e-21)
(-0.098658 0.313957 2.95117e-21)
(-0.0490325 0.400567 1.30484e-21)
(0.0421182 0.447206 -4.86908e-21)
(0.195477 0.404772 5.51649e-21)
(0.354626 0.252659 -2.67887e-21)
(0.511889 -0.0195486 -6.47898e-22)
(0.663269 -0.340122 -1.13442e-21)
(0.767889 -0.568349 -2.8176e-22)
(0.79556 -0.661746 2.70505e-21)
(0.77297 -0.666313 -5.8873e-22)
(0.739873 -0.592953 -9.01391e-22)
(0.646619 -0.585392 2.24972e-24)
(0.502097 -0.492546 4.34409e-22)
(0.522453 -0.231638 -5.87138e-22)
(0.659494 0.112178 6.42989e-22)
(0.794364 0.366434 -6.84816e-22)
(0.870313 0.442118 3.64868e-22)
(0.822002 0.597941 4.26255e-23)
(0.721286 0.533289 3.14589e-22)
(0.723644 0.350554 1.40543e-22)
(0.869318 0.043681 1.17104e-22)
(0.954839 -0.206713 3.18643e-23)
(0.962732 -0.296516 1.99906e-22)
(0.997055 -0.559579 7.64919e-23)
(0.963006 -0.378696 -4.14864e-23)
(0.954284 -0.239824 2.18697e-22)
(0.958046 -0.00112521 -2.27588e-22)
(0.97813 0.520979 2.94851e-22)
(0.959355 0.313048 7.47065e-23)
(-0.0645238 0.211499 -2.51975e-21)
(-0.0514697 0.300288 4.37288e-22)
(0.00671638 0.378726 5.00658e-22)
(0.106939 0.417647 -8.32551e-22)
(0.263004 0.374695 5.97838e-22)
(0.416959 0.229824 1.34912e-21)
(0.571382 -0.0368284 1.16016e-21)
(0.720386 -0.353736 -1.61373e-21)
(0.815663 -0.575855 -1.3622e-21)
(0.832837 -0.661296 8.19721e-22)
(0.79775 -0.66302 1.57896e-22)
(0.757952 -0.584976 7.45579e-22)
(0.669687 -0.56902 -7.55085e-22)
(0.516217 -0.486716 -3.80904e-22)
(0.518898 -0.248139 5.40365e-22)
(0.647803 0.0881419 2.39918e-22)
(0.785977 0.349761 8.10692e-24)
(0.865891 0.438398 5.75713e-24)
(0.81499 0.60557 -1.30032e-22)
(0.717499 0.540275 -5.16185e-22)
(0.72444 0.345981 -2.19097e-24)
(0.875269 0.0352043 -1.86479e-22)
(0.96216 -0.209694 -1.28498e-22)
(0.969126 -0.297051 -1.13506e-22)
(1.00344 -0.559081 -1.79466e-22)
(0.966583 -0.378054 -3.36047e-23)
(0.956973 -0.240209 -2.04312e-22)
(0.95771 -0.00268967 2.61599e-22)
(0.97287 0.520721 -2.67063e-22)
(0.956741 0.313489 -7.55719e-23)
(-0.0258284 0.201858 2.77446e-21)
(-0.00362379 0.283721 4.2299e-22)
(0.0624711 0.35507 -8.77092e-23)
(0.170835 0.38722 -2.2563e-22)
(0.327639 0.345699 -8.30261e-22)
(0.475723 0.209213 5.78147e-21)
(0.62849 -0.0514506 -4.71747e-21)
(0.776438 -0.36434 -1.88012e-21)
(0.862552 -0.580651 -6.22452e-22)
(0.869374 -0.658751 1.08031e-21)
(0.822707 -0.658456 1.48803e-21)
(0.7757 -0.577357 -4.9923e-22)
(0.692409 -0.552894 -6.30152e-22)
(0.532962 -0.479481 8.96494e-22)
(0.519194 -0.263486 -1.0779e-21)
(0.638313 0.0636268 2.57704e-22)
(0.778808 0.33213 4.17159e-23)
(0.862012 0.434077 2.70858e-22)
(0.808481 0.612898 -4.0855e-22)
(0.714547 0.547183 5.91824e-22)
(0.726328 0.341562 -4.96929e-23)
(0.881734 0.0269717 8.5567e-22)
(0.969762 -0.212471 1.77648e-22)
(0.975669 -0.297341 -5.04152e-22)
(1.00961 -0.558398 3.90115e-23)
(0.969965 -0.377397 -7.14693e-23)
(0.959629 -0.240573 3.08235e-23)
(0.957455 -0.00412011 -2.20563e-22)
(0.967566 0.520477 1.59147e-22)
(0.954076 0.313859 7.14923e-23)
(0.0120238 0.189224 -1.81748e-21)
(0.0433099 0.264838 1.11722e-21)
(0.116481 0.329775 1.98742e-21)
(0.23196 0.356222 7.88846e-22)
(0.388052 0.317887 -4.73064e-21)
(0.530154 0.190566 3.53426e-22)
(0.682977 -0.0638438 1.17964e-21)
(0.83114 -0.372143 -3.9477e-21)
(0.908326 -0.582825 -9.83985e-22)
(0.904916 -0.654246 4.02402e-21)
(0.847732 -0.65266 -1.7791e-22)
(0.793106 -0.570078 7.11789e-22)
(0.714643 -0.537242 -9.17913e-22)
(0.55186 -0.47108 4.75838e-22)
(0.523399 -0.27753 -3.93959e-22)
(0.631286 0.0388544 6.29737e-22)
(0.772916 0.313607 6.89688e-23)
(0.858654 0.429127 -3.96967e-22)
(0.802533 0.619867 7.35324e-22)
(0.71243 0.554002 -4.39072e-22)
(0.729237 0.337345 2.94573e-22)
(0.888674 0.0190431 -1.21191e-22)
(0.977621 -0.215037 -5.43804e-22)
(0.982332 -0.297373 5.59695e-22)
(1.01554 -0.557519 -8.98996e-23)
(0.973158 -0.376731 2.35905e-22)
(0.962233 -0.240924 -2.35313e-22)
(0.95725 -0.00541641 3.96743e-22)
(0.962222 0.520251 -2.1117e-22)
(0.951372 0.314158 2.53416e-24)
(0.0485014 0.174058 2.25939e-22)
(0.0881334 0.243916 4.31105e-21)
(0.167479 0.303137 -5.5194e-21)
(0.28894 0.32493 -1.35643e-21)
(0.443185 0.291232 5.9869e-21)
(0.579822 0.173524 1.72001e-21)
(0.734885 -0.0744894 -4.70425e-21)
(0.884305 -0.377363 -1.23715e-21)
(0.952766 -0.582468 1.9425e-21)
(0.939244 -0.647918 1.92371e-21)
(0.872705 -0.645684 -1.63024e-22)
(0.810169 -0.563103 -4.50377e-23)
(0.73627 -0.522257 3.51853e-22)
(0.572425 -0.461765 -3.29825e-22)
(0.531341 -0.290181 2.39073e-22)
(0.626939 0.014072 -2.34684e-22)
(0.768337 0.294275 -9.29433e-23)
(0.855794 0.423519 5.07362e-22)
(0.797189 0.626414 -1.04883e-21)
(0.711134 0.560728 6.03252e-22)
(0.733088 0.333382 -2.26309e-22)
(0.896049 0.0114338 -5.86197e-22)
(0.985708 -0.217388 6.764e-23)
(0.989091 -0.297131 -1.41704e-22)
(1.02124 -0.556433 3.01126e-22)
(0.976173 -0.37606 -1.25645e-22)
(0.96477 -0.241268 -6.45857e-23)
(0.957064 -0.00657878 -1.83799e-22)
(0.956841 0.520043 -9.38032e-23)
(0.948641 0.314386 -1.23954e-23)
(0.0838743 0.156629 -3.05401e-21)
(0.130325 0.221302 5.71274e-21)
(0.214813 0.275543 -1.23976e-21)
(0.340975 0.293605 -8.53891e-21)
(0.49238 0.265615 1.04934e-20)
(0.62474 0.157635 3.96379e-21)
(0.784544 -0.0838753 -9.42185e-21)
(0.935833 -0.380237 -1.51625e-22)
(0.995659 -0.579668 -2.69404e-21)
(0.972173 -0.639906 8.82669e-22)
(0.897501 -0.637589 -1.34551e-21)
(0.826899 -0.556383 1.28163e-21)
(0.757187 -0.508094 -8.07693e-23)
(0.594201 -0.451785 1.0677e-22)
(0.542608 -0.3014 3.08905e-22)
(0.625397 -0.0104598 -7.5488e-22)
(0.76508 0.274231 5.03052e-22)
(0.853405 0.417222 -3.51853e-22)
(0.792483 0.632473 1.90763e-22)
(0.710627 0.567357 4.6353e-22)
(0.737787 0.32972 -8.50661e-23)
(0.903819 0.00417061 -2.62814e-22)
(0.993996 -0.219517 1.13233e-21)
(0.995922 -0.296605 -4.40582e-22)
(1.02668 -0.555132 6.13766e-23)
(0.979031 -0.375389 -2.09951e-22)
(0.967229 -0.241609 4.73916e-22)
(0.956865 -0.00760789 5.1831e-22)
(0.951429 0.519857 2.37298e-22)
(0.945898 0.314543 1.19247e-22)
(0.119535 0.137402 -1.68103e-21)
(0.170335 0.197468 7.41638e-21)
(0.25863 0.247403 -1.82699e-21)
(0.387973 0.262507 -2.81546e-21)
(0.535562 0.240855 9.72004e-21)
(0.665481 0.142375 -8.01419e-21)
(0.83254 -0.0924352 -5.10182e-21)
(0.985678 -0.381 1.45201e-22)
(1.0368 -0.574511 8.34485e-21)
(1.00356 -0.630354 -7.12942e-22)
(0.921986 -0.628456 -6.44113e-22)
(0.843323 -0.549866 2.21334e-22)
(0.777307 -0.494878 3.65953e-22)
(0.616793 -0.441373 -4.35904e-22)
(0.556574 -0.311189 4.20612e-22)
(0.626648 -0.034703 -2.93581e-26)
(0.763115 0.253578 2.17213e-22)
(0.851458 0.410207 -2.79916e-23)
(0.788432 0.637981 6.21991e-22)
(0.710863 0.573891 -7.20976e-22)
(0.743238 0.326404 -2.71347e-22)
(0.91194 -0.00280474 4.78038e-22)
(1.00245 -0.221422 -6.67623e-22)
(1.0028 -0.295782 2.29189e-22)
(1.03187 -0.55361 -2.34623e-22)
(0.981761 -0.374722 -3.71218e-23)
(0.969604 -0.24195 -7.23332e-23)
(0.956618 -0.00850568 -5.13961e-22)
(0.945988 0.519689 -2.57891e-23)
(0.943154 0.314628 -2.06803e-22)
(0.158201 0.117159 -2.92247e-22)
(0.209853 0.173022 4.50351e-21)
(0.3001 0.219176 -5.41205e-21)
(0.430746 0.231929 6.26013e-21)
(0.573473 0.21674 4.27285e-21)
(0.703284 0.127201 -4.2124e-21)
(0.879649 -0.100508 3.10007e-21)
(1.0338 -0.379838 -3.71777e-21)
(1.07598 -0.567097 4.84276e-21)
(1.03328 -0.619422 -7.24617e-21)
(0.946022 -0.618392 1.29029e-21)
(0.859478 -0.543507 1.00223e-21)
(0.796557 -0.482707 -4.6966e-22)
(0.639873 -0.430734 5.40901e-22)
(0.57246 -0.319587 -4.70236e-22)
(0.630503 -0.0585305 2.33895e-22)
(0.762387 0.232432 -4.11511e-22)
(0.849916 0.402446 2.91775e-22)
(0.785039 0.642871 -2.51775e-22)
(0.711783 0.580333 -2.75892e-22)
(0.749335 0.323475 3.65328e-22)
(0.920376 -0.00939787 -7.8876e-22)
(1.01106 -0.223096 1.31806e-21)
(1.00972 -0.294654 -5.12486e-22)
(1.03679 -0.551862 -4.06844e-22)
(0.984401 -0.374062 -7.84427e-23)
(0.971892 -0.24229 3.45642e-23)
(0.956293 -0.00927477 8.92632e-24)
(0.940523 0.519539 -1.1755e-22)
(0.940424 0.314642 1.86605e-22)
(0.203597 0.0970589 4.73518e-21)
(0.25186 0.148722 -2.37349e-21)
(0.341555 0.191407 1.87299e-21)
(0.471173 0.202224 -2.07866e-22)
(0.607876 0.193078 4.71707e-21)
(0.740064 0.111637 -3.98598e-21)
(0.926725 -0.108292 -6.31786e-21)
(1.0801 -0.376837 2.24492e-21)
(1.11301 -0.557551 3.66987e-21)
(1.06127 -0.60728 3.42059e-21)
(0.969475 -0.607512 -3.14212e-21)
(0.875418 -0.53725 2.69575e-21)
(0.814887 -0.471642 3.90553e-22)
(0.66317 -0.42003 -2.11376e-22)
(0.589496 -0.326633 -1.2493e-23)
(0.636595 -0.0816923 -1.6205e-22)
(0.762771 0.2109 -1.3482e-23)
(0.848731 0.393909 1.46427e-22)
(0.782292 0.647078 -9.41762e-23)
(0.713318 0.586689 1.04919e-22)
(0.755994 0.320972 -4.23068e-22)
(0.929095 -0.0154755 1.99488e-22)
(1.01978 -0.224537 -9.7855e-22)
(1.01664 -0.293216 -4.2202e-23)
(1.04146 -0.549886 3.35826e-22)
(0.986991 -0.373413 2.76955e-22)
(0.974094 -0.242626 -5.0557e-23)
(0.955856 -0.00991674 2.53287e-23)
(0.935037 0.519402 3.55278e-22)
(0.937721 0.314582 -4.60389e-23)
(0.259542 0.0785355 -3.7927e-21)
(0.300261 0.125476 5.44355e-21)
(0.386376 0.164736 -1.17573e-21)
(0.512224 0.173815 -2.91714e-21)
(0.641636 0.169754 3.91222e-21)
(0.778279 0.0953605 4.39324e-22)
(0.974544 -0.115793 -2.00701e-21)
(1.12443 -0.371984 7.83662e-21)
(1.14767 -0.545977 -1.05171e-20)
(1.08747 -0.594029 6.57102e-21)
(0.992224 -0.595844 -7.18694e-22)
(0.891203 -0.530956 -1.82821e-21)
(0.832269 -0.461659 -4.27859e-22)
(0.68645 -0.409353 3.98516e-22)
(0.607008 -0.33234 -1.02343e-22)
(0.644401 -0.104117 3.15394e-22)
(0.76408 0.189072 -3.88061e-22)
(0.847842 0.384567 2.97052e-22)
(0.780166 0.650537 2.60821e-22)
(0.715392 0.592964 1.00392e-22)
(0.763136 0.318928 4.48697e-22)
(0.938073 -0.0210903 -6.24372e-23)
(1.02858 -0.225741 4.4424e-22)
(1.02355 -0.291462 -7.90435e-23)
(1.04589 -0.547679 3.68007e-22)
(0.989573 -0.372773 2.80123e-23)
(0.97621 -0.242949 2.02205e-22)
(0.955276 -0.0104323 -2.90618e-22)
(0.929533 0.519273 -3.3308e-22)
(0.935057 0.314448 -9.26632e-23)
(0.328744 0.0630035 -3.3443e-22)
(0.35914 0.104227 -2.13092e-21)
(0.438576 0.139851 -4.83136e-21)
(0.55772 0.147183 2.22951e-21)
(0.678537 0.146809 2.31183e-21)
(0.820599 0.0783276 -1.79438e-21)
(1.02361 -0.122861 -9.29494e-22)
(1.16648 -0.365221 6.36978e-21)
(1.17978 -0.532406 -6.76038e-21)
(1.11187 -0.579631 -1.19767e-21)
(1.01416 -0.58331 6.05686e-23)
(0.906889 -0.524413 -2.40035e-22)
(0.848695 -0.452656 1.68186e-21)
(0.709496 -0.398754 -8.97265e-22)
(0.624509 -0.336702 3.43554e-22)
(0.653302 -0.125711 -3.2559e-22)
(0.766067 0.167024 -2.0305e-24)
(0.847169 0.374383 -3.97864e-22)
(0.778623 0.653182 2.44728e-22)
(0.717922 0.599158 -7.32803e-22)
(0.770702 0.317361 1.73567e-22)
(0.947305 -0.0262366 4.77849e-22)
(1.03742 -0.226707 -3.37955e-22)
(1.03043 -0.289389 2.88066e-22)
(1.05009 -0.545248 -6.27465e-22)
(0.992178 -0.372145 2.60439e-22)
(0.978237 -0.243251 -3.75145e-22)
(0.95452 -0.0108204 3.15395e-22)
(0.924013 0.519145 8.41733e-23)
(0.932445 0.314239 -1.59646e-23)
(0.412011 0.0514873 -5.0599e-23)
(0.432006 0.0857564 -2.20661e-21)
(0.502196 0.117375 9.01786e-21)
(0.6118 0.122783 -9.05698e-21)
(0.722771 0.124423 6.87157e-21)
(0.869379 0.06092 -7.28759e-21)
(1.07393 -0.129249 3.01012e-21)
(1.20587 -0.356566 -2.53475e-22)
(1.20918 -0.517041 -1.70878e-21)
(1.13449 -0.56431 1.44996e-21)
(1.03521 -0.570189 1.67385e-21)
(0.922514 -0.517739 3.52981e-22)
(0.864171 -0.444744 1.47041e-21)
(0.732099 -0.388423 -7.25692e-22)
(0.641736 -0.339832 8.82945e-22)
(0.662674 -0.146416 2.05873e-22)
(0.768427 0.144854 -5.20783e-22)
(0.846615 0.363334 1.16456e-22)
(0.777612 0.654954 6.74946e-22)
(0.720823 0.605269 4.23149e-22)
(0.778667 0.316265 -1.3512e-21)
(0.95681 -0.0309189 3.30931e-22)
(1.04629 -0.227437 2.9524e-22)
(1.03726 -0.286993 -1.30687e-22)
(1.05409 -0.542617 2.86377e-22)
(0.994823 -0.371548 -2.51709e-22)
(0.980165 -0.243531 -7.4918e-23)
(0.953555 -0.0110794 4.30673e-22)
(0.918478 0.519012 4.74231e-23)
(0.929898 0.313952 4.42588e-23)
(0.508867 0.044031 -1.26847e-22)
(0.521572 0.0703465 -1.19527e-21)
(0.580728 0.0978348 -4.57795e-21)
(0.678181 0.101053 4.9744e-21)
(0.778164 0.102918 -8.85936e-21)
(0.926055 0.0436622 -9.94533e-22)
(1.12488 -0.134066 1.12547e-20)
(1.24205 -0.346047 -8.15176e-21)
(1.23576 -0.50076 1.40432e-21)
(1.15536 -0.54932 -9.65866e-22)
(1.05531 -0.557756 3.59941e-21)
(0.938121 -0.511857 -1.23506e-21)
(0.87875 -0.438556 4.52956e-22)
(0.754091 -0.378836 3.3797e-22)
(0.658649 -0.342056 2.64577e-22)
(0.671978 -0.166482 8.09917e-23)
(0.770841 0.122541 -4.73323e-22)
(0.846058 0.351431 5.16205e-22)
(0.777076 0.655746 7.6946e-23)
(0.724004 0.61132 -4.26218e-22)
(0.787078 0.315692 2.59874e-22)
(0.966646 -0.0350292 -3.27778e-22)
(1.05513 -0.227919 2.14048e-22)
(1.04401 -0.284285 -2.34911e-22)
(1.05791 -0.539814 2.99128e-22)
(0.997502 -0.371016 1.19752e-22)
(0.981971 -0.243808 -1.1848e-22)
(0.952346 -0.0112413 -1.31957e-22)
(0.912928 0.518863 -2.30913e-22)
(0.92743 0.313586 2.4364e-23)
(0.620486 0.0383404 -2.28541e-21)
(0.630271 0.0573426 5.48971e-21)
(0.676684 0.0817731 -2.65924e-21)
(0.75935 0.0829611 -3.84762e-21)
(0.847224 0.083876 1.54606e-21)
(0.99076 0.0269643 -5.89676e-21)
(1.17515 -0.134862 7.33881e-21)
(1.27424 -0.332957 1.82042e-21)
(1.25933 -0.484025 -5.6317e-21)
(1.1745 -0.535371 2.9969e-21)
(1.0745 -0.546483 -1.70248e-21)
(0.953797 -0.506931 -2.00154e-22)
(0.89258 -0.434145 1.54576e-21)
(0.775381 -0.370054 -1.11545e-22)
(0.67535 -0.343307 -2.2229e-22)
(0.68081 -0.186174 5.14836e-22)
(0.773092 0.0994764 -7.50839e-22)
(0.845328 0.338177 3.67151e-22)
(0.776914 0.655709 -6.92409e-22)
(0.727339 0.617074 6.78282e-22)
(0.796185 0.316118 1.67361e-22)
(0.976928 -0.0381931 -3.78895e-22)
(1.0639 -0.228114 1.4363e-22)
(1.05066 -0.281311 1.18071e-23)
(1.06159 -0.536808 -4.28095e-23)
(1.00019 -0.370503 -1.35368e-22)
(0.983624 -0.244054 5.79894e-23)
(0.950864 -0.0113992 -4.2019e-24)
(0.907358 0.518688 1.11817e-22)
(0.925053 0.313148 -2.53803e-23)
(0.755858 0.0306923 -7.87826e-21)
(0.760509 0.0469435 1.7758e-21)
(0.790959 0.068756 -2.81647e-21)
(0.855939 0.0681479 9.3065e-21)
(0.930284 0.0675836 -4.83582e-21)
(1.06219 0.0162574 5.82436e-21)
(1.22298 -0.132172 3.53043e-21)
(1.30157 -0.315934 -8.9328e-21)
(1.27968 -0.462612 7.00308e-22)
(1.19191 -0.51664 3.91724e-21)
(1.09275 -0.530695 -1.42324e-21)
(0.969516 -0.498198 -2.65154e-21)
(0.905772 -0.428001 3.58792e-23)
(0.795881 -0.360051 1.33685e-21)
(0.691946 -0.34184 7.51385e-24)
(0.688856 -0.203711 5.38797e-23)
(0.775177 0.0758682 -4.72167e-23)
(0.84409 0.322235 -1.73834e-22)
(0.777221 0.653353 -2.99973e-22)
(0.730885 0.624096 6.42492e-22)
(0.806947 0.317627 -5.23361e-22)
(0.987851 -0.0408918 -1.48643e-22)
(1.07251 -0.228059 1.96515e-22)
(1.0572 -0.278117 1.79313e-22)
(1.06515 -0.533439 -2.04747e-22)
(1.00282 -0.369734 1.95758e-22)
(0.985075 -0.244076 3.6827e-23)
(0.949089 -0.0115735 -6.64986e-23)
(0.90177 0.518389 -2.37393e-23)
(0.922782 0.312627 1.16844e-23)
(0.94894 0.0368451 0)
(0.916892 0.0454995 0)
(0.925597 0.0560377 0)
(0.971058 0.0483334 0)
(1.03156 0.0399521 0)
(1.14383 -0.00927031 0)
(1.2721 -0.141528 0)
(1.3289 -0.296702 0)
(1.30143 -0.428583 0)
(1.21136 -0.481856 0)
(1.11383 -0.499968 0)
(0.988475 -0.477741 0)
(0.920945 -0.414169 0)
(0.819728 -0.344266 0)
(0.712226 -0.335237 0)
(0.697455 -0.217856 0)
(0.777438 0.0555634 0)
(0.841107 0.314393 0)
(0.775433 0.655095 0)
(0.736702 0.623229 0)
(0.824613 0.308547 0)
(1.00239 -0.0487382 0)
(1.08293 -0.228168 0)
(1.06521 -0.273848 0)
(1.06951 -0.528798 0)
(1.00597 -0.368182 0)
(0.986536 -0.243511 0)
(0.946526 -0.0093059 0)
(0.894973 0.519152 0)
(0.920162 0.311687 0)
(1.10912 0.0556309 0)
(1.08009 0.054535 0)
(1.07865 0.0516414 0)
(1.10688 0.0347138 0)
(1.15226 0.0157742 0)
(1.23896 -0.0412719 0)
(1.33251 -0.164599 0)
(1.36126 -0.303323 0)
(1.31733 -0.419563 0)
(1.21724 -0.46361 0)
(1.11917 -0.476537 0)
(0.996787 -0.455741 0)
(0.926947 -0.395229 0)
(0.835817 -0.323165 0)
(0.733919 -0.320836 0)
(0.709129 -0.220432 0)
(0.778164 0.0464575 0)
(0.836338 0.31341 0)
(0.773834 0.66087 0)
(0.746662 0.619409 0)
(0.848525 0.289973 0)
(1.02249 -0.0669621 0)
(1.09672 -0.233154 0)
(1.07503 -0.274049 0)
(1.07413 -0.525466 0)
(1.00832 -0.363224 0)
(0.987473 -0.239839 0)
(0.942771 -0.00391719 0)
(0.886676 0.521077 0)
(0.917211 0.309971 0)
(1.21973 0.0663812 0)
(1.20122 0.0605925 0)
(1.20059 0.0495643 0)
(1.22032 0.0253067 0)
(1.25445 -0.00258905 0)
(1.31754 -0.0635358 0)
(1.37965 -0.177174 0)
(1.38196 -0.297828 0)
(1.32561 -0.398694 0)
(1.22112 -0.437329 0)
(1.12555 -0.449765 0)
(1.00702 -0.433692 0)
(0.934062 -0.378384 0)
(0.850964 -0.304228 0)
(0.756163 -0.307346 0)
(0.7217 -0.223856 0)
(0.777425 0.0379789 0)
(0.830765 0.314608 0)
(0.772106 0.667582 0)
(0.759909 0.613188 0)
(0.876079 0.268518 0)
(1.04532 -0.0846404 0)
(1.11122 -0.236983 0)
(1.08502 -0.272407 0)
(1.0786 -0.520633 0)
(1.01013 -0.358573 0)
(0.987678 -0.236014 0)
(0.938045 0.00187455 0)
(0.877926 0.523217 0)
(0.914415 0.307713 0)
(1.29 0.0732846 0)
(1.28061 0.0627293 0)
(1.28357 0.0464411 0)
(1.30001 0.0172285 0)
(1.3266 -0.0169491 0)
(1.37019 -0.0788327 0)
(1.40644 -0.18165 0)
(1.38866 -0.286986 0)
(1.32558 -0.37684 0)
(1.22071 -0.412046 0)
(1.12877 -0.424324 0)
(1.01585 -0.411326 0)
(0.940873 -0.36123 0)
(0.86451 -0.28599 0)
(0.778325 -0.293226 0)
(0.734885 -0.225825 0)
(0.775635 0.0297947 0)
(0.824497 0.31513 0)
(0.769839 0.672775 0)
(0.776605 0.60423 0)
(0.907753 0.246426 0)
(1.07013 -0.101394 0)
(1.12597 -0.239799 0)
(1.09495 -0.269904 0)
(1.08269 -0.515243 0)
(1.01129 -0.353502 0)
(0.987062 -0.231738 0)
(0.932112 0.00846556 0)
(0.868647 0.525212 0)
(0.911909 0.304994 0)
(1.32841 0.07711 0)
(1.32591 0.0619278 0)
(1.33168 0.0420889 0)
(1.34645 0.0100556 0)
(1.36767 -0.0279433 0)
(1.39613 -0.0886352 0)
(1.41369 -0.180829 0)
(1.38353 -0.27306 0)
(1.31908 -0.353475 0)
(1.21743 -0.3858 0)
(1.13015 -0.398616 0)
(1.02385 -0.388345 0)
(0.947803 -0.343741 0)
(0.876431 -0.26852 0)
(0.800005 -0.278582 0)
(0.748789 -0.225323 0)
(0.773362 0.0231073 0)
(0.817309 0.314906 0)
(0.766833 0.675511 0)
(0.796935 0.592178 0)
(0.943375 0.223114 0)
(1.09638 -0.117606 0)
(1.14063 -0.241638 0)
(1.10467 -0.266564 0)
(1.08634 -0.508944 0)
(1.01165 -0.347848 0)
(0.985492 -0.226803 0)
(0.924727 0.0158218 0)
(0.858774 0.527008 0)
(0.909837 0.301759 0)
(1.34412 0.0780181 0)
(1.34655 0.0591511 0)
(1.35367 0.0369695 0)
(1.36678 0.00375036 0)
(1.38371 -0.03608 0)
(1.40094 -0.0941981 0)
(1.40637 -0.176339 0)
(1.37027 -0.257155 0)
(1.3081 -0.329669 0)
(1.21212 -0.359648 0)
(1.13 -0.3734 0)
(1.03082 -0.365161 0)
(0.955025 -0.325851 0)
(0.886812 -0.251813 0)
(0.82077 -0.26365 0)
(0.763422 -0.222319 0)
(0.771168 0.0185555 0)
(0.808739 0.314407 0)
(0.763097 0.67547 0)
(0.82124 0.576224 0)
(0.982485 0.198181 0)
(1.12361 -0.132914 0)
(1.15487 -0.242221 0)
(1.11398 -0.262261 0)
(1.08942 -0.501691 0)
(1.01105 -0.34152 0)
(0.982816 -0.221116 0)
(0.915652 0.0240357 0)
(0.848268 0.528564 0)
(0.908345 0.297888 0)
(1.34535 0.0768652 0)
(1.35102 0.0553213 0)
(1.35838 0.0315789 0)
(1.36949 -0.00167971 0)
(1.38276 -0.0418769 0)
(1.39201 -0.0966068 0)
(1.3901 -0.169531 0)
(1.35242 -0.240464 0)
(1.29444 -0.306209 0)
(1.20557 -0.333907 0)
(1.12883 -0.348697 0)
(1.03668 -0.341957 0)
(0.962661 -0.307506 0)
(0.895898 -0.23579 0)
(0.840224 -0.248683 0)
(0.778589 -0.216794 0)
(0.769331 0.0166308 0)
(0.798144 0.313988 0)
(0.758854 0.672096 0)
(0.849966 0.555381 0)
(1.02451 0.171872 0)
(1.15121 -0.146816 0)
(1.16827 -0.241294 0)
(1.12267 -0.25691 0)
(1.09181 -0.493371 0)
(1.00932 -0.334406 0)
(0.978875 -0.214576 0)
(0.904648 0.0331575 0)
(0.837132 0.529719 0)
(0.907596 0.293248 0)
(1.3382 0.0743206 0)
(1.34581 0.0510556 0)
(1.35282 0.0263171 0)
(1.36173 -0.00635942 0)
(1.37183 -0.0457769 0)
(1.3756 -0.0967318 0)
(1.36938 -0.161477 0)
(1.33264 -0.223773 0)
(1.27949 -0.283538 0)
(1.19827 -0.30888 0)
(1.12706 -0.324621 0)
(1.04137 -0.318979 0)
(0.9707 -0.288728 0)
(0.904107 -0.220312 0)
(0.858022 -0.233862 0)
(0.793947 -0.208725 0)
(0.767729 0.017893 0)
(0.784826 0.31385 0)
(0.754628 0.664298 0)
(0.883542 0.528923 0)
(1.06866 0.144569 0)
(1.17844 -0.158829 0)
(1.18034 -0.238623 0)
(1.13053 -0.25045 0)
(1.09341 -0.483881 0)
(1.00626 -0.326371 0)
(0.973508 -0.207062 0)
(0.891499 0.0432094 0)
(0.825435 0.530211 0)
(0.907782 0.287694 0)
(1.32677 0.0707901 0)
(1.33539 0.046691 0)
(1.34179 0.0214329 0)
(1.34854 -0.0103326 0)
(1.3559 -0.0481526 0)
(1.35597 -0.0952404 0)
(1.34714 -0.152843 0)
(1.3126 -0.207503 0)
(1.26419 -0.261867 0)
(1.19053 -0.284765 0)
(1.12501 -0.301188 0)
(1.04488 -0.296397 0)
(0.978937 -0.26961 0)
(0.912027 -0.205188 0)
(0.873878 -0.219274 0)
(0.8091 -0.198093 0)
(0.765958 0.0229868 0)
(0.768332 0.314026 0)
(0.751465 0.650617 0)
(0.922266 0.496315 0)
(1.11387 0.116836 0)
(1.2044 -0.168428 0)
(1.19054 -0.234002 0)
(1.13731 -0.242852 0)
(1.09409 -0.473114 0)
(1.00167 -0.317262 0)
(0.966571 -0.198442 0)
(0.876033 0.0541939 0)
(0.813313 0.529715 0)
(0.909127 0.281069 0)
(1.31347 0.066641 0)
(1.32247 0.0424194 0)
(1.32818 0.0170779 0)
(1.33298 -0.013501 0)
(1.33795 -0.0493288 0)
(1.33554 -0.092583 0)
(1.32506 -0.143975 0)
(1.29317 -0.191845 0)
(1.24916 -0.241243 0)
(1.18251 -0.261692 0)
(1.12287 -0.278399 0)
(1.04743 -0.274318 0)
(0.986951 -0.250347 0)
(0.920356 -0.190211 0)
(0.887618 -0.20487 0)
(0.823637 -0.18488 0)
(0.763702 0.0325793 0)
(0.748949 0.314352 0)
(0.751222 0.629434 0)
(0.966295 0.457177 0)
(1.1588 0.0893307 0)
(1.22803 -0.175085 0)
(1.1983 -0.227283 0)
(1.14278 -0.234129 0)
(1.09378 -0.460957 0)
(0.99535 -0.306902 0)
(0.957954 -0.188574 0)
(0.858155 0.066088 0)
(0.801003 0.527843 0)
(0.911893 0.273197 0)
(1.29951 0.0621457 0)
(1.30846 0.0383287 0)
(1.31349 0.0133075 0)
(1.31667 -0.0158914 0)
(1.31955 -0.049556 0)
(1.31548 -0.0890517 0)
(1.30392 -0.135032 0)
(1.27468 -0.176862 0)
(1.23472 -0.221628 0)
(1.17433 -0.239736 0)
(1.12062 -0.256277 0)
(1.04937 -0.25276 0)
(0.994196 -0.231229 0)
(0.929711 -0.175206 0)
(0.899338 -0.190447 0)
(0.83708 -0.169073 0)
(0.761331 0.0471952 0)
(0.728799 0.314372 0)
(0.757247 0.599009 0)
(1.0157 0.411528 0)
(1.2018 0.0628568 0)
(1.24818 -0.178293 0)
(1.20307 -0.218407 0)
(1.14673 -0.224351 0)
(1.09243 -0.447284 0)
(0.98713 -0.295103 0)
(0.947604 -0.177315 0)
(0.837878 0.0788308 0)
(0.788897 0.524139 0)
(0.916375 0.263893 0)
(1.28533 0.057464 0)
(1.29399 0.0344439 0)
(1.29839 0.0100996 0)
(1.30028 -0.0175684 0)
(1.3014 -0.04901 0)
(1.2962 -0.0848555 0)
(1.28402 -0.126079 0)
(1.2572 -0.16256 0)
(1.22101 -0.20296 0)
(1.16615 -0.218913 0)
(1.11811 -0.234894 0)
(1.05117 -0.231668 0)
(1.00024 -0.212575 0)
(0.940302 -0.160125 0)
(0.909635 -0.175617 0)
(0.848818 -0.150742 0)
(0.760649 0.0667411 0)
(0.714262 0.312921 0)
(0.776093 0.557682 0)
(1.07041 0.360196 0)
(1.24079 0.0387371 0)
(1.26363 -0.177577 0)
(1.20435 -0.207433 0)
(1.149 -0.213649 0)
(1.09003 -0.431956 0)
(0.976859 -0.281663 0)
(0.935555 -0.164525 0)
(0.815381 0.092304 0)
(0.777613 0.518056 0)
(0.922901 0.25297 0)
(1.27113 0.0527157 0)
(1.27933 0.0307752 0)
(1.28316 0.00740417 0)
(1.28408 -0.0186034 0)
(1.28375 -0.047818 0)
(1.27779 -0.0801618 0)
(1.26539 -0.117152 0)
(1.24069 -0.148917 0)
(1.20803 -0.185191 0)
(1.15814 -0.199184 0)
(1.11521 -0.214367 0)
(1.05313 -0.210976 0)
(1.00511 -0.194623 0)
(0.951616 -0.145146 0)
(0.919691 -0.159796 0)
(0.858313 -0.130398 0)
(0.765164 0.0894977 0)
(0.717556 0.307706 0)
(0.81738 0.504919 0)
(1.12911 0.305672 0)
(1.27306 0.0184592 0)
(1.27317 -0.172638 0)
(1.20183 -0.194574 0)
(1.14947 -0.202218 0)
(1.08664 -0.414823 0)
(0.964465 -0.266378 0)
(0.921964 -0.150087 0)
(0.791083 0.106303 0)
(0.768056 0.508964 0)
(0.931809 0.24026 0)
(1.25698 0.0479982 0)
(1.26464 0.0273326 0)
(1.26793 0.00517088 0)
(1.26813 -0.0190761 0)
(1.2667 -0.0460835 0)
(1.26024 -0.0751134 0)
(1.24795 -0.108284 0)
(1.2251 -0.135903 0)
(1.19573 -0.168304 0)
(1.15044 -0.18048 0)
(1.1119 -0.194804 0)
(1.0552 -0.190705 0)
(1.0094 -0.177433 0)
(0.962547 -0.130633 0)
(0.930761 -0.142465 0)
(0.86582 -0.109004 0)
(0.7788 0.11141 0)
(0.750809 0.295719 0)
(0.885872 0.443044 0)
(1.18661 0.252342 0)
(1.29508 0.00376545 0)
(1.2759 -0.163506 0)
(1.19546 -0.180225 0)
(1.1481 -0.190306 0)
(1.08238 -0.395737 0)
(0.949994 -0.249046 0)
(0.907158 -0.133932 0)
(0.765754 0.120506 0)
(0.761439 0.496179 0)
(0.943419 0.225641 0)
(1.24296 0.0433853 0)
(1.25003 0.0241239 0)
(1.25282 0.00335153 0)
(1.25252 -0.0190732 0)
(1.25027 -0.0439006 0)
(1.24352 -0.0698324 0)
(1.2316 -0.099516 0)
(1.21043 -0.12349 0)
(1.18408 -0.152294 0)
(1.14309 -0.162746 0)
(1.10837 -0.176245 0)
(1.05705 -0.171021 0)
(1.01396 -0.160876 0)
(0.972052 -0.116949 0)
(0.943316 -0.123616 0)
(0.873352 -0.0876068 0)
(0.803138 0.12706 0)
(0.8132 0.274496 0)
(0.97029 0.377464 0)
(1.23306 0.204969 0)
(1.3034 -0.00443055 0)
(1.2715 -0.150771 0)
(1.18558 -0.164948 0)
(1.14491 -0.178184 0)
(1.07741 -0.374555 0)
(0.933684 -0.22949 0)
(0.891686 -0.116068 0)
(0.740653 0.134433 0)
(0.759271 0.479013 0)
(0.957999 0.209054 0)
(1.22916 0.0389359 0)
(1.23561 0.0211554 0)
(1.23794 0.00188702 0)
(1.23729 -0.0186811 0)
(1.23449 -0.0413576 0)
(1.22763 -0.0644216 0)
(1.21625 -0.0908955 0)
(1.19666 -0.11166 0)
(1.17308 -0.137152 0)
(1.13606 -0.145966 0)
(1.10487 -0.15865 0)
(1.0584 -0.152191 0)
(1.01927 -0.144781 0)
(0.979934 -0.104238 0)
(0.956611 -0.103955 0)
(0.884238 -0.0675072 0)
(0.835938 0.132285 0)
(0.88696 0.243934 0)
(1.04585 0.314377 0)
(1.25836 0.166455 0)
(1.29665 -0.00692922 0)
(1.26086 -0.135607 0)
(1.17298 -0.149373 0)
(1.13998 -0.166098 0)
(1.07193 -0.351164 0)
(0.916058 -0.207594 0)
(0.876381 -0.0965716 0)
(0.717711 0.147428 0)
(0.763327 0.456868 0)
(0.975726 0.190546 0)
(1.21567 0.0346974 0)
(1.22151 0.0184316 0)
(1.2234 0.000737279 0)
(1.22254 -0.0179753 0)
(1.21937 -0.0385385 0)
(1.21258 -0.058967 0)
(1.20184 -0.0824692 0)
(1.18376 -0.100408 0)
(1.16272 -0.122854 0)
(1.12934 -0.130155 0)
(1.10155 -0.141958 0)
(1.05922 -0.134455 0)
(1.02517 -0.129114 0)
(0.986888 -0.0923448 0)
(0.96935 -0.0848312 0)
(0.90065 -0.0498795 0)
(0.872432 0.126904 0)
(0.950662 0.207562 0)
(1.09303 0.258379 0)
(1.25985 0.136636 0)
(1.27723 -0.00562775 0)
(1.24585 -0.119474 0)
(1.15873 -0.134051 0)
(1.13342 -0.154219 0)
(1.06609 -0.32552 0)
(0.898049 -0.183346 0)
(0.862462 -0.0757025 0)
(0.699691 0.158613 0)
(0.775564 0.429331 0)
(0.996634 0.170328 0)
(1.20259 0.0307039 0)
(1.20782 0.0159521 0)
(1.20933 -0.00013946 0)
(1.20836 -0.017024 0)
(1.20497 -0.0355233 0)
(1.1984 -0.0535408 0)
(1.18834 -0.0742817 0)
(1.17174 -0.0897395 0)
(1.153 -0.109378 0)
(1.12296 -0.115329 0)
(1.09843 -0.126136 0)
(1.05976 -0.117945 0)
(1.03108 -0.114009 0)
(0.993766 -0.0810412 0)
(0.980875 -0.0676684 0)
(0.921663 -0.0352156 0)
(0.907781 0.114441 0)
(0.994296 0.170708 0)
(1.11054 0.211205 0)
(1.24409 0.11315 0)
(1.25028 -0.00279057 0)
(1.22854 -0.103655 0)
(1.144 -0.11933 0)
(1.12539 -0.14263 0)
(1.05992 -0.297724 0)
(0.881095 -0.156864 0)
(0.851615 -0.0541467 0)
(0.690239 0.166875 0)
(0.797866 0.396329 0)
(1.02052 0.148835 0)
(1.19 0.026977 0)
(1.19465 0.0137144 0)
(1.19581 -0.000778685 0)
(1.19481 -0.015885 0)
(1.19133 -0.0323835 0)
(1.18509 -0.0482019 0)
(1.17572 -0.0663747 0)
(1.1606 -0.0796581 0)
(1.1439 -0.0967064 0)
(1.117 -0.101486 0)
(1.09544 -0.111203 0)
(1.0603 -0.102687 0)
(1.03652 -0.0996842 0)
(1.00097 -0.0702373 0)
(0.991374 -0.053303 0)
(0.944134 -0.0236574 0)
(0.939062 0.0990277 0)
(1.02033 0.137223 0)
(1.10958 0.172198 0)
(1.22083 0.0934746 0)
(1.22091 -1.03944e-05 0)
(1.21039 -0.088987 0)
(1.12978 -0.105332 0)
(1.11624 -0.131336 0)
(1.05327 -0.268077 0)
(0.867196 -0.128608 0)
(0.846041 -0.0328232 0)
(0.693502 0.171081 0)
(0.831456 0.358337 0)
(1.04683 0.126769 0)
(1.17798 0.0235276 0)
(1.18209 0.011712 0)
(1.18294 -0.00120281 0)
(1.18197 -0.014608 0)
(1.17849 -0.0291838 0)
(1.17267 -0.0429974 0)
(1.16397 -0.0587881 0)
(1.15033 -0.0701621 0)
(1.13539 -0.0848331 0)
(1.11152 -0.0886068 0)
(1.09253 -0.0972027 0)
(1.06098 -0.0886556 0)
(1.04127 -0.0863241 0)
(1.0084 -0.0600222 0)
(1.00122 -0.041839 0)
(0.965115 -0.0150527 0)
(0.965499 0.0833631 0)
(1.03541 0.108624 0)
(1.10151 0.13991 0)
(1.19687 0.0761992 0)
(1.1926 0.00191503 0)
(1.19212 -0.0758888 0)
(1.11671 -0.0920589 0)
(1.10663 -0.120209 0)
(1.04568 -0.237188 0)
(0.858878 -0.0994649 0)
(0.848452 -0.013062 0)
(0.713299 0.170178 0)
(0.876207 0.31654 0)
(1.07448 0.105084 0)
(1.16661 0.0203565 0)
(1.17022 0.00993072 0)
(1.17081 -0.0014531 0)
(1.16991 -0.0132378 0)
(1.16649 -0.0259814 0)
(1.16117 -0.0379636 0)
(1.15308 -0.0515576 0)
(1.14094 -0.0612445 0)
(1.12748 -0.0737542 0)
(1.10654 -0.0766674 0)
(1.0897 -0.0841677 0)
(1.06179 -0.0758204 0)
(1.04535 -0.0740232 0)
(1.01571 -0.0505821 0)
(1.01056 -0.0329002 0)
(0.983149 -0.00891624 0)
(0.987326 0.0687414 0)
(1.04445 0.0849912 0)
(1.09258 0.11304 0)
(1.17491 0.0609096 0)
(1.16715 0.00290693 0)
(1.17409 -0.0644578 0)
(1.10493 -0.079547 0)
(1.09751 -0.108917 0)
(1.03659 -0.205846 0)
(0.858722 -0.0711053 0)
(0.861257 0.00334534 0)
(0.751857 0.163429 0)
(0.930031 0.272908 0)
(1.10172 0.0849297 0)
(1.15596 0.0174546 0)
(1.15912 0.00835348 0)
(1.15949 -0.00156025 0)
(1.15869 -0.0118105 0)
(1.15537 -0.0228237 0)
(1.1506 -0.0331276 0)
(1.14307 -0.0447105 0)
(1.1324 -0.0528953 0)
(1.12019 -0.0634584 0)
(1.10205 -0.0656419 0)
(1.087 -0.0721037 0)
(1.06267 -0.0641564 0)
(1.04883 -0.0627972 0)
(1.02259 -0.0420683 0)
(1.01923 -0.0259664 0)
(0.998046 -0.00475438 0)
(1.00494 0.0556518 0)
(1.04999 0.065809 0)
(1.085 0.0906129 0)
(1.15533 0.0475483 0)
(1.14526 0.00335854 0)
(1.15673 -0.0545609 0)
(1.09418 -0.0679509 0)
(1.08974 -0.0970767 0)
(1.02595 -0.17485 0)
(0.868188 -0.0457712 0)
(0.884499 0.0149998 0)
(0.806865 0.150919 0)
(0.987586 0.230035 0)
(1.12583 0.0674842 0)
(1.14611 0.0148055 0)
(1.14887 0.00696121 0)
(1.14906 -0.00155324 0)
(1.14838 -0.0103565 0)
(1.14519 -0.0197482 0)
(1.14098 -0.0285087 0)
(1.13396 -0.0382618 0)
(1.12471 -0.0451011 0)
(1.11355 -0.0539222 0)
(1.09801 -0.0555013 0)
(1.08447 -0.0609887 0)
(1.06352 -0.0536284 0)
(1.05177 -0.052613 0)
(1.02886 -0.034543 0)
(1.02699 -0.020552 0)
(1.01017 -0.00214496 0)
(1.01878 0.0442354 0)
(1.05327 0.0503951 0)
(1.07911 0.0718738 0)
(1.13796 0.0361602 0)
(1.12687 0.00348363 0)
(1.14057 -0.0459044 0)
(1.08415 -0.0574607 0)
(1.08353 -0.0844986 0)
(1.01497 -0.145137 0)
(0.886305 -0.0255672 0)
(0.913929 0.0212019 0)
(0.868575 0.133688 0)
(1.03952 0.190405 0)
(1.14336 0.0535374 0)
(1.13714 0.0123856 0)
(1.13954 0.00573174 0)
(1.13959 -0.00145963 0)
(1.13905 -0.00890022 0)
(1.13599 -0.0167825 0)
(1.13234 -0.024118 0)
(1.12578 -0.0322136 0)
(1.11784 -0.0378427 0)
(1.10759 -0.0451099 0)
(1.09441 -0.0462045 0)
(1.08215 -0.0507806 0)
(1.06429 -0.044175 0)
(1.0542 -0.0434087 0)
(1.03444 -0.0279816 0)
(1.03361 -0.0162568 0)
(1.01997 -0.000674226 0)
(1.02934 0.0344938 0)
(1.05506 0.0380641 0)
(1.07463 0.0562579 0)
(1.12271 0.0267041 0)
(1.11159 0.00331131 0)
(1.12613 -0.0381736 0)
(1.07484 -0.0481151 0)
(1.0783 -0.0713896 0)
(1.00574 -0.117634 0)
(0.909555 -0.0116108 0)
(0.942728 0.0223156 0)
(0.923246 0.113509 0)
(1.07617 0.155395 0)
(1.1518 0.0430251 0)
(1.12911 0.0101686 0)
(1.1312 0.00464282 0)
(1.13115 -0.00130307 0)
(1.13074 -0.0074594 0)
(1.12784 -0.0139412 0)
(1.1247 -0.0199567 0)
(1.11857 -0.0265524 0)
(1.1118 -0.0310899 0)
(1.10236 -0.0369704 0)
(1.09123 -0.0376915 0)
(1.08008 -0.0414191 0)
(1.06496 -0.035702 0)
(1.05613 -0.0351039 0)
(1.03928 -0.022292 0)
(1.03902 -0.0127718 0)
(1.0278 5.50301e-05 0)
(1.03716 0.0263287 0)
(1.05592 0.028231 0)
(1.07112 0.0432736 0)
(1.10967 0.0190969 0)
(1.09892 0.00293602 0)
(1.11366 -0.0311312 0)
(1.06653 -0.0397325 0)
(1.07335 -0.0582917 0)
(0.999907 -0.0929413 0)
(0.933488 -0.00335626 0)
(0.965776 0.0200961 0)
(0.962104 0.0925316 0)
(1.09416 0.12498 0)
(1.1516 0.0350531 0)
(1.12211 0.0081194 0)
(1.12396 0.00366657 0)
(1.12382 -0.00110617 0)
(1.12354 -0.00604833 0)
(1.12079 -0.0112286 0)
(1.11811 -0.0160167 0)
(1.11238 -0.0212487 0)
(1.10659 -0.0247998 0)
(1.09788 -0.0294362 0)
(1.08846 -0.029882 0)
(1.07829 -0.0328236 0)
(1.06548 -0.0280862 0)
(1.05763 -0.0276022 0)
(1.04334 -0.0173409 0)
(1.04328 -0.00986248 0)
(1.03397 0.000317902 0)
(1.04274 0.0195721 0)
(1.05626 0.0204154 0)
(1.06822 0.0324721 0)
(1.09892 0.0131726 0)
(1.08852 0.00240905 0)
(1.1032 -0.0246447 0)
(1.05951 -0.0320376 0)
(1.06844 -0.0457676 0)
(0.997691 -0.0712333 0)
(0.954557 0.000618917 0)
(0.981912 0.0165408 0)
(0.985598 0.0724841 0)
(1.09799 0.0982234 0)
(1.14592 0.0284394 0)
(1.11625 0.00620969 0)
(1.11788 0.00278254 0)
(1.11769 -0.000880592 0)
(1.11752 -0.00466995 0)
(1.11493 -0.00863244 0)
(1.11261 -0.012274 0)
(1.10726 -0.0162528 0)
(1.10225 -0.0189102 0)
(1.09421 -0.0224178 0)
(1.08611 -0.022671 0)
(1.0768 -0.024888 0)
(1.06585 -0.0211801 0)
(1.05874 -0.0207851 0)
(1.0466 -0.012975 0)
(1.04648 -0.00735118 0)
(1.03871 0.000310337 0)
(1.04654 0.0140015 0)
(1.05638 0.0142088 0)
(1.06573 0.0234449 0)
(1.09045 0.00868393 0)
(1.08017 0.00180488 0)
(1.09468 -0.0186445 0)
(1.05392 -0.0247585 0)
(1.06377 -0.0341872 0)
(0.998132 -0.0523029 0)
(0.971001 0.00196861 0)
(0.992618 0.0128112 0)
(0.999103 0.0541533 0)
(1.0949 0.0740758 0)
(1.13832 0.0222835 0)
(1.11162 0.00439263 0)
(1.11309 0.00195738 0)
(1.11287 -0.000641264 0)
(1.11277 -0.00332498 0)
(1.11034 -0.00613096 0)
(1.10829 -0.00869148 0)
(1.10327 -0.0114972 0)
(1.09883 -0.0133384 0)
(1.09136 -0.0158019 0)
(1.08424 -0.0159287 0)
(1.07565 -0.0174759 0)
(1.06609 -0.0148159 0)
(1.05954 -0.0145107 0)
(1.04905 -0.00903446 0)
(1.04876 -0.00510388 0)
(1.04218 0.000206262 0)
(1.04897 0.00936102 0)
(1.05642 0.00925405 0)
(1.06367 0.0157916 0)
(1.08416 0.00535727 0)
(1.0738 0.00120814 0)
(1.08812 -0.0130548 0)
(1.04977 -0.0176891 0)
(1.05973 -0.0236199 0)
(0.999938 -0.0356917 0)
(0.982606 0.0019717 0)
(0.999673 0.00919445 0)
(1.00726 0.0375269 0)
(1.09015 0.0517813 0)
(1.13124 0.0161391 0)
(1.10836 0.00263179 0)
(1.10972 0.00116748 0)
(1.10949 -0.000394816 0)
(1.10944 -0.00200271 0)
(1.10712 -0.0036868 0)
(1.10526 -0.00521123 0)
(1.10049 -0.00689049 0)
(1.09643 -0.0079733 0)
(1.08938 -0.00944374 0)
(1.0829 -0.00949481 0)
(1.07485 -0.0104121 0)
(1.06621 -0.00880497 0)
(1.06006 -0.00860671 0)
(1.0507 -0.0053559 0)
(1.05023 -0.00301877 0)
(1.04449 0.000102634 0)
(1.05037 0.00537666 0)
(1.05644 0.00520395 0)
(1.06213 0.00911212 0)
(1.07995 0.00287052 0)
(1.06943 0.00066964 0)
(1.08355 -0.00775931 0)
(1.04701 -0.0106828 0)
(1.05672 -0.0138723 0)
(1.00191 -0.0207901 0)
(0.989915 0.00134053 0)
(1.00414 0.00558907 0)
(1.01229 0.0221378 0)
(1.08623 0.0307319 0)
(1.12592 0.0098432 0)
(1.10661 0.000894633 0)
(1.10792 0.000401158 0)
(1.10769 -0.000125761 0)
(1.10766 -0.000665126 0)
(1.10542 -0.00123085 0)
(1.10364 -0.00173936 0)
(1.09903 -0.0023022 0)
(1.09515 -0.00266042 0)
(1.08834 -0.00315232 0)
(1.08218 -0.00316452 0)
(1.07443 -0.00346985 0)
(1.06626 -0.00293008 0)
(1.06032 -0.00286055 0)
(1.05156 -0.00177993 0)
(1.05096 -0.00100129 0)
(1.04567 3.04163e-05 0)
(1.05102 0.00175694 0)
(1.05645 0.00167975 0)
(1.06128 0.00298101 0)
(1.07779 0.000897701 0)
(1.06715 0.000207968 0)
(1.08114 -0.00258301 0)
(1.0456 -0.00359004 0)
(1.05508 -0.00458182 0)
(1.00317 -0.00683663 0)
(0.993492 0.000467831 0)
(1.00639 0.00188376 0)
(1.01482 0.00733546 0)
(1.08407 0.0102166 0)
(1.12304 0.00332184 0)
(1.33965 0.173816 -3.16763e-21)
(1.34163 0.164242 7.24152e-21)
(1.34143 0.154495 1.2461e-20)
(1.33829 0.144482 -3.91147e-22)
(1.33117 0.134085 6.69923e-21)
(1.31876 0.123211 6.86717e-21)
(1.29937 0.111696 -2.94521e-21)
(1.27093 0.0997325 1.16875e-21)
(1.23215 0.0868258 -3.79048e-21)
(1.17745 0.0748048 1.62112e-20)
(1.11938 0.0607436 -4.20828e-21)
(1.00756 0.0536317 5.42253e-21)
(1.33137 0.170654 6.23376e-21)
(1.33557 0.162373 1.93999e-21)
(1.33851 0.154059 -8.21057e-21)
(1.33977 0.145691 1.37305e-20)
(1.33883 0.137166 -1.48089e-20)
(1.33473 0.128511 -5.03488e-21)
(1.32689 0.119398 3.77406e-21)
(1.31253 0.110214 -2.57209e-21)
(1.29404 0.0998895 -2.1927e-20)
(1.25838 0.0899183 -2.05738e-20)
(1.23134 0.0782561 7.12452e-21)
(1.14301 0.0649613 -7.37008e-21)
(1.32069 0.166407 8.66946e-22)
(1.32627 0.159264 -9.45122e-21)
(1.33119 0.152157 5.58364e-22)
(1.33517 0.145114 -1.78793e-20)
(1.33814 0.138019 -1.13526e-20)
(1.33908 0.130948 -6.36159e-21)
(1.33867 0.123524 -5.44879e-22)
(1.33269 0.115963 -5.52401e-21)
(1.32714 0.10761 1.74952e-20)
(1.30436 0.0982614 4.32739e-21)
(1.29549 0.0895745 -1.07317e-20)
(1.23602 0.0746304 -3.81793e-21)
(1.30879 0.161178 -7.9543e-21)
(1.31506 0.154924 5.61319e-21)
(1.32103 0.148704 -1.1914e-20)
(1.32641 0.142539 5.52659e-21)
(1.33146 0.136336 1.87611e-20)
(1.3349 0.130116 5.75113e-21)
(1.33839 0.123728 7.69555e-21)
(1.33708 0.117015 -1.92767e-21)
(1.33866 0.110383 -6.54728e-22)
(1.32649 0.102091 -7.3206e-21)
(1.32765 0.0962356 1.49734e-20)
(1.29423 0.0836571 -7.85005e-21)
(1.29651 0.154986 3.08454e-21)
(1.3029 0.149388 4.75316e-22)
(1.3092 0.143814 1.34331e-20)
(1.31507 0.138266 1.26437e-20)
(1.32098 0.132735 -1.11271e-20)
(1.32567 0.127162 5.04492e-21)
(1.33114 0.121707 -3.28782e-21)
(1.33315 0.11589 2.54471e-21)
(1.33848 0.110757 -4.72068e-21)
(1.33461 0.103956 4.63956e-21)
(1.33999 0.0995763 -1.08321e-20)
(1.32491 0.0901004 1.33071e-20)
(1.28449 0.148167 2.08647e-22)
(1.2907 0.1431 1.26977e-21)
(1.29693 0.138074 5.92082e-21)
(1.30288 0.133074 -5.75042e-22)
(1.30908 0.128169 -6.61985e-21)
(1.31452 0.12323 -9.26412e-21)
(1.32085 0.118549 2.62579e-21)
(1.32501 0.11352 2.24422e-22)
(1.33155 0.109172 8.99099e-21)
(1.33272 0.103541 2.50141e-21)
(1.33906 0.0995444 9.99911e-21)
(1.33536 0.0926637 5.35006e-22)
(1.27303 0.141021 7.13882e-22)
(1.27898 0.136425 -4.22143e-21)
(1.285 0.131879 -8.15479e-21)
(1.29087 0.127356 -5.89442e-21)
(1.29699 0.122939 1.51357e-20)
(1.30268 0.11848 -5.86748e-21)
(1.30897 0.114236 -1.32538e-20)
(1.31408 0.109725 -9.51742e-21)
(1.3205 0.105686 4.05081e-21)
(1.32441 0.100961 2.02726e-21)
(1.33083 0.0971259 -8.17135e-21)
(1.33349 0.0921585 -7.00034e-21)
(1.26209 0.133657 -2.8404e-21)
(1.26778 0.129468 2.89523e-21)
(1.27351 0.125314 1.26097e-21)
(1.27917 0.121167 -1.06119e-21)
(1.28497 0.117092 1.61497e-21)
(1.29055 0.112984 4.8681e-21)
(1.29647 0.109023 1.64115e-20)
(1.30191 0.104948 1.45834e-20)
(1.308 0.101157 -9.19339e-21)
(1.31328 0.097153 6.63633e-21)
(1.31948 0.0934568 1.1232e-21)
(1.32505 0.0896612 7.89663e-21)
(1.25152 0.12611 -8.42782e-22)
(1.25692 0.12227 3.4478e-23)
(1.26234 0.118448 -1.08518e-21)
(1.26773 0.114626 -9.77382e-22)
(1.2732 0.110849 -4.17701e-21)
(1.2786 0.10707 4.8241e-21)
(1.28418 0.103384 -1.13856e-20)
(1.28966 0.0996888 -6.4347e-21)
(1.29538 0.0961127 3.51882e-21)
(1.30102 0.0925608 -8.35407e-21)
(1.30681 0.0889621 -7.90926e-21)
(1.31335 0.0857915 -1.1136e-20)
(1.24122 0.118453 2.18765e-21)
(1.24633 0.114927 -5.10927e-22)
(1.25145 0.111407 5.79858e-22)
(1.25658 0.107888 5.5974e-22)
(1.26175 0.104393 -4.81726e-21)
(1.26693 0.100909 -7.69709e-21)
(1.27218 0.0974645 4.9695e-21)
(1.27747 0.0940463 1.29282e-21)
(1.28279 0.0906427 -4.1784e-21)
(1.28833 0.0873695 8.45516e-21)
(1.29373 0.0838979 3.92114e-21)
(1.30035 0.0810696 -2.36533e-21)
(1.23114 0.110762 9.96806e-22)
(1.23596 0.107519 1.65245e-22)
(1.24079 0.104271 -1.31851e-21)
(1.24563 0.101021 -2.03135e-21)
(1.2505 0.0977754 -1.57955e-21)
(1.2554 0.094537 7.30316e-22)
(1.26033 0.0913054 3.59176e-21)
(1.26534 0.0881114 -2.46217e-21)
(1.27033 0.0848906 -2.28806e-21)
(1.27562 0.0818327 -7.92783e-21)
(1.2807 0.0785227 2.11896e-21)
(1.28704 0.0758909 8.73698e-21)
(1.22125 0.103097 -7.52239e-23)
(1.22576 0.100103 5.24957e-22)
(1.23029 0.0970985 -1.45679e-22)
(1.23483 0.0940848 1.37329e-21)
(1.2394 0.0910644 3.76641e-21)
(1.244 0.0880469 4.17904e-21)
(1.24862 0.0850224 -5.92004e-21)
(1.25334 0.0820333 7.04532e-22)
(1.25803 0.0789999 3.26675e-21)
(1.263 0.0761169 7.55831e-21)
(1.26775 0.0729711 -1.26503e-21)
(1.27369 0.070463 2.03653e-21)
(1.21154 0.0955161 6.69746e-22)
(1.21574 0.0927477 6.51759e-22)
(1.21995 0.0899626 9.00835e-22)
(1.22419 0.0871643 -1.05415e-21)
(1.22844 0.0843531 -2.53515e-21)
(1.23274 0.081539 2.00885e-21)
(1.23706 0.0787093 3.43998e-23)
(1.24146 0.0759035 5.94826e-21)
(1.24583 0.0730458 9.43889e-22)
(1.25045 0.0703134 -3.26173e-21)
(1.25487 0.0673324 6.52066e-22)
(1.26039 0.0649233 -1.06847e-21)
(1.202 0.08807 -1.18362e-21)
(1.20589 0.0855078 -6.28704e-22)
(1.20979 0.0829253 -8.44608e-22)
(1.21371 0.0803256 4.83736e-22)
(1.21765 0.0777077 2.17221e-21)
(1.22164 0.0750802 -9.20329e-22)
(1.22563 0.0724314 -5.22281e-22)
(1.2297 0.069795 -3.84465e-21)
(1.23374 0.0671063 -6.32233e-22)
(1.23802 0.0645176 3.1648e-21)
(1.2421 0.0617029 -3.95535e-22)
(1.24718 0.0593861 -3.48071e-21)
(1.19265 0.0808067 -1.2759e-21)
(1.19622 0.0784355 7.34193e-22)
(1.19981 0.0760412 1.1934e-21)
(1.20342 0.0736259 4.10905e-22)
(1.20705 0.0711888 -1.29977e-22)
(1.21071 0.0687368 -7.73723e-22)
(1.21438 0.0662603 1.87153e-21)
(1.21812 0.0637866 -1.12916e-21)
(1.22183 0.0612622 1.76962e-21)
(1.22575 0.0588138 -1.07216e-21)
(1.22948 0.0561636 1.93578e-21)
(1.23412 0.0539379 1.75402e-21)
(1.18677 0.0715729 -2.77577e-22)
(1.19005 0.0693554 -1.64989e-23)
(1.19335 0.0671146 -2.34003e-22)
(1.19666 0.0648497 7.02223e-22)
(1.2 0.0625657 8.42296e-22)
(1.20334 0.0602553 -8.1295e-22)
(1.20675 0.0579395 1.34336e-21)
(1.21013 0.0555753 -5.85828e-22)
(1.21368 0.0532657 -2.82254e-22)
(1.21707 0.0507792 -3.08525e-21)
(1.22127 0.048648 -3.80802e-22)
(1.17754 0.0649533 3.70991e-22)
(1.18052 0.0629049 4.73383e-22)
(1.18352 0.0608315 -6.0452e-22)
(1.18652 0.0587325 -4.9192e-22)
(1.18955 0.0566114 7.49171e-23)
(1.19257 0.0544626 7.9542e-23)
(1.19565 0.0523021 -4.5576e-22)
(1.1987 0.0500959 -2.22546e-21)
(1.2019 0.0479267 -2.07034e-21)
(1.20494 0.0456041 2.31505e-21)
(1.20871 0.0435741 -1.0259e-22)
(1.16858 0.0586029 -7.43111e-22)
(1.17127 0.0567174 -2.80482e-22)
(1.17397 0.0548063 6.9155e-22)
(1.17668 0.0528687 2.2247e-22)
(1.1794 0.0509073 -8.19116e-23)
(1.18212 0.0489176 -1.5056e-21)
(1.18487 0.0469117 -4.21181e-22)
(1.1876 0.0448632 1.30605e-21)
(1.19045 0.0428371 5.60461e-22)
(1.19316 0.0406794 -2.04496e-22)
(1.19651 0.0387585 -1.56709e-21)
(1.15991 0.0525386 3.27317e-22)
(1.16233 0.0508119 -1.85476e-22)
(1.16475 0.0490595 -2.31458e-22)
(1.16717 0.0472806 -8.92348e-22)
(1.1696 0.045477 -3.11464e-22)
(1.17202 0.0436452 4.37513e-22)
(1.17447 0.0417944 1.06575e-21)
(1.17689 0.0399038 4.61418e-22)
(1.17941 0.0380245 -4.03672e-23)
(1.1818 0.0360327 -3.19809e-22)
(1.18474 0.03423 1.03486e-21)
(1.15158 0.0467707 5.5428e-23)
(1.15374 0.0451996 -3.77737e-22)
(1.1559 0.0436033 -5.83996e-22)
(1.15805 0.0419811 -2.78217e-22)
(1.1602 0.0403341 3.51983e-22)
(1.16235 0.0386598 6.05395e-22)
(1.1645 0.0369647 -1.6251e-22)
(1.16663 0.035233 -4.39626e-22)
(1.16884 0.0335042 -2.80519e-22)
(1.17092 0.0316797 9.21677e-23)
(1.17348 0.0300044 -1.25755e-22)
(1.14362 0.0412995 -1.16289e-22)
(1.14555 0.0398818 -6.78006e-23)
(1.14746 0.0384399 6.95629e-22)
(1.14936 0.0369733 2.04738e-22)
(1.15126 0.0354825 9.03772e-24)
(1.15314 0.0339657 -6.80044e-22)
(1.15503 0.0324274 1.2195e-22)
(1.15688 0.0308556 1.98514e-22)
(1.1588 0.0292808 1.15887e-22)
(1.1606 0.0276249 3.13608e-22)
(1.1628 0.0260853 -8.97772e-23)
(1.1361 0.0361196 -7.31663e-24)
(1.13781 0.0348536 -1.88143e-22)
(1.13949 0.0335649 -4.28307e-22)
(1.14116 0.0322529 1.78658e-22)
(1.14282 0.030918 2.90514e-23)
(1.14447 0.0295586 2.63209e-22)
(1.1461 0.0281781 -6.75796e-23)
(1.14771 0.0267673 2.73883e-22)
(1.14936 0.0253494 -4.46019e-22)
(1.1509 0.0238631 -8.13034e-22)
(1.15276 0.0224664 5.2594e-23)
(1.12908 0.0312184 2.03618e-22)
(1.13058 0.0301026 2.33355e-22)
(1.13206 0.0289659 8.3529e-23)
(1.13352 0.0278077 -2.36451e-23)
(1.13496 0.0266284 2.69272e-22)
(1.13639 0.0254265 -4.30371e-23)
(1.1378 0.0242045 1.18858e-22)
(1.13918 0.0229553 -1.62233e-22)
(1.14058 0.0216967 3.5917e-22)
(1.14189 0.0203807 3.60423e-22)
(1.14345 0.0191329 2.30438e-22)
(1.1226 0.0265755 -3.20257e-23)
(1.12392 0.0256086 -7.93993e-23)
(1.12522 0.0246229 1.95674e-22)
(1.12649 0.0236179 -4.05937e-24)
(1.12775 0.0225937 1.35014e-22)
(1.12897 0.0215492 1.26602e-24)
(1.13018 0.0204861 -3.25783e-22)
(1.13136 0.019399 -3.54427e-23)
(1.13254 0.0183014 -4.59607e-22)
(1.13365 0.017156 -8.12307e-23)
(1.13494 0.0160618 9.57857e-23)
(1.11675 0.0221645 -5.04891e-23)
(1.11791 0.0213455 -1.17008e-22)
(1.11905 0.02051 4.9801e-23)
(1.12016 0.0196577 -9.97268e-23)
(1.12124 0.0187883 -2.62871e-22)
(1.1223 0.0179011 1.01467e-22)
(1.12333 0.0169972 -8.08346e-23)
(1.12433 0.0160726 2.22828e-22)
(1.12533 0.0151374 1.40984e-22)
(1.12625 0.0141627 -2.3992e-22)
(1.12731 0.0132259 -1.27731e-22)
(1.11159 0.017948 -7.61276e-23)
(1.11262 0.0172761 8.77606e-23)
(1.11362 0.0165902 -8.81475e-23)
(1.11459 0.0158899 5.87128e-23)
(1.11553 0.0151751 1.45409e-22)
(1.11644 0.0144452 5.14658e-23)
(1.11733 0.0137009 -4.72735e-23)
(1.11817 0.012939 -6.32018e-23)
(1.11901 0.0121673 1.06944e-22)
(1.11978 0.0113636 1.92592e-22)
(1.12064 0.0105874 -8.54918e-23)
(1.10723 0.0138891 2.52881e-23)
(1.10815 0.0133641 -3.39717e-23)
(1.10904 0.0128278 -6.70486e-23)
(1.10989 0.0122798 1.12982e-22)
(1.11071 0.01172 -2.23165e-23)
(1.1115 0.0111477 -7.37048e-23)
(1.11227 0.0105636 -3.23032e-23)
(1.11299 0.00996533 -1.02925e-22)
(1.11369 0.00935837 1.3502e-22)
(1.11433 0.00872647 -4.53518e-23)
(1.11504 0.00811371 5.46344e-23)
(1.10376 0.00991915 3.65158e-23)
(1.10459 0.0095418 1.03724e-23)
(1.10539 0.00915604 -5.22714e-24)
(1.10615 0.00876156 -1.21188e-22)
(1.10688 0.0083582 1.81964e-22)
(1.10758 0.00794553 2.41183e-23)
(1.10825 0.00752382 -3.78476e-23)
(1.10888 0.00709146 -1.13561e-23)
(1.10948 0.0066522 -8.57404e-23)
(1.11002 0.00619465 -1.42695e-23)
(1.1106 0.00574964 3.73046e-23)
(1.10128 0.00600369 2.38383e-23)
(1.10206 0.00577402 -9.41538e-25)
(1.1028 0.00553891 3.58905e-24)
(1.1035 0.0052982 -2.60338e-23)
(1.10417 0.00505177 -3.27992e-23)
(1.10481 0.00479935 4.75597e-23)
(1.10541 0.00454114 6.85735e-23)
(1.10597 0.00427615 -1.97214e-23)
(1.1065 0.00400663 1.49892e-24)
(1.10698 0.00372579 -2.96833e-23)
(1.10748 0.00345205 1.01876e-24)
(1.09994 0.00202127 1.26865e-23)
(1.10068 0.00194764 -4.2232e-23)
(1.10138 0.00187175 5.3844e-23)
(1.10205 0.00179346 -6.83635e-23)
(1.10269 0.00171267 -8.69138e-24)
(1.1033 0.00162927 -6.52065e-24)
(1.10386 0.00154325 2.07393e-23)
(1.10439 0.00145426 5.6731e-23)
(1.1049 0.00136305 -2.93573e-23)
(1.10535 0.00126733 2.77492e-23)
(1.1058 0.0011732 -1.32096e-23)
(0.963144 0.0109474 -4.94143e-23)
(1.00865 0.522457 -7.72306e-24)
(0.97332 0.308858 -3.31688e-24)
)
;

boundaryField
{
    inlet
    {
        type            uniformFixedValue;
        uniformValue    constant (1 0 0);
        value           nonuniform 0();
    }
    outlet
    {
        type            pressureInletOutletVelocity;
        value           nonuniform List<vector> 
51
(
(0.920162 0.311687 0)
(0.917211 0.309971 0)
(0.914415 0.307713 0)
(0.911909 0.304994 0)
(0.909837 0.301759 0)
(0.908345 0.297888 0)
(0.907596 0.293248 0)
(0.907782 0.287694 0)
(0.909127 0.281069 0)
(0.911893 0.273197 0)
(0.916375 0.263893 0)
(0.922901 0.25297 0)
(0.931809 0.24026 0)
(0.943419 0.225641 0)
(0.957999 0.209054 0)
(0.975726 0.190546 0)
(0.996634 0.170328 0)
(1.02052 0.148835 0)
(1.04683 0.126769 0)
(1.07448 0.105084 0)
(1.10172 0.0849297 0)
(1.12583 0.0674842 0)
(1.14336 0.0535374 0)
(1.1518 0.0430251 0)
(1.1516 0.0350531 0)
(1.14592 0.0284394 0)
(1.13832 0.0222835 0)
(1.13124 0.0161391 0)
(1.12592 0.0098432 0)
(1.12304 0.00332184 0)
(0.971244 0.309747 3.77638e-24)
(0.969057 0.310557 -2.27857e-23)
(0.966765 0.311291 1.40431e-23)
(0.964378 0.31195 7.70957e-24)
(0.961904 0.312535 -4.4842e-23)
(0.959355 0.313048 7.47065e-23)
(0.956741 0.313489 -7.55719e-23)
(0.954076 0.313859 7.14923e-23)
(0.951372 0.314158 2.53416e-24)
(0.948641 0.314386 -1.23954e-23)
(0.945898 0.314543 1.19247e-22)
(0.943154 0.314628 -2.06803e-22)
(0.940424 0.314642 1.86605e-22)
(0.937721 0.314582 -4.60389e-23)
(0.935057 0.314448 -9.26632e-23)
(0.932445 0.314239 -1.59646e-23)
(0.929898 0.313952 4.42588e-23)
(0.92743 0.313586 2.4364e-23)
(0.925053 0.313148 -2.53803e-23)
(0.922782 0.312627 1.16844e-23)
(0.97332 0.308858 -3.31688e-24)
)
;
    }
    cylinder
    {
        type            fixedValue;
        value           uniform (0 0 0);
    }
    top
    {
        type            symmetryPlane;
    }
    bottom
    {
        type            symmetryPlane;
    }
    defaultFaces
    {
        type            empty;
    }
    procBoundary3to1
    {
        type            processor;
        value           nonuniform List<vector> 
41
(
(-0.003275 -0.0460672 1.35213e-21)
(-0.0143201 -0.0845242 -3.40224e-21)
(-0.0334826 -0.0894721 -2.74563e-21)
(-0.0557173 -0.0748952 1.9382e-21)
(-0.0795597 -0.0510127 -2.67073e-21)
(-0.103845 -0.023403 -1.27452e-21)
(-0.127581 0.00632467 1.35692e-21)
(-0.150108 0.0388096 6.6585e-21)
(-0.170999 0.0753259 -2.34232e-21)
(-0.190417 0.117673 2.41148e-21)
(-0.21984 0.189513 1.50283e-22)
(-0.256435 0.333625 -1.57516e-23)
(-0.254975 0.470476 -3.71928e-22)
(-0.234092 0.579148 6.8092e-23)
(-0.162941 0.584468 1.07451e-22)
(-0.0270747 0.437039 -3.13459e-22)
(0.1455 0.150126 1.38193e-22)
(0.324284 -0.189124 1.37606e-22)
(0.478168 -0.463098 -1.64363e-22)
(0.574015 -0.614197 1.70769e-22)
(0.633483 -0.659074 -2.10432e-22)
(0.625797 -0.646773 4.38423e-23)
(0.514211 -0.673857 2.99717e-23)
(0.484941 -0.490231 4.02998e-23)
(0.607086 -0.120863 -9.50274e-23)
(0.762573 0.236697 3.96256e-23)
(0.865612 0.444721 5.45335e-23)
(0.909185 0.453324 1.25566e-23)
(0.871091 0.548535 3.90198e-23)
(0.759048 0.490957 4.05674e-23)
(0.743804 0.378681 -3.92441e-24)
(0.846413 0.0968647 -2.9581e-23)
(0.918135 -0.184992 1.51346e-23)
(0.929016 -0.289183 -3.90687e-23)
(0.9546 -0.559542 -1.72838e-23)
(0.937733 -0.38187 -6.03148e-24)
(0.938658 -0.236517 1.02225e-23)
(0.964673 0.0133661 -1.07782e-22)
(1.01355 0.522612 8.58531e-24)
(0.975278 0.307889 -1.7435e-23)
(0.938658 -0.236517 1.02225e-23)
)
;
    }
    procBoundary3to2
    {
        type            processor;
        value           nonuniform List<vector> 
50
(
(-0.01916 0.0137229 -6.84491e-20)
(-0.01916 0.0137229 -6.84491e-20)
(-0.0150348 0.0185295 2.69062e-20)
(-0.0150348 0.0185295 2.69062e-20)
(-0.00502024 0.0147314 -1.24544e-20)
(0.083528 0.0091261 -5.87435e-21)
(0.083528 0.0091261 -5.87435e-21)
(0.271673 0.00973381 2.78547e-20)
(0.271673 0.00973381 2.78547e-20)
(0.562179 0.0334558 9.54634e-21)
(0.804855 0.0650473 -5.79747e-20)
(0.804855 0.0650473 -5.79747e-20)
(1.09081 0.117133 5.84095e-21)
(1.09081 0.117133 5.84095e-21)
(1.26485 0.157922 6.39259e-21)
(1.26485 0.157922 6.39259e-21)
(1.33435 0.180536 2.63437e-22)
(1.34452 0.17472 9.77598e-21)
(1.34452 0.17472 9.77598e-21)
(1.33603 0.18329 1.07578e-20)
(1.3262 0.178932 -5.08926e-21)
(1.31456 0.173604 8.34362e-22)
(1.30221 0.167488 4.2633e-22)
(1.28994 0.160622 -1.68587e-21)
(1.27816 0.153261 -1.08242e-21)
(1.267 0.145639 2.45524e-21)
(1.25636 0.137857 8.4055e-22)
(1.2461 0.129948 -1.52259e-21)
(1.2361 0.121973 1.28882e-21)
(1.22633 0.113996 -1.20733e-21)
(1.21675 0.106075 9.39484e-22)
(1.20735 0.0982659 -1.32928e-21)
(1.19812 0.0906108 7.53319e-22)
(1.18908 0.0831541 1.48712e-22)
(1.18349 0.0737655 -1.46146e-21)
(1.18349 0.0737655 -1.46146e-21)
(1.17456 0.0669758 2.2176e-22)
(1.16588 0.060462 -1.79446e-22)
(1.15749 0.0542391 5.03084e-22)
(1.14941 0.0483164 -3.21195e-23)
(1.14169 0.0426932 1.73667e-22)
(1.13439 0.0373632 -2.64931e-22)
(1.12755 0.0323137 2.04703e-22)
(1.12125 0.027524 -1.27115e-22)
(1.11556 0.0229674 -6.83871e-23)
(1.11054 0.0186063 -1.5584e-24)
(1.10628 0.0144032 -2.39022e-23)
(1.10289 0.0102884 3.64886e-23)
(1.10048 0.0062281 -5.75322e-24)
(1.09916 0.00209276 -2.15861e-24)
)
;
    }
}


// ************************************************************************* //
