/*--------------------------------*- C++ -*----------------------------------*\
  =========                 |
  \\      /  F ield         | OpenFOAM: The Open Source CFD Toolbox
   \\    /   O peration     | Website:  https://openfoam.org
    \\  /    A nd           | Version:  7
     \\/     M anipulation  |
\*---------------------------------------------------------------------------*/
FoamFile
{
    version     2.0;
    format      ascii;
    class       volVectorField;
    location    "175";
    object      U;
}
// * * * * * * * * * * * * * * * * * * * * * * * * * * * * * * * * * * * * * //

dimensions      [0 1 -1 0 0 0 0];

internalField   nonuniform List<vector> 
2125
(
(1.38687 -0.096285 -1.26843e-20)
(1.38836 -0.0898315 -3.70581e-20)
(1.38748 -0.0805471 -6.25651e-21)
(1.33302 -0.0696513 2.59118e-20)
(1.37767 -0.0734123 -3.00236e-21)
(1.38559 -0.0645426 3.12728e-20)
(0.980449 -0.0186199 7.46944e-20)
(1.17443 -0.0390935 -1.54943e-19)
(1.29893 -0.0513359 3.13682e-20)
(1.36148 -0.0568702 -2.42305e-20)
(1.38041 -0.0481823 -3.32342e-20)
(0.646802 0.0131774 1.55697e-20)
(0.89686 -0.00370502 -1.26572e-19)
(1.10831 -0.0216318 8.53764e-20)
(1.25566 -0.0333961 -6.62206e-20)
(1.33852 -0.0402529 6.50623e-20)
(1.37086 -0.0313929 -2.84042e-21)
(0.336037 0.0207404 -7.01406e-22)
(0.561264 0.0186877 5.21441e-20)
(0.80792 0.00815123 2.46256e-21)
(1.03263 -0.00598515 -6.95638e-20)
(1.20223 -0.01612 -2.2487e-21)
(1.30736 -0.0236811 -2.8394e-20)
(1.35567 -0.0140847 3.33361e-20)
(0.123865 0.00828659 9.87613e-21)
(0.274758 0.0168009 2.75197e-20)
(0.478772 0.0203446 -4.66668e-20)
(0.715897 0.0164777 1.10135e-19)
(0.948264 0.00729478 -7.52547e-22)
(1.13796 0.000100081 -9.48917e-21)
(1.26665 -0.0073721 -5.64089e-20)
(1.33302 0.00372698 -7.41337e-21)
(0.0910829 0.00044219 7.80861e-21)
(0.220027 0.0102822 -1.99959e-20)
(0.401396 0.0182542 -2.32005e-20)
(0.623569 0.0208953 -1.50452e-20)
(0.856924 0.0176078 -1.14456e-20)
(1.0628 0.0147548 1.33255e-20)
(1.21503 0.00834051 5.47311e-20)
(1.30152 0.0220274 3.98727e-20)
(0.00208479 -0.0131878 4.22572e-20)
(0.0632999 -0.00851488 -9.7429e-20)
(0.172193 0.00153861 5.44446e-20)
(0.33081 0.0126941 4.78218e-20)
(0.533937 0.0212092 -1.20687e-19)
(0.761253 0.0243721 3.24369e-20)
(0.977508 0.0272465 -2.08644e-21)
(1.15193 0.0229454 2.36516e-20)
(1.25797 0.0405934 -4.45144e-20)
(-0.0150466 -0.0128726 1.19725e-19)
(-0.00810737 -0.0202042 -3.29751e-20)
(0.0401598 -0.0184219 4.80231e-20)
(0.131264 -0.00907001 3.02558e-20)
(0.268136 0.00409391 -1.64888e-20)
(0.449816 0.0174957 3.86839e-20)
(0.664637 0.0271533 -1.64105e-20)
(0.884007 0.0368837 9.13646e-20)
(1.07698 0.0359844 -1.46015e-19)
(1.2031 0.05871 -4.85673e-20)
(-0.0165056 -0.0153255 -3.52477e-20)
(-0.0162963 -0.0275443 1.32181e-19)
(0.0211964 -0.0291225 -1.03841e-19)
(0.0969361 -0.0211619 -2.94745e-21)
(0.213878 -0.00698983 -4.81625e-20)
(0.373423 0.0101489 5.26493e-20)
(0.570775 0.0258219 5.77069e-20)
(0.785287 0.0430495 -2.85617e-20)
(0.991772 0.0466267 2.34835e-20)
(1.13039 0.076227 2.82023e-20)
(-0.0176711 -0.0179435 7.29677e-21)
(-0.022841 -0.0352208 -3.63974e-20)
(0.00586583 -0.0404365 4.51218e-20)
(0.0686368 -0.0343118 -4.23668e-20)
(0.167922 -0.0198943 -5.19743e-20)
(0.306085 -0.00013626 -2.35148e-20)
(0.483015 0.0207038 -8.76925e-20)
(0.685054 0.0450528 5.40601e-20)
(0.899973 0.0555867 9.85743e-20)
(1.04168 0.0879485 -3.12153e-20)
(-0.0186565 -0.0207888 2.25703e-20)
(-0.0280676 -0.0432145 1.72629e-20)
(-0.00641366 -0.0521367 -4.07643e-21)
(0.0455886 -0.0480383 -7.36573e-20)
(0.129625 -0.0338717 7.69171e-20)
(0.248139 -0.0124363 8.67558e-20)
(0.403636 0.0125827 2.9914e-20)
(0.588156 0.0420845 -4.17712e-21)
(0.799522 0.0659266 -1.05766e-19)
(0.971468 0.0847699 3.16948e-20)
(-0.0195338 -0.0238964 -6.80851e-20)
(-0.0322491 -0.0514549 -8.60266e-21)
(-0.0162163 -0.0639383 1.80762e-20)
(0.0268989 -0.0618081 5.72709e-21)
(0.0979536 -0.0481211 2.33586e-20)
(0.199022 -0.0256965 -1.39732e-19)
(0.333576 0.00247653 8.43201e-20)
(0.498484 0.0349723 -1.01585e-19)
(0.694913 0.0734184 7.36887e-20)
(0.893989 0.087741 8.88804e-20)
(-0.0203313 -0.0272627 3.0035e-20)
(-0.0355915 -0.0598085 -1.90914e-20)
(-0.0240654 -0.075501 8.49212e-21)
(0.0116579 -0.0750566 -4.0182e-20)
(0.0716649 -0.0618353 5.36414e-21)
(0.157508 -0.0388333 -1.09604e-20)
(0.272577 -0.00847603 -5.29283e-20)
(0.417755 0.025837 2.78205e-20)
(0.591449 0.0757933 5.59296e-20)
(0.806857 0.0931141 -8.14464e-20)
(-0.0210375 -0.0308396 -4.12934e-20)
(-0.0382307 -0.0680788 -6.01979e-20)
(-0.0304002 -0.0864451 4.72185e-20)
(-0.00097073 -0.0872225 4.58352e-20)
(0.0494964 -0.0742556 -1.13475e-19)
(0.122049 -0.0508322 1.13948e-19)
(0.219534 -0.0190603 -1.28495e-19)
(0.345777 0.0168327 3.62152e-20)
(0.493791 0.0738355 -3.86795e-20)
(0.711364 0.0976581 -6.28505e-20)
(-0.0216102 -0.0345347 2.12707e-20)
(-0.0402387 -0.0760151 4.822e-20)
(-0.0355581 -0.0963749 1.20037e-20)
(-0.011682 -0.0977863 1.32173e-20)
(0.0303281 -0.0847266 -7.08242e-22)
(0.0911126 -0.0608385 1.99523e-20)
(0.172926 -0.0281186 3.96977e-20)
(0.281291 0.00949915 7.63579e-20)
(0.404672 0.069523 -7.5749e-20)
(0.611328 0.100895 2.7962e-20)
(-0.021989 -0.0382168 -5.11293e-20)
(-0.0416391 -0.0833306 9.16287e-22)
(-0.0397731 -0.104908 1.62338e-20)
(-0.0209943 -0.106307 -2.92021e-20)
(0.0132861 -0.0927424 5.82058e-20)
(0.0634217 -0.0682268 -1.38498e-19)
(0.131236 -0.0347456 7.45762e-20)
(0.2228 0.00466651 -7.06837e-20)
(0.324653 0.0648366 1.37419e-19)
(0.510906 0.103328 3.57799e-20)
(-0.0221096 -0.0417277 2.72399e-20)
(-0.0424263 -0.0897254 -5.417e-20)
(-0.0431896 -0.111703 -1.63671e-20)
(-0.0292472 -0.11245 2.4333e-20)
(-0.00221729 -0.0979727 4.11008e-20)
(0.0380878 -0.0726306 6.85949e-21)
(0.0932534 -0.0384152 -2.52815e-20)
(0.16909 0.00259828 5.89465e-20)
(0.252825 0.0613104 -3.43588e-20)
(0.413472 0.105421 -4.42213e-21)
(-0.0219163 -0.0448957 7.30872e-20)
(-0.0425857 -0.0949123 2.0054e-20)
(-0.0458835 -0.116486 3.62917e-21)
(-0.0366249 -0.116003 -5.29774e-20)
(-0.0165015 -0.100267 4.74011e-20)
(0.0146158 -0.0739349 1.6077e-20)
(0.05821 -0.0389855 8.14661e-21)
(0.119446 0.00320443 -1.8346e-20)
(0.187821 0.0598313 2.13194e-20)
(0.321393 0.107461 3.5916e-20)
(-0.0213722 -0.0475514 -5.41656e-20)
(-0.0421112 -0.0986408 2.95515e-20)
(-0.0478873 -0.119064 -3.46712e-21)
(-0.0431937 -0.116876 7.55476e-20)
(-0.0296732 -0.0996372 -8.33449e-20)
(-0.00716755 -0.0722322 2.81016e-20)
(0.0257683 -0.0366168 -1.76941e-20)
(0.0736126 0.00623439 -1.61021e-20)
(0.12852 0.0606178 -4.95323e-20)
(0.236166 0.109681 1.84192e-20)
(-0.0204656 -0.0495428 2.33823e-20)
(-0.0410172 -0.100718 -5.82851e-20)
(-0.0492121 -0.119335 -3.28555e-20)
(-0.0489416 -0.115087 -5.15557e-20)
(-0.0416908 -0.0962098 1.43949e-20)
(-0.0272239 -0.0677602 -4.46896e-21)
(-0.00409724 -0.0316578 -4.49082e-20)
(0.0316224 0.0113919 -9.39103e-21)
(0.0742521 0.0633701 -7.66346e-22)
(0.158616 0.112461 2.13834e-20)
(-0.0192123 -0.0507488 4.09069e-20)
(-0.0393452 -0.101025 4.21073e-21)
(-0.0498649 -0.117298 1.75548e-20)
(-0.0538194 -0.11077 7.7238e-20)
(-0.0524589 -0.0902344 7.7464e-20)
(-0.045424 -0.0608442 -1.36867e-20)
(-0.0312121 -0.024467 3.56511e-20)
(-0.00644544 0.0183731 -2.28566e-20)
(0.0247741 0.0675705 -1.38594e-20)
(0.0890997 0.11639 -3.26229e-20)
(-0.0176539 -0.0510879 -5.22768e-20)
(-0.0371657 -0.0995178 4.35692e-20)
(-0.0498712 -0.113032 2.21384e-20)
(-0.0577855 -0.104129 -4.36983e-20)
(-0.0618531 -0.0820151 -4.95322e-20)
(-0.0615605 -0.0518468 1.5667e-20)
(-0.0553561 -0.0154191 1.0892e-21)
(-0.0406165 0.0268218 7.12212e-20)
(-0.0195124 0.0735254 4.33207e-20)
(0.0274503 0.121767 -1.76612e-20)
(-0.015854 -0.0505252 2.83939e-20)
(-0.0345734 -0.0962364 -1.24971e-20)
(-0.0492682 -0.106695 -4.47221e-20)
(-0.060796 -0.0954093 1.87419e-20)
(-0.0697539 -0.0718503 -4.54465e-22)
(-0.0754739 -0.0411034 -6.42382e-20)
(-0.076418 -0.00485231 -3.99821e-21)
(-0.0705687 0.0364733 -6.49134e-20)
(-0.0584044 0.0814195 -2.96925e-20)
(-0.0272859 0.128284 4.97978e-20)
(-0.013891 -0.0490747 -3.41424e-20)
(-0.0316807 -0.0912969 -2.76398e-21)
(-0.0481103 -0.098509 -1.9648e-21)
(-0.0628316 -0.0849061 -4.04509e-20)
(-0.0760764 -0.0600652 6.32415e-21)
(-0.0870374 -0.0289284 3.90428e-20)
(-0.0942337 0.00697165 -2.08143e-20)
(-0.0960642 0.0472936 3.36437e-20)
(-0.0921498 0.0908805 1.56666e-20)
(-0.075042 0.136199 -1.77749e-20)
(-0.0118513 -0.0467966 2.15683e-20)
(-0.028609 -0.0848847 4.09642e-20)
(-0.0464683 -0.0887522 -9.03679e-21)
(-0.0638993 -0.0729426 1.89851e-20)
(-0.0807734 -0.0469901 1.30289e-20)
(-0.0961648 -0.0156275 -3.17479e-20)
(-0.108671 0.0198115 7.90569e-21)
(-0.116999 0.0591445 -9.12465e-21)
(-0.120524 0.101621 1.15238e-20)
(-0.115204 0.145983 -2.26445e-20)
(-0.00982148 -0.043793 -6.70614e-21)
(-0.0254808 -0.0772423 -2.6369e-20)
(-0.0444246 -0.0777431 3.66468e-20)
(-0.0640327 -0.0598621 -1.88225e-20)
(-0.0838365 -0.0329584 8.7803e-21)
(-0.102813 -0.0015034 2.65659e-20)
(-0.119646 0.0334107 -2.26299e-20)
(-0.133276 0.0718167 -5.95083e-21)
(-0.143134 0.113394 5.66642e-22)
(-0.147281 0.157339 2.70789e-20)
(-0.00788145 -0.0401998 -1.98474e-21)
(-0.0224108 -0.0686553 -7.73368e-21)
(-0.042069 -0.0658292 -3.20832e-20)
(-0.0632904 -0.0460205 6.21723e-21)
(-0.0852977 -0.0183059 5.14127e-21)
(-0.106987 0.0131401 -2.17064e-21)
(-0.127125 0.0474857 -1.64335e-22)
(-0.144825 0.0850307 -8.9092e-21)
(-0.159654 0.125853 1.24387e-20)
(-0.170904 0.169663 8.51961e-21)
(-0.00609857 -0.0361764 5.23286e-21)
(-0.0195 -0.059437 9.3998e-21)
(-0.0394951 -0.0533741 2.38041e-20)
(-0.0617537 -0.0317804 -1.22458e-20)
(-0.0852274 -0.00337109 -1.06916e-20)
(-0.108748 0.0279889 -3.77313e-22)
(-0.131145 0.0617322 2.07733e-20)
(-0.151639 0.0984473 9.70493e-21)
(-0.169905 0.138562 -8.72033e-21)
(-0.185881 0.182282 -9.79405e-21)
(-0.00452363 -0.031895 -8.37783e-22)
(-0.0168305 -0.0499114 1.82292e-21)
(-0.0367963 -0.0407454 -4.52828e-21)
(-0.0595256 -0.0175047 3.25729e-21)
(-0.0837391 0.0115051 2.75801e-21)
(-0.108215 0.0427165 1.98554e-21)
(-0.131818 0.0758212 -4.08016e-21)
(-0.153819 0.111687 -1.65751e-20)
(-0.173904 0.151045 -2.65378e-21)
(-0.192268 0.194524 5.20911e-21)
(-0.00318874 -0.027528 1.31081e-21)
(-0.0144633 -0.0403969 -3.30144e-21)
(-0.0340643 -0.0283012 -2.66432e-21)
(-0.0567291 -0.00354964 1.87949e-21)
(-0.0809879 0.0259812 -2.58641e-21)
(-0.10557 0.0569941 -1.23185e-21)
(-0.129348 0.0894083 1.30765e-21)
(-0.151593 0.124351 6.39546e-21)
(-0.171894 0.162815 -2.24198e-21)
(-0.190408 0.205747 2.29518e-21)
(1.08949 -0.00195998 -1.43351e-22)
(1.09022 -0.00192857 3.75518e-22)
(1.09092 -0.00189713 -3.69629e-22)
(1.09162 -0.00186562 1.18971e-22)
(1.09229 -0.00183404 2.87939e-22)
(1.09295 -0.00180229 4.30709e-26)
(1.0936 -0.00177061 -1.35611e-22)
(1.09423 -0.0017383 -2.17974e-22)
(1.09484 -0.0017072 1.4296e-22)
(1.09544 -0.00167238 -6.11495e-23)
(1.09601 -0.00164696 4.41495e-23)
(1.09049 -0.00580202 -1.09627e-22)
(1.09123 -0.00569994 -2.99932e-23)
(1.09195 -0.00559876 8.28243e-23)
(1.09266 -0.00549846 1.85695e-22)
(1.09334 -0.00539911 -1.57634e-23)
(1.09401 -0.00530042 -4.68055e-23)
(1.09467 -0.00520312 -5.98303e-23)
(1.09531 -0.0051052 1.94044e-22)
(1.09593 -0.00501195 4.94365e-23)
(1.09654 -0.00490892 -4.89477e-23)
(1.09712 -0.00483449 -8.05609e-23)
(1.09231 -0.00947716 -1.87373e-22)
(1.09307 -0.009306 1.31187e-23)
(1.09382 -0.00913664 2.07434e-23)
(1.09455 -0.00896903 4.14567e-22)
(1.09526 -0.00880328 -5.50542e-22)
(1.09595 -0.00863892 1.48994e-22)
(1.09663 -0.00847711 1.52997e-22)
(1.09729 -0.0083146 8.74281e-23)
(1.09793 -0.00815989 -8.38965e-23)
(1.09857 -0.00798975 -7.44656e-24)
(1.09918 -0.00786594 4.69968e-24)
(1.09488 -0.0130502 2.23207e-22)
(1.09568 -0.0128035 -1.36919e-22)
(1.09646 -0.0125596 3.60614e-22)
(1.09722 -0.0123182 -1.48685e-22)
(1.09797 -0.0120797 -7.25355e-23)
(1.09869 -0.0118434 -3.74474e-22)
(1.0994 -0.011611 1.4871e-23)
(1.1001 -0.011378 1.17004e-23)
(1.10077 -0.0111561 1.12011e-22)
(1.10144 -0.010914 -8.8145e-23)
(1.10209 -0.0107347 1.28639e-22)
(1.09813 -0.0165099 1.82867e-22)
(1.09897 -0.01618 -1.37602e-22)
(1.09979 -0.0158536 -8.31196e-23)
(1.1006 -0.0155308 -5.22345e-23)
(1.10138 -0.0152118 1.79413e-22)
(1.10215 -0.0148961 2.75648e-22)
(1.1029 -0.0145856 -1.98864e-25)
(1.10363 -0.0142749 2.21567e-22)
(1.10435 -0.0139785 -7.95837e-23)
(1.10506 -0.0136578 4.76062e-22)
(1.10577 -0.0134145 -2.34366e-22)
(1.10201 -0.0198833 -1.87251e-22)
(1.1029 -0.0194592 2.29574e-22)
(1.10377 -0.0190395 -1.66193e-22)
(1.10462 -0.0186241 -4.98383e-22)
(1.10545 -0.0182136 5.00645e-23)
(1.10627 -0.017807 -3.49485e-22)
(1.10706 -0.0174071 1.71973e-22)
(1.10784 -0.0170073 5.63648e-22)
(1.10861 -0.0166247 -8.21505e-23)
(1.10937 -0.0162147 -4.92683e-22)
(1.11013 -0.0158934 -1.55845e-22)
(1.10647 -0.0231728 4.63189e-23)
(1.10741 -0.0226404 -1.7827e-22)
(1.10834 -0.0221128 5.25776e-22)
(1.10924 -0.0215903 2.44741e-22)
(1.11013 -0.0210733 1.02474e-22)
(1.111 -0.020561 1.67932e-22)
(1.11184 -0.0200563 -4.50156e-22)
(1.11268 -0.0195521 -8.60098e-22)
(1.11349 -0.0190672 -3.62775e-22)
(1.11431 -0.018553 2.18158e-23)
(1.11513 -0.0181346 8.11784e-23)
(1.11148 -0.0263864 3.50476e-22)
(1.11249 -0.0257282 2.67795e-22)
(1.11347 -0.0250752 3.2321e-22)
(1.11444 -0.0244274 -6.41084e-22)
(1.11538 -0.0237854 7.44365e-22)
(1.11631 -0.0231484 -2.02625e-22)
(1.11721 -0.0225196 6.85305e-22)
(1.1181 -0.0218915 -3.75754e-22)
(1.11896 -0.0212836 5.89105e-22)
(1.11984 -0.0206459 7.92856e-22)
(1.12074 -0.0201049 3.02372e-22)
(1.11703 -0.0295276 3.03934e-22)
(1.11811 -0.0287227 2.60965e-23)
(1.11916 -0.0279227 -9.93625e-22)
(1.12019 -0.0271275 3.4297e-22)
(1.1212 -0.0263379 -1.40815e-22)
(1.12219 -0.025553 -9.66899e-23)
(1.12315 -0.0247759 5.38356e-22)
(1.12409 -0.0239994 -5.05137e-23)
(1.12501 -0.0232423 -5.82667e-22)
(1.12595 -0.0224568 -1.17709e-21)
(1.12692 -0.0217607 1.08743e-22)
(1.12311 -0.0325998 -5.16656e-22)
(1.12426 -0.0316238 1.67693e-22)
(1.12539 -0.0306514 1.23126e-21)
(1.12649 -0.0296828 7.69564e-22)
(1.12757 -0.0287186 -8.83739e-22)
(1.12862 -0.0277579 -4.08663e-22)
(1.12964 -0.0268036 -4.35921e-22)
(1.13065 -0.0258493 2.48833e-22)
(1.13162 -0.024911 4.57613e-22)
(1.13263 -0.0239481 6.88517e-22)
(1.13368 -0.0230568 -2.34246e-22)
(1.12972 -0.0356066 1.09685e-22)
(1.13096 -0.0344312 -1.38446e-21)
(1.13217 -0.0332572 -4.42106e-24)
(1.13335 -0.0320848 -1.08564e-21)
(1.1345 -0.0309144 6.71599e-22)
(1.13562 -0.0297454 9.93641e-22)
(1.13671 -0.0285797 -1.41193e-22)
(1.13778 -0.0274128 -7.2767e-22)
(1.13881 -0.0262551 -3.66784e-22)
(1.13989 -0.0250798 4.25849e-22)
(1.14101 -0.023945 -3.85646e-22)
(1.13549 -0.0399569 6.94083e-22)
(1.13686 -0.038552 9.21167e-22)
(1.1382 -0.037145 -3.73985e-23)
(1.1395 -0.0357362 -1.59898e-21)
(1.14076 -0.0343254 -8.74108e-22)
(1.14199 -0.0329128 -7.35704e-22)
(1.14319 -0.0314981 1.18952e-21)
(1.14435 -0.0300814 1.61229e-21)
(1.14549 -0.0286619 5.89926e-22)
(1.14658 -0.0272402 5.62682e-23)
(1.14774 -0.0258118 -7.24605e-22)
(1.14895 -0.0243765 1.55316e-21)
(1.14308 -0.0431086 -4.25154e-22)
(1.14456 -0.041441 -1.81327e-21)
(1.146 -0.0397667 2.90184e-22)
(1.1474 -0.0380857 6.64583e-22)
(1.14876 -0.0363977 6.64431e-22)
(1.15008 -0.0347022 -8.48767e-22)
(1.15137 -0.0329996 -1.57969e-21)
(1.1526 -0.0312871 -3.31436e-22)
(1.15382 -0.0295694 7.42106e-22)
(1.15498 -0.0278325 1.59378e-21)
(1.15622 -0.0261051 -4.63285e-22)
(1.15753 -0.0243033 -2.15166e-21)
(1.15122 -0.0462483 1.18658e-21)
(1.15283 -0.04428 3.51951e-22)
(1.15439 -0.0422989 7.18864e-22)
(1.1559 -0.0403043 -1.36642e-22)
(1.15737 -0.0382961 -8.65389e-22)
(1.15879 -0.0362724 6.3706e-23)
(1.16017 -0.034235 -2.46638e-22)
(1.16149 -0.0321764 -1.42893e-21)
(1.16279 -0.0301102 -2.51648e-21)
(1.16402 -0.0280001 -3.3274e-21)
(1.16537 -0.0259226 3.34933e-21)
(1.16678 -0.0236793 6.75061e-23)
(1.15994 -0.0493856 1.76399e-21)
(1.16169 -0.0470754 -6.86978e-22)
(1.16339 -0.0447445 -5.83392e-22)
(1.16503 -0.0423914 1.52066e-22)
(1.16662 -0.0400161 9.06839e-22)
(1.16815 -0.0376148 1.72668e-21)
(1.16964 -0.0351915 -1.07824e-21)
(1.17106 -0.0327318 1.96141e-21)
(1.17245 -0.0302619 -7.61857e-22)
(1.17377 -0.0277146 -9.00371e-22)
(1.17522 -0.0252316 -3.75456e-21)
(1.17677 -0.0224627 -7.82204e-22)
(1.16927 -0.0525309 -1.37916e-21)
(1.17118 -0.0498348 1.1447e-21)
(1.17302 -0.0471081 2.01074e-21)
(1.17481 -0.0443482 1.09327e-21)
(1.17654 -0.0415554 -6.3722e-22)
(1.1782 -0.038723 -2.6222e-21)
(1.17981 -0.0358585 4.13955e-21)
(1.18134 -0.0329377 -1.11802e-21)
(1.18284 -0.0300047 2.52488e-21)
(1.18425 -0.0269503 -1.86667e-21)
(1.18584 -0.0240028 2.56545e-21)
(1.18754 -0.0206168 2.35932e-21)
(1.17921 -0.0556957 -2.10399e-22)
(1.1813 -0.0525665 -1.51771e-21)
(1.18332 -0.0493948 -1.93798e-21)
(1.18528 -0.0461766 3.95204e-22)
(1.18716 -0.0429126 3.2826e-21)
(1.18897 -0.0395925 -1.87336e-21)
(1.19071 -0.0362283 4.35722e-22)
(1.19237 -0.0327826 -6.08815e-21)
(1.194 -0.0293235 -9.34035e-22)
(1.19553 -0.0256867 4.23475e-21)
(1.19726 -0.0222119 7.32818e-23)
(1.19915 -0.0181104 -4.86849e-21)
(1.1898 -0.0588899 8.88011e-23)
(1.1921 -0.0552778 5.82605e-22)
(1.19431 -0.0516092 2.02512e-21)
(1.19645 -0.0478783 -1.53882e-21)
(1.19851 -0.0440868 -3.47275e-21)
(1.20048 -0.0402192 1.69553e-21)
(1.20239 -0.0362949 1.32147e-21)
(1.2042 -0.0322579 8.9312e-21)
(1.20598 -0.0282091 4.9472e-22)
(1.20765 -0.0239121 -4.29837e-21)
(1.20957 -0.0198478 7.51732e-22)
(1.21169 -0.0149292 -1.09283e-21)
(1.20105 -0.0621216 -3.91444e-22)
(1.20358 -0.0579747 3.84707e-22)
(1.20602 -0.0537557 -4.71213e-22)
(1.20836 -0.0494557 2.45056e-21)
(1.21062 -0.0450787 6.57988e-21)
(1.21279 -0.040601 6.72048e-21)
(1.21488 -0.0360535 -1.01106e-20)
(1.21687 -0.031355 1.54691e-21)
(1.21883 -0.0266514 5.31333e-21)
(1.22067 -0.0216133 1.07038e-20)
(1.2228 -0.0168978 -1.72331e-21)
(1.2252 -0.0110543 2.52216e-21)
(1.21299 -0.0653953 1.47629e-21)
(1.21577 -0.0606598 9.39624e-22)
(1.21846 -0.0558357 -3.26488e-21)
(1.22104 -0.0509094 -2.06812e-21)
(1.22354 -0.0458898 -2.54651e-21)
(1.22592 -0.0407402 6.14748e-22)
(1.22823 -0.0355089 5.96416e-21)
(1.23042 -0.0300772 -5.13032e-21)
(1.2326 -0.0246538 -2.65201e-21)
(1.23466 -0.0187884 -1.14843e-20)
(1.23706 -0.0133593 3.344e-21)
(1.23982 -0.00648316 1.24443e-20)
(1.22564 -0.0687169 2.87171e-21)
(1.22871 -0.0633373 -8.23052e-22)
(1.23167 -0.0578519 1.93817e-21)
(1.23451 -0.0522396 1.09611e-21)
(1.23728 -0.0465198 -7.21042e-21)
(1.23991 -0.0406358 -1.32705e-20)
(1.2425 -0.0346665 9.41085e-21)
(1.24494 -0.0284341 8.2014e-22)
(1.24741 -0.0222381 -5.40082e-21)
(1.24972 -0.0154581 1.11713e-20)
(1.25245 -0.00925992 6.06943e-21)
(1.25562 -0.00123505 -3.32568e-21)
(1.23902 -0.0720811 -8.79437e-22)
(1.24241 -0.0660043 -1.77226e-21)
(1.24569 -0.0598051 -1.28193e-21)
(1.24883 -0.0534503 -2.26364e-21)
(1.25191 -0.0469753 -4.58236e-21)
(1.25482 -0.0402903 6.41915e-21)
(1.25775 -0.0335272 -1.72204e-20)
(1.26046 -0.026418 -9.7555e-21)
(1.26333 -0.019407 5.0277e-21)
(1.2659 -0.0116199 -1.16197e-20)
(1.26907 -0.00461815 -1.23014e-20)
(1.27259 0.00470345 -1.62515e-20)
(1.25318 -0.0754817 -4.95057e-21)
(1.25692 -0.0686543 3.56518e-21)
(1.26057 -0.0616906 3.43952e-21)
(1.26405 -0.0545431 -2.10182e-21)
(1.26752 -0.0472674 2.21319e-21)
(1.27075 -0.0397237 8.85244e-21)
(1.27411 -0.0321163 2.53809e-20)
(1.27704 -0.0240373 2.11586e-20)
(1.28038 -0.0161552 -1.38708e-20)
(1.28306 -0.0072256 9.79904e-21)
(1.28679 0.000607615 1.76288e-21)
(1.29032 0.011423 1.17933e-20)
(1.26819 -0.0789182 1.83266e-21)
(1.27231 -0.071286 -8.11715e-21)
(1.27638 -0.0635014 -1.35589e-20)
(1.28024 -0.0555071 -9.16826e-21)
(1.28417 -0.0473786 2.43642e-20)
(1.28771 -0.0389266 -1.06518e-20)
(1.29159 -0.0304379 -2.04445e-20)
(1.29464 -0.0213161 -1.23239e-20)
(1.29854 -0.0125184 5.20628e-21)
(1.30085 -0.00226909 2.86246e-21)
(1.30517 0.00644861 -1.16812e-20)
(1.30774 0.0190569 -1.11356e-20)
(1.28414 -0.0823906 4.91452e-22)
(1.28871 -0.0739062 1.7181e-21)
(1.29323 -0.0652435 8.27712e-21)
(1.29745 -0.0563449 -4.89281e-22)
(1.3018 -0.0472833 -8.59659e-21)
(1.30552 -0.0378498 -1.47186e-20)
(1.30987 -0.0283921 3.57472e-21)
(1.3127 -0.0181581 -1.99422e-22)
(1.31719 -0.00840512 1.38555e-20)
(1.31831 0.00329309 5.27861e-21)
(1.3232 0.0129204 1.46359e-20)
(1.32288 0.0276956 6.08786e-22)
(1.3011 -0.0858302 5.66771e-21)
(1.3061 -0.0764373 3.29386e-22)
(1.31101 -0.0668366 2.3094e-20)
(1.31553 -0.0569858 1.86263e-20)
(1.32016 -0.0469088 -1.65561e-20)
(1.3238 -0.0364312 6.62346e-21)
(1.32824 -0.0258432 -5.86983e-21)
(1.33012 -0.0143909 5.41682e-21)
(1.33471 -0.00347446 -7.46248e-21)
(1.33318 0.0097865 7.72898e-21)
(1.3385 0.0203747 -1.80971e-20)
(1.33219 0.037595 2.14196e-20)
(1.3189 -0.0890354 -1.1592e-20)
(1.32417 -0.0786308 8.58451e-21)
(1.32923 -0.0679957 -1.96139e-20)
(1.33378 -0.0571211 8.57045e-21)
(1.33828 -0.0459555 3.15508e-20)
(1.34149 -0.0344264 7.91585e-21)
(1.34536 -0.0225972 1.35857e-20)
(1.3455 -0.00995173 -4.79779e-21)
(1.34899 0.00246627 8.61282e-22)
(1.34253 0.0173339 -1.31253e-20)
(1.34706 0.0293028 2.43267e-20)
(1.33002 0.0490258 -1.24534e-20)
(1.33712 -0.0918877 3.24777e-21)
(1.3423 -0.0803422 -1.60729e-20)
(1.34705 -0.0685548 1.1088e-21)
(1.35111 -0.0565396 -2.88008e-20)
(1.35469 -0.0441911 -1.84172e-20)
(1.35675 -0.0315586 -1.03455e-20)
(1.35874 -0.0184376 4.6662e-23)
(1.35632 -0.00478275 -8.58177e-21)
(1.35661 0.00926329 2.71684e-20)
(1.34334 0.0251863 8.63809e-21)
(1.34419 0.0391592 -1.79362e-20)
(1.3101 0.0607061 -6.68191e-21)
(1.35497 -0.0946142 1.07762e-20)
(1.35963 -0.0818962 3.10434e-21)
(1.3635 -0.0689333 -1.24582e-20)
(1.36634 -0.05572 2.1879e-20)
(1.36796 -0.0421405 -2.42884e-20)
(1.36758 -0.028266 -8.53711e-21)
(1.36549 -0.0137793 5.09967e-21)
(1.35862 0.000969905 -3.66498e-21)
(1.35161 0.0166427 -3.56828e-20)
(1.33014 0.0327931 -3.47948e-20)
(1.32195 0.0488774 1.20746e-20)
(1.26637 0.0694772 -1.28505e-20)
(1.3711 -0.0969487 -3.38229e-21)
(1.37466 -0.0830864 -1.57728e-21)
(1.37689 -0.0689742 6.6318e-21)
(1.37741 -0.05456 -1.38584e-20)
(1.37561 -0.0397462 3.5307e-20)
(1.37071 -0.0245099 2.73425e-20)
(1.36176 -0.0086378 -1.78924e-20)
(1.34706 0.00758557 2.10393e-20)
(1.32694 0.0248029 2.22866e-20)
(1.29411 0.0415582 9.33362e-21)
(1.26553 0.059461 4.17832e-21)
(1.19032 0.075649 3.45104e-20)
(1.0975 -0.00151632 0)
(1.09939 -0.0013248 0)
(1.10149 -0.00110554 0)
(1.10282 -0.000905567 0)
(1.10452 -0.000721413 0)
(1.10525 -0.000489027 0)
(1.10631 -0.000352984 0)
(1.1066 -1.12507e-05 0)
(1.1063 0.000102332 0)
(1.10636 0.000645859 0)
(1.10327 0.000831377 0)
(1.10302 0.00162626 0)
(1.09501 0.00200203 0)
(1.09368 0.00295685 0)
(1.07866 0.00347377 0)
(1.07538 0.00424313 0)
(1.05298 0.0046409 0)
(1.04807 0.00441641 0)
(1.02367 0.00464317 0)
(1.01784 0.00208536 0)
(1.00779 0.00212418 0)
(1.00255 -0.0033604 0)
(1.03284 -0.00551213 0)
(1.04666 -0.00494555 0)
(1.07691 -0.00455296 0)
(1.09185 0.00108656 0)
(1.06496 0.000676881 0)
(1.08618 0.00617029 0)
(0.997982 0.00477203 0)
(1.03794 -0.00388104 0)
(1.09864 -0.00444728 0)
(1.10052 -0.00387872 0)
(1.10261 -0.00322913 0)
(1.10387 -0.00264096 0)
(1.10556 -0.00210501 0)
(1.10624 -0.0014258 0)
(1.10732 -0.001043 0)
(1.10763 -4.52953e-05 0)
(1.10739 0.000264386 0)
(1.10758 0.00186826 0)
(1.10454 0.00240382 0)
(1.1045 0.00476513 0)
(1.09646 0.00589809 0)
(1.09525 0.00875581 0)
(1.08001 0.0103224 0)
(1.07658 0.0126641 0)
(1.05361 0.0138436 0)
(1.04837 0.0132706 0)
(1.02304 0.0139289 0)
(1.01659 0.0063801 0)
(1.00578 0.00658216 0)
(0.999117 -0.0101839 0)
(1.03255 -0.0168312 0)
(1.04788 -0.0150164 0)
(1.07996 -0.0136083 0)
(1.0947 0.00318718 0)
(1.06729 0.0022027 0)
(1.08828 0.018709 0)
(0.994846 0.0145081 0)
(1.03536 -0.0114857 0)
(1.10078 -0.00722238 0)
(1.10263 -0.00627842 0)
(1.10468 -0.00520947 0)
(1.10581 -0.0042524 0)
(1.10747 -0.00339918 0)
(1.10806 -0.00231125 0)
(1.10918 -0.00174273 0)
(1.10954 -0.000140851 0)
(1.10938 0.000290029 0)
(1.10986 0.00289891 0)
(1.10689 0.00374488 0)
(1.1073 0.00763087 0)
(1.0992 0.00957045 0)
(1.09821 0.0143289 0)
(1.08258 0.0170357 0)
(1.07884 0.0210315 0)
(1.05488 0.0230065 0)
(1.04888 0.0223054 0)
(1.02201 0.0233765 0)
(1.01412 0.0110831 0)
(1.00199 0.0117019 0)
(0.992245 -0.0173988 0)
(1.03184 -0.0292051 0)
(1.05042 -0.0256874 0)
(1.08571 -0.0226099 0)
(1.10024 0.00511615 0)
(1.07161 0.00420776 0)
(1.0923 0.0319982 0)
(0.98926 0.0249162 0)
(1.02978 -0.018755 0)
(1.1038 -0.00982392 0)
(1.10559 -0.0084913 0)
(1.10758 -0.00700716 0)
(1.10851 -0.00569576 0)
(1.1101 -0.00457052 0)
(1.11056 -0.00311812 0)
(1.1117 -0.00245414 0)
(1.11214 -0.000310537 0)
(1.11209 0.000131836 0)
(1.11303 0.00367644 0)
(1.11016 0.00478124 0)
(1.11128 0.010157 0)
(1.1031 0.013012 0)
(1.10248 0.0196935 0)
(1.08632 0.0237328 0)
(1.08205 0.0294896 0)
(1.05686 0.0323605 0)
(1.04946 0.0317643 0)
(1.02088 0.0332951 0)
(1.01035 0.0165519 0)
(0.996564 0.0179736 0)
(0.981632 -0.0252933 0)
(1.03048 -0.0435984 0)
(1.0546 -0.0374351 0)
(1.09379 -0.0317255 0)
(1.1086 0.0068718 0)
(1.07745 0.00692584 0)
(1.09825 0.0465638 0)
(0.982369 0.0367234 0)
(1.01988 -0.0254473 0)
(1.1076 -0.0122204 0)
(1.10931 -0.0104752 0)
(1.11117 -0.00857689 0)
(1.11183 -0.00692327 0)
(1.11329 -0.00558434 0)
(1.11358 -0.00381845 0)
(1.11469 -0.00318264 0)
(1.11529 -0.00057623 0)
(1.11532 -0.000281026 0)
(1.11693 0.00412747 0)
(1.11418 0.0054222 0)
(1.11634 0.0122634 0)
(1.10809 0.0161924 0)
(1.10798 0.0248494 0)
(1.0912 0.0305035 0)
(1.08614 0.0381274 0)
(1.05962 0.0421069 0)
(1.05002 0.0417858 0)
(1.02003 0.043932 0)
(1.00523 0.0231754 0)
(0.989547 0.0258603 0)
(0.966824 -0.0339934 0)
(1.02805 -0.0609967 0)
(1.06078 -0.0506621 0)
(1.10388 -0.0411743 0)
(1.12017 0.00860446 0)
(1.08402 0.0104982 0)
(1.10635 0.0624609 0)
(0.975937 0.0508987 0)
(1.00377 -0.0308348 0)
(1.11212 -0.014391 0)
(1.11369 -0.0121929 0)
(1.11535 -0.00987451 0)
(1.11565 -0.00788476 0)
(1.11688 -0.00640014 0)
(1.11695 -0.0043793 0)
(1.11796 -0.00392727 0)
(1.11877 -0.000953162 0)
(1.11888 -0.00101086 0)
(1.12141 0.00417632 0)
(1.11883 0.00557094 0)
(1.12239 0.0138613 0)
(1.11411 0.0190683 0)
(1.11467 0.029793 0)
(1.09719 0.0374172 0)
(1.09111 0.0469986 0)
(1.0632 0.0524289 0)
(1.05049 0.0524067 0)
(1.01976 0.0554877 0)
(0.998848 0.0313717 0)
(0.980821 0.0358393 0)
(0.947331 -0.0434992 0)
(1.02394 -0.0823925 0)
(1.0691 -0.0657486 0)
(1.11587 -0.0512076 0)
(1.13526 0.0106317 0)
(1.09054 0.01499 0)
(1.11685 0.0792624 0)
(0.971871 0.0685933 0)
(0.980538 -0.0336975 0)
(1.1173 -0.0162903 0)
(1.11868 -0.013584 0)
(1.12002 -0.0108327 0)
(1.11985 -0.00850939 0)
(1.12073 -0.00695677 0)
(1.12052 -0.00475086 0)
(1.12135 -0.00466895 0)
(1.1224 -0.00144896 0)
(1.12258 -0.00210958 0)
(1.12627 0.00373698 0)
(1.124 0.00512055 0)
(1.1293 0.0148485 0)
(1.12119 0.0215795 0)
(1.12252 0.0345291 0)
(1.10431 0.0445126 0)
(1.09696 0.0561504 0)
(1.06758 0.063471 0)
(1.05094 0.0635965 0)
(1.02026 0.0680678 0)
(0.991599 0.0416033 0)
(0.97019 0.0484655 0)
(0.922575 -0.0536551 0)
(1.01683 -0.108681 0)
(1.07888 -0.0831792 0)
(1.12976 -0.0620967 0)
(1.15348 0.0133649 0)
(1.097 0.0204161 0)
(1.12954 0.0963029 0)
(0.971227 0.0907214 0)
(0.952141 -0.0327918 0)
(1.12308 -0.017874 0)
(1.12421 -0.0145873 0)
(1.1251 -0.0113783 0)
(1.12433 -0.00872091 0)
(1.1247 -0.00718215 0)
(1.1241 -0.00487736 0)
(1.12465 -0.00537904 0)
(1.12595 -0.00207321 0)
(1.12626 -0.00363143 0)
(1.13132 0.00270936 0)
(1.12961 0.00395348 0)
(1.13699 0.0151045 0)
(1.12936 0.0236508 0)
(1.13149 0.0390782 0)
(1.11256 0.0517962 0)
(1.10373 0.0656435 0)
(1.07268 0.0753226 0)
(1.05154 0.0752901 0)
(1.02152 0.0816557 0)
(0.98416 0.0543159 0)
(0.957801 0.0644122 0)
(0.891642 -0.0639693 0)
(1.00337 -0.140501 0)
(1.08728 -0.103737 0)
(1.1449 -0.0741843 0)
(1.17348 0.0171117 0)
(1.10429 0.0266951 0)
(1.14349 0.113112 0)
(0.97391 0.117379 0)
(0.92329 -0.0275803 0)
(1.12946 -0.0190856 0)
(1.13024 -0.0151299 0)
(1.13052 -0.0114221 0)
(1.12897 -0.00842974 0)
(1.12868 -0.00698601 0)
(1.12753 -0.00469016 0)
(1.1277 -0.00601388 0)
(1.12922 -0.00283091 0)
(1.12971 -0.00562455 0)
(1.13636 0.00100013 0)
(1.13557 0.00194178 0)
(1.14536 0.0144864 0)
(1.13873 0.0251997 0)
(1.14156 0.0434781 0)
(1.12198 0.0592504 0)
(1.11141 0.0755683 0)
(1.07838 0.0879997 0)
(1.05248 0.0874287 0)
(1.02339 0.0960899 0)
(0.977314 0.0697655 0)
(0.944766 0.084538 0)
(0.853505 -0.0729981 0)
(0.976957 -0.177863 0)
(1.08777 -0.128801 0)
(1.15839 -0.0882062 0)
(1.193 0.0217647 0)
(1.11337 0.0336368 0)
(1.15732 0.129516 0)
(0.979338 0.147768 0)
(0.898931 -0.0184349 0)
(1.13642 -0.0198646 0)
(1.13675 -0.0151344 0)
(1.13622 -0.0108652 0)
(1.13368 -0.00753781 0)
(1.13253 -0.00626345 0)
(1.13063 -0.00410945 0)
(1.13032 -0.00651503 0)
(1.13195 -0.00372482 0)
(1.13276 -0.00814574 0)
(1.14116 -0.00154699 0)
(1.14178 -0.00106079 0)
(1.15436 0.0128258 0)
(1.14936 0.0261483 0)
(1.15275 0.0477711 0)
(1.1326 0.0668641 0)
(1.11994 0.0860285 0)
(1.08466 0.101456 0)
(1.05392 0.0999867 0)
(1.02561 0.111095 0)
(0.971943 0.0877171 0)
(0.932924 0.109784 0)
(0.809128 -0.0777289 0)
(0.931096 -0.219375 0)
(1.07116 -0.160136 0)
(1.16442 -0.1057 0)
(1.20903 0.0264963 0)
(1.12414 0.0408904 0)
(1.16974 0.145503 0)
(0.987034 0.180652 0)
(0.881838 -0.00617615 0)
(1.14397 -0.0201456 0)
(1.14372 -0.0145182 0)
(1.14217 -0.00959854 0)
(1.13839 -0.00593815 0)
(1.13616 -0.00489511 0)
(1.13325 -0.00304125 0)
(1.13232 -0.00681158 0)
(1.1339 -0.00474684 0)
(1.13519 -0.0112443 0)
(1.14554 -0.005095 0)
(1.14813 -0.00523928 0)
(1.164 0.00993019 0)
(1.16131 0.0264319 0)
(1.16512 0.0519894 0)
(1.14447 0.0746738 0)
(1.12915 0.0971099 0)
(1.0916 0.11561 0)
(1.05584 0.112997 0)
(1.02778 0.12631 0)
(0.969256 0.1074 0)
(0.923073 0.140455 0)
(0.7651 -0.0748854 0)
(0.869589 -0.261816 0)
(1.03244 -0.198509 0)
(1.15681 -0.12866 0)
(1.21832 0.0297813 0)
(1.13524 0.0478518 0)
(1.17989 0.161061 0)
(0.996602 0.21474 0)
(0.872334 0.00828424 0)
(1.15214 -0.0198617 0)
(1.15117 -0.0131965 0)
(1.14833 -0.00750775 0)
(1.14303 -0.00351708 0)
(1.13947 -0.0027485 0)
(1.13522 -0.00137584 0)
(1.13351 -0.00681784 0)
(1.13483 -0.00587564 0)
(1.13676 -0.0149686 0)
(1.14925 -0.00974465 0)
(1.15449 -0.0108103 0)
(1.17438 0.00559238 0)
(1.17462 0.0259986 0)
(1.17884 0.0561532 0)
(1.15756 0.0827889 0)
(1.13889 0.108849 0)
(1.0993 0.130389 0)
(1.05801 0.126567 0)
(1.02968 0.141246 0)
(0.970344 0.127893 0)
(0.913885 0.175628 0)
(0.733717 -0.0640233 0)
(0.811313 -0.300908 0)
(0.977891 -0.242237 0)
(1.1338 -0.158232 0)
(1.21868 0.0300065 0)
(1.1447 0.053727 0)
(1.1873 0.176006 0)
(1.00753 0.248851 0)
(0.869355 0.0239597 0)
(1.16095 -0.0189475 0)
(1.15911 -0.0110836 0)
(1.15468 -0.00447727 0)
(1.14757 -0.000162223 0)
(1.14234 0.000317445 0)
(1.13643 0.00101265 0)
(1.1337 -0.00643132 0)
(1.13452 -0.00707859 0)
(1.13725 -0.0193618 0)
(1.15206 -0.0156269 0)
(1.16073 -0.0180312 0)
(1.1856 -0.000430261 0)
(1.18932 0.0247951 0)
(1.19413 0.0602875 0)
(1.17172 0.0913868 0)
(1.14909 0.121221 0)
(1.1078 0.145784 0)
(1.05996 0.140818 0)
(1.03166 0.155318 0)
(0.974831 0.148694 0)
(0.904058 0.213104 0)
(0.725216 -0.0475055 0)
(0.775862 -0.33243 0)
(0.921328 -0.287016 0)
(1.09925 -0.193663 0)
(1.21007 0.0261738 0)
(1.15095 0.0577302 0)
(1.19182 0.189971 0)
(1.01916 0.282002 0)
(0.871407 0.0401368 0)
(1.17046 -0.0173408 0)
(1.16758 -0.00809212 0)
(1.16122 -0.000421704 0)
(1.15198 0.00425355 0)
(1.1447 0.00444771 0)
(1.13677 0.00424492 0)
(1.13267 -0.00553767 0)
(1.13272 -0.00831552 0)
(1.13642 -0.0244485 0)
(1.15368 -0.022873 0)
(1.16673 -0.0272174 0)
(1.19777 -0.00829281 0)
(1.20553 0.0227675 0)
(1.21123 0.0644562 0)
(1.18672 0.100674 0)
(1.15989 0.134153 0)
(1.11682 0.161904 0)
(1.06139 0.155703 0)
(1.03455 0.168181 0)
(0.98035 0.169674 0)
(0.895114 0.250033 0)
(0.739135 -0.0289715 0)
(0.765971 -0.353833 0)
(0.872668 -0.327852 0)
(1.05871 -0.232661 0)
(1.19406 0.0180914 0)
(1.15322 0.0593304 0)
(1.19352 0.202574 0)
(1.03088 0.313497 0)
(0.876995 0.0563755 0)
(1.18072 -0.0149867 0)
(1.1766 -0.00413327 0)
(1.16796 0.00481012 0)
(1.15628 0.00987894 0)
(1.14648 0.00979885 0)
(1.13617 0.00846153 0)
(1.13021 -0.00400568 0)
(1.12925 -0.00954311 0)
(1.13403 -0.0302203 0)
(1.15376 -0.0316129 0)
(1.17246 -0.0387494 0)
(1.21096 -0.0181688 0)
(1.22348 0.0198463 0)
(1.23029 0.0687944 0)
(1.20234 0.110818 0)
(1.17154 0.147611 0)
(1.12575 0.178907 0)
(1.06244 0.170955 0)
(1.03882 0.179925 0)
(0.984034 0.190704 0)
(0.890113 0.283743 0)
(0.766188 -0.0117178 0)
(0.771562 -0.365313 0)
(0.83405 -0.361676 0)
(1.01607 -0.272724 0)
(1.1726 0.00618739 0)
(1.15145 0.0583483 0)
(1.19259 0.21354 0)
(1.04212 0.342892 0)
(0.884843 0.0722952 0)
(1.19181 -0.0118322 0)
(1.18624 0.000846524 0)
(1.17494 0.0113236 0)
(1.16044 0.0168427 0)
(1.14763 0.0165211 0)
(1.13455 0.0138311 0)
(1.12614 -0.00167548 0)
(1.12392 -0.0107137 0)
(1.12983 -0.0366165 0)
(1.15194 -0.0420045 0)
(1.17784 -0.0530592 0)
(1.22522 -0.030295 0)
(1.24353 0.0159761 0)
(1.25129 0.0735091 0)
(1.21853 0.121921 0)
(1.18412 0.161659 0)
(1.13396 0.196892 0)
(1.06367 0.186202 0)
(1.04403 0.191011 0)
(0.98433 0.211446 0)
(0.890672 0.312514 0)
(0.797207 0.00338985 0)
(0.783747 -0.368478 0)
(0.804552 -0.387705 0)
(0.973736 -0.311981 0)
(1.14749 -0.00894533 0)
(1.14598 0.0548627 0)
(1.18933 0.222727 0)
(1.05248 0.369936 0)
(0.893946 0.0876337 0)
(1.20379 -0.00783115 0)
(1.19653 0.00695726 0)
(1.18223 0.0191641 0)
(1.16449 0.025254 0)
(1.14816 0.0247575 0)
(1.13187 0.0205073 0)
(1.1203 0.00160171 0)
(1.11657 -0.0117695 0)
(1.12357 -0.0435243 0)
(1.14784 -0.0542131 0)
(1.1827 -0.0705846 0)
(1.24062 -0.044934 0)
(1.26604 0.0111142 0)
(1.27408 0.0788352 0)
(1.2354 0.134043 0)
(1.19748 0.176448 0)
(1.14103 0.215834 0)
(1.06559 0.201137 0)
(1.0491 0.202038 0)
(0.981361 0.231385 0)
(0.895963 0.335802 0)
(0.826997 0.0166612 0)
(0.798391 -0.365141 0)
(0.783493 -0.406313 0)
(0.933663 -0.349182 0)
(1.12032 -0.026784 0)
(1.1374 0.0490961 0)
(1.18408 0.230093 0)
(1.06165 0.394513 0)
(0.903557 0.102221 0)
(1.21676 -0.00298057 0)
(1.20755 0.0142685 0)
(1.18988 0.0284214 0)
(1.16849 0.0352298 0)
(1.14811 0.0346515 0)
(1.12808 0.0286374 0)
(1.11256 0.0059625 0)
(1.10707 -0.0126332 0)
(1.11496 -0.0507753 0)
(1.14106 -0.0683747 0)
(1.18654 -0.091806 0)
(1.257 -0.0623538 0)
(1.29111 0.00527289 0)
(1.29842 0.0850006 0)
(1.25309 0.147238 0)
(1.21119 0.192169 0)
(1.14693 0.235585 0)
(1.06841 0.215634 0)
(1.053 0.213468 0)
(0.976116 0.25008 0)
(0.903858 0.353905 0)
(0.853152 0.0284113 0)
(0.813205 -0.357141 0)
(0.770027 -0.41835 0)
(0.897452 -0.38347 0)
(1.09247 -0.0465282 0)
(1.12641 0.0413796 0)
(1.17718 0.235663 0)
(1.06949 0.416617 0)
(0.913148 0.115961 0)
(1.23082 0.00274673 0)
(1.2194 0.0227539 0)
(1.198 0.0391374 0)
(1.17252 0.0468772 0)
(1.14754 0.0463366 0)
(1.12316 0.0383844 0)
(1.10286 0.0115549 0)
(1.09523 -0.0131984 0)
(1.10364 -0.0581416 0)
(1.13108 -0.0845333 0)
(1.18811 -0.117138 0)
(1.27345 -0.0828891 0)
(1.31813 -0.00160586 0)
(1.32387 0.0921519 0)
(1.27159 0.161561 0)
(1.22475 0.208991 0)
(1.15184 0.255933 0)
(1.07189 0.229729 0)
(1.05512 0.225551 0)
(0.969597 0.267293 0)
(0.912328 0.367499 0)
(0.87476 0.0388999 0)
(0.82681 -0.346113 0)
(0.762867 -0.424906 0)
(0.86615 -0.414331 0)
(1.0651 -0.0673267 0)
(1.11372 0.0321139 0)
(1.16898 0.239528 0)
(1.07593 0.436323 0)
(0.922361 0.128796 0)
(1.24605 0.00940471 0)
(1.23216 0.0324383 0)
(1.20671 0.051342 0)
(1.17666 0.0602979 0)
(1.1465 0.0599491 0)
(1.11706 0.0499106 0)
(1.09106 0.0185706 0)
(1.08077 -0.0132906 0)
(1.08904 -0.0653241 0)
(1.11704 -0.102501 0)
(1.18472 -0.14675 0)
(1.28719 -0.106964 0)
(1.34511 -0.00964401 0)
(1.34946 0.100252 0)
(1.29054 0.177025 0)
(1.23763 0.227001 0)
(1.15599 0.276667 0)
(1.0756 0.243538 0)
(1.05534 0.238367 0)
(0.962487 0.282979 0)
(0.919949 0.377351 0)
(0.891809 0.0483002 0)
(0.838744 -0.333331 0)
(0.760669 -0.427123 0)
(0.840205 -0.441552 0)
(1.03908 -0.0886187 0)
(1.09997 0.0216975 0)
(1.1598 0.241821 0)
(1.08099 0.45376 0)
(0.930968 0.140706 0)
(1.26255 0.0169629 0)
(1.24588 0.043316 0)
(1.21607 0.0650565 0)
(1.18099 0.0756006 0)
(1.14497 0.0756205 0)
(1.10961 0.0633679 0)
(1.07698 0.0272435 0)
(1.06319 -0.0126244 0)
(1.07016 -0.0718856 0)
(1.09731 -0.121611 0)
(1.17152 -0.180265 0)
(1.29257 -0.135083 0)
(1.36786 -0.0192593 0)
(1.3732 0.108926 0)
(1.30905 0.193494 0)
(1.24935 0.246168 0)
(1.1595 0.297596 0)
(1.07909 0.257181 0)
(1.0538 0.251891 0)
(0.955156 0.297197 0)
(0.925903 0.384241 0)
(0.904708 0.0567329 0)
(0.849007 -0.319758 0)
(0.762204 -0.426049 0)
(0.819563 -0.46516 0)
(1.015 -0.109866 0)
(1.08572 0.0105183 0)
(1.14994 0.242703 0)
(1.08475 0.469094 0)
(0.938837 0.151699 0)
(1.28023 0.025389 0)
(1.26044 0.0553459 0)
(1.22596 0.0803001 0)
(1.18538 0.0929025 0)
(1.14269 0.0934814 0)
(1.10046 0.0789108 0)
(1.06022 0.0378156 0)
(1.0417 -0.0107604 0)
(1.04524 -0.0771281 0)
(1.06877 -0.140402 0)
(1.14148 -0.216329 0)
(1.28103 -0.167736 0)
(1.37981 -0.0318727 0)
(1.39173 0.117193 0)
(1.3256 0.210543 0)
(1.25934 0.266299 0)
(1.16235 0.318538 0)
(1.08199 0.270744 0)
(1.05079 0.26603 0)
(0.947758 0.310069 0)
(0.92984 0.388866 0)
(0.913974 0.0642374 0)
(0.85778 -0.306104 0)
(0.766461 -0.422578 0)
(0.803835 -0.485341 0)
(0.993203 -0.130602 0)
(1.07141 -0.00107262 0)
(1.13968 0.242352 0)
(1.08731 0.482507 0)
(0.945901 0.161805 0)
(1.29863 0.0347128 0)
(1.27537 0.0684959 0)
(1.23593 0.0971015 0)
(1.18933 0.112328 0)
(1.13913 0.113662 0)
(1.08886 0.0967072 0)
(1.04007 0.0505305 0)
(1.01522 -0.00707212 0)
(1.01144 -0.079943 0)
(1.02633 -0.156636 0)
(1.08749 -0.252618 0)
(1.24377 -0.205122 0)
(1.37335 -0.0492567 0)
(1.40081 0.123495 0)
(1.33812 0.227368 0)
(1.26692 0.287006 0)
(1.16436 0.339294 0)
(1.08405 0.284264 0)
(1.0466 0.280653 0)
(0.940322 0.321756 0)
(0.931729 0.391775 0)
(0.920111 0.0708122 0)
(0.865284 -0.292881 0)
(0.772678 -0.417428 0)
(0.79246 -0.502367 0)
(0.973839 -0.150524 0)
(1.05738 -0.0127848 0)
(1.12924 0.240943 0)
(1.0888 0.494192 0)
(0.952144 0.171063 0)
(1.31651 0.0449655 0)
(1.28948 0.0827139 0)
(1.24495 0.115489 0)
(1.1918 0.133979 0)
(1.13324 0.136279 0)
(1.07365 0.116916 0)
(1.01553 0.0656437 0)
(0.982182 -0.000717644 0)
(0.964854 -0.0787074 0)
(0.964113 -0.167982 0)
(1.00623 -0.286822 0)
(1.17669 -0.247201 0)
(1.34306 -0.0730423 0)
(1.39643 0.125971 0)
(1.34437 0.242836 0)
(1.27133 0.307711 0)
(1.16523 0.359625 0)
(1.08509 0.297719 0)
(1.04147 0.295612 0)
(0.932807 0.332416 0)
(0.931728 0.39339 0)
(0.923585 0.0764604 0)
(0.871687 -0.280461 0)
(0.780277 -0.411174 0)
(0.784848 -0.516528 0)
(0.956905 -0.169415 0)
(1.04389 -0.0243826 0)
(1.1188 0.23865 0)
(1.08934 0.504336 0)
(0.95758 0.179523 0)
(1.33158 0.0561018 0)
(1.30064 0.0978864 0)
(1.25114 0.135443 0)
(1.19107 0.157875 0)
(1.12346 0.161392 0)
(1.0533 0.139643 0)
(0.985318 0.0834658 0)
(0.940202 0.00980633 0)
(0.901423 -0.071538 0)
(0.87889 -0.173134 0)
(0.901443 -0.318101 0)
(1.08343 -0.293822 0)
(1.28845 -0.104569 0)
(1.37651 0.122843 0)
(1.34263 0.255689 0)
(1.27188 0.327707 0)
(1.16464 0.379255 0)
(1.08505 0.311036 0)
(1.03562 0.310762 0)
(0.925152 0.34219 0)
(0.9301 0.394041 0)
(0.924849 0.0811969 0)
(0.877085 -0.269109 0)
(0.78878 -0.404302 0)
(0.780474 -0.528124 0)
(0.942303 -0.187119 0)
(1.0311 -0.0356854 0)
(1.10852 0.235634 0)
(1.08907 0.513119 0)
(0.962244 0.187237 0)
(1.34013 0.0680637 0)
(1.30554 0.113845 0)
(1.25167 0.156849 0)
(1.18468 0.183896 0)
(1.10767 0.188941 0)
(1.02614 0.164866 0)
(0.947922 0.104406 0)
(0.886212 0.0261998 0)
(0.818785 -0.0571545 0)
(0.773489 -0.172629 0)
(0.78343 -0.3472 0)
(0.973508 -0.3444 0)
(1.21387 -0.143982 0)
(1.34155 0.112937 0)
(1.33216 0.26483 0)
(1.26808 0.34627 0)
(1.1623 0.397875 0)
(1.08388 0.324103 0)
(1.02917 0.325964 0)
(0.917299 0.351197 0)
(0.927126 0.393983 0)
(0.924346 0.0850535 0)
(0.881536 -0.258985 0)
(0.797747 -0.397202 0)
(0.778902 -0.537523 0)
(0.929875 -0.203524 0)
(1.01913 -0.0465512 0)
(1.09852 0.232042 0)
(1.08812 0.520707 0)
(0.966185 0.194262 0)
(1.33676 0.0808684 0)
(1.29954 0.130397 0)
(1.24269 0.179485 0)
(1.16951 0.211767 0)
(1.08337 0.218687 0)
(0.990531 0.19243 0)
(0.901479 0.128947 0)
(0.817506 0.0494816 0)
(0.718574 -0.035841 0)
(0.656865 -0.168555 0)
(0.665073 -0.374723 0)
(0.857226 -0.397289 0)
(1.1259 -0.189861 0)
(1.29406 0.0961275 0)
(1.31329 0.269552 0)
(1.25983 0.362791 0)
(1.15805 0.415226 0)
(1.08158 0.336804 0)
(1.02225 0.341092 0)
(0.909212 0.359536 0)
(0.923063 0.393391 0)
(0.922485 0.0880958 0)
(0.885106 -0.250078 0)
(0.806788 -0.390104 0)
(0.779771 -0.545156 0)
(0.919437 -0.218607 0)
(1.00804 -0.0568645 0)
(1.08889 0.228011 0)
(1.08659 0.527258 0)
(0.96946 0.20065 0)
(1.3145 0.0939523 0)
(1.27672 0.146949 0)
(1.21954 0.2028 0)
(1.142 0.241015 0)
(1.04805 0.250207 0)
(0.945062 0.222128 0)
(0.844044 0.157574 0)
(0.733364 0.079379 0)
(0.606925 -0.0100319 0)
(0.540943 -0.16315 0)
(0.557581 -0.399916 0)
(0.742897 -0.450044 0)
(1.03087 -0.240681 0)
(1.23743 0.0731165 0)
(1.28712 0.269858 0)
(1.24737 0.376759 0)
(1.15185 0.430964 0)
(1.07822 0.348992 0)
(1.01494 0.356028 0)
(0.900892 0.367297 0)
(0.91811 0.392386 0)
(0.919632 0.0903091 0)
(0.887899 -0.242136 0)
(0.815587 -0.383071 0)
(0.782707 -0.551334 0)
(0.9108 -0.232519 0)
(0.997884 -0.0666182 0)
(1.07969 0.223678 0)
(1.08459 0.532882 0)
(0.972126 0.206456 0)
(1.26597 0.105502 0)
(1.2304 0.16154 0)
(1.17729 0.224717 0)
(1.09881 0.270163 0)
(0.999767 0.282606 0)
(0.888752 0.253676 0)
(0.77421 0.190734 0)
(0.635828 0.115086 0)
(0.493132 0.0162463 0)
(0.437594 -0.157877 0)
(0.467966 -0.422929 0)
(0.637595 -0.501567 0)
(0.933866 -0.296427 0)
(1.17561 0.0433952 0)
(1.25526 0.265344 0)
(1.23109 0.388761 0)
(1.14364 0.445478 0)
(1.07382 0.360631 0)
(1.00725 0.370731 0)
(0.892344 0.374581 0)
(0.912392 0.391119 0)
(0.916148 0.0921911 0)
(0.890049 -0.234844 0)
(0.823947 -0.376238 0)
(0.787276 -0.556121 0)
(0.903739 -0.245308 0)
(0.988741 -0.0760304 0)
(1.07097 0.219026 0)
(1.0822 0.537816 0)
(0.974236 0.211794 0)
(1.18113 0.115278 0)
(1.15344 0.172409 0)
(1.11284 0.240907 0)
(1.03918 0.293286 0)
(0.939212 0.311235 0)
(0.822101 0.285967 0)
(0.692046 0.229806 0)
(0.529059 0.157346 0)
(0.387338 0.0470013 0)
(0.356327 -0.156705 0)
(0.398431 -0.450079 0)
(0.547856 -0.554085 0)
(0.838639 -0.354655 0)
(1.11357 0.00264433 0)
(1.22047 0.252369 0)
(1.21233 0.393865 0)
(1.13458 0.457432 0)
(1.06876 0.372201 0)
(0.999792 0.384975 0)
(0.883823 0.381578 0)
(0.906109 0.390802 0)
(0.912469 0.0955802 0)
(0.891587 -0.229062 0)
(0.831806 -0.370363 0)
(0.793013 -0.559497 0)
(0.897988 -0.256256 0)
(0.980638 -0.0848715 0)
(1.06283 0.213771 0)
(1.07954 0.541683 0)
(0.975814 0.216761 0)
(1.04426 0.127593 1.62485e-20)
(1.05854 0.198431 -3.65927e-21)
(1.04063 0.281321 3.43151e-21)
(0.97278 0.342691 -1.27942e-20)
(0.870644 0.360692 4.55314e-21)
(0.746809 0.330002 -2.08668e-21)
(0.604281 0.270173 9.25747e-22)
(0.433352 0.187685 -8.72945e-23)
(0.311466 0.0528492 -8.4549e-23)
(0.309332 -0.174875 8.8817e-22)
(0.35706 -0.484306 -9.46239e-22)
(0.490024 -0.597673 1.89557e-21)
(0.764332 -0.396109 2.0975e-21)
(1.06483 -0.0129913 -5.6955e-21)
(1.19501 0.259553 -1.41725e-22)
(1.19414 0.411584 2.31425e-22)
(1.12204 0.471021 1.23277e-21)
(1.05932 0.381869 5.76978e-22)
(0.98813 0.398038 2.13971e-22)
(0.874329 0.387018 -2.74924e-22)
(0.901794 0.38529 1.29652e-22)
(0.909513 0.0891411 -3.9661e-23)
(0.892308 -0.229324 8.12068e-23)
(0.838154 -0.367287 -1.48006e-22)
(0.798598 -0.561353 4.10654e-22)
(0.894089 -0.263123 -1.62265e-22)
(0.974443 -0.0902793 -1.86739e-24)
(1.05657 0.21169 -5.95205e-24)
(1.07708 0.54556 -2.23912e-23)
(0.976657 0.220154 -2.23353e-24)
(0.93797 0.12934 4.37624e-21)
(0.966212 0.211202 -1.14e-20)
(0.96709 0.302521 5.74185e-21)
(0.907288 0.365949 5.47887e-21)
(0.805291 0.380334 -2.16205e-21)
(0.675533 0.345982 1.16732e-21)
(0.522033 0.285915 -1.43505e-21)
(0.347823 0.195317 2.9832e-22)
(0.253002 0.0367683 -6.25972e-22)
(0.283508 -0.209647 3.01945e-22)
(0.340527 -0.516739 4.73719e-22)
(0.467751 -0.614473 1.99257e-21)
(0.726518 -0.403156 -2.28213e-21)
(1.02891 -0.00959633 3.48319e-22)
(1.17235 0.266586 8.80433e-22)
(1.17852 0.422409 -3.1818e-21)
(1.11155 0.47787 2.07654e-21)
(1.05133 0.387098 -1.08632e-21)
(0.978576 0.407375 1.8456e-22)
(0.866458 0.39069 -3.4282e-22)
(0.897865 0.379128 1.09789e-22)
(0.906716 0.0799622 3.12388e-22)
(0.892258 -0.232938 -2.29777e-23)
(0.842559 -0.367673 4.09007e-23)
(0.803856 -0.562576 -4.91045e-22)
(0.892593 -0.265678 -1.27391e-24)
(0.969798 -0.093248 -5.72651e-23)
(1.05154 0.210522 1.58436e-23)
(1.07493 0.548533 1.37111e-22)
(0.977292 0.222803 4.35168e-25)
(0.838944 0.132467 -1.46721e-21)
(0.869585 0.219782 3.97114e-21)
(0.883873 0.318345 1.01307e-20)
(0.832513 0.384462 -6.09856e-21)
(0.732108 0.396566 6.76762e-21)
(0.596537 0.36056 -1.00896e-21)
(0.433341 0.300221 -1.26135e-21)
(0.263991 0.197423 -2.81805e-22)
(0.209053 0.0150678 -2.0138e-23)
(0.273049 -0.245973 3.36691e-22)
(0.333113 -0.54592 -1.44722e-22)
(0.450412 -0.632645 1.07925e-21)
(0.697884 -0.41329 1.05787e-21)
(0.996536 -0.0128244 -6.4219e-22)
(1.14866 0.271316 -1.14153e-21)
(1.16192 0.430847 5.6261e-23)
(1.10069 0.482469 1.60575e-21)
(1.04311 0.391298 -3.92413e-22)
(0.968945 0.416128 6.38155e-23)
(0.858364 0.393659 1.58796e-22)
(0.893227 0.372061 -7.03e-23)
(0.903476 0.0706998 4.00501e-23)
(0.891966 -0.236408 -2.74491e-22)
(0.846873 -0.367732 4.31566e-22)
(0.809374 -0.56365 -1.66794e-22)
(0.892007 -0.268214 1.30159e-22)
(0.965494 -0.0961137 1.05696e-22)
(1.04657 0.209378 -3.28509e-22)
(1.0726 0.551303 -1.07253e-22)
(0.977874 0.22532 -7.25728e-24)
(0.742878 0.137005 5.28815e-22)
(0.771538 0.228462 3.04212e-21)
(0.793883 0.334192 -1.83438e-20)
(0.74972 0.40458 9.15219e-21)
(0.651294 0.416545 -4.90491e-21)
(0.509929 0.380381 1.80333e-21)
(0.340117 0.317576 -1.03847e-21)
(0.187379 0.196358 -1.55141e-22)
(0.18141 -0.0111572 -3.32796e-22)
(0.272714 -0.282743 4.57333e-22)
(0.330441 -0.573332 7.68832e-22)
(0.4346 -0.649409 1.43155e-21)
(0.671425 -0.424662 -2.54075e-21)
(0.965938 -0.0174934 4.1475e-21)
(1.12418 0.274317 -4.1497e-21)
(1.14447 0.438671 -8.45807e-22)
(1.08949 0.487052 2.22714e-21)
(1.03465 0.396022 -3.7674e-22)
(0.959235 0.425118 3.91118e-23)
(0.850091 0.396208 1.33424e-22)
(0.887717 0.364849 -2.13949e-23)
(0.899794 0.0621446 -6.17922e-23)
(0.891591 -0.239573 2.95237e-22)
(0.851247 -0.367705 -1.25092e-22)
(0.815227 -0.564615 2.15886e-22)
(0.892016 -0.270807 -2.66249e-22)
(0.961504 -0.0990713 1.1215e-22)
(1.04166 0.208015 2.5361e-22)
(1.0701 0.553894 3.93426e-23)
(0.978392 0.227764 -4.77142e-24)
(0.64814 0.141143 1.22977e-21)
(0.673402 0.236795 5.83783e-21)
(0.699335 0.349077 6.5909e-21)
(0.660202 0.424141 -5.28414e-21)
(0.563324 0.43753 -3.0946e-21)
(0.416655 0.402267 -4.10763e-22)
(0.245811 0.333785 4.41602e-23)
(0.123744 0.187755 -1.27706e-23)
(0.168487 -0.0438162 -4.44953e-23)
(0.278925 -0.319488 3.06805e-22)
(0.331966 -0.597845 5.59195e-22)
(0.420906 -0.664846 1.63149e-21)
(0.646013 -0.43643 -5.98902e-21)
(0.93625 -0.0229757 1.57783e-21)
(1.09899 0.276062 -6.62539e-22)
(1.12632 0.445807 -1.26081e-21)
(1.07795 0.491615 2.49165e-22)
(1.02594 0.40125 2.1139e-22)
(0.949433 0.434384 -3.92719e-22)
(0.841685 0.398449 1.90241e-22)
(0.881204 0.357608 1.34148e-22)
(0.895755 0.0538786 -2.09584e-22)
(0.891244 -0.242683 -5.35427e-22)
(0.855699 -0.36772 4.7104e-22)
(0.821418 -0.565485 -2.68981e-22)
(0.892484 -0.273279 8.9318e-23)
(0.957811 -0.102009 -1.08856e-22)
(1.03684 0.206453 1.24424e-22)
(1.06741 0.556313 6.81647e-23)
(0.97883 0.230145 5.39716e-25)
(0.554723 0.144556 -6.61384e-21)
(0.575852 0.244878 1.30979e-21)
(0.601893 0.363028 3.45178e-21)
(0.565333 0.442812 3.85474e-21)
(0.469222 0.458885 -4.6846e-21)
(0.31885 0.424969 1.68328e-22)
(0.155176 0.345328 -7.64237e-23)
(0.0771209 0.169957 -2.76622e-22)
(0.1667 -0.0828466 3.2481e-22)
(0.289539 -0.355127 -1.11828e-21)
(0.337118 -0.619307 -5.37962e-22)
(0.409393 -0.678776 8.59746e-22)
(0.621375 -0.448662 1.93471e-21)
(0.907066 -0.0299821 -1.46756e-21)
(1.07315 0.276509 1.66946e-21)
(1.10754 0.451892 -7.29118e-22)
(1.0661 0.495725 -3.18775e-22)
(1.01699 0.406686 6.53799e-22)
(0.939547 0.443764 -1.22556e-22)
(0.833182 0.400413 4.13912e-22)
(0.873642 0.35024 -3.45286e-22)
(0.89152 0.0457851 3.38641e-22)
(0.891012 -0.245785 2.24165e-22)
(0.860223 -0.367789 3.59555e-23)
(0.827938 -0.566264 2.8027e-22)
(0.893341 -0.275596 9.35591e-23)
(0.954409 -0.104886 1.79653e-22)
(1.03212 0.204739 -2.61459e-22)
(1.06454 0.558561 -2.68512e-22)
(0.97917 0.232454 1.26119e-24)
(0.46338 0.147397 -1.00836e-20)
(0.479419 0.253123 4.69165e-21)
(0.502919 0.376648 -5.56133e-21)
(0.466596 0.461215 7.63471e-22)
(0.37072 0.481114 -2.80737e-21)
(0.219713 0.446935 1.90947e-21)
(0.0737496 0.350022 1.05937e-21)
(0.0487194 0.143421 -3.95479e-22)
(0.172079 -0.125552 -1.02289e-22)
(0.302971 -0.388948 -1.44086e-22)
(0.345396 -0.63764 1.76312e-21)
(0.400109 -0.691087 -1.78428e-21)
(0.597482 -0.461341 -4.5147e-22)
(0.878195 -0.0382525 4.73499e-22)
(1.04674 0.275601 7.13073e-22)
(1.08822 0.456811 8.35678e-22)
(1.05398 0.499257 4.26861e-22)
(1.00782 0.412242 -5.13441e-22)
(0.929599 0.453184 -1.71414e-22)
(0.824595 0.402145 1.37013e-22)
(0.86509 0.342724 -1.74751e-22)
(0.887286 0.0377634 -1.7778e-22)
(0.890966 -0.248895 -4.49563e-22)
(0.864811 -0.367918 1.69403e-22)
(0.834772 -0.566959 3.72185e-22)
(0.894544 -0.27776 8.84238e-23)
(0.951301 -0.1077 -6.43095e-23)
(1.02749 0.202894 7.11952e-23)
(1.06148 0.560637 2.23671e-22)
(0.979399 0.234683 -5.28676e-24)
(0.374976 0.150022 2.84154e-21)
(0.384627 0.261865 -9.15403e-21)
(0.403615 0.390348 9.45504e-21)
(0.365705 0.479773 -1.10204e-20)
(0.270114 0.503843 -1.89489e-21)
(0.123115 0.465433 5.66e-21)
(0.00661557 0.346569 -3.31442e-21)
(0.0364925 0.108807 9.21446e-22)
(0.181515 -0.169957 -1.04752e-21)
(0.318114 -0.420666 1.91041e-21)
(0.356357 -0.652904 3.42279e-22)
(0.393095 -0.701665 -1.20589e-21)
(0.574434 -0.474397 -9.37136e-22)
(0.849575 -0.0477389 1.09184e-21)
(1.01979 0.273341 4.95868e-23)
(1.06843 0.460555 -5.88172e-22)
(1.04162 0.502249 1.62014e-22)
(0.998445 0.417929 -8.83053e-22)
(0.919613 0.462641 6.741e-23)
(0.815914 0.403713 -2.14581e-22)
(0.8557 0.335098 -1.1872e-22)
(0.883249 0.0297824 4.24526e-23)
(0.891174 -0.252023 7.63184e-22)
(0.869453 -0.368119 -5.96784e-22)
(0.841899 -0.567578 -5.47896e-23)
(0.896059 -0.279769 -6.68176e-23)
(0.94849 -0.110447 -2.30489e-23)
(1.02298 0.200928 -6.25651e-23)
(1.05823 0.562545 -4.88736e-23)
(0.979503 0.236829 1.78109e-23)
(0.290174 0.152902 2.22411e-21)
(0.292059 0.27151 -1.4628e-20)
(0.305194 0.404388 5.31401e-21)
(0.264557 0.498608 6.90114e-21)
(0.170135 0.525356 -5.54502e-22)
(0.0337025 0.479154 -1.68722e-22)
(-0.0424845 0.334037 1.30119e-21)
(0.036462 0.0669805 -6.06183e-23)
(0.193278 -0.214584 -7.84109e-22)
(0.334262 -0.450254 -5.43444e-22)
(0.369614 -0.665229 9.05681e-22)
(0.388402 -0.710406 -1.57561e-22)
(0.552331 -0.487721 -1.40894e-21)
(0.821207 -0.0585664 2.22747e-21)
(0.992399 0.269714 -5.08935e-22)
(1.04827 0.463101 -5.83703e-22)
(1.02906 0.50473 1.17455e-21)
(0.9889 0.423746 7.89923e-23)
(0.909615 0.472135 -4.92601e-22)
(0.807115 0.405186 -1.23226e-22)
(0.845701 0.327386 2.61691e-22)
(0.879591 0.0218669 3.84345e-22)
(0.891691 -0.255172 -8.89602e-22)
(0.874141 -0.368395 3.31127e-22)
(0.849298 -0.568125 -2.25258e-22)
(0.897862 -0.281618 2.28111e-23)
(0.945981 -0.113118 -2.94444e-22)
(1.01858 0.198852 -3.58266e-22)
(1.0548 0.564291 -5.90544e-23)
(0.979473 0.238891 -4.0792e-23)
(0.209395 0.156486 4.96057e-21)
(0.202452 0.282529 -1.23726e-20)
(0.208972 0.418822 3.13818e-21)
(0.165203 0.517117 6.31616e-21)
(0.074278 0.544592 -8.83202e-21)
(-0.0438133 0.486718 -1.37719e-21)
(-0.072254 0.312384 2.60193e-21)
(0.0446329 0.021298 -5.90554e-22)
(0.206789 -0.258457 4.44412e-22)
(0.351027 -0.477824 -2.0075e-23)
(0.384829 -0.674806 4.76197e-22)
(0.386099 -0.717214 -6.41217e-22)
(0.53131 -0.501192 -4.35419e-22)
(0.793131 -0.0705999 -9.99475e-22)
(0.964641 0.264715 -2.86139e-22)
(1.02781 0.464407 1.89053e-21)
(1.01634 0.506693 -9.66837e-22)
(0.979225 0.429671 3.42249e-23)
(0.899622 0.481663 3.24251e-22)
(0.798172 0.406625 -7.68166e-23)
(0.835361 0.31959 5.91884e-23)
(0.87647 0.0139976 6.05424e-23)
(0.892564 -0.258338 3.7596e-22)
(0.87887 -0.36875 -5.46787e-23)
(0.856943 -0.568607 -1.13825e-22)
(0.899929 -0.283302 -1.43385e-22)
(0.943777 -0.115709 5.19204e-22)
(1.01429 0.19668 4.45614e-22)
(1.0512 0.565879 2.57802e-22)
(0.979302 0.240867 2.1223e-23)
(0.132924 0.161182 -1.10936e-22)
(0.116769 0.295289 -5.27657e-21)
(0.116421 0.433575 6.64789e-21)
(0.0702276 0.534564 -1.00946e-21)
(-0.0134931 0.56072 -3.85689e-21)
(-0.105395 0.486459 2.57635e-21)
(-0.0836621 0.282568 2.59496e-22)
(0.0583531 -0.0251442 1.6279e-22)
(0.222012 -0.300968 -1.92524e-22)
(0.368265 -0.503532 -1.31193e-21)
(0.401701 -0.681858 6.58316e-22)
(0.386276 -0.722005 -1.59125e-22)
(0.511506 -0.514654 -1.06138e-22)
(0.765404 -0.083832 2.63065e-21)
(0.936614 0.258328 -2.26754e-21)
(1.00715 0.464426 -1.83586e-22)
(1.00351 0.508125 -5.10155e-22)
(0.969473 0.435672 -5.5307e-23)
(0.889641 0.491224 1.23108e-22)
(0.789075 0.40808 1.34868e-22)
(0.824966 0.311698 -6.12431e-23)
(0.874015 0.00598138 -1.60201e-22)
(0.893831 -0.261511 -1.78138e-22)
(0.883635 -0.369182 -1.66681e-22)
(0.86481 -0.569029 3.10682e-22)
(0.902235 -0.28482 -6.4641e-23)
(0.941881 -0.118214 -9.9581e-23)
(1.01011 0.194425 -1.75493e-22)
(1.04742 0.567318 -7.65123e-23)
(0.978987 0.242754 5.21923e-25)
(0.0611439 0.16771 4.53009e-21)
(0.0362219 0.309686 -5.28534e-21)
(0.029375 0.448388 -1.71709e-21)
(-0.0173659 0.550398 1.62794e-21)
(-0.0892824 0.572194 2.1758e-21)
(-0.148117 0.477546 -1.42886e-21)
(-0.0797894 0.246232 -4.05307e-22)
(0.0765485 -0.0726262 1.59993e-21)
(0.239371 -0.341815 -3.89309e-22)
(0.386013 -0.527523 1.52086e-22)
(0.419951 -0.686629 1.52542e-22)
(0.389038 -0.72471 -4.18006e-22)
(0.493064 -0.527924 9.17397e-22)
(0.738087 -0.0981905 -3.49908e-21)
(0.908425 0.250543 1.22875e-21)
(0.986353 0.463119 1.31516e-21)
(0.99061 0.509012 1.82103e-22)
(0.95971 0.441721 -5.21272e-22)
(0.879664 0.500821 4.9507e-22)
(0.779842 0.409585 -2.79144e-22)
(0.814769 0.303695 2.2226e-22)
(0.872322 -0.00217038 -1.69328e-22)
(0.895536 -0.264677 -1.12208e-22)
(0.888435 -0.369688 1.17224e-22)
(0.872868 -0.569398 -6.97667e-23)
(0.904759 -0.286171 3.14885e-22)
(0.940293 -0.120628 -2.43514e-22)
(1.00605 0.192102 3.74733e-22)
(1.04348 0.568612 -1.74099e-22)
(0.978524 0.244552 -3.10261e-24)
(-0.00508581 0.176991 -5.27027e-21)
(-0.0376942 0.324832 1.75643e-21)
(-0.0499382 0.462717 -1.72398e-21)
(-0.0944492 0.563746 -9.72623e-22)
(-0.149704 0.577682 1.40889e-21)
(-0.170631 0.460175 -2.19117e-21)
(-0.0647314 0.20542 9.91496e-22)
(0.0991253 -0.12038 9.73181e-22)
(0.259551 -0.380818 8.54751e-22)
(0.404407 -0.549899 -1.01888e-21)
(0.439326 -0.689377 -1.18225e-21)
(0.394492 -0.72528 3.60869e-23)
(0.476145 -0.540788 -6.18612e-22)
(0.711241 -0.113614 4.91488e-22)
(0.880192 0.241348 6.63814e-22)
(0.965523 0.460451 -7.64187e-22)
(0.97768 0.509342 1.56165e-22)
(0.950012 0.447793 5.31663e-22)
(0.869668 0.510463 -3.63901e-22)
(0.770527 0.411164 3.25897e-22)
(0.805024 0.295561 1.28171e-22)
(0.871457 -0.0103095 2.79354e-22)
(0.897695 -0.26781 7.93267e-23)
(0.89327 -0.370262 -1.86983e-22)
(0.881088 -0.569717 -6.66046e-23)
(0.907477 -0.287356 -6.62401e-23)
(0.939013 -0.122949 9.76105e-23)
(1.00211 0.189726 -2.06889e-22)
(1.03938 0.569769 1.10877e-22)
(0.977911 0.246261 2.91319e-23)
(-0.064445 0.189111 3.9006e-21)
(-0.103356 0.340133 -2.52496e-21)
(-0.119089 0.475893 1.18697e-21)
(-0.158122 0.573644 1.13266e-21)
(-0.192304 0.576346 -1.33786e-21)
(-0.173492 0.435381 -1.70621e-21)
(-0.0414416 0.161443 8.58889e-22)
(0.126415 -0.166427 -5.3242e-22)
(0.283013 -0.417777 1.27312e-21)
(0.423632 -0.570707 -7.28482e-22)
(0.459591 -0.690363 -3.70765e-22)
(0.402716 -0.72369 -1.29117e-22)
(0.460942 -0.553007 3.32067e-21)
(0.684928 -0.129953 -1.12278e-21)
(0.852047 0.23074 3.96935e-22)
(0.94474 0.456394 -9.6523e-22)
(0.964773 0.509102 5.22149e-23)
(0.940454 0.453862 -2.94414e-22)
(0.859621 0.52016 1.15078e-22)
(0.761213 0.412827 -3.48494e-22)
(0.795947 0.287275 -2.02908e-22)
(0.871453 -0.0185181 2.04094e-22)
(0.900323 -0.270887 -1.67356e-22)
(0.898145 -0.370894 -9.83829e-23)
(0.889436 -0.56999 -3.01392e-22)
(0.910365 -0.288376 4.05799e-23)
(0.938035 -0.125173 -2.4414e-22)
(0.998298 0.187311 2.48698e-22)
(1.03514 0.570796 -1.93953e-22)
(0.977149 0.247878 -4.2365e-23)
(-0.11569 0.203201 -1.78744e-21)
(-0.15901 0.355114 -2.13229e-21)
(-0.175816 0.48721 -1.34499e-21)
(-0.206075 0.579271 6.37248e-21)
(-0.215842 0.567931 -4.20265e-21)
(-0.159133 0.404779 3.39859e-21)
(-0.0114017 0.1158 -3.17684e-22)
(0.158634 -0.210094 1.74918e-21)
(0.309952 -0.452471 -6.24498e-22)
(0.443879 -0.58995 -1.48111e-21)
(0.480539 -0.689847 4.12558e-22)
(0.413738 -0.719949 -4.58317e-22)
(0.447692 -0.564315 -1.3638e-21)
(0.659213 -0.147103 1.17906e-21)
(0.824124 0.218718 -3.22281e-22)
(0.924088 0.450921 -2.59987e-22)
(0.951945 0.508271 -1.75956e-22)
(0.931112 0.459906 4.33355e-23)
(0.849491 0.529922 1.58785e-22)
(0.752017 0.414574 2.72037e-22)
(0.787715 0.278819 3.19547e-22)
(0.872317 -0.0267944 -1.80352e-22)
(0.903425 -0.273882 -3.52184e-23)
(0.903066 -0.371573 1.26581e-22)
(0.897877 -0.570222 1.1233e-22)
(0.913399 -0.289236 4.28971e-23)
(0.937354 -0.127298 2.58547e-22)
(0.994614 0.184872 -2.2763e-22)
(1.03075 0.571699 2.37523e-22)
(0.976238 0.249406 4.79907e-23)
(-0.15764 0.218468 -3.63047e-21)
(-0.203052 0.36911 -3.25396e-21)
(-0.218305 0.495994 1.6906e-21)
(-0.236856 0.580085 -2.38847e-21)
(-0.220345 0.552826 1.97142e-21)
(-0.130992 0.370228 -2.09619e-21)
(0.0247218 0.070354 1.75776e-21)
(0.195602 -0.251365 -2.85016e-22)
(0.340396 -0.484703 -5.74382e-22)
(0.465314 -0.607593 -6.89734e-22)
(0.501996 -0.688084 4.0368e-23)
(0.427502 -0.714099 6.38025e-22)
(0.436677 -0.574429 6.14344e-23)
(0.634178 -0.165005 5.27113e-22)
(0.796567 0.205279 7.02636e-22)
(0.903644 0.444015 -1.84741e-22)
(0.939263 0.506827 2.42397e-22)
(0.922049 0.465904 -1.66979e-22)
(0.839255 0.539759 1.60526e-23)
(0.743076 0.416391 -1.54606e-22)
(0.78047 0.270184 2.95718e-23)
(0.874032 -0.0351217 -2.81439e-22)
(0.907 -0.276771 1.20015e-22)
(0.908043 -0.372287 3.79848e-23)
(0.906373 -0.570414 1.15427e-22)
(0.916557 -0.28994 -5.10637e-23)
(0.936961 -0.129324 -1.31511e-23)
(0.991068 0.182423 -2.92973e-22)
(1.02623 0.572488 -1.47972e-22)
(0.975181 0.250842 -3.17707e-23)
(-0.189281 0.234124 4.41952e-21)
(-0.234282 0.381434 -2.93607e-21)
(-0.245422 0.501698 9.5826e-22)
(-0.249997 0.57588 -1.15039e-21)
(-0.206975 0.532003 2.46046e-21)
(-0.0924854 0.33354 -1.71977e-22)
(0.0665158 0.0261093 -1.51789e-21)
(0.236885 -0.290156 1.03129e-21)
(0.374196 -0.514324 2.72538e-22)
(0.48806 -0.623583 -3.38675e-22)
(0.523816 -0.685316 1.27478e-22)
(0.443852 -0.70623 -4.39971e-22)
(0.428244 -0.583071 5.61872e-23)
(0.609924 -0.183494 2.12022e-22)
(0.769537 0.19043 -2.28807e-22)
(0.883486 0.43566 -4.60952e-22)
(0.926801 0.504745 -3.62419e-22)
(0.913314 0.47184 -1.90473e-23)
(0.828912 0.549673 5.56383e-23)
(0.734536 0.41826 1.68198e-22)
(0.774313 0.261366 -2.099e-22)
(0.87656 -0.0434781 -5.20157e-23)
(0.91104 -0.279529 8.96423e-23)
(0.913088 -0.37302 8.62908e-23)
(0.914883 -0.570567 -4.0993e-23)
(0.919814 -0.290495 5.19139e-23)
(0.936846 -0.131252 -1.51237e-23)
(0.987667 0.179979 6.7889e-23)
(1.02157 0.57317 1.05652e-22)
(0.973982 0.252188 3.6715e-24)
(-0.209935 0.249336 -2.90707e-21)
(-0.252078 0.391484 2.71146e-21)
(-0.256826 0.50397 -2.14148e-21)
(-0.245988 0.566794 1.78526e-21)
(-0.177797 0.506823 1.45479e-21)
(-0.0463667 0.296305 -2.33465e-21)
(0.113408 -0.0149998 1.89625e-21)
(0.281936 -0.326389 3.94015e-22)
(0.411066 -0.541247 -9.53964e-22)
(0.512193 -0.637861 6.10825e-23)
(0.54589 -0.68176 3.16106e-23)
(0.462536 -0.696476 -4.91349e-23)
(0.422779 -0.589975 1.15102e-22)
(0.586592 -0.20238 -2.50841e-22)
(0.743199 0.17419 -5.14836e-23)
(0.863685 0.425849 4.74462e-22)
(0.914643 0.501995 -2.21803e-23)
(0.90494 0.477697 -6.17565e-24)
(0.818487 0.559662 -3.91413e-23)
(0.726547 0.420156 4.52564e-24)
(0.769314 0.252374 1.00698e-22)
(0.879855 -0.0518374 3.02591e-23)
(0.915533 -0.282134 -8.25397e-23)
(0.918212 -0.373755 1.59477e-23)
(0.923364 -0.570681 -1.01771e-22)
(0.923147 -0.29091 -9.36101e-23)
(0.936997 -0.133083 6.7173e-23)
(0.984419 0.177553 1.34677e-22)
(1.01678 0.573752 -6.51711e-24)
(0.972645 0.253443 1.70814e-23)
(-0.219381 0.263291 -3.92022e-22)
(-0.256465 0.398781 2.96052e-22)
(-0.252981 0.502657 5.46553e-22)
(-0.226142 0.553242 -7.28512e-22)
(-0.135507 0.478746 -5.23489e-22)
(0.00595868 0.259322 5.10347e-22)
(0.164854 -0.0530605 -8.33545e-22)
(0.329885 -0.359985 5.61253e-22)
(0.450616 -0.565417 1.00029e-22)
(0.537738 -0.650373 1.31634e-22)
(0.568129 -0.677608 -2.16827e-22)
(0.483218 -0.685025 4.27118e-22)
(0.42068 -0.594905 -1.13305e-22)
(0.564365 -0.221454 -1.12491e-22)
(0.71772 0.156587 -1.87577e-23)
(0.844318 0.414579 -5.55617e-23)
(0.902876 0.498549 -4.40434e-23)
(0.896942 0.483459 1.50886e-23)
(0.808037 0.569718 -2.18714e-23)
(0.719252 0.422055 -9.09251e-23)
(0.765514 0.243226 9.06196e-23)
(0.88386 -0.0601701 -1.62233e-23)
(0.920462 -0.284567 3.39899e-23)
(0.923431 -0.374473 -1.01383e-22)
(0.931772 -0.570752 5.19895e-23)
(0.926532 -0.291193 7.02496e-23)
(0.937401 -0.134819 -3.05886e-24)
(0.981328 0.175159 -1.11196e-22)
(1.01185 0.574245 7.64149e-24)
(0.971176 0.254607 -2.3384e-23)
(-0.217904 0.275255 1.42892e-22)
(-0.248099 0.402968 -1.25235e-23)
(-0.235058 0.497757 -3.66579e-22)
(-0.192373 0.535815 6.7998e-23)
(-0.0831133 0.44917 1.19501e-22)
(0.063159 0.223575 -3.4334e-22)
(0.220118 -0.0890108 1.58029e-22)
(0.380235 -0.390874 1.39091e-22)
(0.492403 -0.586787 -1.48852e-22)
(0.564678 -0.661068 1.58071e-22)
(0.590469 -0.673024 -2.02625e-22)
(0.505509 -0.672114 4.10652e-23)
(0.422299 -0.597674 3.29851e-23)
(0.543482 -0.240465 4.44175e-23)
(0.693275 0.137666 -9.49303e-23)
(0.825465 0.401855 3.55937e-23)
(0.891587 0.494375 4.66297e-23)
(0.889322 0.489107 1.0823e-23)
(0.79765 0.579822 3.60757e-23)
(0.712776 0.423936 4.11163e-23)
(0.762927 0.233952 -3.84485e-24)
(0.888517 -0.0684453 -3.26825e-23)
(0.925806 -0.28681 1.53471e-23)
(0.928757 -0.375156 -3.66551e-23)
(0.940065 -0.570779 -1.47719e-23)
(0.929946 -0.291357 -5.91214e-24)
(0.938041 -0.136463 1.12276e-23)
)
;

boundaryField
{
    inlet
    {
        type            uniformFixedValue;
        uniformValue    constant (1 0 0);
        value           nonuniform 0();
    }
    outlet
    {
        type            pressureInletOutletVelocity;
        value           nonuniform List<vector> 
49
(
(0.976657 0.220154 -2.23353e-24)
(0.977292 0.222803 4.35168e-25)
(0.977874 0.22532 -7.25728e-24)
(0.978392 0.227764 -4.77142e-24)
(0.97883 0.230145 5.39716e-25)
(0.97917 0.232454 1.26119e-24)
(0.979399 0.234683 -5.28676e-24)
(0.979503 0.236829 1.78109e-23)
(0.979473 0.238891 -4.0792e-23)
(0.979302 0.240867 2.1223e-23)
(0.978987 0.242754 5.21923e-25)
(0.978524 0.244552 -3.10261e-24)
(0.977911 0.246261 2.91319e-23)
(0.977149 0.247878 -4.2365e-23)
(0.976238 0.249406 4.79907e-23)
(0.975181 0.250842 -3.17707e-23)
(0.973982 0.252188 3.6715e-24)
(0.972645 0.253443 1.70814e-23)
(0.971176 0.254607 -2.3384e-23)
(1.03794 -0.00388104 0)
(1.03536 -0.0114857 0)
(1.02978 -0.018755 0)
(1.01988 -0.0254473 0)
(1.00377 -0.0308348 0)
(0.980538 -0.0336975 0)
(0.952141 -0.0327918 0)
(0.92329 -0.0275803 0)
(0.898931 -0.0184349 0)
(0.881838 -0.00617615 0)
(0.872334 0.00828424 0)
(0.869355 0.0239597 0)
(0.871407 0.0401368 0)
(0.876995 0.0563755 0)
(0.884843 0.0722952 0)
(0.893946 0.0876337 0)
(0.903557 0.102221 0)
(0.913148 0.115961 0)
(0.922361 0.128796 0)
(0.930968 0.140706 0)
(0.938837 0.151699 0)
(0.945901 0.161805 0)
(0.952144 0.171063 0)
(0.95758 0.179523 0)
(0.962244 0.187237 0)
(0.966185 0.194262 0)
(0.96946 0.20065 0)
(0.972126 0.206456 0)
(0.974236 0.211794 0)
(0.975814 0.216761 0)
)
;
    }
    cylinder
    {
        type            fixedValue;
        value           uniform (0 0 0);
    }
    top
    {
        type            symmetryPlane;
    }
    bottom
    {
        type            symmetryPlane;
    }
    defaultFaces
    {
        type            empty;
    }
    procBoundary1to0
    {
        type            processor;
        value           nonuniform List<vector> 
50
(
(1.38435 -0.111826 1.47116e-20)
(1.39463 -0.106123 -4.01056e-20)
(1.39463 -0.106123 -4.01056e-20)
(1.35907 -0.088146 6.36425e-20)
(1.35907 -0.088146 6.36425e-20)
(1.05706 -0.0361014 -3.92734e-20)
(1.23084 -0.0578998 -1.13648e-19)
(1.23084 -0.0578998 -1.13648e-19)
(0.733134 0.00387661 9.23275e-21)
(0.733134 0.00387661 9.23275e-21)
(0.403169 0.0217543 3.5855e-20)
(0.403169 0.0217543 3.5855e-20)
(0.161866 0.0148203 -9.32407e-21)
(0.161866 0.0148203 -9.32407e-21)
(0.0299372 -7.38592e-05 -2.27459e-20)
(0.0146482 -0.00647663 7.05485e-20)
(0.0146482 -0.00647663 7.05485e-20)
(-0.013148 -0.0105104 1.76265e-20)
(-0.013148 -0.0105104 1.76265e-20)
(1.08875 -0.00199141 3.89823e-23)
(1.08973 -0.00590499 6.04752e-24)
(1.09153 -0.00965012 -1.98994e-22)
(1.09407 -0.0132994 2.71762e-23)
(1.09728 -0.0168433 4.38005e-22)
(1.1011 -0.0203116 8.20832e-23)
(1.1055 -0.02371 1.02963e-22)
(1.11045 -0.0270494 5.73867e-23)
(1.11593 -0.0303367 -1.13452e-22)
(1.12193 -0.033579 -3.69851e-22)
(1.12845 -0.0367832 2.2144e-22)
(1.12845 -0.0367832 2.2144e-22)
(1.13409 -0.0413596 -9.10763e-22)
(1.14156 -0.0447695 -4.45777e-22)
(1.14957 -0.0482039 1.20818e-22)
(1.15814 -0.0516754 8.75498e-22)
(1.16729 -0.0551971 1.4701e-21)
(1.17705 -0.0587833 1.89711e-21)
(1.18742 -0.0624468 -3.02187e-21)
(1.19843 -0.0661977 5.87726e-22)
(1.21011 -0.0700422 -1.93191e-21)
(1.22246 -0.0739882 1.39644e-21)
(1.23551 -0.0780294 -3.24994e-21)
(1.2493 -0.0821613 1.76262e-21)
(1.26389 -0.0863839 3.41697e-21)
(1.27939 -0.0906919 -1.26953e-21)
(1.29587 -0.09503 -2.32087e-21)
(1.31334 -0.0992411 7.87816e-22)
(1.33149 -0.103229 1.82661e-21)
(1.34964 -0.107126 -6.91642e-21)
(1.36652 -0.110608 -3.66936e-21)
)
;
    }
    procBoundary1to3
    {
        type            processor;
        value           nonuniform List<vector> 
41
(
(-0.00210722 -0.0232375 1.01598e-21)
(-0.0124378 -0.0311895 -2.92213e-21)
(-0.0313871 -0.0163772 -3.41113e-21)
(-0.0535065 0.00974462 3.39132e-21)
(-0.0771691 0.0397236 -3.11176e-21)
(-0.101059 0.0704921 -1.65781e-21)
(-0.124035 0.102147 2.83284e-21)
(-0.145325 0.136043 3.46925e-21)
(-0.164338 0.173405 -5.57171e-22)
(-0.180932 0.215378 1.66797e-21)
(-0.206286 0.284621 -1.28101e-22)
(-0.228191 0.403816 3.63224e-23)
(-0.204781 0.489379 1.75828e-22)
(-0.146939 0.515224 -1.80178e-22)
(-0.0235386 0.419099 5.08252e-23)
(0.123957 0.190385 1.80179e-22)
(0.278356 -0.122033 2.87146e-23)
(0.432471 -0.418885 -1.0031e-22)
(0.535951 -0.605307 -7.60488e-23)
(0.592946 -0.669889 -5.65338e-23)
(0.612855 -0.668136 5.5059e-24)
(0.529003 -0.658022 -6.96778e-23)
(0.42788 -0.598152 4.28149e-23)
(0.524238 -0.259127 -1.88684e-23)
(0.670039 0.117495 -1.44757e-23)
(0.807217 0.387691 -9.88e-24)
(0.880859 0.489444 5.10524e-23)
(0.882072 0.49462 6.77851e-23)
(0.78744 0.589951 2.97796e-24)
(0.707228 0.425781 3.00872e-23)
(0.761555 0.224589 -1.43568e-23)
(0.89377 -0.0766309 -1.17972e-23)
(0.931543 -0.288851 -4.29434e-24)
(0.934202 -0.375782 -1.91757e-23)
(0.948199 -0.570756 -1.88174e-23)
(0.933366 -0.291413 -6.52519e-24)
(0.9389 -0.138021 7.3061e-24)
(0.978397 0.17281 -5.10827e-23)
(1.0068 0.574657 -6.55577e-24)
(0.969585 0.255681 -4.3877e-24)
(0.978397 0.17281 -5.10827e-23)
)
;
    }
}


// ************************************************************************* //
