/*--------------------------------*- C++ -*----------------------------------*\
  =========                 |
  \\      /  F ield         | OpenFOAM: The Open Source CFD Toolbox
   \\    /   O peration     | Website:  https://openfoam.org
    \\  /    A nd           | Version:  7
     \\/     M anipulation  |
\*---------------------------------------------------------------------------*/
FoamFile
{
    version     2.0;
    format      ascii;
    class       volScalarField;
    location    "70";
    object      p;
}
// * * * * * * * * * * * * * * * * * * * * * * * * * * * * * * * * * * * * * //

dimensions      [0 2 -2 0 0 0 0];

internalField   nonuniform List<scalar> 
8500
(
-0.250321
-0.252276
-0.253193
-0.25393
-0.254558
-0.255098
-0.255575
-0.256004
-0.256358
-0.25669
-0.250433
-0.252372
-0.253276
-0.254
-0.254611
-0.255131
-0.255583
-0.255982
-0.256298
-0.256574
-0.250737
-0.252638
-0.253519
-0.254216
-0.254797
-0.255283
-0.255694
-0.256045
-0.256303
-0.256486
-0.251228
-0.253073
-0.253917
-0.254575
-0.255112
-0.255548
-0.255901
-0.256186
-0.256365
-0.256413
-0.251899
-0.25367
-0.254465
-0.25507
-0.255549
-0.25592
-0.256196
-0.256394
-0.256475
-0.256329
-0.252743
-0.254423
-0.255157
-0.255695
-0.2561
-0.25639
-0.256569
-0.256655
-0.25662
-0.2562
-0.253749
-0.255324
-0.255985
-0.256442
-0.256758
-0.256949
-0.25701
-0.256955
-0.256791
-0.255985
-0.254907
-0.256365
-0.25694
-0.257302
-0.257512
-0.257586
-0.257507
-0.257278
-0.25698
-0.255627
-0.25621
-0.257538
-0.258015
-0.258267
-0.258355
-0.258295
-0.258053
-0.257609
-0.257189
-0.255034
-0.257648
-0.258837
-0.259203
-0.259328
-0.259277
-0.259067
-0.258644
-0.257943
-0.257458
-0.254117
-0.259216
-0.260256
-0.260497
-0.260479
-0.260273
-0.259897
-0.259279
-0.25827
-0.257836
-0.253095
-0.260911
-0.261793
-0.261893
-0.261715
-0.261336
-0.26078
-0.259958
-0.258583
-0.257898
-0.252184
-0.262732
-0.263445
-0.263388
-0.26303
-0.262461
-0.261712
-0.260688
-0.259075
-0.257915
-0.25097
-0.264685
-0.265217
-0.264983
-0.264421
-0.263642
-0.262686
-0.261433
-0.259606
-0.258056
-0.249499
-0.266778
-0.267115
-0.26668
-0.265889
-0.264876
-0.263699
-0.262213
-0.260164
-0.258268
-0.247913
-0.269027
-0.269149
-0.268486
-0.267435
-0.26616
-0.26474
-0.263013
-0.260777
-0.258462
-0.246411
-0.271453
-0.271338
-0.270413
-0.269068
-0.267496
-0.265805
-0.263811
-0.261456
-0.258486
-0.245156
-0.274085
-0.273705
-0.272478
-0.270802
-0.268894
-0.266898
-0.264594
-0.262216
-0.258111
-0.244055
-0.276958
-0.276266
-0.274716
-0.272658
-0.270374
-0.268035
-0.26538
-0.263106
-0.257276
-0.243402
-0.280122
-0.279069
-0.27715
-0.27467
-0.271967
-0.269248
-0.266207
-0.264093
-0.256493
-0.247093
-0.283627
-0.282153
-0.279819
-0.276877
-0.273717
-0.270581
-0.26712
-0.264922
-0.256317
-0.261195
-0.287523
-0.285569
-0.282771
-0.279329
-0.275677
-0.272084
-0.268174
-0.26549
-0.256823
-0.260462
-0.291874
-0.289362
-0.286056
-0.28208
-0.277906
-0.27381
-0.26941
-0.265903
-0.257351
-0.257728
-0.296741
-0.293585
-0.289727
-0.285185
-0.280462
-0.275809
-0.270836
-0.266331
-0.257649
-0.255008
-0.302182
-0.298287
-0.293835
-0.288701
-0.283395
-0.278116
-0.272448
-0.266812
-0.257656
-0.252165
-0.308248
-0.303518
-0.298433
-0.292677
-0.286744
-0.280748
-0.274231
-0.267318
-0.25731
-0.249335
-0.314983
-0.30932
-0.303567
-0.297157
-0.29053
-0.283701
-0.276153
-0.267786
-0.256598
-0.246452
-0.322419
-0.315729
-0.309278
-0.302172
-0.294762
-0.28695
-0.278151
-0.268129
-0.255512
-0.243453
-0.330576
-0.322774
-0.315596
-0.307738
-0.299423
-0.290441
-0.280133
-0.268256
-0.254044
-0.240266
-0.339455
-0.330467
-0.322535
-0.31385
-0.304477
-0.294087
-0.281983
-0.268076
-0.25218
-0.236826
-0.349035
-0.338805
-0.33009
-0.320473
-0.309852
-0.297762
-0.28358
-0.267509
-0.2499
-0.233075
-0.35927
-0.34776
-0.338223
-0.327545
-0.315433
-0.301315
-0.284797
-0.266482
-0.247174
-0.22896
-0.370085
-0.357279
-0.346867
-0.334964
-0.321064
-0.304573
-0.285516
-0.264928
-0.243968
-0.22443
-0.381371
-0.367272
-0.355915
-0.342584
-0.326547
-0.30736
-0.285624
-0.262782
-0.240237
-0.219435
-0.392981
-0.377611
-0.365217
-0.350211
-0.331661
-0.309504
-0.285015
-0.259978
-0.235931
-0.213925
-0.404728
-0.388127
-0.374582
-0.357608
-0.336167
-0.310837
-0.283588
-0.25645
-0.230997
-0.207851
-0.416388
-0.39861
-0.383775
-0.364498
-0.339827
-0.311203
-0.281246
-0.252131
-0.225376
-0.201162
-0.427698
-0.408809
-0.392518
-0.370584
-0.342409
-0.310452
-0.277896
-0.246951
-0.21901
-0.193812
-0.438361
-0.418439
-0.400498
-0.37556
-0.343694
-0.30845
-0.273447
-0.240841
-0.211838
-0.185759
-0.448052
-0.427182
-0.407377
-0.379126
-0.343478
-0.305068
-0.267814
-0.233732
-0.203804
-0.176965
-0.456425
-0.4347
-0.412802
-0.380996
-0.341578
-0.300194
-0.260916
-0.225561
-0.194855
-0.167395
-0.463127
-0.44064
-0.416427
-0.380908
-0.337831
-0.293723
-0.252679
-0.216268
-0.184946
-0.157024
-0.4678
-0.444647
-0.417919
-0.37863
-0.332097
-0.285567
-0.243035
-0.205795
-0.174039
-0.145837
-0.470101
-0.446374
-0.416975
-0.373962
-0.324259
-0.275648
-0.231925
-0.194094
-0.162101
-0.133821
-0.469703
-0.445492
-0.413329
-0.366741
-0.314226
-0.263909
-0.219302
-0.181122
-0.149087
-0.120905
-0.466313
-0.441704
-0.406763
-0.356846
-0.301934
-0.250309
-0.20514
-0.166854
-0.134948
-0.106914
-0.459675
-0.434756
-0.397105
-0.34419
-0.287344
-0.234829
-0.189424
-0.151289
-0.119676
-0.0916536
-0.449578
-0.424443
-0.384233
-0.328729
-0.270444
-0.217462
-0.172144
-0.134433
-0.10334
-0.0752668
-0.435863
-0.410618
-0.368072
-0.310452
-0.251241
-0.198205
-0.153295
-0.116318
-0.0859471
-0.0584269
-0.418428
-0.393192
-0.348599
-0.289387
-0.229766
-0.177073
-0.132939
-0.0970859
-0.0674104
-0.041015
-0.397226
-0.372133
-0.325837
-0.265605
-0.206082
-0.154134
-0.111293
-0.0765952
-0.0478914
-0.0228994
-0.372268
-0.347464
-0.299863
-0.239209
-0.180297
-0.129605
-0.088201
-0.0549618
-0.0274856
-0.00408332
-0.343622
-0.319281
-0.270839
-0.210292
-0.152506
-0.103468
-0.0638126
-0.0322747
-0.00626784
0.015354
-0.311408
-0.287759
-0.239024
-0.178854
-0.122818
-0.0758277
-0.0382339
-0.00862933
0.0156859
0.0353074
-0.275811
-0.253131
-0.204544
-0.145063
-0.0913669
-0.0468222
-0.0115858
0.0158752
0.0382984
0.0556922
-0.237061
-0.215629
-0.166846
-0.109703
-0.0584139
-0.0166079
0.0160031
0.0411363
0.0614887
0.0764169
-0.195379
-0.175402
-0.126878
-0.0725711
-0.0241537
0.0146437
0.0444037
0.0670595
0.0851196
0.0971434
-0.151017
-0.132405
-0.0854232
-0.033926
0.0112291
0.0467615
0.0735038
0.0935668
0.108919
0.117061
-0.104395
-0.0873195
-0.0424777
0.0059387
0.0475247
0.079576
0.103199
0.120562
0.132563
0.13561
-0.0559403
-0.0404882
0.00175847
0.0467373
0.0845004
0.112904
0.133333
0.147817
0.155965
0.154526
-0.00597207
0.00764777
0.0469744
0.0881846
0.121913
0.14654
0.163659
0.174931
0.179091
0.17862
0.0450893
0.0566789
0.0928178
0.129987
0.159516
0.180261
0.193914
0.201769
0.202791
0.202867
0.0968051
0.106201
0.138924
0.171844
0.197052
0.21384
0.223925
0.228398
0.226751
0.225888
0.148732
0.155806
0.184926
0.213449
0.234264
0.247047
0.253519
0.254694
0.250543
0.247999
0.200426
0.205081
0.230461
0.254497
0.270892
0.279663
0.282527
0.280482
0.273834
0.26919
0.251443
0.253618
0.275167
0.294686
0.306678
0.31147
0.310771
0.305583
0.296436
0.289491
0.301347
0.301011
0.318695
0.33372
0.341372
0.342256
0.33807
0.329823
0.318196
0.308863
0.349709
0.346867
0.360703
0.371309
0.374731
0.371815
0.364247
0.353043
0.338988
0.327244
0.396116
0.390807
0.400864
0.407177
0.406519
0.399947
0.389131
0.375095
0.358693
0.344562
0.440174
0.432467
0.438864
0.441061
0.436512
0.426462
0.41256
0.395838
0.377197
0.360741
0.481507
0.471504
0.474408
0.47271
0.464498
0.45118
0.43438
0.415143
0.394393
0.375705
0.519765
0.5076
0.507223
0.501893
0.49028
0.473932
0.454448
0.432886
0.410179
0.389384
0.554624
0.540458
0.537056
0.528396
0.513676
0.494563
0.472633
0.448955
0.42446
0.401712
0.585791
0.569812
0.563676
0.552023
0.534521
0.512932
0.488815
0.463249
0.437151
0.412627
0.613004
0.595424
0.58688
0.572602
0.552667
0.528915
0.502886
0.475674
0.448174
0.422078
0.636034
0.617086
0.60649
0.589983
0.567985
0.542402
0.514755
0.486151
0.457463
0.430019
0.654689
0.634624
0.622356
0.604039
0.580369
0.553301
0.524343
0.494613
0.46496
0.436414
0.668812
0.647897
0.634358
0.614667
0.58973
0.561536
0.531587
0.501004
0.47062
0.441232
0.678286
0.656798
0.642404
0.621789
0.596001
0.567053
0.536438
0.505284
0.474409
0.444453
0.683032
0.661256
0.646432
0.625354
0.59914
0.569813
0.538864
0.507424
0.476302
0.44606
0.683009
0.661234
0.646412
0.625336
0.599123
0.569798
0.538849
0.50741
0.476289
0.446048
0.678218
0.656732
0.642343
0.621734
0.59595
0.567006
0.536394
0.505243
0.47437
0.444416
0.668699
0.647788
0.634257
0.614574
0.589644
0.561457
0.531513
0.500935
0.470555
0.441172
0.654529
0.63447
0.622214
0.603909
0.580249
0.55319
0.52424
0.494516
0.464869
0.43633
0.635828
0.616888
0.606307
0.589816
0.567831
0.542259
0.514623
0.486027
0.457346
0.429911
0.612752
0.59518
0.586655
0.572397
0.552478
0.52874
0.502724
0.475521
0.448031
0.421945
0.585492
0.569523
0.563409
0.551779
0.534297
0.512725
0.488622
0.463068
0.436981
0.41247
0.554277
0.540123
0.536747
0.528113
0.513417
0.494322
0.47241
0.448747
0.424264
0.40153
0.519369
0.507218
0.506871
0.501571
0.489984
0.473658
0.454194
0.432648
0.409956
0.389178
0.481062
0.471076
0.474013
0.472349
0.464166
0.450873
0.434095
0.414876
0.394143
0.375473
0.439679
0.43199
0.438424
0.440659
0.436142
0.426121
0.412243
0.395543
0.37692
0.360483
0.395571
0.390281
0.400379
0.406734
0.406112
0.399572
0.388783
0.37477
0.358388
0.344279
0.349111
0.346292
0.360173
0.370824
0.374286
0.371405
0.363866
0.352689
0.338655
0.326935
0.300697
0.300384
0.318118
0.333192
0.340889
0.34181
0.337657
0.329438
0.317835
0.308528
0.25074
0.25294
0.274542
0.294116
0.306156
0.310988
0.310325
0.305167
0.296046
0.28913
0.199669
0.204351
0.229787
0.253883
0.270329
0.279145
0.282048
0.280036
0.273415
0.268801
0.147921
0.155022
0.184204
0.21279
0.233662
0.246493
0.253006
0.254217
0.250095
0.247583
0.0959378
0.105363
0.138152
0.17114
0.196409
0.213248
0.223378
0.22789
0.226273
0.225442
0.044166
0.0557862
0.0919952
0.129237
0.158831
0.179631
0.193332
0.201229
0.202284
0.20239
-0.00695188
0.00669997
0.0461007
0.0873888
0.121187
0.145872
0.163042
0.174359
0.178555
0.178113
-0.0569768
-0.0414915
0.00083315
0.0458948
0.0837313
0.112197
0.132681
0.147212
0.155401
0.153987
-0.105488
-0.0883787
-0.0434552
0.00504925
0.0467131
0.0788304
0.102511
0.119925
0.131971
0.135049
-0.152166
-0.13352
-0.0864536
-0.0348623
0.0103748
0.0459769
0.0727792
0.0928955
0.108296
0.116477
-0.196584
-0.176572
-0.127962
-0.0735538
-0.0250507
0.01382
0.0436433
0.066355
0.0844671
0.096535
-0.238322
-0.216855
-0.167982
-0.110731
-0.0593539
-0.0174709
0.0152069
0.0403987
0.0608058
0.0757817
-0.277125
-0.25441
-0.205737
-0.146135
-0.0923506
-0.0477243
-0.012418
0.0151043
0.0375849
0.0550298
-0.312776
-0.289089
-0.240262
-0.179979
-0.123846
-0.0767684
-0.0391023
-0.00943369
0.0149416
0.0346174
-0.345039
-0.320662
-0.272124
-0.211467
-0.153577
-0.104446
-0.0647178
-0.0331127
-0.00704296
0.0146359
-0.373734
-0.348894
-0.301198
-0.24043
-0.18141
-0.13062
-0.0891436
-0.0558335
-0.0282916
-0.00482993
-0.398738
-0.37361
-0.32722
-0.26687
-0.207237
-0.155183
-0.112273
-0.0775001
-0.0487284
-0.023675
-0.419983
-0.394714
-0.350026
-0.290696
-0.230963
-0.178168
-0.133945
-0.0980234
-0.0682783
-0.0418199
-0.437457
-0.41218
-0.369542
-0.311803
-0.252478
-0.199342
-0.154338
-0.117284
-0.086846
-0.059261
-0.451208
-0.426041
-0.385743
-0.33012
-0.271719
-0.218634
-0.173223
-0.135432
-0.10427
-0.0761289
-0.461336
-0.436387
-0.398652
-0.345619
-0.288656
-0.236036
-0.190538
-0.152321
-0.120635
-0.0925423
-0.468002
-0.443364
-0.408342
-0.35831
-0.30328
-0.251549
-0.206287
-0.167919
-0.135939
-0.107835
-0.471413
-0.447175
-0.414937
-0.368238
-0.315606
-0.265181
-0.220482
-0.182219
-0.15011
-0.12186
-0.471828
-0.448074
-0.418607
-0.375488
-0.32567
-0.276953
-0.233136
-0.195223
-0.163157
-0.134808
-0.469539
-0.446361
-0.419571
-0.380182
-0.333537
-0.286901
-0.244277
-0.206956
-0.175127
-0.146855
-0.464873
-0.442361
-0.418093
-0.382482
-0.339297
-0.295086
-0.253951
-0.217459
-0.186065
-0.158074
-0.458173
-0.436423
-0.414478
-0.382588
-0.343068
-0.301584
-0.262217
-0.226783
-0.196006
-0.168479
-0.449797
-0.428902
-0.409056
-0.380731
-0.344988
-0.306483
-0.269142
-0.234984
-0.204988
-0.178083
-0.440099
-0.420152
-0.402176
-0.377174
-0.345221
-0.309886
-0.274801
-0.242122
-0.213055
-0.186913
-0.429425
-0.410512
-0.39419
-0.372201
-0.343949
-0.311909
-0.279275
-0.248261
-0.22026
-0.195003
-0.418101
-0.400298
-0.385437
-0.366113
-0.341376
-0.312676
-0.282649
-0.25347
-0.22666
-0.202391
-0.406423
-0.389798
-0.37623
-0.359217
-0.33772
-0.312325
-0.285012
-0.257817
-0.232314
-0.20912
-0.394655
-0.379262
-0.366847
-0.351811
-0.333214
-0.311002
-0.286458
-0.261372
-0.237283
-0.215237
-0.383024
-0.368902
-0.357526
-0.344169
-0.328096
-0.308865
-0.287084
-0.264203
-0.241624
-0.220791
-0.371715
-0.358887
-0.348458
-0.336533
-0.322604
-0.306079
-0.286989
-0.266374
-0.245391
-0.225832
-0.360876
-0.349345
-0.339792
-0.329094
-0.316961
-0.302819
-0.286281
-0.267952
-0.248634
-0.230412
-0.350617
-0.340366
-0.331635
-0.322002
-0.311363
-0.299261
-0.285071
-0.269001
-0.251396
-0.234579
-0.341013
-0.332006
-0.324058
-0.315356
-0.30597
-0.295575
-0.283478
-0.269588
-0.253715
-0.238385
-0.332112
-0.324291
-0.317096
-0.309222
-0.300896
-0.291916
-0.281627
-0.269786
-0.255617
-0.241884
-0.323935
-0.317227
-0.310757
-0.303633
-0.296213
-0.288408
-0.279641
-0.269674
-0.257124
-0.245133
-0.31648
-0.3108
-0.305026
-0.298596
-0.29196
-0.285142
-0.277637
-0.269344
-0.258251
-0.248195
-0.30973
-0.304983
-0.299875
-0.294097
-0.288153
-0.282172
-0.275707
-0.268887
-0.259004
-0.251146
-0.303654
-0.29974
-0.295263
-0.290104
-0.284786
-0.279524
-0.273916
-0.268391
-0.259393
-0.254048
-0.298208
-0.29503
-0.291145
-0.286576
-0.281839
-0.277205
-0.272299
-0.267921
-0.259432
-0.256969
-0.29334
-0.290803
-0.287468
-0.283461
-0.279273
-0.275198
-0.270872
-0.267506
-0.259183
-0.259772
-0.288994
-0.287009
-0.284181
-0.280707
-0.277041
-0.273471
-0.269641
-0.267112
-0.258705
-0.262603
-0.285106
-0.283596
-0.28123
-0.278257
-0.275085
-0.271975
-0.268598
-0.266569
-0.258248
-0.263445
-0.281615
-0.280515
-0.278564
-0.276055
-0.273344
-0.270656
-0.267706
-0.265769
-0.258474
-0.249469
-0.278461
-0.277718
-0.276137
-0.274052
-0.271763
-0.269462
-0.266904
-0.264814
-0.259298
-0.245821
-0.275597
-0.275158
-0.273905
-0.272203
-0.270298
-0.268346
-0.266148
-0.263958
-0.26017
-0.246505
-0.272972
-0.272795
-0.271839
-0.270476
-0.268913
-0.267274
-0.265394
-0.263232
-0.260577
-0.24764
-0.270546
-0.270601
-0.269909
-0.268844
-0.267585
-0.266225
-0.264619
-0.262583
-0.260575
-0.248923
-0.268288
-0.268554
-0.268091
-0.267292
-0.266302
-0.265192
-0.263833
-0.261991
-0.260387
-0.250444
-0.266175
-0.266634
-0.266374
-0.265809
-0.265058
-0.264176
-0.263051
-0.261443
-0.260162
-0.252033
-0.26419
-0.264829
-0.264749
-0.264391
-0.263855
-0.263184
-0.262285
-0.260918
-0.259979
-0.253493
-0.262322
-0.263131
-0.263211
-0.263037
-0.262695
-0.262219
-0.26153
-0.260413
-0.259871
-0.254686
-0.260567
-0.261537
-0.261759
-0.261748
-0.261581
-0.261286
-0.2608
-0.260008
-0.259719
-0.255557
-0.258925
-0.260046
-0.260396
-0.26053
-0.260519
-0.260388
-0.260095
-0.259594
-0.259339
-0.256329
-0.257397
-0.258663
-0.259126
-0.259387
-0.259514
-0.259532
-0.259413
-0.259155
-0.258972
-0.257124
-0.255992
-0.257392
-0.257955
-0.258327
-0.258575
-0.258722
-0.258758
-0.258697
-0.258623
-0.257568
-0.254717
-0.256241
-0.256892
-0.25736
-0.257711
-0.257968
-0.258134
-0.25823
-0.258269
-0.257738
-0.253583
-0.25522
-0.255946
-0.256493
-0.25693
-0.257278
-0.25755
-0.257768
-0.257913
-0.257736
-0.252602
-0.254336
-0.255125
-0.255738
-0.256244
-0.256665
-0.257019
-0.257328
-0.257562
-0.257621
-0.251784
-0.2536
-0.254439
-0.255104
-0.255662
-0.256139
-0.256554
-0.256928
-0.257229
-0.257441
-0.251139
-0.25302
-0.253897
-0.254599
-0.255196
-0.255711
-0.256167
-0.256583
-0.25693
-0.257233
-0.250676
-0.252602
-0.253505
-0.254232
-0.254853
-0.25539
-0.25587
-0.256308
-0.256678
-0.257027
-0.250402
-0.252354
-0.253269
-0.254008
-0.254638
-0.255184
-0.255671
-0.256113
-0.256485
-0.256842
-0.258172
-0.257216
-0.258589
-0.257995
-0.258247
-0.257459
-0.256625
-0.255009
-0.252928
-0.250047
-0.246325
-0.241413
-0.23466
-0.225937
-0.21442
-0.200826
-0.18482
-0.168882
-0.150414
-0.13296
-0.111657
-0.0919066
-0.0723824
-0.0577825
-0.0473203
-0.0332226
-0.0243857
-0.0122455
-0.00425761
0.00188247
-0.258109
-0.257013
-0.258357
-0.257692
-0.257907
-0.257125
-0.256381
-0.254984
-0.253281
-0.250944
-0.24788
-0.243622
-0.237327
-0.228616
-0.216459
-0.201534
-0.183707
-0.165834
-0.146089
-0.128358
-0.107955
-0.0907053
-0.073283
-0.0602719
-0.0511979
-0.0359442
-0.0258993
-0.0125126
-0.00251389
0.0031033
-0.258171
-0.256842
-0.258186
-0.257438
-0.257615
-0.25684
-0.256181
-0.255
-0.253668
-0.251867
-0.249455
-0.245847
-0.240015
-0.231314
-0.218532
-0.202297
-0.182678
-0.162887
-0.141844
-0.123881
-0.104274
-0.0895209
-0.074212
-0.0627301
-0.0549399
-0.0385229
-0.0273134
-0.0127146
-0.000784377
0.00429844
-0.258353
-0.2567
-0.258074
-0.25723
-0.257369
-0.256598
-0.256019
-0.255046
-0.254075
-0.252798
-0.251026
-0.248059
-0.24269
-0.234003
-0.220615
-0.203109
-0.181743
-0.160072
-0.137733
-0.119411
-0.100668
-0.088379
-0.0751697
-0.0651432
-0.0585153
-0.0409373
-0.0286139
-0.0128442
0.000911421
0.00544931
-0.258647
-0.25658
-0.258014
-0.257066
-0.257164
-0.256396
-0.255889
-0.255114
-0.254487
-0.253719
-0.252569
-0.250229
-0.245319
-0.236652
-0.222687
-0.203959
-0.180913
-0.15742
-0.133804
-0.115106
-0.0971902
-0.0873042
-0.0761549
-0.0674989
-0.0618988
-0.0431739
-0.0297921
-0.0128987
0.00255353
0.00653858
-0.259043
-0.256475
-0.257998
-0.256941
-0.256996
-0.256226
-0.255783
-0.255193
-0.254892
-0.254609
-0.254059
-0.252328
-0.247869
-0.239232
-0.224725
-0.204839
-0.180194
-0.154958
-0.130101
-0.111031
-0.0938875
-0.0862852
-0.0771971
-0.069786
-0.0650676
-0.0452256
-0.0308443
-0.0128796
0.00412222
0.00755088
-0.259529
-0.256375
-0.258015
-0.256846
-0.256857
-0.256082
-0.255692
-0.255272
-0.255275
-0.255453
-0.255475
-0.254329
-0.250309
-0.241715
-0.226709
-0.205737
-0.179591
-0.15271
-0.126663
-0.10723
-0.0908012
-0.0853736
-0.0782603
-0.0719942
-0.068012
-0.0470918
-0.0317718
-0.0127927
0.00559875
0.00847333
-0.260095
-0.25627
-0.258054
-0.256777
-0.256738
-0.255957
-0.255609
-0.255342
-0.255625
-0.256233
-0.256796
-0.256208
-0.252612
-0.244077
-0.228618
-0.206644
-0.179108
-0.150691
-0.123519
-0.103739
-0.0879765
-0.0845734
-0.07934
-0.0741139
-0.0707439
-0.0487777
-0.0325798
-0.0126471
0.00696604
0.00929595
-0.26075
-0.256146
-0.258103
-0.256725
-0.256632
-0.255842
-0.255526
-0.255394
-0.25593
-0.256934
-0.258003
-0.257943
-0.254755
-0.246294
-0.230434
-0.20755
-0.178742
-0.148917
-0.120693
-0.100587
-0.0854373
-0.0838939
-0.0804305
-0.0761352
-0.0732674
-0.0502926
-0.0332771
-0.0124547
0.00820925
0.0100118
-0.261478
-0.255991
-0.258156
-0.256677
-0.256532
-0.25573
-0.255436
-0.255421
-0.25618
-0.257544
-0.259079
-0.259515
-0.256715
-0.248348
-0.232143
-0.208443
-0.178492
-0.147398
-0.118215
-0.0977931
-0.0831862
-0.0833461
-0.0815237
-0.0780491
-0.0755752
-0.0516481
-0.0338747
-0.0122294
0.00931622
0.0106171
-0.262029
-0.255891
-0.258186
-0.256623
-0.25643
-0.255614
-0.255332
-0.255416
-0.256371
-0.258052
-0.260009
-0.260904
-0.258468
-0.250211
-0.233726
-0.209342
-0.178372
-0.146142
-0.116087
-0.0953589
-0.0812438
-0.0829287
-0.0826102
-0.0798475
-0.0776717
-0.0528565
-0.0343852
-0.0119859
0.0102778
0.0111108
-0.262484
-0.255901
-0.258104
-0.2566
-0.256307
-0.255489
-0.255209
-0.255373
-0.256488
-0.258451
-0.260785
-0.262104
-0.260012
-0.251884
-0.235181
-0.210218
-0.178367
-0.145147
-0.114312
-0.0933021
-0.0796125
-0.0826359
-0.0836802
-0.081522
-0.0795572
-0.053931
-0.0348221
-0.0117394
0.0110881
0.0114948
-0.262942
-0.255888
-0.257995
-0.256546
-0.256165
-0.255347
-0.255062
-0.25529
-0.256536
-0.258736
-0.2614
-0.263102
-0.261332
-0.253353
-0.236499
-0.211068
-0.178477
-0.144411
-0.112889
-0.0916187
-0.0782873
-0.0824592
-0.0847239
-0.083065
-0.081238
-0.0548854
-0.0351983
-0.0115042
0.0117441
0.0117728
-0.263378
-0.255863
-0.257846
-0.256452
-0.255996
-0.25518
-0.254887
-0.255162
-0.256511
-0.258905
-0.261849
-0.263891
-0.262421
-0.25461
-0.237673
-0.211889
-0.178703
-0.14393
-0.111811
-0.0902992
-0.077259
-0.0823877
-0.0857307
-0.0844695
-0.0827211
-0.0557325
-0.0355264
-0.0112937
0.0122463
0.0119508
-0.26375
-0.255847
-0.257636
-0.256307
-0.255787
-0.254979
-0.254677
-0.254987
-0.25641
-0.258956
-0.262129
-0.264466
-0.263275
-0.255651
-0.238701
-0.212679
-0.17904
-0.143697
-0.111068
-0.0893305
-0.076506
-0.0824082
-0.0866907
-0.0857334
-0.0840138
-0.0564839
-0.0358169
-0.0111191
0.0125978
0.0120359
-0.264002
-0.255828
-0.257347
-0.256095
-0.255524
-0.254736
-0.254428
-0.254762
-0.256233
-0.258889
-0.26224
-0.264829
-0.263892
-0.256474
-0.23958
-0.213432
-0.179478
-0.143696
-0.110641
-0.0886933
-0.0759979
-0.0825065
-0.0875959
-0.0868583
-0.0851242
-0.0571498
-0.0360789
-0.0109894
0.0128043
0.0120363
-0.264008
-0.255765
-0.256975
-0.255799
-0.255197
-0.254443
-0.254136
-0.254485
-0.255979
-0.258707
-0.262186
-0.264984
-0.264275
-0.257079
-0.240308
-0.214141
-0.180004
-0.143909
-0.11051
-0.0883647
-0.0757554
-0.0826677
-0.0884437
-0.0878438
-0.0860616
-0.0577422
-0.036323
-0.0109143
0.0128726
0.0119603
-0.263675
-0.255649
-0.256526
-0.255414
-0.254799
-0.254092
-0.25379
-0.254144
-0.255638
-0.258398
-0.261957
-0.264911
-0.264418
-0.257476
-0.240911
-0.214852
-0.180672
-0.144383
-0.110699
-0.0883473
-0.0756992
-0.0828739
-0.0892231
-0.0886868
-0.086839
-0.0582817
-0.0365673
-0.0109083
0.0128082
0.0118165
-0.263294
-0.255422
-0.255925
-0.254861
-0.254258
-0.253626
-0.253345
-0.253706
-0.255182
-0.257933
-0.26152
-0.264567
-0.264305
-0.257674
-0.241433
-0.215634
-0.181557
-0.145185
-0.111251
-0.0886602
-0.0758868
-0.0831129
-0.0899031
-0.0893947
-0.0874686
-0.0587782
-0.0368152
-0.010972
0.0126217
0.0116136
-0.260844
-0.254228
-0.254921
-0.253937
-0.253425
-0.252946
-0.25276
-0.253187
-0.254677
-0.257427
-0.261019
-0.264131
-0.264015
-0.257604
-0.241615
-0.216037
-0.182095
-0.14574
-0.111717
-0.0890196
-0.0762239
-0.0834396
-0.0905737
-0.0900345
-0.0879328
-0.0591436
-0.0369749
-0.011029
0.0123566
0.0113639
-0.248894
-0.251677
-0.25375
-0.252903
-0.252496
-0.252186
-0.252122
-0.252662
-0.254257
-0.257102
-0.260767
-0.263932
-0.263753
-0.257213
-0.241051
-0.215311
-0.181334
-0.145069
-0.1113
-0.0888887
-0.0765647
-0.0839895
-0.0915089
-0.0908253
-0.0883065
-0.0593537
-0.0369761
-0.011016
0.011987
0.0110168
-0.243908
-0.249062
-0.251527
-0.250815
-0.250638
-0.250665
-0.25087
-0.251626
-0.253356
-0.256235
-0.259772
-0.262642
-0.262105
-0.255223
-0.238886
-0.213237
-0.179679
-0.144056
-0.111045
-0.0892729
-0.0775503
-0.0848584
-0.0923828
-0.0912627
-0.0881666
-0.0592964
-0.0368754
-0.0110916
0.0113261
0.0104872
-0.240646
-0.245672
-0.248118
-0.247804
-0.248024
-0.248504
-0.249076
-0.250114
-0.252002
-0.254885
-0.25822
-0.260714
-0.259694
-0.252423
-0.235982
-0.210606
-0.177726
-0.143025
-0.111002
-0.0899901
-0.0788591
-0.0858112
-0.0930822
-0.0913797
-0.0876412
-0.0590691
-0.0367253
-0.0112778
0.0104619
0.00985824
-0.237086
-0.241097
-0.243352
-0.243742
-0.244551
-0.245581
-0.246604
-0.247974
-0.250038
-0.252908
-0.256003
-0.258083
-0.256582
-0.248985
-0.232586
-0.207693
-0.175735
-0.142177
-0.11129
-0.0910596
-0.0804302
-0.0867411
-0.0935818
-0.0912196
-0.0868063
-0.0587498
-0.0365715
-0.0116035
0.00940363
0.00914752
-0.231793
-0.235294
-0.237343
-0.238571
-0.240124
-0.241781
-0.24332
-0.245065
-0.247317
-0.250165
-0.252999
-0.254649
-0.252699
-0.24487
-0.228685
-0.204502
-0.173717
-0.14152
-0.111907
-0.0924579
-0.0822211
-0.0876214
-0.0938426
-0.0907707
-0.0856701
-0.0583478
-0.0364244
-0.0120703
0.00816755
0.0083668
-0.224505
-0.228385
-0.230362
-0.232396
-0.234764
-0.23709
-0.239174
-0.241314
-0.243762
-0.246579
-0.249145
-0.250378
-0.248036
-0.240088
-0.224299
-0.201051
-0.17167
-0.141027
-0.112805
-0.0941229
-0.0841689
-0.0884212
-0.0938407
-0.0900376
-0.0842567
-0.0578724
-0.0362916
-0.01267
0.00677799
0.00752925
-0.215734
-0.220557
-0.222711
-0.225442
-0.228607
-0.231603
-0.234225
-0.236753
-0.239388
-0.242165
-0.244472
-0.245321
-0.242666
-0.234723
-0.219502
-0.197386
-0.169604
-0.140662
-0.11392
-0.0959757
-0.0862009
-0.0891185
-0.0935758
-0.0890513
-0.0826136
-0.0573396
-0.0361823
-0.0133885
0.00526514
0.00664976
-0.20598
-0.212022
-0.214643
-0.217966
-0.221845
-0.225479
-0.228611
-0.231497
-0.2343
-0.23703
-0.239095
-0.239606
-0.23673
-0.22891
-0.214402
-0.193569
-0.167522
-0.140378
-0.11517
-0.0979286
-0.0882438
-0.0897062
-0.0930716
-0.0878615
-0.080803
-0.0567668
-0.0361039
-0.0142062
0.00366347
0.00574384
-0.195686
-0.203006
-0.20633
-0.21018
-0.214665
-0.218887
-0.222493
-0.225703
-0.228651
-0.231333
-0.233183
-0.23341
-0.230403
-0.222808
-0.209115
-0.18966
-0.165425
-0.14012
-0.116466
-0.0998919
-0.0902303
-0.0901913
-0.092372
-0.0865297
-0.0788947
-0.0561718
-0.0360616
-0.0151
0.00200966
0.00482682
-0.185243
-0.193711
-0.19788
-0.202235
-0.207224
-0.211969
-0.216016
-0.219523
-0.222602
-0.225242
-0.226913
-0.226917
-0.223861
-0.216569
-0.203752
-0.185714
-0.163307
-0.139833
-0.117723
-0.101784
-0.0921033
-0.0905898
-0.0915333
-0.0851215
-0.076959
-0.0555712
-0.0360579
-0.0160445
0.000340126
0.00391327
-0.174898
-0.184294
-0.189359
-0.194223
-0.199634
-0.204837
-0.209293
-0.213078
-0.216284
-0.218899
-0.220439
-0.220282
-0.21725
-0.21032
-0.198405
-0.181774
-0.161162
-0.139471
-0.118867
-0.10354
-0.0938192
-0.0909209
-0.090615
-0.0836986
-0.0750594
-0.0549796
-0.0360927
-0.0170153
-0.00131138
0.00301638
-0.164797
-0.17489
-0.180819
-0.186202
-0.191979
-0.197571
-0.202402
-0.206456
-0.209795
-0.212411
-0.213869
-0.213629
-0.210675
-0.204149
-0.193135
-0.177872
-0.158987
-0.139
-0.119846
-0.105114
-0.0953497
-0.0912012
-0.0896704
-0.0823116
-0.073247
-0.0544091
-0.0361641
-0.0179898
-0.00291581
0.00214748
-0.155039
-0.165608
-0.172314
-0.178211
-0.184316
-0.190237
-0.195407
-0.19972
-0.203204
-0.205849
-0.20728
-0.207017
-0.204199
-0.19811
-0.187984
-0.174027
-0.156778
-0.138402
-0.120625
-0.106476
-0.0966794
-0.0914416
-0.088741
-0.0809964
-0.0715579
-0.0538686
-0.0362685
-0.0189491
-0.00445006
0.00131566
-0.14569
-0.15654
-0.163904
-0.170288
-0.176693
-0.182889
-0.188356
-0.192919
-0.196561
-0.199267
-0.200717
-0.200492
-0.197861
-0.192234
-0.182969
-0.170249
-0.154536
-0.137669
-0.121188
-0.107616
-0.0978041
-0.0916466
-0.0878544
-0.0797748
-0.0700134
-0.053364
-0.0364015
-0.0198778
-0.00589726
0.000527792
-0.136794
-0.147763
-0.155649
-0.162473
-0.169152
-0.175578
-0.1813
-0.186097
-0.189907
-0.192704
-0.194218
-0.194084
-0.191686
-0.186536
-0.178102
-0.166545
-0.152262
-0.136801
-0.121532
-0.108533
-0.098727
-0.0918153
-0.0870265
-0.078656
-0.0686227
-0.0528988
-0.0365582
-0.0207643
-0.00724629
-0.000211355
-0.128382
-0.139336
-0.147613
-0.154812
-0.161735
-0.168353
-0.174288
-0.1793
-0.183284
-0.186198
-0.187812
-0.187815
-0.185685
-0.181023
-0.173388
-0.16292
-0.149963
-0.135806
-0.121664
-0.109231
-0.0994565
-0.0919438
-0.0862639
-0.077641
-0.0673861
-0.0524745
-0.0367337
-0.0216005
-0.00849083
-0.000898762
-0.120479
-0.13131
-0.139853
-0.147355
-0.154485
-0.16126
-0.167371
-0.172574
-0.176733
-0.179785
-0.181531
-0.181707
-0.179874
-0.175703
-0.168832
-0.15938
-0.147647
-0.134695
-0.121595
-0.109723
-0.100004
-0.0920272
-0.0855674
-0.0767259
-0.0662983
-0.0520915
-0.0369228
-0.0223807
-0.00962822
-0.00153276
-0.113098
-0.123723
-0.132422
-0.140149
-0.147447
-0.154348
-0.160599
-0.165968
-0.170296
-0.173501
-0.175404
-0.175782
-0.174266
-0.170585
-0.16444
-0.155933
-0.145323
-0.133482
-0.121343
-0.110021
-0.100385
-0.0920614
-0.0849347
-0.0759044
-0.0653503
-0.0517491
-0.0371207
-0.0231019
-0.0106584
-0.00211269
-0.106246
-0.116603
-0.125363
-0.133243
-0.140666
-0.147662
-0.154023
-0.159532
-0.16402
-0.167386
-0.169464
-0.170065
-0.168877
-0.165678
-0.160219
-0.152589
-0.143007
-0.132185
-0.120928
-0.110142
-0.100613
-0.0920441
-0.0843618
-0.0751697
-0.0645314
-0.051446
-0.0373225
-0.0237627
-0.011583
-0.00263857
-0.099927
-0.109973
-0.118716
-0.126682
-0.134186
-0.141249
-0.147692
-0.153318
-0.157951
-0.161481
-0.163745
-0.164582
-0.163727
-0.160997
-0.156183
-0.14936
-0.140714
-0.130823
-0.120372
-0.110104
-0.100707
-0.0919758
-0.0838439
-0.074515
-0.0638301
-0.0511805
-0.0375237
-0.0243631
-0.0124051
-0.00311099
-0.0941394
-0.103848
-0.112513
-0.120507
-0.128053
-0.135155
-0.141655
-0.147375
-0.152139
-0.155828
-0.158284
-0.159363
-0.158837
-0.156556
-0.152344
-0.146262
-0.138463
-0.129419
-0.119702
-0.10993
-0.100685
-0.0918593
-0.0833762
-0.073934
-0.0632343
-0.0509507
-0.0377196
-0.0249039
-0.0131287
-0.00353095
-0.0888809
-0.0982416
-0.106784
-0.114758
-0.122309
-0.129425
-0.13596
-0.141754
-0.146632
-0.150473
-0.153119
-0.15444
-0.154234
-0.152377
-0.14872
-0.143315
-0.136278
-0.127998
-0.118945
-0.109641
-0.100566
-0.0917001
-0.0829542
-0.0734212
-0.0627322
-0.0507543
-0.0379064
-0.0253868
-0.0137587
-0.00389986
-0.0841489
-0.0931631
-0.101551
-0.109469
-0.116997
-0.124105
-0.130657
-0.136505
-0.141482
-0.145463
-0.148291
-0.149846
-0.149947
-0.148485
-0.145337
-0.140539
-0.134183
-0.126588
-0.118132
-0.109264
-0.100371
-0.0915063
-0.0825741
-0.0729716
-0.0623126
-0.0505891
-0.0380802
-0.0258135
-0.0143006
-0.00421948
-0.0799425
-0.088623
-0.0968407
-0.104677
-0.112159
-0.119241
-0.125794
-0.13168
-0.13674
-0.140846
-0.143845
-0.14562
-0.146006
-0.14491
-0.142219
-0.137963
-0.132208
-0.125218
-0.117295
-0.108827
-0.10012
-0.0912878
-0.0822333
-0.0725811
-0.0619653
-0.0504525
-0.038238
-0.0261857
-0.0147603
-0.00449191
-0.0762635
-0.0846329
-0.0926753
-0.100415
-0.107837
-0.114881
-0.121422
-0.127333
-0.132459
-0.136676
-0.139829
-0.141806
-0.142452
-0.141685
-0.139397
-0.135617
-0.130384
-0.123923
-0.116466
-0.108357
-0.0998367
-0.0910567
-0.0819305
-0.0722463
-0.0616813
-0.050342
-0.0383774
-0.0265049
-0.0151437
-0.00471953
-0.0731198
-0.081209
-0.0890824
-0.0967205
-0.104075
-0.111074
-0.117595
-0.12352
-0.128699
-0.133008
-0.136297
-0.138452
-0.139329
-0.138848
-0.13691
-0.133537
-0.128749
-0.122737
-0.115681
-0.107887
-0.0995425
-0.0908264
-0.0816663
-0.0719649
-0.061453
-0.0502547
-0.0384968
-0.0267724
-0.0154565
-0.00490487
-0.0705244
-0.078373
-0.0860937
-0.0936349
-0.100923
-0.107875
-0.114373
-0.120304
-0.125522
-0.129907
-0.133308
-0.135616
-0.136687
-0.136447
-0.1348
-0.131763
-0.127342
-0.1217
-0.114977
-0.107447
-0.0992611
-0.0906115
-0.0814431
-0.0717357
-0.0612744
-0.0501882
-0.0385948
-0.0269888
-0.0157036
-0.00505048
-0.0685015
-0.0761567
-0.0837504
-0.0912079
-0.0984367
-0.105347
-0.111822
-0.117753
-0.122999
-0.127442
-0.130933
-0.13336
-0.134586
-0.134537
-0.133118
-0.130343
-0.126207
-0.120853
-0.114391
-0.10707
-0.0990161
-0.0904273
-0.0812653
-0.0715592
-0.0611416
-0.0501401
-0.0386705
-0.027154
-0.0158885
-0.00515853
-0.0670905
-0.0746064
-0.0821075
-0.0895026
-0.0966866
-0.103564
-0.110021
-0.115949
-0.121214
-0.125697
-0.12925
-0.131762
-0.133097
-0.133182
-0.131923
-0.129331
-0.125394
-0.120241
-0.113961
-0.106788
-0.0988309
-0.0902893
-0.0811389
-0.0714371
-0.0610526
-0.0501089
-0.0387234
-0.0272668
-0.016013
-0.00523031
-0.0663292
-0.0737792
-0.0812315
-0.0885925
-0.0957524
-0.102613
-0.10906
-0.114987
-0.120261
-0.124764
-0.12835
-0.130908
-0.132301
-0.132458
-0.131285
-0.128789
-0.124957
-0.11991
-0.113728
-0.106633
-0.0987285
-0.0902126
-0.0810716
-0.0713724
-0.0610075
-0.0500933
-0.0387525
-0.0273252
-0.0160771
-0.00526584
-0.158445
-0.16725
-0.175453
-0.183076
-0.190145
-0.196685
-0.202722
-0.208284
-0.213394
-0.218079
-0.222368
-0.226301
-0.229939
-0.233384
-0.236793
-0.240433
-0.244633
-0.250314
-0.257144
-0.270882
-0.145532
-0.15405
-0.162069
-0.169612
-0.1767
-0.183355
-0.189599
-0.195454
-0.200949
-0.206116
-0.211003
-0.215681
-0.220255
-0.224888
-0.229759
-0.235234
-0.241226
-0.248842
-0.254959
-0.267824
-0.133654
-0.141819
-0.149579
-0.156957
-0.163975
-0.170656
-0.177023
-0.183107
-0.188939
-0.194566
-0.200038
-0.205429
-0.210797
-0.216245
-0.221702
-0.227389
-0.232532
-0.238672
-0.242242
-0.253056
-0.122741
-0.130571
-0.138079
-0.145285
-0.152209
-0.158874
-0.1653
-0.171514
-0.177543
-0.183416
-0.189153
-0.194777
-0.200251
-0.205615
-0.210652
-0.215742
-0.22015
-0.225971
-0.230037
-0.239877
-0.112804
-0.120299
-0.127539
-0.134539
-0.141315
-0.147883
-0.154259
-0.160458
-0.16649
-0.172365
-0.178071
-0.183623
-0.188971
-0.194227
-0.199251
-0.204576
-0.209521
-0.215719
-0.220351
-0.228497
-0.103752
-0.110903
-0.117848
-0.124599
-0.131167
-0.137564
-0.143797
-0.149876
-0.155803
-0.161589
-0.167229
-0.172766
-0.178182
-0.183621
-0.188935
-0.194488
-0.199583
-0.205285
-0.20979
-0.216572
-0.0954795
-0.102281
-0.108915
-0.11539
-0.121715
-0.127898
-0.133946
-0.139867
-0.145667
-0.151364
-0.156962
-0.162499
-0.167946
-0.173378
-0.178627
-0.183913
-0.188806
-0.194074
-0.198811
-0.204951
-0.0879177
-0.0943703
-0.100687
-0.106875
-0.11294
-0.11889
-0.124731
-0.130472
-0.136118
-0.141682
-0.14716
-0.152565
-0.157863
-0.163098
-0.168181
-0.173288
-0.178226
-0.183406
-0.188361
-0.194003
-0.0810149
-0.0871233
-0.0931219
-0.0990161
-0.104811
-0.110511
-0.116123
-0.121651
-0.127098
-0.132468
-0.137756
-0.142974
-0.14811
-0.153203
-0.158223
-0.163256
-0.168192
-0.173184
-0.178066
-0.183312
-0.0747231
-0.0804938
-0.0861757
-0.0917728
-0.0972885
-0.102726
-0.10809
-0.113382
-0.118605
-0.123764
-0.128859
-0.133901
-0.138889
-0.143841
-0.148732
-0.153589
-0.158366
-0.163134
-0.167901
-0.172907
-0.0689838
-0.0744276
-0.079799
-0.0851011
-0.0903361
-0.0955067
-0.100616
-0.105666
-0.11066
-0.115602
-0.120494
-0.125339
-0.130136
-0.134886
-0.139584
-0.144241
-0.148858
-0.153465
-0.158105
-0.162897
-0.0637495
-0.068879
-0.0739495
-0.078963
-0.0839212
-0.0888263
-0.0936804
-0.0984856
-0.103244
-0.107957
-0.112626
-0.117251
-0.121834
-0.126378
-0.130884
-0.135359
-0.139808
-0.144234
-0.148687
-0.153251
-0.0589857
-0.0638136
-0.0685937
-0.0733269
-0.0780142
-0.0826574
-0.0872577
-0.0918164
-0.0963347
-0.100814
-0.105254
-0.109659
-0.114029
-0.118365
-0.122671
-0.126944
-0.13119
-0.13541
-0.139657
-0.143993
-0.0546461
-0.0591883
-0.0636914
-0.0681553
-0.0725809
-0.0769693
-0.0813211
-0.0856372
-0.0899185
-0.0941659
-0.0983804
-0.102563
-0.106714
-0.110835
-0.114925
-0.118986
-0.123024
-0.127038
-0.131074
-0.135177
-0.0506897
-0.0549643
-0.0592047
-0.0634124
-0.067588
-0.0717317
-0.0758437
-0.0799245
-0.0839747
-0.0879946
-0.0919849
-0.0959459
-0.0998782
-0.103782
-0.107659
-0.111509
-0.115338
-0.119142
-0.122963
-0.126829
-0.0471045
-0.0511248
-0.0551158
-0.0590793
-0.0630155
-0.0669241
-0.070805
-0.0746583
-0.0784841
-0.0822825
-0.086054
-0.0897985
-0.0935167
-0.0972084
-0.100875
-0.104515
-0.108134
-0.111729
-0.115333
-0.118966
-0.0438639
-0.0476432
-0.0513983
-0.05513
-0.0588383
-0.0625226
-0.0661825
-0.0698178
-0.0734282
-0.0770136
-0.0805741
-0.0841095
-0.0876199
-0.091105
-0.0945657
-0.0980007
-0.101415
-0.104804
-0.108198
-0.111605
-0.0409251
-0.0444802
-0.0480152
-0.0515301
-0.0550245
-0.0584977
-0.061949
-0.0653779
-0.0687839
-0.0721667
-0.075526
-0.0788613
-0.0821727
-0.0854596
-0.0887227
-0.0919605
-0.0951772
-0.0983681
-0.101559
-0.104752
-0.0382735
-0.0416203
-0.0449502
-0.0482625
-0.0515566
-0.0548317
-0.0580869
-0.0613213
-0.0645345
-0.0677258
-0.0708946
-0.0740405
-0.0771632
-0.080262
-0.0833372
-0.0863875
-0.0894161
-0.0924183
-0.0954167
-0.0984069
-0.0358861
-0.0390404
-0.04218
-0.0453042
-0.0484121
-0.0515027
-0.0545749
-0.0576278
-0.0606607
-0.0636727
-0.0666631
-0.0696313
-0.0725769
-0.0754989
-0.0783976
-0.0812715
-0.0841232
-0.0869482
-0.0897655
-0.0925676
-0.0337446
-0.0367218
-0.0396863
-0.0426371
-0.045573
-0.0484929
-0.0513958
-0.0542805
-0.0571462
-0.0599918
-0.0628166
-0.0656198
-0.0684007
-0.0711584
-0.073893
-0.0766029
-0.0792903
-0.0819507
-0.0846001
-0.0872294
-0.0318334
-0.034649
-0.0374534
-0.0402453
-0.0430236
-0.0457871
-0.0485345
-0.0512647
-0.0539766
-0.0566692
-0.0593417
-0.0619931
-0.0646226
-0.0672294
-0.0698132
-0.0723725
-0.0749089
-0.0774186
-0.0799143
-0.0823869
-0.0301401
-0.0328091
-0.0354681
-0.0381159
-0.040751
-0.0433721
-0.0459781
-0.0485677
-0.0511398
-0.0536933
-0.0562272
-0.0587406
-0.0612326
-0.0637023
-0.0661492
-0.068572
-0.0709718
-0.0733452
-0.0757024
-0.0780346
-0.0286543
-0.0311919
-0.0337205
-0.0362387
-0.0387451
-0.0412384
-0.0437173
-0.0461806
-0.048627
-0.0510556
-0.0534652
-0.0558549
-0.0582237
-0.0605707
-0.0628954
-0.0651965
-0.0674747
-0.069727
-0.0719613
-0.0741702
-0.0273666
-0.0297886
-0.032202
-0.0346056
-0.036998
-0.0393781
-0.0417445
-0.044096
-0.0464314
-0.0487496
-0.0510495
-0.0533302
-0.0555907
-0.0578302
-0.0600478
-0.0622426
-0.0644147
-0.0665619
-0.0686898
-0.0707925
-0.0262758
-0.0285977
-0.0309112
-0.0332152
-0.0355088
-0.0377907
-0.0400596
-0.0423143
-0.0445537
-0.0467766
-0.0489821
-0.0511691
-0.0533367
-0.0554841
-0.0576105
-0.0597149
-0.0617972
-0.0638557
-0.0658941
-0.0679084
-0.0253822
-0.0276183
-0.0298466
-0.0320661
-0.0342757
-0.0364744
-0.0386609
-0.040834
-0.0429927
-0.0451359
-0.0472626
-0.0493719
-0.0514628
-0.0535346
-0.0555865
-0.0576176
-0.0596275
-0.061615
-0.0635822
-0.0655268
-0.0246984
-0.026865
-0.0290244
-0.0311754
-0.0333171
-0.0354485
-0.0375683
-0.0396756
-0.0417693
-0.0438486
-0.0459124
-0.0479599
-0.0499904
-0.052003
-0.053997
-0.0559717
-0.0579266
-0.0598609
-0.0617755
-0.0636695
-0.0242055
-0.0263199
-0.0284277
-0.0305281
-0.0326201
-0.0347025
-0.0367745
-0.0388351
-0.0408834
-0.0429184
-0.0449395
-0.0469456
-0.0489362
-0.0509103
-0.0528674
-0.0548067
-0.0567276
-0.0586294
-0.0605123
-0.0623761
-0.0239822
-0.0260593
-0.0281293
-0.0301918
-0.032246
-0.0342913
-0.0363271
-0.0383526
-0.0403671
-0.0423701
-0.044361
-0.0463393
-0.0483044
-0.0502558
-0.0521931
-0.0541158
-0.0560236
-0.0579161
-0.0597933
-0.0616555
0.146769
0.12774
0.109758
0.0920786
0.0735516
0.0548424
0.0365402
0.0186907
0.00127249
-0.0156466
-0.0320037
-0.0477725
-0.0629537
-0.0774494
-0.0915733
-0.104688
-0.116827
-0.128208
-0.138932
-0.149011
0.138112
0.119325
0.100402
0.0836047
0.0666865
0.0494376
0.0326011
0.0163458
0.000551158
-0.0147966
-0.0296411
-0.0439242
-0.0575687
-0.0704193
-0.0830331
-0.0950012
-0.106233
-0.11685
-0.126935
-0.136497
0.128246
0.11033
0.0914885
0.0756501
0.0605268
0.0450052
0.0296844
0.0149469
0.000698748
-0.0131423
-0.0265315
-0.0393973
-0.0516918
-0.0634302
-0.0749997
-0.0861053
-0.096604
-0.106553
-0.116029
-0.125061
0.117692
0.101053
0.0831258
0.0683844
0.0548935
0.0410509
0.0271787
0.0137969
0.000915066
-0.0115907
-0.0237302
-0.035466
-0.0467761
-0.0576442
-0.0678877
-0.0780218
-0.087812
-0.0971403
-0.106043
-0.11457
0.107346
0.0922237
0.0756091
0.0619988
0.0499005
0.0375644
0.0250441
0.0128849
0.00120556
-0.0101124
-0.0211193
-0.031785
-0.0420697
-0.0519496
-0.0614154
-0.0707905
-0.0798969
-0.0886232
-0.096987
-0.105038
0.0976715
0.0840582
0.0688884
0.0563855
0.0454689
0.0344478
0.0231728
0.0121347
0.00152777
-0.00873312
-0.0187226
-0.0284332
-0.0378339
-0.0469166
-0.0556853
-0.0643712
-0.0728155
-0.0809479
-0.088791
-0.0963846
0.0887837
0.0765533
0.0628396
0.0514192
0.0415305
0.0316508
0.0215064
0.0114978
0.00185222
-0.00747439
-0.0165623
-0.0254217
-0.0340249
-0.0423591
-0.0504459
-0.0585416
-0.0664015
-0.0739894
-0.0813452
-0.0885034
0.0806787
0.0696861
0.0573745
0.0470033
0.0380296
0.0291398
0.0200064
0.0109359
0.00215504
-0.00634609
-0.0146425
-0.0227613
-0.0306938
-0.0384306
-0.0459708
-0.0532998
-0.060549
-0.0676514
-0.0745723
-0.081322
0.0733275
0.0634444
0.0524405
0.0430643
0.0349144
0.0268858
0.0186468
0.0104239
0.00242314
-0.00534161
-0.0129318
-0.0203795
-0.0276817
-0.0348243
-0.041794
-0.0485497
-0.0552777
-0.0619242
-0.0684303
-0.0747886
0.0666922
0.0578064
0.047995
0.0395405
0.0321337
0.0248587
0.0174074
0.00994498
0.00264885
-0.0044537
-0.0114084
-0.0182458
-0.024966
-0.0315565
-0.0380084
-0.0443106
-0.0505812
-0.0567857
-0.0628805
-0.068856
0.0607241
0.0527343
0.0439936
0.0363774
0.0296395
0.023028
0.0162706
0.00948731
0.00282616
-0.00368015
-0.0100642
-0.0163527
-0.0225489
-0.0286443
-0.0346333
-0.0405124
-0.0463614
-0.0521512
-0.0578533
-0.0634619
0.0553669
0.0481799
0.0403906
0.0335277
0.0273906
0.0213662
0.0152211
0.00904282
0.0029524
-0.00301709
-0.00888817
-0.0146831
-0.0204063
-0.0260518
-0.0316154
-0.037097
-0.0425573
-0.0479637
-0.0532974
-0.0585574
0.0505625
0.044092
0.0371423
0.030951
0.0253523
0.0198491
0.0142457
0.00860608
0.00302804
-0.00245749
-0.00786552
-0.0132139
-0.0185077
-0.023744
-0.0289209
-0.0340395
-0.0391452
-0.0441961
-0.0491817
-0.0541092
0.046255
0.0404218
0.0342094
0.0286136
0.0234965
0.0184569
0.0133333
0.00817257
0.00305307
-0.00199746
-0.00698821
-0.0119318
-0.0168305
-0.0216789
-0.0264744
-0.0312284
-0.0360354
-0.0407763
-0.0454459
-0.0500657
0.0423928
0.0371249
0.0315575
0.026488
0.021801
0.0171745
0.0124767
0.00774179
0.00303192
-0.00162941
-0.00624867
-0.0108373
-0.0154002
-0.0199383
-0.0244476
-0.0289151
-0.0332708
-0.0376467
-0.0420265
-0.0463777
0.0389298
0.0341618
0.0291575
0.0245521
0.0202493
0.0159917
0.0116728
0.00731796
0.00297626
-0.00133215
-0.00561064
-0.00986666
-0.0141022
-0.0183144
-0.0224976
-0.0266455
-0.030749
-0.0348581
-0.0389659
-0.0430515
0.035825
0.0314983
0.0269848
0.0227881
0.0188281
0.0149003
0.0109193
0.00690399
0.00289309
-0.00109634
-0.00506569
-0.00902008
-0.0129609
-0.0168862
-0.0207925
-0.0246762
-0.0285295
-0.032382
-0.0362292
-0.0400589
0.0330425
0.0291046
0.0250183
0.021181
0.0175266
0.0138934
0.0102135
0.00650108
0.00278651
-0.000916004
-0.00460659
-0.00828862
-0.0119629
-0.0156275
-0.0192796
-0.0229158
-0.0265322
-0.0301466
-0.0337551
-0.0373496
0.0305513
0.0269551
0.0232402
0.0197185
0.0163358
0.0129653
0.00955351
0.0061109
0.00266129
-0.000783545
-0.00422292
-0.00765887
-0.0110916
-0.0145194
-0.0179395
-0.0213494
-0.0247462
-0.0281413
-0.0315313
-0.0349099
0.0283247
0.025028
0.0216354
0.01839
0.0152484
0.0121117
0.00893811
0.00573544
0.00252226
-0.000691706
-0.00390525
-0.00711938
-0.0103339
-0.013547
-0.0167563
-0.0199596
-0.0231543
-0.0263481
-0.0295376
-0.032718
0.0263401
0.0233048
0.0201912
0.0171873
0.0142588
0.0113293
0.00836672
0.00537679
0.00237396
-0.000633815
-0.00364497
-0.00665977
-0.0096776
-0.0126968
-0.015715
-0.0187302
-0.0217403
-0.0247502
-0.0277566
-0.0307557
0.0245787
0.0217704
0.0188973
0.0161035
0.0133623
0.0106157
0.00783914
0.00503703
0.00222049
-0.000603958
-0.00343457
-0.00627105
-0.00911251
-0.0119573
-0.0148032
-0.0176483
-0.0204907
-0.0233337
-0.0261738
-0.0290079
0.0230252
0.0204125
0.0177454
0.0151331
0.0125554
0.00996896
0.00735542
0.00471804
0.00206543
-0.000597088
-0.0032677
-0.00594572
-0.00863005
-0.011319
-0.0140106
-0.016703
-0.0193945
-0.0220873
-0.0247775
-0.0274624
0.0216675
0.0192214
0.0167291
0.0142721
0.0118356
0.00938791
0.00691569
0.00442143
0.00191171
-0.000609116
-0.00313923
-0.00567766
-0.00822316
-0.0107741
-0.0133285
-0.0158847
-0.0184412
-0.0210008
-0.0235575
-0.026109
0.0204969
0.0181902
0.0158439
0.0135176
0.011201
0.00887163
0.00652006
0.00414824
0.0017612
-0.000637534
-0.00304619
-0.00546364
-0.00788855
-0.0103193
-0.0127541
-0.0151912
-0.0176287
-0.0200664
-0.0225033
-0.0249375
0.019508
0.0173148
0.0150875
0.0128685
0.0106512
0.00842025
0.00616931
0.00389995
0.00161597
-0.000679781
-0.00298566
-0.00530047
-0.00762291
-0.00995144
-0.0122844
-0.0146197
-0.0169547
-0.0192833
-0.0216146
-0.023947
0.0186992
0.0165943
0.0144599
0.0123254
0.0101871
0.00803506
0.00586523
0.00367898
0.00147921
-0.000731752
-0.00295236
-0.00518136
-0.00741742
-0.00965906
-0.0119047
-0.0141526
-0.016401
-0.0186468
-0.0208937
-0.0231399
0.0180728
0.0160309
0.0139635
0.0118906
0.00981042
0.00771689
0.00560774
0.00348413
0.0013483
-0.000797853
-0.00295291
-0.00511564
-0.00728476
-0.00945887
-0.0116365
-0.0138161
-0.0159957
-0.0181728
-0.0203499
-0.022526
0.0176369
0.0156316
0.0136048
0.0115704
0.00952769
0.00747318
0.00540556
0.00332579
0.00123557
-0.000863563
-0.00297038
-0.00508375
-0.00720254
-0.00932555
-0.0114516
-0.0135793
-0.0157077
-0.0178353
-0.0199618
-0.0220857
0.0174076
0.0154106
0.0133927
0.0113652
0.00932968
0.00728445
0.00522891
0.00316391
0.00109093
-0.000988651
-0.00307362
-0.00516288
-0.00725536
-0.00934992
-0.0114454
-0.0135406
-0.015634
-0.0177239
-0.0198125
-0.0218994
0.160888
0.163821
0.167749
0.174548
0.181701
0.191131
0.200171
0.210636
0.219192
0.22775
0.231538
0.23326
0.225243
0.21229
0.178527
0.160059
0.162869
0.16659
0.173011
0.179697
0.188408
0.196563
0.205789
0.212861
0.219441
0.221066
0.21985
0.209362
0.192434
0.162431
0.159144
0.161813
0.165295
0.171291
0.177445
0.18537
0.19256
0.200487
0.206042
0.210692
0.210347
0.206686
0.19476
0.176521
0.150206
0.158135
0.160648
0.163872
0.169408
0.174998
0.182084
0.18828
0.194858
0.198926
0.201665
0.199574
0.193792
0.181044
0.16229
0.137915
0.15703
0.159371
0.162324
0.167366
0.172369
0.178577
0.183771
0.188977
0.191621
0.192517
0.188903
0.181327
0.168005
0.149018
0.125787
0.155821
0.157975
0.160644
0.165161
0.169558
0.174851
0.179044
0.182874
0.184167
0.183335
0.178399
0.169372
0.155603
0.136688
0.114501
0.154505
0.156455
0.158827
0.162789
0.166562
0.170913
0.17411
0.176581
0.176599
0.174189
0.168104
0.157962
0.143885
0.125339
0.104264
0.153077
0.154806
0.156871
0.160251
0.163384
0.166776
0.168989
0.17014
0.168964
0.165148
0.158073
0.147126
0.132899
0.114933
0.0950117
0.151533
0.153024
0.154773
0.157547
0.160031
0.162456
0.163704
0.163598
0.161309
0.156278
0.148363
0.136884
0.122665
0.105396
0.0866339
0.14987
0.151108
0.152532
0.154684
0.156509
0.157978
0.158283
0.157003
0.153687
0.147633
0.139028
0.127241
0.113172
0.0966637
0.0790465
0.148086
0.149056
0.150148
0.151669
0.152831
0.153366
0.152756
0.150402
0.146149
0.139257
0.130109
0.118197
0.104398
0.0886825
0.0721843
0.146181
0.146872
0.147623
0.148514
0.149009
0.148648
0.147158
0.143838
0.138745
0.131188
0.121639
0.109744
0.0963135
0.0814052
0.0659875
0.144154
0.144558
0.144961
0.145232
0.145061
0.143853
0.141526
0.137353
0.131525
0.123454
0.11364
0.101872
0.0888846
0.0747845
0.0603984
0.14201
0.142124
0.142171
0.141839
0.14101
0.139013
0.135899
0.130986
0.12453
0.116079
0.106124
0.0945694
0.0820756
0.0687723
0.055362
0.139751
0.139579
0.139262
0.138355
0.13688
0.134158
0.13032
0.124772
0.117799
0.109085
0.0990939
0.0878193
0.0758496
0.0633212
0.0508266
0.137387
0.136936
0.136249
0.1348
0.132702
0.129319
0.124827
0.118745
0.111363
0.102486
0.0925472
0.0816017
0.0701702
0.0583859
0.0467449
0.134927
0.134212
0.133152
0.131196
0.128506
0.124531
0.119461
0.112938
0.105247
0.0962922
0.0864769
0.0758943
0.0650021
0.0539246
0.0430743
0.132385
0.131425
0.129995
0.127569
0.124328
0.119827
0.114258
0.10738
0.0994705
0.0905108
0.080873
0.0706736
0.0603114
0.0498989
0.0397768
0.129781
0.128598
0.126805
0.123947
0.120204
0.11524
0.109252
0.102099
0.0940494
0.0851439
0.0757234
0.065916
0.0560664
0.0462742
0.0368188
0.127137
0.125754
0.123615
0.120362
0.11617
0.110808
0.104476
0.0971179
0.0889961
0.0801916
0.0710153
0.0615987
0.052238
0.0430196
0.0341713
0.124482
0.122924
0.12046
0.11685
0.112263
0.106565
0.0999595
0.0924595
0.0843207
0.0756522
0.0667355
0.0577005
0.0488002
0.0401083
0.0318092
0.12185
0.120139
0.11738
0.113449
0.108523
0.102547
0.0957319
0.0881439
0.0800319
0.0715233
0.0628721
0.0542027
0.0457301
0.0375169
0.0297114
0.11928
0.117438
0.114415
0.110203
0.104991
0.0987901
0.0918216
0.0841904
0.0761382
0.0678034
0.0594146
0.0510889
0.0430087
0.0352265
0.0278607
0.116816
0.114862
0.111612
0.107157
0.101708
0.095332
0.0882573
0.0806183
0.0726485
0.0644924
0.0563554
0.0483468
0.0406207
0.0332217
0.0262434
0.114507
0.112461
0.10902
0.10436
0.0987189
0.0922112
0.0850691
0.0774484
0.0695743
0.0615931
0.0536906
0.0459678
0.0385556
0.0314917
0.0248496
0.112411
0.11029
0.106691
0.101865
0.096073
0.0894695
0.0822899
0.0747046
0.06693
0.0591126
0.0514208
0.0439485
0.0368074
0.0300299
0.0236734
0.110588
0.108406
0.104685
0.0997279
0.0938223
0.0871526
0.079957
0.0724154
0.064736
0.0570636
0.0495529
0.0422917
0.0353763
0.0288351
0.022713
0.109106
0.106879
0.103066
0.0980115
0.0920245
0.0853122
0.0781143
0.0706164
0.0630196
0.0554668
0.0481017
0.0410076
0.0342693
0.0279122
0.0219719
0.108038
0.10578
0.101904
0.0967847
0.0907446
0.0840078
0.0768142
0.0693527
0.0618184
0.0543526
0.0470916
0.0401156
0.0335018
0.0272736
0.0214599
0.107462
0.105189
0.101279
0.0961262
0.0900587
0.0833109
0.0761215
0.068682
0.0611826
0.0537647
0.0465594
0.0396466
0.0330987
0.0269393
0.0211939
0.166816
0.170284
0.174697
0.183111
0.191894
0.204461
0.217635
0.2345
0.252399
0.273887
0.29679
0.323166
0.350982
0.382066
0.413926
0.166787
0.170253
0.174664
0.18307
0.191847
0.204399
0.217553
0.234389
0.252239
0.273667
0.296469
0.322723
0.350348
0.381205
0.412722
0.166729
0.170188
0.174598
0.182987
0.19175
0.204272
0.217385
0.234164
0.251915
0.273224
0.295821
0.321831
0.349073
0.379475
0.410305
0.166642
0.170091
0.174498
0.182863
0.191605
0.204081
0.217132
0.233825
0.251428
0.272558
0.294849
0.320495
0.347161
0.376884
0.406682
0.166526
0.169961
0.174365
0.182697
0.19141
0.203827
0.216796
0.233373
0.250781
0.271672
0.293556
0.318718
0.344617
0.373438
0.40186
0.166381
0.1698
0.1742
0.182483
0.191166
0.20351
0.216378
0.232811
0.249976
0.270569
0.291947
0.316506
0.34145
0.369149
0.395854
0.166208
0.169608
0.174003
0.182245
0.190873
0.203131
0.215879
0.232138
0.249015
0.269251
0.290026
0.313868
0.337668
0.364029
0.388679
0.166006
0.169384
0.173775
0.181971
0.190532
0.202691
0.215301
0.231356
0.247903
0.267723
0.287799
0.31081
0.333281
0.358095
0.380358
0.165776
0.169131
0.173514
0.18164
0.190147
0.202191
0.214645
0.230469
0.246642
0.265988
0.285273
0.307343
0.328301
0.351366
0.370917
0.165518
0.168849
0.173217
0.181275
0.189718
0.201634
0.213915
0.229477
0.245237
0.26405
0.282457
0.303475
0.322741
0.343864
0.360389
0.165233
0.168539
0.172879
0.180871
0.189245
0.20102
0.213111
0.228383
0.243693
0.261913
0.279357
0.299218
0.316617
0.335613
0.34881
0.164922
0.168203
0.172546
0.180428
0.188731
0.200351
0.212237
0.227191
0.242014
0.259583
0.275984
0.29458
0.309945
0.32664
0.336221
0.164584
0.167839
0.172162
0.179951
0.188176
0.199629
0.211294
0.225902
0.240204
0.257065
0.272348
0.289572
0.302742
0.316974
0.322667
0.164221
0.167447
0.17174
0.179441
0.187581
0.198856
0.210286
0.224521
0.23827
0.254362
0.268458
0.284204
0.29503
0.306648
0.308194
0.163833
0.167026
0.171293
0.1789
0.186948
0.198034
0.209214
0.223052
0.236215
0.251483
0.264327
0.278487
0.286833
0.295692
0.292845
0.163421
0.166573
0.170817
0.178328
0.186277
0.197164
0.20808
0.221495
0.234043
0.248431
0.259963
0.272429
0.278176
0.284137
0.276659
0.162986
0.16613
0.170313
0.177725
0.185569
0.196247
0.206883
0.219852
0.231754
0.245207
0.255375
0.266036
0.269092
0.272014
0.259668
0.162527
0.165633
0.169788
0.177101
0.184836
0.195299
0.205645
0.218149
0.229377
0.241844
0.250594
0.259344
0.25963
0.259352
0.2419
0.162047
0.16512
0.169246
0.176465
0.184094
0.194349
0.204403
0.216438
0.226967
0.238409
0.245666
0.252379
0.249787
0.246104
0.223236
0.16154
0.164572
0.168643
0.175735
0.18322
0.193217
0.202924
0.214415
0.224173
0.234493
0.240191
0.244737
0.239342
0.232059
0.203282
0.161507
0.164536
0.168601
0.175684
0.183157
0.193139
0.202827
0.214296
0.224026
0.234315
0.239975
0.24448
0.239033
0.2317
0.202841
0.162015
0.165086
0.169206
0.176416
0.184034
0.194276
0.204311
0.216325
0.226828
0.238241
0.245461
0.252136
0.249494
0.245764
0.222826
0.162497
0.1656
0.16975
0.177055
0.184779
0.195229
0.205558
0.218042
0.229245
0.241686
0.2504
0.259115
0.259353
0.259031
0.241515
0.162957
0.166099
0.170277
0.177682
0.185515
0.19618
0.2068
0.219751
0.231629
0.245057
0.255192
0.265821
0.268832
0.271712
0.259308
0.163394
0.166543
0.170783
0.178287
0.186226
0.197102
0.208002
0.221401
0.233926
0.24829
0.259792
0.272227
0.277933
0.283854
0.276322
0.163807
0.166998
0.171261
0.178861
0.1869
0.197975
0.209141
0.222963
0.236105
0.251352
0.264166
0.278298
0.286606
0.295428
0.292531
0.164197
0.167422
0.17171
0.179405
0.187536
0.198801
0.210218
0.224439
0.238167
0.25424
0.268309
0.284029
0.29482
0.306402
0.307903
0.164562
0.167815
0.172133
0.179917
0.188134
0.199578
0.211231
0.225826
0.240109
0.256951
0.272209
0.289409
0.302547
0.316747
0.3224
0.164902
0.168181
0.172523
0.180397
0.188693
0.200304
0.212179
0.22712
0.241926
0.259479
0.275857
0.29443
0.309766
0.326431
0.335976
0.165215
0.168519
0.172854
0.180843
0.18921
0.200977
0.213058
0.228319
0.243613
0.261818
0.279241
0.299081
0.316454
0.335423
0.348586
0.165501
0.16883
0.173196
0.18125
0.189685
0.201595
0.213866
0.229418
0.245165
0.263963
0.282352
0.303352
0.322594
0.343693
0.360187
0.165761
0.169115
0.173495
0.181617
0.190117
0.202156
0.214602
0.230416
0.246577
0.26591
0.28518
0.307232
0.328169
0.351213
0.370737
0.165992
0.16937
0.173759
0.181948
0.190506
0.20266
0.215262
0.23131
0.247846
0.267655
0.287716
0.310713
0.333165
0.35796
0.3802
0.166196
0.169595
0.173989
0.182235
0.19085
0.203104
0.215846
0.232097
0.248966
0.269192
0.289954
0.313783
0.337568
0.363912
0.388542
0.166371
0.169789
0.174187
0.182464
0.191147
0.203487
0.21635
0.232777
0.249934
0.270519
0.291886
0.316435
0.341365
0.36905
0.395738
0.166518
0.169952
0.174355
0.182686
0.191395
0.203808
0.216773
0.233346
0.250747
0.271631
0.293507
0.318659
0.344548
0.373358
0.401766
0.166636
0.170084
0.17449
0.182853
0.191592
0.204067
0.217114
0.233803
0.251402
0.272526
0.29481
0.320449
0.347107
0.376821
0.406609
0.166725
0.170183
0.174592
0.18298
0.191741
0.204262
0.217372
0.234148
0.251896
0.273201
0.295793
0.321799
0.349034
0.379431
0.410253
0.166784
0.17025
0.174661
0.183066
0.191841
0.204393
0.217545
0.23438
0.252228
0.273653
0.296452
0.322704
0.350325
0.381178
0.412691
0.166815
0.170283
0.174696
0.183109
0.191892
0.204459
0.217633
0.234497
0.252396
0.273882
0.296785
0.32316
0.350975
0.382057
0.413916
0.107399
0.105127
0.101219
0.09607
0.0900081
0.083268
0.0760885
0.068661
0.0611758
0.053774
0.0465865
0.0396927
0.0331648
0.0270262
0.0213018
0.107974
0.105717
0.101843
0.0967275
0.0906926
0.083963
0.0767788
0.0693288
0.061808
0.0543577
0.0471137
0.0401562
0.0335618
0.0273538
0.0215605
0.109041
0.106815
0.103004
0.0979526
0.09197
0.085264
0.0780744
0.0705869
0.0630024
0.0554639
0.0481147
0.0410378
0.0343179
0.0279799
0.0220588
0.110523
0.108342
0.104622
0.0996666
0.0937644
0.0870998
0.0799111
0.0723783
0.0647096
0.0570498
0.0495533
0.0423077
0.035409
0.0288853
0.0227809
0.112345
0.110224
0.106626
0.101801
0.0960111
0.0894111
0.0822366
0.0746583
0.0668924
0.0590855
0.0514057
0.043947
0.0368206
0.0300584
0.0237175
0.114441
0.112395
0.108953
0.104293
0.0986525
0.0921467
0.0850078
0.0773918
0.069524
0.0615509
0.053658
0.0459462
0.0385462
0.0314953
0.0248663
0.116749
0.114795
0.111543
0.107087
0.101637
0.0952611
0.0881874
0.0805507
0.0725848
0.0644339
0.0563038
0.0483033
0.0405866
0.0331978
0.0262296
0.119212
0.117369
0.114344
0.11013
0.104915
0.0987127
0.091743
0.0841116
0.0760603
0.0677279
0.0593429
0.0510223
0.0429483
0.035173
0.027814
0.121783
0.12007
0.117307
0.113374
0.108444
0.102463
0.0956447
0.0880539
0.07994
0.0714306
0.0627799
0.0541122
0.0456425
0.0374327
0.0296303
0.124414
0.122854
0.120387
0.116772
0.112179
0.106475
0.0998641
0.0923585
0.0842149
0.0755424
0.0666229
0.0575861
0.048685
0.0399927
0.0316927
0.127069
0.125684
0.123541
0.120282
0.116082
0.110713
0.104373
0.0970065
0.088877
0.0800652
0.0708826
0.0614605
0.0520954
0.0428728
0.0340193
0.129713
0.128528
0.12673
0.123865
0.120114
0.11514
0.109142
0.101978
0.0939178
0.0850018
0.0755715
0.0657548
0.055897
0.0460965
0.0366318
0.132318
0.131356
0.12992
0.127486
0.124236
0.119722
0.114142
0.107251
0.0993273
0.0903539
0.0807029
0.0704906
0.0601163
0.0496914
0.0395556
0.134861
0.134143
0.133077
0.131112
0.128411
0.124424
0.11934
0.112801
0.105093
0.0961219
0.0862901
0.0756909
0.0647827
0.0536888
0.0428204
0.137322
0.136868
0.136174
0.134716
0.132606
0.129209
0.124701
0.118601
0.111201
0.102303
0.0923452
0.0813795
0.0699283
0.0581234
0.0464601
0.139688
0.139512
0.139188
0.138271
0.136784
0.134045
0.13019
0.124622
0.117629
0.108892
0.0988783
0.0875801
0.075587
0.0630341
0.0505131
0.141948
0.142059
0.142098
0.141756
0.140913
0.138899
0.135768
0.130832
0.124354
0.115878
0.105897
0.0943151
0.0817944
0.0684629
0.0550221
0.144094
0.144494
0.14489
0.145149
0.144965
0.143739
0.141392
0.137196
0.131343
0.123245
0.113403
0.101605
0.0885872
0.074455
0.0600348
0.146122
0.146809
0.147553
0.148432
0.148913
0.148534
0.147024
0.143679
0.13856
0.130973
0.121394
0.109465
0.096002
0.0810581
0.0656026
0.14803
0.148996
0.15008
0.151589
0.152736
0.153253
0.152622
0.150242
0.145962
0.139039
0.129857
0.11791
0.104075
0.0883202
0.0717808
0.149816
0.151049
0.152466
0.154606
0.156417
0.157867
0.15815
0.156844
0.153499
0.147412
0.138772
0.126948
0.112839
0.0962886
0.0786271
0.151481
0.152968
0.154709
0.157472
0.15994
0.162347
0.163572
0.16344
0.161121
0.156056
0.148105
0.136585
0.122325
0.105011
0.086201
0.153027
0.154752
0.15681
0.160177
0.163296
0.166669
0.168859
0.169984
0.168777
0.164927
0.157814
0.146825
0.132554
0.114539
0.0945677
0.154457
0.156403
0.158768
0.162719
0.166476
0.170809
0.173984
0.176428
0.176415
0.173969
0.167845
0.15766
0.143537
0.12494
0.103811
0.155776
0.157925
0.160587
0.165093
0.169475
0.174751
0.178921
0.182724
0.183986
0.183119
0.178142
0.169071
0.155254
0.136285
0.114042
0.156986
0.159323
0.162269
0.167301
0.17229
0.17848
0.183652
0.188832
0.191444
0.192305
0.188651
0.181029
0.167657
0.148614
0.125324
0.158094
0.160603
0.163821
0.169346
0.174922
0.181991
0.188165
0.194717
0.198754
0.201459
0.199326
0.193498
0.180698
0.161887
0.13745
0.159105
0.16177
0.165245
0.171232
0.177372
0.185281
0.192449
0.200351
0.205875
0.210492
0.210105
0.206399
0.194418
0.17612
0.149738
0.160022
0.162828
0.166543
0.172954
0.179627
0.188322
0.196456
0.205659
0.212701
0.219247
0.22083
0.219571
0.209027
0.192039
0.161959
0.160853
0.163783
0.167705
0.174494
0.181635
0.19105
0.200069
0.210511
0.219038
0.227564
0.231312
0.232992
0.22492
0.211909
0.178059
0.0175304
0.0155416
0.0135321
0.0115135
0.00948714
0.00745133
0.00540552
0.00335058
0.00128796
-0.000780913
-0.00285485
-0.00493276
-0.00701355
-0.0090961
-0.0111793
-0.0132617
-0.0153422
-0.0174188
-0.0194938
-0.0215666
0.0177519
0.0157545
0.0137363
0.0117106
0.00967699
0.00763178
0.00557378
0.00350397
0.00142406
-0.000664436
-0.00276027
-0.00486232
-0.00696943
-0.00908041
-0.011194
-0.0133091
-0.0154244
-0.0175386
-0.0196513
-0.0217611
0.0181733
0.0161391
0.0140803
0.0120162
0.00994493
0.00786058
0.00576093
0.0036472
0.00152161
-0.000613946
-0.00275805
-0.00490947
-0.00706691
-0.00922897
-0.0113942
-0.013561
-0.0157275
-0.0178912
-0.0200546
-0.0222164
0.0187793
0.0166818
0.0145561
0.0124304
0.0103009
0.00815786
0.00599736
0.00382084
0.0016312
-0.00056928
-0.00277904
-0.00499682
-0.00722129
-0.00945097
-0.0116843
-0.0139195
-0.0161549
-0.0183875
-0.0206205
-0.0228523
0.0195627
0.0173765
0.015158
0.0129479
0.0107392
0.00851701
0.00627515
0.00401531
0.00174127
-0.000544138
-0.00283929
-0.00514296
-0.00745381
-0.00977028
-0.0120907
-0.014413
-0.0167347
-0.0190507
-0.0213687
-0.0236868
0.0205221
0.0182219
0.0158846
0.0135671
0.0112589
0.00893784
0.00659495
0.00423228
0.00185481
-0.00053401
-0.00293244
-0.00533936
-0.00775345
-0.0101731
-0.0125966
-0.0150219
-0.0174468
-0.0198681
-0.0222899
-0.02471
0.0216599
0.0192197
0.0167366
0.0142884
0.0118599
0.00942013
0.0069562
0.00447077
0.00197036
-0.000540769
-0.0030608
-0.00558874
-0.00812329
-0.0106628
-0.0132052
-0.015749
-0.0182929
-0.0208403
-0.023384
-0.0259218
0.0229821
0.0203747
0.0177168
0.0151133
0.0125432
0.00996407
0.00735827
0.00472923
0.00208543
-0.000567893
-0.00322897
-0.00589707
-0.00857109
-0.0112494
-0.0139299
-0.0166108
-0.0192904
-0.0219711
-0.0246485
-0.0273199
0.0244983
0.0216946
0.0188307
0.0160454
0.0133113
0.0105713
0.00780181
0.0050074
0.00219905
-0.000616839
-0.00343857
-0.00626582
-0.00909765
-0.0119324
-0.0147679
-0.0176021
-0.0204333
-0.0232648
-0.0260928
-0.0289142
0.0262213
0.0231897
0.0200853
0.0170897
0.0141675
0.0112438
0.00828742
0.00530444
0.00230904
-0.000690962
-0.00369405
-0.00670046
-0.00970952
-0.0127195
-0.0157283
-0.0187336
-0.0217335
-0.0247328
-0.027728
-0.0307154
0.0281672
0.0248732
0.0214896
0.018252
0.0151159
0.011984
0.00881572
0.00561911
0.00241249
-0.000794652
-0.00400111
-0.00720786
-0.0104146
-0.0136196
-0.0168206
-0.0200151
-0.0232009
-0.0263852
-0.0295648
-0.0327347
0.0303554
0.0267609
0.0230546
0.01954
0.0161619
0.0127951
0.00938757
0.00595002
0.00250593
-0.000933152
-0.00436657
-0.0077963
-0.0112225
-0.0146435
-0.0180565
-0.0214591
-0.0248484
-0.0282355
-0.031617
-0.0349867
0.0328091
0.0288717
0.0247935
0.0209626
0.0173116
0.0136808
0.0100041
0.00629567
0.00258546
-0.00111251
-0.00479839
-0.00847551
-0.0121446
-0.0158038
-0.0194502
-0.0230808
-0.0266915
-0.0302997
-0.0339014
-0.0374888
0.0355555
0.031228
0.0267218
0.0225306
0.0185728
0.0146462
0.0106672
0.00665458
0.0026468
-0.00133941
-0.00530544
-0.00925634
-0.0131935
-0.017115
-0.0210173
-0.0248969
-0.0287468
-0.0325951
-0.0364373
-0.0402616
0.0386262
0.0338559
0.028858
0.0242569
0.019955
0.0156973
0.011379
0.00702555
0.0026856
-0.00162096
-0.00589749
-0.0101514
-0.0143847
-0.0185948
-0.0227766
-0.0269242
-0.031028
-0.0351354
-0.0392395
-0.043321
0.0420574
0.0367856
0.0312233
0.0261569
0.0214694
0.0168413
0.0121426
0.00740758
0.00269784
-0.0019633
-0.00658218
-0.0111699
-0.0157309
-0.0202652
-0.0247688
-0.029231
-0.033599
-0.0379801
-0.0423598
-0.0467102
0.0458902
0.0400516
0.0338429
0.0282487
0.0231295
0.0180868
0.0129608
0.00779833
0.00267707
-0.00237552
-0.00736879
-0.0123156
-0.017219
-0.0220744
-0.026879
-0.0316402
-0.0364263
-0.0411596
-0.0458329
-0.0504583
0.050171
0.0436935
0.036746
0.0305547
0.0249524
0.0194447
0.0138374
0.00819445
0.00261308
-0.00287597
-0.00828769
-0.0136397
-0.0189369
-0.0241758
-0.0293543
-0.0344743
-0.0395851
-0.0446415
-0.0496331
-0.0545669
0.0549516
0.0477558
0.0399668
0.0331023
0.0269602
0.0209298
0.0147795
0.00859634
0.00250108
-0.00347345
-0.00934971
-0.0151499
-0.0208785
-0.0265298
-0.0320997
-0.0375886
-0.0430565
-0.0484698
-0.0538105
-0.0590782
0.0602877
0.0522874
0.043545
0.0359255
0.029181
0.0225622
0.0157979
0.00900809
0.00234035
-0.0041728
-0.0105639
-0.0168597
-0.0230634
-0.0291666
-0.0351639
-0.0410521
-0.0469108
-0.05271
-0.0584221
-0.0640415
0.0662375
0.0573392
0.047524
0.0390644
0.0316495
0.0243656
0.0169059
0.00943522
0.00213072
-0.0049805
-0.0119441
-0.0187906
-0.02552
-0.0321202
-0.0385825
-0.0448967
-0.0511793
-0.0573959
-0.0635037
-0.0694932
0.0728569
0.0629595
0.0519496
0.0425665
0.0344069
0.0263679
0.0181188
0.00988593
0.00187495
-0.00590044
-0.0135017
-0.0209607
-0.028274
-0.0354266
-0.0424048
-0.0491738
-0.0559163
-0.0625793
-0.0691028
-0.0754788
0.0801948
0.069186
0.0568661
0.046486
0.0375012
0.0285994
0.0194543
0.0103721
0.00157927
-0.00693437
-0.0152442
-0.0233779
-0.0313284
-0.0390869
-0.0466503
-0.0539718
-0.0612297
-0.0683513
-0.075293
-0.0820633
0.0882888
0.0760401
0.0623158
0.0508847
0.0409833
0.0310902
0.0209323
0.0109104
0.00125128
-0.00808915
-0.0171911
-0.0260643
-0.0346804
-0.0430256
-0.0511241
-0.059249
-0.0671318
-0.0747385
-0.082114
-0.089294
0.0971677
0.083534
0.0683512
0.0558358
0.044905
0.0338688
0.0225786
0.0115255
0.000903468
-0.00937279
-0.019378
-0.0291047
-0.0385223
-0.0476235
-0.0564134
-0.0651221
-0.0735867
-0.081739
-0.0896037
-0.0972214
0.106835
0.0916903
0.0750606
0.0614361
0.0493217
0.0369686
0.0244313
0.0122553
0.000559047
-0.0107762
-0.0218008
-0.0324845
-0.0427879
-0.0526882
-0.0621764
-0.0715744
-0.0807032
-0.0894525
-0.0978408
-0.105918
0.117175
0.100512
0.082568
0.0678107
0.0543017
0.04044
0.0265489
0.0131484
0.000247665
-0.0122774
-0.0244367
-0.0361917
-0.0475197
-0.0584039
-0.0686744
-0.0788344
-0.0886507
-0.0980057
-0.106936
-0.115491
0.127725
0.109783
0.0909235
0.0750675
0.0599238
0.044381
0.0290393
0.0142811
1.20435e-05
-0.0138507
-0.0272629
-0.0401546
-0.0524796
-0.0642515
-0.0758217
-0.0869469
-0.0974749
-0.107454
-0.116959
-0.126021
0.137585
0.118771
0.0998312
0.0830145
0.0660737
0.0488015
0.0319422
0.0156642
-0.000153481
-0.0155244
-0.0303919
-0.0446975
-0.0583639
-0.0712389
-0.0838837
-0.0958809
-0.107141
-0.117787
-0.127901
-0.137495
0.146234
0.127179
0.10918
0.0914804
0.0729293
0.0541954
0.0358687
0.0179943
0.000550931
-0.0163934
-0.0327753
-0.0485685
-0.0637738
-0.0782977
-0.0924554
-0.105601
-0.117769
-0.129179
-0.139934
-0.150046
-0.023635
-0.0256973
-0.0277524
-0.0297994
-0.031838
-0.0338674
-0.0358868
-0.0378957
-0.0398933
-0.0418791
-0.0438526
-0.0458131
-0.0477602
-0.0496933
-0.0516121
-0.0535161
-0.055405
-0.0572783
-0.0591361
-0.0609789
-0.0238664
-0.0259659
-0.0280585
-0.0301434
-0.0322195
-0.0342857
-0.0363412
-0.038385
-0.0404161
-0.0424338
-0.0444371
-0.0464253
-0.0483976
-0.0503532
-0.0522916
-0.0542119
-0.0561136
-0.0579961
-0.0598594
-0.0617035
-0.0243742
-0.0265258
-0.0286698
-0.0308051
-0.0329308
-0.0350458
-0.0371489
-0.0392391
-0.0413155
-0.043377
-0.0454229
-0.0474521
-0.049464
-0.0514577
-0.0534326
-0.0553879
-0.0573232
-0.0592376
-0.0611322
-0.063006
-0.0250799
-0.0273008
-0.0295136
-0.0317172
-0.0339107
-0.0360928
-0.0382623
-0.0404181
-0.0425591
-0.0446843
-0.0467926
-0.0488833
-0.0509552
-0.0530077
-0.05504
-0.0570511
-0.0590408
-0.0610079
-0.0629543
-0.0648781
-0.0260009
-0.0283077
-0.0306057
-0.0328939
-0.0351712
-0.0374364
-0.0396882
-0.0419254
-0.0441469
-0.0463516
-0.0485385
-0.0507065
-0.0528548
-0.0549824
-0.0570887
-0.0591726
-0.0612342
-0.0632715
-0.0652885
-0.0672814
-0.0271249
-0.0295322
-0.0319303
-0.0343181
-0.0366943
-0.0390578
-0.0414071
-0.0437411
-0.0460586
-0.0483584
-0.0506396
-0.0529011
-0.055142
-0.0573613
-0.0595585
-0.0617325
-0.0638833
-0.0660089
-0.0681147
-0.0701957
-0.0284527
-0.0309756
-0.0334891
-0.0359918
-0.0384822
-0.040959
-0.0434209
-0.0458668
-0.0482954
-0.0507057
-0.0530965
-0.055467
-0.0578162
-0.0601431
-0.0624473
-0.0647274
-0.066984
-0.0692145
-0.0714264
-0.0736136
-0.0299837
-0.0326384
-0.0352828
-0.0379153
-0.0405348
-0.0431399
-0.0457294
-0.048302
-0.0508566
-0.0533922
-0.0559077
-0.0584022
-0.0608749
-0.0633247
-0.0657513
-0.0681534
-0.0705318
-0.0728836
-0.0752186
-0.0775297
-0.0317267
-0.0345288
-0.0373192
-0.0400967
-0.0428602
-0.0456084
-0.04834
-0.0510539
-0.0537491
-0.0564246
-0.0590794
-0.0617127
-0.0643236
-0.0669113
-0.0694754
-0.0720146
-0.0745305
-0.0770193
-0.0794937
-0.0819465
-0.0336923
-0.036657
-0.0396086
-0.042546
-0.0454681
-0.0483739
-0.051262
-0.0541317
-0.0569817
-0.0598113
-0.0626196
-0.0654059
-0.0681694
-0.0709094
-0.0736257
-0.0763169
-0.078985
-0.0816261
-0.0842559
-0.0868677
-0.0358921
-0.0390352
-0.0421632
-0.0452755
-0.048371
-0.0514488
-0.0545078
-0.0575472
-0.0605661
-0.0635637
-0.0665395
-0.0694926
-0.0724226
-0.0753287
-0.0782112
-0.0810684
-0.0839032
-0.0867111
-0.0895114
-0.0922994
-0.038341
-0.0416783
-0.0449983
-0.0483004
-0.051584
-0.0548481
-0.0580921
-0.061315
-0.0645164
-0.0676955
-0.0708519
-0.0739851
-0.0770948
-0.0801803
-0.0832421
-0.0862787
-0.0892935
-0.092282
-0.0952671
-0.0982478
-0.0410569
-0.0446044
-0.0481315
-0.0516384
-0.0551244
-0.058589
-0.0620315
-0.0654514
-0.0688482
-0.0722217
-0.0755714
-0.0788971
-0.0821988
-0.0854759
-0.0887291
-0.0919572
-0.0951642
-0.0983458
-0.101529
-0.104718
-0.0440612
-0.0478352
-0.0515848
-0.0553109
-0.0590135
-0.062692
-0.0663461
-0.0699754
-0.0735798
-0.0771594
-0.0807139
-0.0842435
-0.0877482
-0.0912278
-0.0946833
-0.0981134
-0.101523
-0.104908
-0.1083
-0.111712
-0.0473703
-0.0513876
-0.0553756
-0.0593361
-0.0632694
-0.0671753
-0.0710535
-0.0749043
-0.0787278
-0.0825243
-0.0862941
-0.0900373
-0.0937545
-0.0974458
-0.101113
-0.104754
-0.108375
-0.111972
-0.115583
-0.119228
-0.0510219
-0.0552965
-0.0595369
-0.063745
-0.0679212
-0.0720657
-0.0761789
-0.0802613
-0.0843135
-0.088336
-0.0923295
-0.0962944
-0.100231
-0.104141
-0.108025
-0.111882
-0.11572
-0.119536
-0.123371
-0.12726
-0.0550433
-0.059589
-0.0640956
-0.0685635
-0.0729937
-0.0773869
-0.0817442
-0.0860665
-0.0903547
-0.0946098
-0.098833
-0.103025
-0.107188
-0.11132
-0.115425
-0.119501
-0.123557
-0.127591
-0.131652
-0.13579
-0.0594497
-0.0642842
-0.0690713
-0.0738119
-0.0785076
-0.0831597
-0.0877699
-0.0923395
-0.0968698
-0.101362
-0.105817
-0.110238
-0.114626
-0.118982
-0.12331
-0.127607
-0.131881
-0.136132
-0.140414
-0.144797
-0.064279
-0.0694181
-0.0744989
-0.0795235
-0.084494
-0.0894124
-0.094281
-0.0991022
-0.103878
-0.10861
-0.1133
-0.117948
-0.122556
-0.127128
-0.131665
-0.136174
-0.140661
-0.145129
-0.14963
-0.154254
-0.0695753
-0.0750321
-0.0804175
-0.0857346
-0.0909861
-0.0961745
-0.101303
-0.106374
-0.111392
-0.116359
-0.121278
-0.126154
-0.130984
-0.135771
-0.140508
-0.14521
-0.149876
-0.154536
-0.159238
-0.164105
-0.0753752
-0.0811621
-0.0868614
-0.0924775
-0.0980136
-0.103474
-0.108861
-0.11418
-0.119432
-0.124622
-0.129752
-0.134833
-0.139862
-0.144858
-0.1498
-0.154711
-0.159547
-0.164382
-0.169225
-0.17432
-0.0817235
-0.0878514
-0.0938711
-0.0997881
-0.105607
-0.111335
-0.116976
-0.122536
-0.128017
-0.133425
-0.138755
-0.144018
-0.149203
-0.15435
-0.15943
-0.164529
-0.169537
-0.174607
-0.179578
-0.184927
-0.0886802
-0.0951555
-0.101497
-0.107711
-0.113805
-0.119786
-0.125661
-0.131439
-0.137126
-0.142734
-0.148259
-0.153717
-0.159072
-0.164369
-0.169522
-0.174704
-0.179727
-0.184999
-0.190057
-0.195813
-0.0962938
-0.103121
-0.109782
-0.116287
-0.122645
-0.128863
-0.134949
-0.140912
-0.146758
-0.152505
-0.158157
-0.163754
-0.169266
-0.174769
-0.180096
-0.185466
-0.190453
-0.195824
-0.200678
-0.206943
-0.104614
-0.111794
-0.118769
-0.125553
-0.132157
-0.138592
-0.144868
-0.150993
-0.15697
-0.162811
-0.168512
-0.174115
-0.179604
-0.185123
-0.190524
-0.196171
-0.201369
-0.207183
-0.211813
-0.218726
-0.113712
-0.121238
-0.128511
-0.135546
-0.14236
-0.14897
-0.155392
-0.161641
-0.167727
-0.17366
-0.179431
-0.185054
-0.19048
-0.195823
-0.200941
-0.20637
-0.211428
-0.217748
-0.222513
-0.230791
-0.123692
-0.131555
-0.139097
-0.146341
-0.153307
-0.160016
-0.16649
-0.172757
-0.178844
-0.184779
-0.190584
-0.196283
-0.201837
-0.20729
-0.212423
-0.21762
-0.222143
-0.228093
-0.232297
-0.242271
-0.134646
-0.142846
-0.150642
-0.15806
-0.16512
-0.171848
-0.178266
-0.184405
-0.190299
-0.195991
-0.201536
-0.207006
-0.212459
-0.218
-0.223555
-0.229348
-0.234602
-0.240865
-0.24456
-0.255503
-0.146563
-0.155116
-0.163173
-0.170757
-0.177889
-0.184592
-0.190888
-0.1968
-0.202357
-0.207593
-0.212554
-0.217315
-0.221978
-0.226708
-0.231682
-0.237268
-0.243372
-0.251107
-0.257332
-0.270307
-0.159513
-0.168355
-0.176596
-0.18426
-0.191373
-0.197959
-0.204047
-0.209663
-0.214833
-0.219582
-0.223941
-0.227949
-0.23167
-0.235204
-0.238708
-0.242449
-0.246756
-0.252552
-0.259493
-0.27334
-0.065602
-0.0729682
-0.0803324
-0.0876033
-0.0946751
-0.101456
-0.107841
-0.113738
-0.119027
-0.12361
-0.127363
-0.130191
-0.131976
-0.13264
-0.132068
-0.130196
-0.126913
-0.122181
-0.115917
-0.108177
-0.0990097
-0.0887001
-0.0775282
-0.0660359
-0.0545866
-0.0436945
-0.0333917
-0.0237887
-0.0143424
-0.00489978
-0.0663663
-0.0737953
-0.0812039
-0.0885034
-0.0955923
-0.102383
-0.108768
-0.114655
-0.119925
-0.124479
-0.128194
-0.130979
-0.132718
-0.133335
-0.132716
-0.130798
-0.127466
-0.122678
-0.116345
-0.108518
-0.0992429
-0.0888149
-0.0775236
-0.0659337
-0.0544239
-0.0435196
-0.0332474
-0.0237046
-0.0143053
-0.0049023
-0.0677844
-0.0753468
-0.0828397
-0.0901911
-0.0973119
-0.104119
-0.110505
-0.116374
-0.121606
-0.126103
-0.129745
-0.132448
-0.134099
-0.134628
-0.133924
-0.131922
-0.1285
-0.12361
-0.117148
-0.10916
-0.0996817
-0.0890288
-0.0775123
-0.0657361
-0.0541147
-0.0431848
-0.0329767
-0.0235453
-0.0142398
-0.00490696
-0.0698195
-0.0775674
-0.0851759
-0.092596
-0.0997572
-0.106583
-0.112965
-0.118804
-0.123977
-0.128388
-0.131925
-0.134508
-0.136035
-0.13644
-0.135616
-0.133498
-0.129955
-0.124926
-0.118286
-0.110069
-0.100303
-0.0893271
-0.0774862
-0.0654432
-0.053664
-0.0426998
-0.0325922
-0.0233209
-0.0141541
-0.00491694
-0.0724342
-0.0804131
-0.0881602
-0.0956584
-0.102862
-0.109705
-0.116074
-0.121866
-0.126957
-0.131253
-0.13465
-0.137078
-0.138446
-0.138694
-0.137724
-0.135465
-0.131778
-0.126582
-0.119725
-0.111222
-0.101086
-0.0896958
-0.0774358
-0.0650517
-0.0530729
-0.0420698
-0.0321046
-0.0230405
-0.0140572
-0.00493667
-0.0756061
-0.0838551
-0.0917548
-0.0993323
-0.106575
-0.113425
-0.119769
-0.125494
-0.130476
-0.134625
-0.137847
-0.140085
-0.141261
-0.141324
-0.140186
-0.137769
-0.133925
-0.128545
-0.121439
-0.112598
-0.102017
-0.0901227
-0.077351
-0.0645561
-0.0523394
-0.0412968
-0.0315229
-0.0227125
-0.0139598
-0.00497101
-0.0793243
-0.0878743
-0.0959315
-0.10358
-0.11085
-0.117694
-0.123995
-0.12963
-0.134472
-0.138439
-0.141451
-0.143463
-0.144416
-0.144265
-0.142946
-0.140362
-0.136358
-0.130783
-0.123408
-0.114181
-0.103083
-0.0905971
-0.0772214
-0.0639499
-0.0514586
-0.0403815
-0.0308555
-0.0223443
-0.0138732
-0.0050248
-0.0835832
-0.0924576
-0.100667
-0.10837
-0.115648
-0.122468
-0.128703
-0.134219
-0.138888
-0.142636
-0.1454
-0.147151
-0.147851
-0.147461
-0.145952
-0.143198
-0.13904
-0.133273
-0.125617
-0.115962
-0.104275
-0.0911098
-0.0770374
-0.0632264
-0.0504248
-0.0393238
-0.0301102
-0.0219433
-0.0138102
-0.00510263
-0.0883829
-0.0975961
-0.105941
-0.113672
-0.120933
-0.127705
-0.133848
-0.139214
-0.143673
-0.147161
-0.149638
-0.151093
-0.151514
-0.15089
-0.149158
-0.146237
-0.141944
-0.135995
-0.128054
-0.117931
-0.105587
-0.0916526
-0.0767899
-0.0623794
-0.0492309
-0.0381241
-0.0292944
-0.0215164
-0.0137843
-0.00520857
-0.0937258
-0.103282
-0.111733
-0.119456
-0.126669
-0.133366
-0.139388
-0.144568
-0.148777
-0.151963
-0.154114
-0.155235
-0.155345
-0.154442
-0.152513
-0.149442
-0.145042
-0.138931
-0.130712
-0.120083
-0.107015
-0.0922188
-0.0764712
-0.0614036
-0.0478698
-0.0367836
-0.0284152
-0.0210707
-0.0138099
-0.00534596
-0.0996161
-0.109508
-0.118023
-0.125691
-0.13282
-0.139414
-0.145283
-0.150239
-0.154154
-0.156997
-0.158779
-0.159528
-0.159297
-0.158102
-0.155975
-0.152776
-0.148309
-0.142069
-0.133586
-0.122417
-0.108558
-0.0928025
-0.0760751
-0.0602944
-0.0463345
-0.0353052
-0.0274793
-0.0206134
-0.0139021
-0.00551721
-0.106057
-0.116264
-0.124785
-0.132344
-0.139351
-0.14581
-0.151492
-0.156184
-0.159762
-0.162218
-0.163589
-0.163928
-0.163321
-0.161821
-0.159503
-0.156208
-0.151724
-0.145398
-0.136674
-0.124931
-0.110215
-0.0933989
-0.0755971
-0.0590488
-0.0446185
-0.033693
-0.0264927
-0.0201523
-0.0140762
-0.0057238
-0.11305
-0.123535
-0.131989
-0.139379
-0.146223
-0.152518
-0.157979
-0.162364
-0.165559
-0.167586
-0.168502
-0.16839
-0.167375
-0.165556
-0.163057
-0.159708
-0.155267
-0.148911
-0.139976
-0.127626
-0.111988
-0.094004
-0.0750346
-0.057665
-0.0427164
-0.0319534
-0.0254611
-0.0196957
-0.0143474
-0.00596622
-0.120592
-0.1313
-0.139601
-0.146754
-0.153399
-0.159502
-0.164704
-0.16874
-0.171508
-0.173065
-0.173482
-0.172877
-0.171416
-0.169266
-0.1666
-0.163247
-0.15892
-0.152602
-0.143493
-0.130504
-0.113879
-0.0946149
-0.074387
-0.0561426
-0.0406243
-0.0300943
-0.0243894
-0.0192524
-0.0147299
-0.00624418
-0.128676
-0.13953
-0.147576
-0.154427
-0.160841
-0.166726
-0.17163
-0.175274
-0.177576
-0.178623
-0.178494
-0.177351
-0.175404
-0.172913
-0.170096
-0.1668
-0.162666
-0.156467
-0.147227
-0.13357
-0.11589
-0.0952293
-0.0736555
-0.054483
-0.0383405
-0.0281256
-0.023282
-0.0188315
-0.0152361
-0.00655662
-0.137286
-0.148187
-0.155865
-0.162352
-0.16851
-0.174151
-0.178719
-0.181933
-0.183733
-0.184232
-0.183507
-0.181778
-0.179304
-0.17646
-0.173509
-0.17034
-0.166488
-0.160504
-0.151179
-0.136825
-0.118025
-0.0958462
-0.0728441
-0.0526901
-0.0358664
-0.0260587
-0.0221427
-0.0184418
-0.0158755
-0.00690166
-0.146396
-0.157221
-0.16441
-0.170483
-0.176372
-0.181741
-0.185934
-0.188685
-0.189952
-0.189865
-0.188494
-0.186127
-0.183081
-0.179872
-0.176806
-0.173843
-0.170368
-0.164708
-0.155348
-0.140273
-0.120285
-0.0964654
-0.0719594
-0.0507711
-0.033208
-0.0239069
-0.020975
-0.0180904
-0.0166526
-0.00727641
-0.155973
-0.166567
-0.173148
-0.178777
-0.184389
-0.189457
-0.19324
-0.195502
-0.196211
-0.1955
-0.19343
-0.190371
-0.186704
-0.183116
-0.179951
-0.177278
-0.174284
-0.169071
-0.159727
-0.143911
-0.122672
-0.0970884
-0.0710126
-0.048738
-0.0303784
-0.0216855
-0.0197816
-0.0177811
-0.0175649
-0.00767678
-0.165969
-0.176148
-0.182015
-0.187193
-0.192523
-0.197258
-0.200602
-0.202358
-0.202487
-0.201113
-0.198291
-0.194481
-0.190141
-0.186154
-0.182906
-0.180612
-0.178203
-0.17357
-0.164296
-0.147729
-0.125181
-0.0977186
-0.0700199
-0.0466103
-0.0274001
-0.0194126
-0.0185652
-0.0175125
-0.0186004
-0.00809711
-0.176315
-0.185869
-0.190951
-0.195695
-0.200732
-0.205096
-0.207982
-0.209223
-0.208754
-0.206676
-0.203047
-0.198425
-0.19336
-0.188947
-0.18563
-0.183796
-0.182077
-0.178162
-0.169013
-0.151703
-0.127803
-0.0983611
-0.0690042
-0.0444167
-0.0243077
-0.0171093
-0.0173284
-0.0172768
-0.0197358
-0.00853005
-0.186906
-0.195613
-0.199897
-0.204241
-0.208957
-0.212915
-0.215334
-0.216057
-0.214971
-0.21215
-0.207662
-0.202167
-0.196322
-0.191451
-0.188071
-0.186769
-0.185832
-0.182773
-0.173809
-0.15579
-0.130516
-0.0990232
-0.0679958
-0.0421972
-0.0211493
-0.0148007
-0.0160742
-0.0170592
-0.0209359
-0.00896664
-0.197593
-0.205243
-0.208796
-0.212771
-0.217118
-0.220637
-0.222589
-0.222792
-0.221075
-0.217477
-0.212085
-0.205663
-0.198997
-0.193622
-0.19018
-0.189455
-0.189374
-0.187299
-0.178584
-0.159924
-0.13329
-0.0997135
-0.0670312
-0.0400032
-0.0179869
-0.0125156
-0.0148072
-0.0168388
-0.022155
-0.00939668
-0.208123
-0.214591
-0.217572
-0.221184
-0.225093
-0.22815
-0.229641
-0.229328
-0.226971
-0.222575
-0.216258
-0.208868
-0.201334
-0.195429
-0.191911
-0.191778
-0.192597
-0.191606
-0.18321
-0.164017
-0.136078
-0.10044
-0.0661514
-0.0378955
-0.0148935
-0.0102867
-0.0135349
-0.0165968
-0.0233398
-0.00980931
-0.218099
-0.223446
-0.226109
-0.229317
-0.232712
-0.235297
-0.236339
-0.235519
-0.232533
-0.227348
-0.220111
-0.211746
-0.203331
-0.196865
-0.193242
-0.193672
-0.195396
-0.195553
-0.187548
-0.167968
-0.138826
-0.101211
-0.0653977
-0.0359398
-0.0119477
-0.00814992
-0.0122689
-0.0162924
-0.0244354
-0.0101937
-0.227067
-0.231571
-0.234215
-0.236932
-0.239756
-0.241877
-0.242492
-0.241198
-0.237623
-0.231693
-0.223589
-0.214274
-0.205005
-0.197955
-0.194182
-0.195107
-0.197695
-0.199017
-0.191469
-0.171672
-0.141476
-0.102027
-0.0648064
-0.0342005
-0.00922847
-0.00614302
-0.0110258
-0.0159138
-0.025391
-0.0105396
-0.234514
-0.238735
-0.241615
-0.243738
-0.245988
-0.247676
-0.247907
-0.246199
-0.242116
-0.23553
-0.226644
-0.216466
-0.206394
-0.198751
-0.194779
-0.196094
-0.199462
-0.201908
-0.19487
-0.175036
-0.143968
-0.102888
-0.0644051
-0.0327342
-0.00680888
-0.00430219
-0.00982684
-0.0154518
-0.0261646
-0.0108379
-0.239914
-0.244732
-0.247975
-0.249464
-0.251214
-0.252527
-0.252445
-0.250413
-0.245935
-0.238829
-0.229287
-0.218359
-0.207557
-0.19933
-0.195106
-0.196685
-0.200709
-0.204185
-0.197687
-0.177986
-0.146251
-0.103784
-0.0642099
-0.031585
-0.00475082
-0.00266269
-0.00869706
-0.0149067
-0.0267269
-0.0110808
-0.243515
-0.249423
-0.252993
-0.25396
-0.255354
-0.256378
-0.256084
-0.253837
-0.249077
-0.241599
-0.231562
-0.220015
-0.208572
-0.199784
-0.195254
-0.196958
-0.201495
-0.205868
-0.199918
-0.180491
-0.148295
-0.10471
-0.0642288
-0.0307822
-0.00309881
-0.00126095
-0.00766736
-0.0142876
-0.0270629
-0.011263
-0.246741
-0.252847
-0.256538
-0.257256
-0.258465
-0.259292
-0.258901
-0.256566
-0.251623
-0.24392
-0.233532
-0.221494
-0.209505
-0.200189
-0.195306
-0.197001
-0.2019
-0.207013
-0.201594
-0.182549
-0.150083
-0.10565
-0.0644467
-0.0303253
-0.00187098
-0.000112747
-0.00676486
-0.013614
-0.0271721
-0.0113797
-0.251635
-0.255448
-0.258828
-0.259515
-0.260646
-0.261325
-0.260902
-0.258626
-0.253742
-0.245744
-0.235096
-0.222702
-0.210301
-0.200558
-0.19534
-0.196906
-0.201971
-0.20759
-0.202575
-0.183956
-0.151418
-0.106442
-0.0647489
-0.0301522
-0.00107965
0.000737595
-0.00604201
-0.0129208
-0.0270611
-0.0114177
-0.263591
-0.25798
-0.260029
-0.260609
-0.261659
-0.262183
-0.26164
-0.259213
-0.254181
-0.246312
-0.235681
-0.223259
-0.210782
-0.200904
-0.195489
-0.196822
-0.201631
-0.207309
-0.202377
-0.184113
-0.151783
-0.106785
-0.0650223
-0.0302926
-0.000915122
0.00102183
-0.0056578
-0.0123369
-0.02677
-0.0113651
-0.266072
-0.259288
-0.261143
-0.261679
-0.262655
-0.263021
-0.262333
-0.259717
-0.254462
-0.24637
-0.23557
-0.223047
-0.210565
-0.200747
-0.195427
-0.196851
-0.20168
-0.207174
-0.202079
-0.183779
-0.151332
-0.106283
-0.064651
-0.0300207
-0.000691879
0.00121517
-0.00543175
-0.0119025
-0.0264637
-0.0112917
-0.266539
-0.259659
-0.2619
-0.262415
-0.263359
-0.263576
-0.262725
-0.259892
-0.254484
-0.246232
-0.235315
-0.222756
-0.210342
-0.200651
-0.195509
-0.196943
-0.201658
-0.206982
-0.201592
-0.183141
-0.150498
-0.105451
-0.0640783
-0.0296872
-0.000581377
0.0012721
-0.00530738
-0.0114905
-0.0260695
-0.0111799
-0.26695
-0.259865
-0.26244
-0.262898
-0.263815
-0.263904
-0.262928
-0.259956
-0.25443
-0.246082
-0.23513
-0.222604
-0.210295
-0.200724
-0.195647
-0.197009
-0.201519
-0.20657
-0.200887
-0.182363
-0.149656
-0.104747
-0.0636979
-0.0296039
-0.000758081
0.00114004
-0.00528927
-0.0110842
-0.0255753
-0.0110237
-0.267
-0.25999
-0.262857
-0.263216
-0.264106
-0.264076
-0.262994
-0.259902
-0.254294
-0.245904
-0.23498
-0.222548
-0.210382
-0.200984
-0.195858
-0.197054
-0.201259
-0.205925
-0.199943
-0.181411
-0.148767
-0.104142
-0.0634969
-0.0297711
-0.00123794
0.00080308
-0.0053904
-0.0106947
-0.0249793
-0.0108178
-0.266785
-0.260042
-0.263145
-0.263385
-0.264249
-0.264105
-0.262928
-0.25974
-0.254088
-0.24571
-0.234877
-0.222596
-0.210606
-0.201366
-0.196161
-0.197091
-0.200872
-0.205056
-0.198753
-0.180248
-0.147773
-0.103575
-0.0634281
-0.0301613
-0.00202285
0.000231673
-0.00562455
-0.0103369
-0.0242853
-0.010557
-0.266427
-0.260052
-0.263305
-0.263417
-0.264256
-0.264002
-0.262745
-0.259481
-0.253832
-0.245521
-0.234841
-0.222768
-0.210985
-0.201637
-0.196561
-0.197125
-0.200357
-0.203963
-0.197308
-0.178862
-0.146656
-0.103033
-0.0634835
-0.0307748
-0.00312658
-0.000564643
-0.00600296
-0.0100239
-0.0234968
-0.010236
-0.265974
-0.260026
-0.263344
-0.263325
-0.264139
-0.263781
-0.262463
-0.259192
-0.253546
-0.245355
-0.234889
-0.22308
-0.211534
-0.202264
-0.197065
-0.19716
-0.199719
-0.202641
-0.195601
-0.177239
-0.145406
-0.102512
-0.063662
-0.0316157
-0.00456229
-0.00160994
-0.00653418
-0.00976745
-0.022617
-0.00984983
-0.26546
-0.259944
-0.263284
-0.263123
-0.263917
-0.26346
-0.262096
-0.258751
-0.253245
-0.245227
-0.235033
-0.223543
-0.212265
-0.203067
-0.197681
-0.197203
-0.198961
-0.201085
-0.193626
-0.175369
-0.144009
-0.102
-0.0639565
-0.0326824
-0.0063368
-0.00291286
-0.00722384
-0.00957825
-0.0216487
-0.00939339
-0.264927
-0.259794
-0.263138
-0.262824
-0.263602
-0.263054
-0.261661
-0.258336
-0.25295
-0.245158
-0.235294
-0.224168
-0.213173
-0.204038
-0.198417
-0.197261
-0.198091
-0.199298
-0.191379
-0.173237
-0.142444
-0.101481
-0.0643558
-0.0339682
-0.00845037
-0.00447643
-0.00807396
-0.00946487
-0.0205949
-0.00886216
-0.264328
-0.259657
-0.262838
-0.262479
-0.263203
-0.262587
-0.261174
-0.257899
-0.252673
-0.245157
-0.235675
-0.224966
-0.214288
-0.20521
-0.199252
-0.197339
-0.197116
-0.197286
-0.188875
-0.170832
-0.140695
-0.100938
-0.0648472
-0.0354628
-0.0108966
-0.00629755
-0.00908236
-0.00943303
-0.0194583
-0.00825221
-0.263419
-0.259564
-0.262452
-0.262074
-0.262743
-0.262068
-0.260653
-0.257456
-0.252428
-0.245235
-0.236185
-0.225938
-0.215627
-0.206562
-0.200218
-0.197443
-0.19605
-0.195061
-0.186124
-0.168149
-0.138745
-0.100356
-0.0654172
-0.0371526
-0.0136618
-0.00836611
-0.0102424
-0.00948497
-0.0182412
-0.00756057
-0.26255
-0.259401
-0.262017
-0.261622
-0.262236
-0.261516
-0.260118
-0.257022
-0.252229
-0.245402
-0.236828
-0.227083
-0.217233
-0.208096
-0.201313
-0.197583
-0.194903
-0.192635
-0.181887
-0.165178
-0.136578
-0.0997182
-0.0660524
-0.0390207
-0.0167248
-0.0106645
-0.0115426
-0.009619
-0.0169457
-0.0067856
-0.261738
-0.259175
-0.261545
-0.261138
-0.2617
-0.260946
-0.2596
-0.256611
-0.252085
-0.245663
-0.237606
-0.228395
-0.218986
-0.209807
-0.202536
-0.197769
-0.19369
-0.190028
-0.17869
-0.161932
-0.134184
-0.0990115
-0.0667399
-0.0410478
-0.0200569
-0.0131678
-0.0129671
-0.00982928
-0.0155741
-0.00592741
-0.260972
-0.258908
-0.261054
-0.260639
-0.261149
-0.260373
-0.259045
-0.256233
-0.252003
-0.246022
-0.238516
-0.229862
-0.220633
-0.21169
-0.203889
-0.198007
-0.192429
-0.187259
-0.175212
-0.158419
-0.131556
-0.0982256
-0.0674688
-0.0432122
-0.0236224
-0.0158439
-0.0144957
-0.0101059
-0.0141291
-0.00498828
-0.260266
-0.258615
-0.260562
-0.260138
-0.260599
-0.259809
-0.258558
-0.255899
-0.251989
-0.246479
-0.239556
-0.231483
-0.222584
-0.213738
-0.20537
-0.198305
-0.191135
-0.184357
-0.171455
-0.15466
-0.128696
-0.0973542
-0.0682299
-0.0454909
-0.0273791
-0.0186552
-0.0161045
-0.0104353
-0.0126145
-0.00397304
-0.259637
-0.25831
-0.260085
-0.259647
-0.260062
-0.259263
-0.258087
-0.255613
-0.252045
-0.247031
-0.240718
-0.233247
-0.22473
-0.21594
-0.206974
-0.198668
-0.189827
-0.181348
-0.167486
-0.150643
-0.125631
-0.0963973
-0.0690168
-0.04786
-0.0312803
-0.0215596
-0.017767
-0.0108008
-0.0110355
-0.00288932
-0.259102
-0.258007
-0.259639
-0.259179
-0.25955
-0.258745
-0.25765
-0.25538
-0.252171
-0.247674
-0.241991
-0.235141
-0.227039
-0.218281
-0.208694
-0.1991
-0.188524
-0.178261
-0.163352
-0.146424
-0.122354
-0.0953643
-0.0698255
-0.050296
-0.0352756
-0.0245127
-0.0194548
-0.0111838
-0.00939943
-0.00174708
-0.258673
-0.257718
-0.259235
-0.258743
-0.259072
-0.258271
-0.257259
-0.255203
-0.252365
-0.248398
-0.243361
-0.237149
-0.229484
-0.220743
-0.210518
-0.199605
-0.187244
-0.175131
-0.159096
-0.14204
-0.118904
-0.0942595
-0.0706558
-0.0527759
-0.0393139
-0.0274694
-0.0211389
-0.0115648
-0.00771596
-0.000560613
-0.258361
-0.257452
-0.258883
-0.258346
-0.258637
-0.257841
-0.256918
-0.25508
-0.252619
-0.249194
-0.244812
-0.239248
-0.232038
-0.223304
-0.212433
-0.200182
-0.186004
-0.171992
-0.154767
-0.137537
-0.115323
-0.0930994
-0.0715075
-0.055278
-0.0433446
-0.0303861
-0.0227912
-0.0119246
-0.00599719
0.000654981
)
;

boundaryField
{
    inlet
    {
        type            zeroGradient;
    }
    outlet
    {
        type            fixedValue;
        value           uniform 0;
    }
    cylinder
    {
        type            zeroGradient;
    }
    top
    {
        type            symmetryPlane;
    }
    bottom
    {
        type            symmetryPlane;
    }
    defaultFaces
    {
        type            empty;
    }
}


// ************************************************************************* //
