/*--------------------------------*- C++ -*----------------------------------*\
  =========                 |
  \\      /  F ield         | OpenFOAM: The Open Source CFD Toolbox
   \\    /   O peration     | Website:  https://openfoam.org
    \\  /    A nd           | Version:  7
     \\/     M anipulation  |
\*---------------------------------------------------------------------------*/
FoamFile
{
    version     2.0;
    format      ascii;
    class       surfaceScalarField;
    location    "125";
    object      phi;
}
// * * * * * * * * * * * * * * * * * * * * * * * * * * * * * * * * * * * * * //

dimensions      [0 3 -1 0 0 0 0];

internalField   nonuniform List<scalar> 
4147
(
-6.65533e-05
-0.00231052
-0.000278528
-0.00570996
-0.000641627
-0.00824818
-0.00114085
-0.0100153
-0.00174905
-0.0112361
-0.00243708
-0.0121779
-0.00318074
-0.0130449
-0.00396362
-0.0139091
-0.00477575
-0.0146897
-0.015124
-0.00561546
-9.61325e-05
-0.00221439
-0.000370227
-0.00543587
-0.000812329
-0.00780608
-0.00139832
-0.00942935
-0.00209866
-0.0105357
-0.00288749
-0.0113891
-0.00374802
-0.0121844
-0.00467443
-0.0129827
-0.00566937
-0.0136947
-0.0140509
-0.00674251
-0.000123813
-0.00209058
-0.000454378
-0.0051053
-0.000966067
-0.00729439
-0.0016256
-0.00876982
-0.00240035
-0.00976099
-0.00326592
-0.0105235
-0.0042098
-0.0112405
-0.00523273
-0.0119598
-0.00634621
-0.0125812
-0.01283
-0.0075671
-0.000149004
-0.00194158
-0.00052953
-0.00472478
-0.00110075
-0.00672317
-0.00182034
-0.00805023
-0.00265182
-0.00892952
-0.00357006
-0.00960529
-0.00456318
-0.0102474
-0.00563353
-0.0108894
-0.00679647
-0.0114183
-0.0115546
-0.00807185
-0.000171238
-0.00177034
-0.000594597
-0.00430142
-0.00121499
-0.00610278
-0.00198136
-0.00728385
-0.00285262
-0.00805826
-0.0038008
-0.0086571
-0.00481074
-0.00923745
-0.00588076
-0.00981942
-0.00702408
-0.010275
-0.0103195
-0.0082592
-0.000190138
-0.0015802
-0.000648746
-0.00384281
-0.00130781
-0.00544371
-0.00210813
-0.00648354
-0.00300344
-0.00716295
-0.00396109
-0.00769946
-0.00495897
-0.00823958
-0.00598557
-0.00879282
-0.00704495
-0.00921559
-0.00921579
-0.00814864
-0.00020538
-0.00137482
-0.000691264
-0.00335693
-0.0013784
-0.00475658
-0.00220018
-0.00566175
-0.00310502
-0.00625811
-0.00405421
-0.00675026
-0.00501576
-0.00727803
-0.00596282
-0.00784576
-0.0068827
-0.00829571
-0.0083271
-0.0077714
-0.000216659
-0.00115816
-0.000721426
-0.00285216
-0.00142573
-0.00405228
-0.00225655
-0.00483093
-0.00315704
-0.00535761
-0.0040818
-0.00582551
-0.00498704
-0.00637279
-0.00582606
-0.00700673
-0.00656191
-0.00755987
-0.00772641
-0.0071626
-0.000223661
-0.000934499
-0.000738413
-0.00233741
-0.00144841
-0.00334228
-0.00227525
-0.0040041
-0.00315712
-0.00447573
-0.0040418
-0.00494084
-0.00487304
-0.00554154
-0.00558135
-0.00629842
-0.00609909
-0.00704213
-0.00747524
-0.00635025
-0.000226071
-0.000708428
-0.000741305
-0.00182217
-0.00144463
-0.00263896
-0.00225312
-0.00319561
-0.00310024
-0.00362861
-0.00392707
-0.004114
-0.00466529
-0.00480332
-0.00522151
-0.0057422
-0.00549322
-0.00677043
-0.00762452
-0.00534394
-0.000223604
-0.000484824
-0.000729173
-0.0013166
-0.00141226
-0.00195587
-0.00218599
-0.00242188
-0.0029789
-0.0028357
-0.00372521
-0.00336769
-0.00434533
-0.00418321
-0.00472276
-0.00536477
-0.00471865
-0.00677454
-0.00821537
-0.00412779
-0.000216071
-0.000268753
-0.000701262
-0.000831412
-0.0013493
-0.00130783
-0.00206939
-0.00170179
-0.00278421
-0.00212087
-0.00342
-0.0027319
-0.00388629
-0.00371692
-0.0040455
-0.00520555
-0.0037231
-0.00709694
-0.00927437
-0.00266411
-0.000203462
-6.52901e-05
-0.000657239
-0.000377635
-0.00125435
-0.000710728
-0.00189954
-0.0010566
-0.00250779
-0.00151262
-0.00299488
-0.00224482
-0.00325827
-0.00345352
-0.00314083
-0.00532299
-0.00242805
-0.00780972
-0.0107764
-0.000926046
-0.000186019
0.000120729
-0.000597455
3.38015e-05
-0.00112724
-0.000180944
-0.00167455
-0.000509284
-0.00214415
-0.00104302
-0.00243763
-0.00195134
-0.00243778
-0.00345338
-0.00196901
-0.00579176
-0.000710556
-0.00906818
-0.012785
0.00129803
-0.000164242
0.000284971
-0.000523194
0.000392753
-0.000969423
0.000265285
-0.00139537
-8.33358e-05
-0.00169264
-0.000745753
-0.00174432
-0.00189966
-0.00141511
-0.00378259
-0.000536548
-0.00667032
0.00131287
-0.0109176
-0.0154935
0.00402142
-0.000139067
0.000424037
-0.000436398
0.000690085
-0.000784082
0.000612969
-0.00106609
0.000198674
-0.00115808
-0.000653764
-0.00092065
-0.00213709
-0.000192854
-0.00451038
0.00120716
-0.00807034
0.00366654
-0.013377
-0.0188873
0.00706028
-0.000111544
0.000535581
-0.000339972
0.000918513
-0.000575932
0.000848929
-0.000693436
0.000316178
-0.000550176
-0.000797023
1.58009e-05
-0.00270307
0.00119783
-0.00569241
0.00318912
-0.0100616
0.00632813
-0.016516
-0.0228548
0.0102957
-8.28789e-05
0.00061846
-0.000237122
0.00107276
-0.000350499
0.000962306
-0.000285692
0.00025137
0.000118908
-0.00120162
0.00105427
-0.00363843
0.00272979
-0.00736793
0.0053478
-0.0126796
0.00915532
-0.0203235
-0.0272559
0.0135564
-5.42363e-05
0.000672696
-0.000130984
0.0011495
-0.000113299
0.00094462
0.000148934
-1.08624e-05
0.000838259
-0.00189095
0.00216786
-0.00496803
0.00436678
-0.00956685
0.00763724
-0.0159501
0.0120152
-0.0247015
-0.0319192
0.0166785
-2.65601e-05
0.000699257
-2.40896e-05
0.00114703
0.000131251
0.00078928
0.000603782
-0.000483394
0.00159636
-0.00288353
0.00334318
-0.00671485
0.00607704
-0.0123007
0.00998487
-0.0198579
0.0148092
-0.0295258
-0.0366981
0.0195881
-4.62499e-07
0.000699719
8.16554e-05
0.00106492
0.00038017
0.000490766
0.00107463
-0.00117785
0.00238745
-0.00419635
0.00456684
-0.00889424
0.00782709
-0.015561
0.0122774
-0.0243082
0.017432
-0.0346804
-0.043952
0.0246859
2.40044e-05
0.000675715
0.000186203
0.000902716
0.000632917
4.40519e-05
0.00156054
-0.00210548
0.00320842
-0.00584422
0.00582631
-0.0115121
0.00958077
-0.0193154
0.0144398
-0.0291672
0.0199183
-0.0401589
-0.0505512
0.0265175
4.71532e-05
0.000290339
0.000659531
0.00089111
-0.000556719
0.00206328
-0.00327765
0.00405788
-0.00783882
0.0071064
-0.0145607
0.0112907
-0.0234997
0.0164025
-0.0342791
0.0219307
-0.0456871
-0.0564208
0.0278003
0.000396104
0.00115801
-0.00131863
0.00258596
-0.00470559
0.00493316
-0.010186
0.00838505
-0.0180125
0.0128992
-0.0280139
0.0180959
-0.0394757
0.0234121
-0.0510033
-0.0616216
0.0286129
0.00143762
-0.00225004
0.00313111
-0.00639908
0.00582681
-0.0128817
0.00963023
-0.021816
0.0143455
-0.0327291
0.0194534
-0.0445837
0.0243973
-0.0559472
-0.0661537
0.0289293
0.00173342
0.00369844
-0.00836411
0.00672385
-0.0159071
0.0108005
-0.0258926
0.0155724
-0.0375011
0.0204406
-0.0494518
0.0249111
-0.0604177
-0.0700473
0.0288047
0.00428294
0.00760083
-0.019225
0.01185
-0.0301418
0.0165367
-0.0421878
0.021051
-0.0539661
0.0250057
-0.0643725
-0.0733616
0.02832
0.00842767
0.0127362
0.0172143
-0.0466659
0.0213031
-0.0580549
0.0247423
-0.0678117
-0.0761648
0.0275455
0.0176017
0.0212323
-0.0616855
0.0241841
-0.0707635
-0.0785293
0.0265486
0.0208827
0.0233909
-0.0732717
-0.0805221
0.0253837
0.0224154
0.0240951
-0.00627864
-0.0272202
-0.00575525
-0.0161806
-0.00423582
0.00672623
-0.00188369
0.0420173
0.000667308
0.0811127
0.00223474
0.112524
0.00247236
0.133644
0.00429151
0.13709
0.0103267
0.0970063
0.0180683
0.0218267
0.0241909
-0.0586323
0.0278908
-0.114708
0.0296939
-0.145235
0.0290293
-0.152072
0.025602
-0.156205
0.0229895
-0.170567
0.0245982
-0.100731
0.0294035
-0.0051679
0.0334676
0.0906385
0.0339721
0.133219
0.0322723
0.160301
0.0312027
0.21087
0.0318512
0.12721
0.0334628
0.0818716
0.0347627
-0.063755
0.0351149
-0.186531
0.0349967
-0.179917
0.0346125
-0.262438
0.262822
0.0346123
-0.0138714
0.0138715
0.145845
-0.14547
-0.00769398
-0.0262688
-0.00735101
-0.0165235
-0.00583327
0.00520849
-0.0032726
0.0394567
-0.000411085
0.0782512
0.00164381
0.110469
0.00267713
0.13261
0.00560779
0.13416
0.0120719
0.0905422
0.0194421
0.0144565
0.025049
-0.0642392
0.02822
-0.117879
0.0296092
-0.146624
0.0288511
-0.151314
0.0254321
-0.152786
0.022617
-0.167752
0.0241054
-0.10222
0.029093
-0.0101555
0.0333834
0.0863481
0.0340038
0.132599
0.0322901
0.162014
0.0311734
0.211987
0.0318494
0.126534
0.0335173
0.0802037
0.0348031
-0.0650408
0.0351205
-0.186849
0.0350295
-0.179826
0.0346402
-0.262049
0.0345627
-0.0137938
0.146253
-0.00875896
-0.0250769
-0.00861283
-0.0166697
-0.00715542
0.00375107
-0.00441436
0.0367156
-0.00123217
0.075069
0.00132898
0.107908
0.00326255
0.130677
0.00721574
0.130207
0.0138846
0.0838733
0.0207922
0.00754892
0.0258646
-0.0693117
0.0285173
-0.120532
0.0295054
-0.147612
0.0286651
-0.150474
0.0252859
-0.149406
0.0222949
-0.164761
0.0236386
-0.103563
0.0287726
-0.0152895
0.0332826
0.0818381
0.0340251
0.131856
0.0322932
0.163746
0.0311297
0.213151
0.0318417
0.125822
0.0335655
0.0784799
0.0348308
-0.0663061
0.0351122
-0.18713
0.0350504
-0.179764
0.0346619
-0.26166
0.0345103
-0.0136423
0.146689
-0.00943999
-0.0237088
-0.00948708
-0.0166226
-0.00813719
0.00240119
-0.0052901
0.0338685
-0.0017816
0.0715605
0.00131786
0.104809
0.00421927
0.127775
0.00906377
0.125362
0.0157328
0.0772043
0.0221111
0.00117068
0.0266323
-0.0738329
0.0287798
-0.122679
0.0293813
-0.148214
0.0284693
-0.149562
0.0251572
-0.146094
0.0220214
-0.161625
0.0232029
-0.104745
0.0284454
-0.020532
0.0331664
0.0771172
0.0340362
0.130986
0.0322841
0.165498
0.0310748
0.21436
0.0318289
0.125068
0.0336067
0.0767022
0.0348455
-0.0675449
0.0350904
-0.187375
0.0350597
-0.179733
0.0346768
-0.261277
0.0344549
-0.0134204
0.147155
-0.00972602
-0.0222419
-0.00993613
-0.0164125
-0.00872219
0.00118725
-0.00583572
0.0309821
-0.00203617
0.067761
0.00163898
0.101134
0.00551756
0.123897
0.0110887
0.119791
0.0175916
0.0707013
0.0233843
-0.00462204
0.0273468
-0.0777954
0.0290043
-0.124337
0.0292355
-0.148445
0.0282612
-0.148588
0.0250392
-0.142872
0.0217929
-0.158379
0.0228027
-0.105755
0.0281149
-0.0258442
0.0330359
0.0721962
0.0340371
0.129985
0.0322651
0.16727
0.031012
0.215613
0.0318117
0.124268
0.0336405
0.0748734
0.0348469
-0.0687514
0.0350558
-0.187584
0.0350576
-0.179735
0.0346846
-0.260904
0.0343962
-0.013132
0.147646
-0.00963002
-0.0207606
-0.00994725
-0.0160952
-0.00887111
0.000111109
-0.00600304
0.028114
-0.00195749
0.0637154
0.00231557
0.0968607
0.00711253
0.1191
0.0132222
0.113681
0.0194242
0.0644994
0.0246095
-0.00980732
0.0280028
-0.0811887
0.0291878
-0.125522
0.0290662
-0.148323
0.0280383
-0.14756
0.0249249
-0.139759
0.0216041
-0.155058
0.0224416
-0.106592
0.0277852
-0.0311879
0.0328922
0.0670892
0.0340279
0.128849
0.0322389
0.169059
0.030944
0.216908
0.0317905
0.123422
0.0336662
0.0729977
0.0348348
-0.0699199
0.0350087
-0.187758
0.0350442
-0.179771
0.0346847
-0.260545
0.034334
-0.0127813
0.148162
-0.00918785
-0.0193441
-0.00953714
-0.015746
-0.00857238
-0.000853651
-0.00576209
0.0253037
-0.0015295
0.0594828
0.00334472
0.0919864
0.00894758
0.113497
0.0153977
0.107231
0.0212081
0.058689
0.0257697
-0.0143689
0.028595
-0.084014
0.0293273
-0.126254
0.0288716
-0.147867
0.0277981
-0.146486
0.0248079
-0.136769
0.0214482
-0.151699
0.0221215
-0.107265
0.0274597
-0.036526
0.0327359
0.061813
0.0340085
0.127577
0.0322078
0.17086
0.0308733
0.218242
0.0317654
0.12253
0.0336834
0.0710797
0.034809
-0.0710455
0.0349495
-0.187898
0.0350194
-0.17984
0.0346765
-0.260202
0.0342679
-0.0123727
0.148701
-0.00845086
-0.0180559
-0.00875127
-0.0154455
-0.00785086
-0.00175406
-0.00510989
0.0225627
-0.000765088
0.055138
0.00469578
0.0865256
0.0109556
0.107237
0.0175547
0.100632
0.0229168
0.0533269
0.0268535
-0.0183056
0.0291185
-0.086279
0.0294199
-0.126555
0.0286498
-0.147097
0.0275378
-0.145374
0.024682
-0.133913
0.0213174
-0.148334
0.021842
-0.10779
0.0271413
-0.0418254
0.0325675
0.0563868
0.0339788
0.126166
0.0321739
0.172665
0.0308017
0.219615
0.0317362
0.121595
0.0336914
0.0691245
0.0347696
-0.0721237
0.0348787
-0.188007
0.0349831
-0.179945
0.0346591
-0.259878
0.0341976
-0.0119112
0.14926
-0.00747347
-0.0169326
-0.00767534
-0.0152437
-0.00675223
-0.00267717
-0.0040781
0.0198886
0.000377072
0.0506829
0.006311
0.0805917
0.0130611
0.100487
0.0196399
0.0940532
0.0245259
0.0484409
0.0278505
-0.0216302
0.0295691
-0.0879976
0.0294631
-0.126449
0.0283991
-0.146033
0.0272548
-0.14423
0.0245424
-0.131201
0.0212034
-0.144995
0.0215994
-0.108186
0.0268319
-0.0470579
0.032387
0.0508317
0.0339384
0.124614
0.0321391
0.174464
0.0307308
0.221023
0.0317027
0.120624
0.0336896
0.0671376
0.0347166
-0.0731507
0.0347962
-0.188087
0.034935
-0.180084
0.0346319
-0.259575
0.0341227
-0.011402
0.149837
-0.00629665
-0.0159799
-0.0063905
-0.0151498
-0.0053634
-0.00370427
-0.00273169
0.0172569
0.00191144
0.0460397
0.00811765
0.0743854
0.0151846
0.09342
0.0216069
0.0876309
0.0260142
0.0440335
0.0287522
-0.0243682
0.0299432
-0.0891886
0.0294544
-0.12596
0.0281179
-0.144697
0.0269463
-0.143058
0.0243847
-0.128639
0.0210977
-0.141708
0.0213874
-0.108475
0.0265313
-0.0522019
0.0321939
0.045169
0.0338869
0.122921
0.0321046
0.176247
0.0306616
0.222466
0.0316643
0.119621
0.0336775
0.0651244
0.0346502
-0.0741234
0.0347023
-0.188139
0.0348745
-0.180256
0.034594
-0.259295
0.0340428
-0.0108507
0.150428
-0.00493413
-0.0151736
-0.00496057
-0.0151234
-0.00378752
-0.00487731
-0.00117806
0.0146474
0.00361493
0.0412467
0.0100271
0.0679732
0.0172472
0.0862
0.0234154
0.0814627
0.027364
0.0400849
0.0295522
-0.0265564
0.0302379
-0.0898743
0.0293916
-0.125114
0.0278047
-0.14311
0.0266096
-0.141863
0.0242054
-0.126235
0.0209922
-0.138495
0.0211965
-0.10868
0.0262367
-0.0572421
0.0319869
0.0394189
0.0338236
0.121085
0.0320715
0.177999
0.0305946
0.223943
0.0316205
0.118595
0.0336545
0.0630904
0.0345705
-0.0750394
0.0345968
-0.188165
0.0348011
-0.18046
0.0345447
-0.259038
0.0339574
-0.0102635
0.151031
-0.00336797
-0.0144697
-0.00341315
-0.0150782
-0.00211872
-0.00617174
0.000583863
0.0119448
0.0054151
0.0364155
0.0119446
0.0614437
0.0191757
0.078969
0.0250318
0.0756065
0.0285579
0.0365588
0.0302461
-0.0282446
0.0304513
-0.0900795
0.0292727
-0.123935
0.0274581
-0.141295
0.0262423
-0.140648
0.0240015
-0.123994
0.0208793
-0.135373
0.0210154
-0.108816
0.0259429
-0.0621696
0.0317638
0.033598
0.0337475
0.119101
0.0320403
0.179706
0.03053
0.225453
0.0315703
0.117554
0.03362
0.0610407
0.0344778
-0.0758973
0.0344797
-0.188167
0.0347143
-0.180695
0.0344831
-0.258807
0.0338663
-0.00964661
0.151642
-0.00155646
-0.0138393
-0.0017329
-0.0149018
-0.000439266
-0.00746538
0.00249061
0.00901497
0.00722058
0.0316855
0.0137758
0.0548885
0.020906
0.0718387
0.0264304
0.0700822
0.0295861
0.033403
0.0308315
-0.0294899
0.0305817
-0.0898297
0.0290962
-0.12245
0.0270772
-0.139276
0.0258422
-0.139413
0.0237702
-0.121922
0.0207528
-0.132355
0.0208314
-0.108894
0.0256416
-0.0669798
0.0315215
0.027718
0.0336572
0.116965
0.0320109
0.181352
0.0304676
0.226997
0.0315132
0.116509
0.0335734
0.0589805
0.0343722
-0.0766961
0.0343508
-0.188146
0.0346136
-0.180958
0.0344088
-0.258602
0.0337688
-0.00900661
0.152257
0.000558083
-0.0130994
0.000116089
-0.0144598
0.00148629
-0.00883559
0.00432117
0.00618009
0.00894893
0.0270578
0.0154377
0.0483997
0.0223865
0.06489
0.0275945
0.0648742
0.030448
0.0305495
0.031305
-0.0303469
0.0306282
-0.0891529
0.0288614
-0.120683
0.0266618
-0.137077
0.0254083
-0.138159
0.0235094
-0.120023
0.0206074
-0.129454
0.020632
-0.108919
0.0253223
-0.0716701
0.0312557
0.0217845
0.0335509
0.11467
0.0319829
0.18292
0.0304072
0.228572
0.0314483
0.115468
0.0335144
0.0569144
0.034254
-0.0774358
0.03421
-0.188102
0.0344986
-0.181246
0.0343212
-0.258425
0.0336647
-0.00835008
0.152871
0.00301534
-0.0120933
0.00247416
-0.0139186
0.00348517
-0.0098466
0.00611954
0.00354571
0.010559
0.0226183
0.016876
0.0420828
0.0235849
0.058181
0.0285213
0.0599378
0.0311503
0.0279205
0.0316662
-0.0308628
0.0305898
-0.0880765
0.028569
-0.118662
0.0262131
-0.134721
0.0249406
-0.136887
0.0232171
-0.118299
0.0204396
-0.126676
0.0204056
-0.108885
0.0249729
-0.0762373
0.030961
0.0157964
0.0334265
0.112205
0.0319553
0.184391
0.030348
0.23018
0.0313751
0.114441
0.0334424
0.054847
0.0341234
-0.0781168
0.0340571
-0.188035
0.0343691
-0.181558
0.0342201
-0.258276
0.0335536
-0.00768365
0.153482
0.00580402
-0.010837
0.00505498
-0.0131695
0.00566899
-0.0104606
0.00795555
0.00125915
0.0120691
0.0185047
0.0180828
0.0360691
0.0244994
0.0517644
0.0292266
0.0552106
0.0317081
0.0254391
0.0319172
-0.031072
0.0304648
-0.0866241
0.0282173
-0.116415
0.0257287
-0.132232
0.0244371
-0.135595
0.0228898
-0.116752
0.0202455
-0.124032
0.0201422
-0.108782
0.0245807
-0.0806759
0.0306309
0.00974623
0.0332813
0.109554
0.0319267
0.185746
0.0302894
0.231817
0.0312934
0.113437
0.0333575
0.052783
0.0339805
-0.0787398
0.0338922
-0.187947
0.0342249
-0.181891
0.0341051
-0.258156
0.0334353
-0.00701383
0.154083
0.00887458
-0.00941589
0.00794373
-0.0122387
0.00811863
-0.0106355
0.00992427
-0.000546494
0.0135572
0.0148718
0.0191106
0.0305156
0.0251715
0.0457035
0.0297495
0.0506326
0.0321444
0.0230442
0.0320614
-0.0309889
0.0302463
-0.084809
0.0277948
-0.113963
0.0251959
-0.129633
0.0238885
-0.134288
0.0225204
-0.115384
0.0200203
-0.121532
0.0198331
-0.108594
0.0241328
-0.0849756
0.0302581
0.00362093
0.033112
0.1067
0.0318951
0.186963
0.0302311
0.233481
0.0312041
0.112464
0.0332599
0.0507272
0.0338257
-0.0793056
0.0337152
-0.187837
0.0340664
-0.182242
0.0339762
-0.258066
0.0333096
-0.0063472
0.15467
0.0121389
-0.00799834
0.0110872
-0.011187
0.0108654
-0.0104137
0.0120802
-0.00176123
0.0151311
0.0118209
0.020071
0.0255757
0.0257006
0.0400739
0.0301641
0.0461691
0.0324968
0.0207115
0.0321151
-0.0306073
0.0299357
-0.0826297
0.0272961
-0.111324
0.0246107
-0.126948
0.0232922
-0.132969
0.0221061
-0.114198
0.0197632
-0.119189
0.0194751
-0.108306
0.0236176
-0.0891181
0.0298332
-0.0025947
0.0329146
0.103619
0.0318584
0.188019
0.0301736
0.235166
0.03111
0.111527
0.0331509
0.0486863
0.0336597
-0.0798144
0.0335262
-0.187703
0.0338937
-0.18261
0.0338336
-0.258006
0.0331766
-0.00569024
0.155238
0.0155046
-0.00682446
0.014361
-0.0100434
0.0137426
-0.0097953
0.014458
-0.00247661
0.0168713
0.00940757
0.0210965
0.0213506
0.0262347
0.0349356
0.0305886
0.0418152
0.0328158
0.0184843
0.0320997
-0.0298911
0.0295793
-0.0801093
0.0267854
-0.10853
0.0240375
-0.1242
0.0226949
-0.131626
0.0216718
-0.113175
0.0194907
-0.117008
0.0190806
-0.107896
0.0230344
-0.0930719
0.0293462
-0.00890649
0.032683
0.100282
0.0318129
0.188889
0.0301188
0.23686
0.0310161
0.11063
0.0330307
0.0466717
0.0334815
-0.0802653
0.0333256
-0.187547
0.0337075
-0.182991
0.0336786
-0.257977
0.0330369
-0.00504855
0.155782
0.0191602
-0.00639664
0.0177915
-0.00867471
0.0168171
-0.0088209
0.0170446
-0.00270409
0.0188709
0.00758131
0.022319
0.0179024
0.0268833
0.0303714
0.0310258
0.0376727
0.0330294
0.0164807
0.0319589
-0.0288206
0.0292263
-0.0773767
0.0263646
-0.105668
0.0235667
-0.121402
0.0221716
-0.130231
0.0212655
-0.112269
0.0192271
-0.114969
0.0186786
-0.107348
0.0224379
-0.0968311
0.0288249
-0.0152936
0.0324186
0.0966886
0.0317529
0.189555
0.0300702
0.238542
0.030922
0.109778
0.0328976
0.0446961
0.0332828
-0.0806505
0.033109
-0.187373
0.0335207
-0.183403
0.0335125
-0.257969
0.0328921
-0.00442816
0.1563
0.0450707
-0.00243564
-0.0490317
0.0414364
-0.00504033
0.0380452
-0.0054297
0.0356745
-0.000333379
0.0354905
0.00776524
0.0378154
0.0155775
0.0428266
0.0253601
0.0508412
0.0296582
0.059318
0.00800385
0.0641093
-0.0336119
0.0641822
-0.0774496
0.0611017
-0.102588
0.0562924
-0.116593
0.0517056
-0.125645
0.0477956
-0.108359
0.0428591
-0.110033
0.0396178
-0.104106
0.0405739
-0.0977872
0.0433369
-0.0180565
0.0427543
0.0972712
0.0388437
0.193465
0.0391818
0.238204
0.0452478
0.103712
0.0512123
0.0387316
0.0539001
-0.0833383
0.0532722
-0.186745
0.0528137
-0.182945
0.0501885
-0.255344
0.0470158
-0.00125553
0.157323
0.055005
0.000827692
-0.0582683
0.0513275
-0.00136288
0.0479093
-0.00201141
0.0454001
0.00217582
0.0448096
0.00835566
0.0464317
0.0139554
0.0508482
0.0209436
0.0582331
0.0222733
0.0657282
0.000508765
0.0693802
-0.0372639
0.0684487
-0.0765181
0.0646179
-0.0987567
0.0594024
-0.111377
0.0545322
-0.120774
0.0504861
-0.104313
0.0456224
-0.105169
0.0422556
-0.10074
0.0429513
-0.098483
0.0454918
-0.020597
0.0447355
0.0980274
0.0407558
0.197445
0.0414993
0.237461
0.0481563
0.0970554
0.0544142
0.0324736
0.0570206
-0.0859448
0.0561541
-0.185879
0.0555151
-0.182306
0.052576
-0.252404
0.0490585
0.002262
0.158408
0.063378
0.00361378
-0.0661641
0.0602892
0.0017259
0.0573227
0.000955061
0.0551472
0.00435132
0.0545339
0.00896905
0.0557468
0.0127425
0.0595746
0.0171159
0.0661239
0.015724
0.0723335
-0.00570089
0.0746514
-0.0395818
0.0726489
-0.0745157
0.068184
-0.0942918
0.062674
-0.105867
0.05755
-0.11565
0.0533437
-0.100106
0.0485614
-0.100387
0.0450633
-0.0972415
0.0454228
-0.0988424
0.0477405
-0.0229146
0.0467895
0.0989784
0.0427887
0.201446
0.0441007
0.236149
0.0513424
0.0898137
0.0578741
0.0259419
0.060344
-0.0884146
0.0591869
-0.184722
0.0583298
-0.181448
0.0550377
-0.249112
0.0511598
0.00613981
0.159553
0.0704378
0.00582125
-0.0726453
0.0680366
0.00412717
0.0657153
0.0032763
0.0641299
0.00593675
0.0638236
0.00927536
0.0649604
0.0116056
0.0683587
0.0137176
0.0739502
0.0101326
0.0786869
-0.0104376
0.0796059
-0.0405008
0.0766492
-0.071559
0.0716868
-0.0893294
0.0659816
-0.100162
0.0606712
-0.11034
0.0563219
-0.0957569
0.0516485
-0.0957134
0.0480323
-0.0936253
0.0479908
-0.098801
0.050056
-0.0249798
0.0489209
0.100114
0.0449994
0.205367
0.0470206
0.234128
0.05485
0.0819843
0.0616122
0.0191797
0.0638708
-0.0906733
0.0623723
-0.183223
0.0612519
-0.180328
0.057562
-0.245422
0.0533071
0.0103947
0.160745
0.0763865
0.00749494
-0.0780602
0.0746059
0.00590779
0.0729245
0.00495772
0.0719555
0.00690574
0.0720799
0.00915095
0.0733388
0.0103468
0.0764389
0.0106175
0.0810733
0.00549819
0.0843767
-0.013741
0.0840765
-0.0402006
0.0804171
-0.0678996
0.0751433
-0.0840556
0.0693517
-0.0943705
0.0639177
-0.104906
0.05943
-0.0912692
0.0548837
-0.0911671
0.0511664
-0.089908
0.0506594
-0.098294
0.0524207
-0.0267411
0.0511248
0.101409
0.0474202
0.209072
0.0503146
0.231233
0.0587211
0.0735779
0.0656413
0.0122595
0.0676067
-0.0926387
0.0657109
-0.181327
0.0642763
-0.178893
0.0601377
-0.241284
0.0554926
0.0150398
0.161965
0.0814454
0.00871358
-0.082664
0.0801969
0.00715625
0.0790655
0.00608916
0.0786079
0.00736334
0.0791109
0.00864795
0.0805196
0.00893802
0.0833586
0.00777844
0.087114
0.00174279
0.0892227
-0.0158497
0.0880387
-0.0390166
0.0839751
-0.063836
0.0785742
-0.0786547
0.0727904
-0.0885867
0.0672935
-0.0994091
0.0626733
-0.0866491
0.0582654
-0.0867591
0.0544662
-0.0861089
0.0534257
-0.0972535
0.0548199
-0.0281354
0.0533946
0.102835
0.0500835
0.212383
0.0540441
0.227273
0.0629971
0.0646249
0.0699714
0.00528512
0.0715546
-0.0942219
0.0692014
-0.178974
0.0673956
-0.177088
0.06275
-0.236638
0.0577064
0.0200834
0.163181
0.0859017
0.00953397
-0.0867221
0.0850811
0.00797682
0.0843859
0.00678441
0.0842992
0.00745002
0.0850523
0.00789485
0.0865376
0.00745273
0.0890874
0.00522862
0.092075
-0.00124481
0.0933059
-0.0170806
0.0915933
-0.037304
0.0873921
-0.0596348
0.0820177
-0.0732803
0.0763125
-0.0828815
0.0708055
-0.0939021
0.0660598
-0.0819034
0.0617922
-0.0824916
0.0579276
-0.0822442
0.0562766
-0.0956025
0.0572277
-0.0290865
0.0557175
0.104345
0.0530301
0.21507
0.0582782
0.222025
0.0677143
0.0551888
0.0746071
-0.00160767
0.0757142
-0.095329
0.0728396
-0.176099
0.0705998
-0.174848
0.06538
-0.231418
0.0599373
0.0255261
0.164353
0.090028
0.0100303
-0.0905243
0.08953
0.00847476
0.0891625
0.00715195
0.0893218
0.0072907
0.0901976
0.00701904
0.0916635
0.00598689
0.0938892
0.00300288
0.0962223
-0.00357794
0.0968633
-0.0177216
0.0949028
-0.0353435
0.0907529
-0.0554849
0.0855139
-0.0680413
0.0799322
-0.0772998
0.0744593
-0.0884292
0.0695989
-0.077043
0.0654639
-0.0783566
0.0615428
-0.0783231
0.0591875
-0.0932472
0.059599
-0.029498
0.0580723
0.105872
0.0563133
0.216829
0.0630874
0.215251
0.0728995
0.0453767
0.0795443
-0.00825253
0.0800801
-0.0958648
0.0766188
-0.172638
0.0738762
-0.172105
0.0680048
-0.225547
0.0621723
0.0313586
0.165422
0.0940275
0.0102754
-0.0942726
0.0937719
0.00873042
0.0936421
0.00728171
0.0939535
0.00697934
0.094857
0.00611556
0.0962264
0.00461742
0.0981146
0.00111475
0.0999029
-0.00536632
0.100158
-0.0179766
0.0981272
-0.0333128
0.0941346
-0.0514923
0.089099
-0.0630057
0.0836637
-0.0718645
0.0782587
-0.0830242
0.0733029
-0.0720873
0.0692806
-0.0743342
0.0652999
-0.0743423
0.0621273
-0.0900747
0.0618668
-0.0292375
0.0604316
0.107307
0.0599968
0.217264
0.068534
0.206713
0.078564
0.0353468
0.0847674
-0.0144559
0.0846416
-0.0957391
0.0805294
-0.168526
0.0772095
-0.168785
0.070598
-0.218936
0.0643981
0.0375586
0.166314
0.0980409
0.0103199
-0.0980854
0.0979722
0.00879915
0.0980122
0.00724175
0.0984111
0.0065804
0.0992834
0.00524324
0.100511
0.00338977
0.102072
-0.000445765
0.103406
-0.00670087
0.1034
-0.0179704
0.10139
-0.031303
0.0975958
-0.047698
0.0928016
-0.0582114
0.0875206
-0.0665834
0.0822062
-0.0777098
0.0771876
-0.0670687
0.0732419
-0.0703885
0.0691854
-0.0702859
0.065063
-0.0859522
0.0639524
-0.0281269
0.0627656
0.108494
0.0641487
0.215881
0.0746618
0.1962
0.0846991
0.0253095
0.0902462
-0.020003
0.0893811
-0.094874
0.084559
-0.163704
0.0805822
-0.164809
0.0731313
-0.211485
0.0666025
0.0440873
0.166929
0.102152
0.0102012
-0.102034
0.102231
0.00871998
0.102394
0.00707953
0.102839
0.00613505
0.103649
0.00443319
0.104715
0.00232431
0.105973
-0.00170454
0.106926
-0.00765338
0.106726
-0.0177703
0.104773
-0.0293501
0.101177
-0.0441021
0.0966426
-0.0536771
0.091517
-0.0614578
0.0863026
-0.0724954
0.0812728
-0.062039
0.0773473
-0.066463
0.0731868
-0.0661254
0.0679829
-0.0807483
0.0657785
-0.0259225
0.0650543
0.109218
0.0688387
0.212096
0.081485
0.183554
0.0912714
0.0155232
0.0959342
-0.0246658
0.094274
-0.0932138
0.088693
-0.158123
0.0839755
-0.160091
0.0755756
-0.203085
0.0687771
0.0508857
0.167141
0.106399
0.00994975
-0.106148
0.106599
0.00852001
0.106852
0.00682649
0.107319
0.00566839
0.108053
0.00369884
0.108954
0.00142376
0.109943
-0.00269304
0.110571
-0.00828198
0.110211
-0.0174097
0.108323
-0.0274627
0.104906
-0.0406845
0.100636
-0.0494079
0.0956683
-0.0564898
0.0905492
-0.0673763
0.08558
-0.0570697
0.0815996
-0.0624826
0.0772945
-0.0618202
0.0709094
-0.0743633
0.0673147
-0.0223277
0.0673178
0.109215
0.0741443
0.20527
0.0889862
0.168712
0.0982153
0.00629407
0.101767
-0.0282179
0.0992882
-0.0907347
0.0929153
-0.15175
0.087371
-0.154547
0.0779048
-0.193618
0.0709211
0.0578694
0.166794
0.110797
0.00958913
-0.110436
0.111097
0.00821976
0.111419
0.00650423
0.111892
0.00519581
0.112547
0.00304327
0.11329
0.000680962
0.11404
-0.00344254
0.114395
-0.00863698
0.11389
-0.0169054
0.112067
-0.0256387
0.108803
-0.037421
0.104793
-0.0453975
0.0999916
-0.0516889
0.0949509
-0.0623356
0.0901259
-0.0522447
0.0860122
-0.0583688
0.0815034
-0.0573115
0.0739327
-0.0667926
0.0686436
-0.0170386
0.0696548
0.108204
0.0801574
0.194767
0.0971088
0.151761
0.105434
-0.00203126
0.107664
-0.030448
0.104385
-0.0874554
0.0972101
-0.144575
0.0907532
-0.14809
0.0801004
-0.182966
0.0730468
0.064923
0.165695
0.115351
0.00913996
-0.114902
0.115733
0.00783786
0.116108
0.0061294
0.116577
0.0047272
0.117155
0.00246534
0.117753
8.22236e-05
0.118292
-0.00398136
0.118419
-0.00876408
0.117783
-0.0162692
0.116017
-0.0238723
0.112889
-0.0342933
0.109119
-0.041627
0.104503
-0.0470738
0.0995209
-0.057353
0.0949131
-0.047637
0.0906179
-0.0540736
0.0858259
-0.0525195
0.0772227
-0.0581894
0.0701353
-0.00995119
0.0724069
0.105932
0.0870532
0.180121
0.105778
0.133036
0.11279
-0.0090433
0.113532
-0.0311899
0.109521
-0.0834445
0.101564
-0.136618
0.0941143
-0.14064
0.0821598
-0.171011
0.0751892
0.0718936
0.163613
0.12007
0.00862158
-0.119551
0.120516
0.00739183
0.120929
0.0057164
0.121387
0.00426907
0.121891
0.00196178
0.122361
-0.000387836
0.122715
-0.00433542
0.122655
-0.00870465
0.1219
-0.0155139
0.120183
-0.0221549
0.117184
-0.0312943
0.113623
-0.038066
0.109218
-0.0426691
0.104284
-0.0524192
0.0999286
-0.0432815
0.0954644
-0.0496094
0.0903148
-0.0473699
0.081077
-0.0489516
0.0726566
-0.00153078
0.0765486
0.10204
0.0952305
0.161439
0.114886
0.11338
0.120108
-0.0142651
0.119284
-0.0303661
0.114656
-0.0788162
0.105969
-0.127931
0.0974586
-0.13213
0.084109
-0.157661
0.0774186
0.0785839
0.16028
0.124961
0.00805192
-0.124391
0.125455
0.00689793
0.125893
0.00527838
0.126336
0.00382579
0.126769
0.00152921
0.127126
-0.000745411
0.12732
-0.00452867
0.127109
-0.00849443
0.126252
-0.0146566
0.124572
-0.0204752
0.121705
-0.0284273
0.118318
-0.0346785
0.114145
-0.038496
0.109274
-0.0475482
0.105156
-0.0391639
0.100598
-0.0450511
0.0950871
-0.041859
0.0858318
-0.0396964
0.0774364
0.00686458
0.0835631
0.0959135
0.105088
0.139914
0.124175
0.0942929
0.127152
-0.0172424
0.124843
-0.0280568
0.119761
-0.0737347
0.110425
-0.118595
0.100809
-0.122513
0.0860218
-0.142874
0.0798595
0.0847462
0.155407
0.130037
0.00744715
-0.129433
0.130564
0.00637112
0.131016
0.00482669
0.13144
0.00340168
0.131807
0.00116256
0.132067
-0.00100549
0.132122
-0.00458406
0.13179
-0.00816275
0.130851
-0.0137176
0.129198
-0.0188214
0.126471
-0.0257004
0.123224
-0.0314316
0.119293
-0.0345655
0.114523
-0.0427777
0.110597
-0.0352385
0.10605
-0.0405038
0.100306
-0.0361148
0.0916481
-0.0310387
0.0851531
0.0133595
0.09402
0.0870466
0.116208
0.117726
0.133059
0.0774419
0.133649
-0.0178325
0.130154
-0.0245612
0.124829
-0.0684098
0.114945
-0.108712
0.104214
-0.111782
0.0880462
-0.126707
0.0827147
0.0900777
0.148715
0.135314
0.00682155
-0.134688
0.13586
0.00582475
0.136315
0.00437133
0.136718
0.00299915
0.137023
0.000857341
0.137199
-0.00118162
0.137139
-0.00452384
0.13671
-0.00773339
0.135711
-0.0127186
0.134075
-0.0171855
0.131492
-0.0231181
0.128365
-0.0283044
0.124675
-0.0308753
0.120053
-0.0381562
0.116283
-0.0314677
0.111831
-0.0360517
0.106116
-0.0303998
0.0985261
-0.0234491
0.0950721
0.0168136
0.106368
0.0757506
0.127042
0.097052
0.140782
0.0637021
0.139417
-0.0164671
0.13524
-0.0203846
0.129876
-0.0630455
0.11956
-0.0983961
0.107821
-0.100042
0.0904391
-0.109325
0.0862998
0.094217
0.140001
0.140808
0.00618717
-0.140173
0.141362
0.00527039
0.141813
0.0039204
0.142191
0.0026212
0.142442
0.000606791
0.142545
-0.00128505
0.14239
-0.00436886
0.141883
-0.00722634
0.140843
-0.0116786
0.139223
-0.0155659
0.136783
-0.0206778
0.133769
-0.0252904
0.130308
-0.0274139
0.125879
-0.0337271
0.122259
-0.0278478
0.117948
-0.0317416
0.112582
-0.025033
0.106325
-0.0171928
0.105675
0.0174639
0.118098
0.0633272
0.136038
0.0791121
0.146955
0.0527858
0.14451
-0.0140227
0.140217
-0.0160911
0.13494
-0.0577687
0.124324
-0.0877802
0.111848
-0.0875666
0.0935934
-0.0910703
0.0910733
0.0967371
0.129236
0.14654
0.00555386
-0.145906
0.147092
0.00471768
0.147533
0.00348015
0.147885
0.00226927
0.148086
0.000405551
0.148127
-0.00132651
0.147896
-0.00413752
0.147329
-0.00665951
0.146264
-0.0106132
0.144665
-0.0139673
0.142357
-0.01837
0.139461
-0.0223941
0.136214
-0.0241667
0.132008
-0.0295216
0.128561
-0.0244009
0.124426
-0.0276065
0.119649
-0.0202556
0.114799
-0.0123426
0.11588
0.0163827
0.127905
0.0513025
0.142933
0.0640834
0.151884
0.0438354
0.149213
-0.0113513
0.14525
-0.0121289
0.140073
-0.0525914
0.129311
-0.0770185
0.116503
-0.0747587
0.0980362
-0.0726031
0.0976041
0.0971692
0.116662
0.152533
0.0049293
-0.151908
0.153076
0.00417433
0.153501
0.00305516
0.153826
0.00194483
0.153984
0.000247216
0.153973
-0.0013156
0.153681
-0.00384553
0.153071
-0.00604912
0.151991
-0.00953367
0.150422
-0.0123985
0.148234
-0.016182
0.145466
-0.0196252
0.142418
-0.021119
0.138457
-0.0255605
0.135209
-0.0211534
0.131291
-0.0236884
0.127208
-0.0161729
0.123649
-0.00878346
0.125456
0.0145763
0.136104
0.0406546
0.148591
0.0515964
0.156257
0.036169
0.153856
-0.00895021
0.150491
-0.00876426
0.145334
-0.0474344
0.134621
-0.0663048
0.121999
-0.0621371
0.104345
-0.0549487
0.106408
0.0951061
0.102786
0.158814
0.00431908
-0.158204
0.159342
0.00364596
0.159749
0.0026486
0.160046
0.00164765
0.160166
0.000126938
0.160112
-0.00126154
0.159773
-0.003506
0.159133
-0.00540947
0.158048
-0.00844907
0.156518
-0.0108684
0.154438
-0.0141016
0.151805
-0.0169924
0.148943
-0.0182572
0.145241
-0.0218581
0.142207
-0.0181196
0.138553
-0.0200346
0.135149
-0.012769
0.132651
-0.00628504
0.134622
0.0126052
0.143569
0.0317073
0.153985
0.0411809
0.160663
0.0294904
0.158692
-0.00697904
0.156033
-0.00610527
0.150796
-0.0421974
0.140371
-0.0558792
0.128466
-0.0502326
0.112917
-0.0393991
0.117779
0.0902441
0.0883541
0.165413
0.00372692
-0.16482
0.165922
0.00313614
0.166309
0.00226209
0.166579
0.00137703
0.166666
4.00615e-05
0.166577
-0.00117259
0.166201
-0.00312994
0.165544
-0.00475227
0.164462
-0.00736658
0.162977
-0.00938404
0.160994
-0.0121184
0.158502
-0.0145006
0.155813
-0.015568
0.152377
-0.0184216
0.149557
-0.0152999
0.146205
-0.0166831
0.143406
-0.00996946
0.141691
-0.00456997
0.143622
0.0106737
0.150926
0.0244036
0.159659
0.0324474
0.165437
0.0237127
0.163879
-0.00542107
0.161916
-0.00414241
0.156543
-0.0368246
0.146662
-0.0459977
0.135904
-0.0394749
0.123593
-0.0270876
0.131416
0.0824207
0.0742579
0.172364
0.00315461
-0.171792
0.172853
0.00264657
0.173219
0.00189611
0.173465
0.00113116
0.173523
-1.77769e-05
0.173406
-0.00105579
0.173003
-0.0027266
0.172337
-0.00408618
0.171262
-0.00629197
0.169827
-0.00794876
0.167932
-0.0102237
0.165581
-0.0121487
0.16305
-0.0130375
0.159877
-0.0152481
0.157262
-0.0126853
0.154225
-0.0136465
0.151935
-0.00767932
0.150757
-0.00339186
0.152598
0.00883316
0.158463
0.0185381
0.165798
0.0251122
0.170734
0.0187767
0.169515
-0.00420152
0.168154
-0.00278126
0.162661
-0.0313323
0.153567
-0.0369035
0.144207
-0.0301148
0.135506
-0.018387
0.146006
0.0719214
0.0611755
0.179708
0.00260214
-0.179155
0.180177
0.00217715
0.180523
0.00155013
0.180746
0.000907798
0.18078
-5.18702e-05
0.180641
-0.000916433
0.180218
-0.00230338
0.179548
-0.00341674
0.178486
-0.00522921
0.177099
-0.00656193
0.175284
-0.00840893
0.173065
-0.0099293
0.170678
-0.0106505
0.167752
-0.0123225
0.165328
-0.0102609
0.162592
-0.0109107
0.160722
-0.00580975
0.159881
-0.00255099
0.161621
0.00709367
0.166299
0.01386
0.172441
0.01897
0.176633
0.0145845
0.175668
-0.00323669
0.174768
-0.00188047
0.169231
-0.0257954
0.161113
-0.0287861
0.153238
-0.0222396
0.147574
-0.0127224
0.159816
0.0596787
0.0493268
0.187489
0.00206766
-0.186955
0.187941
0.00172594
0.188269
0.00122189
0.188473
0.000704177
0.188487
-6.63855e-05
0.18833
-0.00075898
0.187892
-0.00186584
0.187222
-0.00274641
0.186172
-0.00417977
0.184829
-0.00521847
0.183084
-0.00666366
0.180981
-0.00782724
0.17872
-0.00838863
0.176014
-0.00961667
0.17376
-0.00800731
0.171287
-0.00843782
0.169756
-0.00427827
0.169113
-0.00190804
0.17074
0.00546666
0.174488
0.0101118
0.179602
0.0138556
0.183183
0.011004
0.182396
-0.00244927
0.181808
-0.00129304
0.176327
-0.0203148
0.169241
-0.0217
0.162814
-0.0158122
0.159093
-0.00900143
0.17189
0.0468814
0.0385421
0.195763
0.00154741
-0.195242
0.196199
0.00128923
0.196513
0.000908198
0.196701
0.000516449
0.1967
-6.50689e-05
0.196527
-0.000586767
0.196079
-0.00141729
0.195407
-0.00207465
0.194369
-0.00314163
0.193059
-0.00390849
0.191369
-0.00497409
0.189362
-0.00581955
0.187202
-0.00622914
0.184675
-0.00708994
0.182566
-0.00589807
0.180303
-0.00617492
0.179032
-0.00300704
0.178498
-0.00137429
0.180004
0.00396066
0.183061
0.00705535
0.18731
0.00960594
0.190423
0.00789159
0.189748
-0.00177419
0.189347
-0.000892143
0.18402
-0.0149878
0.177853
-0.0155335
0.172715
-0.0106733
0.169983
-0.0062694
0.182462
0.0344024
0.0285048
0.204589
0.00103545
-0.204077
0.205016
0.000861483
0.20532
0.00060444
0.205496
0.000340161
0.205483
-5.14624e-05
0.205298
-0.000402169
0.20484
-0.000958674
0.204163
-0.00139802
0.20313
-0.00210828
0.201838
-0.00261701
0.200185
-0.00332071
0.19824
-0.00387469
0.196152
-0.00414154
0.193752
-0.00468987
0.19175
-0.00389631
0.189637
-0.00406188
0.18855
-0.00191913
0.188073
-0.000897873
0.189462
0.00257189
0.19204
0.00447771
0.195611
0.00603453
0.198392
0.0051109
0.197782
-0.00116409
0.197469
-0.000580051
0.19235
-0.00986886
0.186869
-0.0100524
0.182754
-0.0065582
0.180484
-0.00399892
0.192319
0.0225674
0.0189164
0.214041
0.000523544
-0.213529
0.214467
0.000435217
0.214767
0.000304442
0.214937
0.000170164
0.214914
-2.86382e-05
0.214719
-0.000206433
0.214248
-0.000487928
0.21356
-0.000709894
0.212519
-0.00106755
0.211225
-0.00132343
0.20958
-0.0016757
0.207658
-0.00195205
0.2056
-0.00208399
0.203263
-0.00235244
0.201319
-0.00195222
0.199286
-0.00202962
0.198308
-0.000941173
0.197857
-0.00044654
0.199158
0.00127095
0.201447
0.00218843
0.204562
0.00291953
0.207144
0.00252913
0.206565
-0.000584626
0.206277
-0.000292139
0.201329
-0.00492102
0.196249
-0.00497272
0.192825
-0.00313346
0.190788
-0.00196234
0.202104
0.0112513
0.00950744
0.224203
-0.223679
0.224638
0.224942
0.225112
0.225084
0.224877
0.224389
0.223679
0.222612
0.221289
0.219613
0.217661
0.215577
0.213224
0.211272
0.209243
0.208301
0.207855
0.209126
0.211314
0.214234
0.216763
0.216178
0.215886
0.210965
0.205992
0.202859
0.200897
0.212148
0.0623098
0.0223402
0.0626207
0.0237842
0.0628339
0.0251705
0.0629047
0.0264778
0.0627738
0.0276764
0.062364
0.0287298
0.0615806
0.0295881
0.0603179
0.0301921
0.0584405
0.0304902
0.0559218
0.030319
0.0525394
0.0298999
0.0281936
0.0648738
0.0218701
0.0653107
0.0233473
0.0656949
0.0247864
0.0659983
0.0261744
0.0661821
0.0274927
0.0661971
0.0287148
0.0659728
0.0298124
0.0654498
0.0307152
0.0644976
0.0314424
0.0631204
0.0316962
0.0610108
0.0320095
0.0309361
0.0674344
0.0213289
0.0679659
0.0228157
0.0684771
0.0242751
0.0689538
0.0256977
0.0693731
0.0270733
0.0697098
0.0283781
0.0699119
0.0296103
0.0699416
0.0306855
0.0696775
0.0317065
0.0690677
0.032306
0.0679517
0.0331254
0.0327237
0.0700322
0.0207368
0.0706324
0.0222155
0.0712348
0.0236728
0.0718318
0.0251007
0.072408
0.0264971
0.0729471
0.027839
0.0734098
0.0291476
0.0737633
0.0303319
0.0739402
0.0315296
0.0738683
0.0323779
0.073548
0.0334458
0.0336264
0.0727114
0.0201151
0.0733518
0.0215751
0.0740068
0.0230178
0.0746712
0.0244363
0.0753343
0.025834
0.0759851
0.0271882
0.0766052
0.0285275
0.0771706
0.0297665
0.0776702
0.03103
0.0780121
0.032036
0.0782552
0.0332027
0.0338213
0.0755076
0.0194792
0.076168
0.0209147
0.0768506
0.0223352
0.0775527
0.0237342
0.0782705
0.0251162
0.0789982
0.0264606
0.0797332
0.0277926
0.0804517
0.029048
0.0811614
0.0303202
0.0817716
0.0314257
0.0823528
0.0326216
0.0335101
0.0784519
0.0188328
0.0791268
0.0202397
0.0798302
0.0216319
0.080561
0.0230034
0.0813195
0.0243577
0.0820998
0.0256802
0.0829034
0.026989
0.0837075
0.0282439
0.0845264
0.0295013
0.0852975
0.0306547
0.0860805
0.0318386
0.0328685
0.0815591
0.0181744
0.0822492
0.0195496
0.0829715
0.0209096
0.0837245
0.0222503
0.0845087
0.0235735
0.085319
0.02487
0.0861583
0.0261496
0.0870129
0.0273893
0.0878975
0.0286167
0.0887748
0.0297774
0.0896803
0.0309331
0.0320245
0.084829
0.017503
0.0855344
0.0188442
0.0862737
0.0201703
0.0870458
0.0214783
0.0878512
0.0227681
0.0886873
0.0240339
0.0895576
0.0252793
0.0904545
0.0264925
0.0913863
0.0276848
0.0923315
0.0288323
0.0933082
0.0299564
0.0310601
0.0882619
0.0168184
0.0889831
0.018123
0.0897408
0.0194126
0.0905343
0.0206848
0.0913642
0.0219382
0.0922287
0.0231693
0.0931295
0.0243786
0.0940615
0.0255604
0.0950286
0.0267177
0.0960202
0.0278407
0.0970457
0.0289309
0.0300204
0.0918622
0.0161198
0.0926003
0.0173848
0.0933779
0.0186351
0.0941943
0.0198684
0.0950493
0.0210832
0.0959416
0.0222771
0.0968713
0.0234489
0.0978359
0.0245958
0.0988373
0.0257163
0.0998704
0.0268076
0.100939
0.0278624
0.0289256
0.0956349
0.0154071
0.09639
0.0166297
0.0971873
0.0178378
0.098026
0.0190296
0.0989059
0.0202033
0.0998259
0.021357
0.100786
0.0224888
0.101785
0.0235971
0.102822
0.0246789
0.103895
0.0257343
0.105005
0.0267525
0.0277828
0.0995853
0.0146807
0.100357
0.015858
0.101174
0.0170213
0.102035
0.0181687
0.102939
0.0192985
0.103888
0.0204089
0.104878
0.021498
0.105911
0.0225647
0.106984
0.0236055
0.108096
0.0246221
0.109247
0.0256015
0.026594
0.103721
0.0139407
0.104509
0.01507
0.105344
0.0161856
0.106227
0.0172859
0.107157
0.018369
0.108132
0.0194335
0.109153
0.0204773
0.110218
0.0214997
0.111326
0.0224969
0.112477
0.0234714
0.113669
0.0244096
0.0253607
0.108048
0.108852
0.0142661
0.109706
0.0153314
0.11061
0.0163818
0.111564
0.0174156
0.112566
0.0184315
0.113616
0.0194275
0.114712
0.0204028
0.115855
0.0213539
0.117043
0.0222834
0.118275
0.023178
0.0240843
0.113397
0.0134466
0.114269
0.014459
0.115194
0.015457
0.11617
0.0164391
0.117198
0.0174038
0.118276
0.0183494
0.119404
0.0192751
0.12058
0.0201776
0.121804
0.0210596
0.123074
0.0219083
0.0227667
0.118152
0.0126118
0.119042
0.0135688
0.119987
0.0145119
0.120986
0.0154397
0.122039
0.0163509
0.123145
0.0172437
0.124302
0.0181176
0.125511
0.0189692
0.126769
0.0198012
0.128076
0.0206018
0.0214097
0.123128
0.0117617
0.124036
0.0126608
0.125001
0.0135467
0.126023
0.014418
0.1271
0.0152733
0.128233
0.0161111
0.12942
0.0169308
0.130659
0.0177295
0.131951
0.0185093
0.133293
0.0192598
0.020015
0.128338
0.0108962
0.129264
0.0117352
0.130249
0.0125615
0.131293
0.0133739
0.132395
0.0141712
0.133555
0.0149519
0.13477
0.0157153
0.136041
0.0164589
0.137365
0.0171846
0.138742
0.017883
0.0185837
0.133797
0.0100152
0.13474
0.0107916
0.135746
0.011556
0.136812
0.0123073
0.137939
0.0130443
0.139125
0.0137658
0.14037
0.014471
0.141671
0.0151577
0.143028
0.0158273
0.144439
0.0164719
0.0171165
0.13952
0.0091181
0.140482
0.00982944
0.141509
0.0105297
0.142598
0.0112176
0.14375
0.0118923
0.144963
0.0125525
0.146237
0.0131975
0.147569
0.0138254
0.148959
0.0144372
0.150405
0.0150262
0.0156132
0.145527
0.00820394
0.146509
0.00884788
0.147557
0.00948158
0.148671
0.010104
0.149849
0.0107142
0.15109
0.011311
0.152394
0.0118938
0.153758
0.012461
0.155182
0.0130132
0.156664
0.013545
0.0140733
0.151841
0.0072715
0.152844
0.00784555
0.153915
0.00841032
0.155054
0.00896488
0.15626
0.00950834
0.157531
0.0100397
0.158866
0.0105584
0.160264
0.011063
0.161724
0.0115539
0.163242
0.0120267
0.0124949
0.158487
0.00631899
0.159512
0.00682057
0.160608
0.00731391
0.161775
0.0077982
0.16301
0.00827266
0.164314
0.00873643
0.165683
0.0091889
0.167117
0.0096289
0.168614
0.0100567
0.170172
0.0104688
0.0108757
0.165494
0.00534415
0.166544
0.00577051
0.167668
0.00618977
0.168865
0.00660125
0.170133
0.00700426
0.171472
0.00739807
0.172879
0.00778214
0.174352
0.0081555
0.17589
0.00851833
0.177491
0.00886774
0.00921203
0.172897
0.00434399
0.173976
0.00469219
0.175131
0.00503454
0.176362
0.00537045
0.177666
0.00569938
0.179044
0.00602072
0.180492
0.006334
0.182009
0.00663846
0.183593
0.00693418
0.185242
0.00721894
0.00749896
0.180737
0.00331476
0.181847
0.00358159
0.183038
0.00384392
0.184307
0.00410128
0.185653
0.00435324
0.187074
0.00459933
0.188569
0.00483919
0.190135
0.00507224
0.191771
0.0052985
0.193474
0.00551635
0.00573024
0.189058
0.00225181
0.190206
0.00243378
0.191437
0.00261266
0.192751
0.00278814
0.194144
0.00295991
0.195616
0.00312767
0.197164
0.00329114
0.198786
0.00344993
0.20048
0.00360405
0.202244
0.00375242
0.00389792
0.197917
0.00114915
0.199109
0.00124236
0.200387
0.00133398
0.201752
0.00142387
0.2032
0.00151185
0.20473
0.00159778
0.206339
0.0016815
0.208026
0.00176283
0.209789
0.00184175
0.211623
0.00191772
0.00199221
0.207373
0.208616
0.20995
0.211373
0.212885
0.214483
0.216165
0.217927
0.219769
0.221687
0.0345789
0.0346594
)
;

boundaryField
{
    inlet
    {
        type            calculated;
        value           nonuniform 0();
    }
    outlet
    {
        type            calculated;
        value           nonuniform List<scalar> 
51
(
0.0459922
0.0479739
0.050015
0.0521149
0.0542732
0.0564899
0.0587656
0.0611027
0.0635066
0.0659878
0.0685646
0.0712678
0.0741458
0.0772719
0.0807519
0.0847325
0.0894064
0.0950141
0.101838
0.110178
0.120284
0.13221
0.145512
0.159088
0.171665
0.182675
0.192499
0.201907
0.211513
0.221655
0.0342364
0.0341556
0.0340735
0.0339898
0.0339046
0.0338177
0.0337291
0.0336386
0.0335461
0.0334515
0.0333546
0.0332555
0.033154
0.03305
0.0329434
0.0328343
0.0327226
0.0326086
0.0324923
0.0323746
0.0343159
)
;
    }
    cylinder
    {
        type            calculated;
        value           uniform 0;
    }
    top
    {
        type            symmetryPlane;
        value           uniform 0;
    }
    bottom
    {
        type            symmetryPlane;
        value           nonuniform 0();
    }
    defaultFaces
    {
        type            empty;
        value           nonuniform 0();
    }
    procBoundary3to1
    {
        type            processor;
        value           nonuniform List<scalar> 
41
(
0.00237708
0.00592194
0.00861128
0.0105146
0.0118443
0.012866
0.0137886
0.014692
0.0155018
0.0159637
0.0278834
0.0156572
-0.00824566
-0.0443695
-0.0836637
-0.114092
-0.133881
-0.13891
-0.103041
-0.0295683
0.0525097
0.111008
0.143432
0.152737
0.159632
0.17318
0.0991225
0.000362562
-0.0947025
-0.133724
-0.158601
-0.209801
-0.127859
-0.0834832
0.0624551
0.186179
0.180035
0.263195
0.013791
-0.145126
-0.0349518
)
;
    }
    procBoundary3to2
    {
        type            processor;
        value           nonuniform List<scalar> 
50
(
0.000628561
-6.97819e-05
0.000333209
-0.000506214
-0.000623484
-0.00335997
-0.00204714
-0.0105999
-0.00487396
-0.0227787
-0.0344503
-0.0134266
-0.050841
-0.0177121
-0.0648561
-0.0203007
-0.0753864
-0.0822018
-0.0227166
-0.0619334
-0.0644037
-0.0668932
-0.0694401
-0.0720897
-0.0748717
-0.0778055
-0.0809006
-0.0841576
-0.0875772
-0.0911636
-0.0949222
-0.0988589
-0.102981
-0.107295
0.0131875
-0.112577
-0.117317
-0.122278
-0.127473
-0.132916
-0.138623
-0.144613
-0.150909
-0.157534
-0.164519
-0.171897
-0.179707
-0.187995
-0.196815
-0.206224
)
;
    }
}


// ************************************************************************* //
