/*--------------------------------*- C++ -*----------------------------------*\
  =========                 |
  \\      /  F ield         | OpenFOAM: The Open Source CFD Toolbox
   \\    /   O peration     | Website:  https://openfoam.org
    \\  /    A nd           | Version:  7
     \\/     M anipulation  |
\*---------------------------------------------------------------------------*/
FoamFile
{
    version     2.0;
    format      ascii;
    class       volVectorField;
    location    "155";
    object      U;
}
// * * * * * * * * * * * * * * * * * * * * * * * * * * * * * * * * * * * * * //

dimensions      [0 1 -1 0 0 0 0];

internalField   nonuniform List<vector> 
2125
(
(-0.00102307 -0.0567857 1.07034e-21)
(-0.00946138 -0.112854 -3.07726e-21)
(-0.0271663 -0.131658 -3.59384e-21)
(-0.0487582 -0.126982 3.57781e-21)
(-0.072326 -0.110081 -3.28915e-21)
(-0.0965084 -0.0880705 -1.75958e-21)
(-0.120351 -0.0638179 3.02361e-21)
(-0.143301 -0.0371624 3.71591e-21)
(-0.164801 -0.0064474 -5.99919e-22)
(-0.184949 0.0311269 1.81015e-21)
(0.000746248 -0.0528604 -1.18667e-21)
(-0.00640405 -0.104056 3.65984e-21)
(-0.0241891 -0.120077 -8.33151e-21)
(-0.0463598 -0.114019 7.55494e-21)
(-0.0706178 -0.0966496 3.82539e-22)
(-0.0954403 -0.074752 5.65136e-21)
(-0.11986 -0.0509977 -9.78342e-21)
(-0.143399 -0.0250662 -1.42988e-20)
(-0.16547 0.00486617 -2.69584e-21)
(-0.185978 0.0416774 6.13354e-21)
(0.00225929 -0.0486501 1.01026e-21)
(-0.00373886 -0.0948752 7.66369e-21)
(-0.0213988 -0.108253 1.82197e-20)
(-0.043757 -0.101014 -1.64958e-20)
(-0.0681506 -0.0833448 -3.61545e-21)
(-0.0928841 -0.0616685 -3.37926e-21)
(-0.116939 -0.0384793 1.70545e-20)
(-0.139869 -0.0133335 1.08466e-20)
(-0.161018 0.0157226 2.79108e-21)
(-0.179793 0.0516098 -1.88094e-20)
(0.00349246 -0.044276 3.54937e-21)
(-0.0015245 -0.0855345 -4.55884e-21)
(-0.0189036 -0.0964499 -3.30638e-20)
(-0.041113 -0.0882539 3.02557e-21)
(-0.0651497 -0.0704788 9.14122e-21)
(-0.089133 -0.0491698 -6.92243e-21)
(-0.111956 -0.0266621 -7.60099e-22)
(-0.13316 -0.00242788 -2.71049e-21)
(-0.152025 0.0256041 6.37988e-21)
(-0.167101 0.0603321 1.77914e-20)
(0.00443173 -0.0398416 2.39405e-21)
(0.000189941 -0.0762241 -1.37802e-20)
(-0.0168124 -0.0848915 3.35467e-20)
(-0.0386065 -0.0759889 -1.49531e-20)
(-0.0618745 -0.0583384 -1.1097e-22)
(-0.0845409 -0.0375892 2.058e-20)
(-0.105377 -0.0159365 -9.60684e-21)
(-0.123866 0.00719182 1.20453e-21)
(-0.13929 0.0339784 -3.88016e-21)
(-0.148919 0.0672674 8.28758e-22)
(0.00506958 -0.0354275 2.84865e-20)
(0.00136304 -0.0670938 3.5012e-20)
(-0.0152315 -0.0737595 -9.13816e-21)
(-0.0364206 -0.0644294 1.72026e-20)
(-0.0586007 -0.0471724 5.13533e-21)
(-0.0794986 -0.0272264 -7.76094e-21)
(-0.0977354 -0.00666101 -2.88169e-21)
(-0.112689 0.0151029 -1.18534e-20)
(-0.123778 0.0403347 2.5527e-21)
(-0.126492 0.0718676 -1.527e-20)
(0.00540181 -0.0310894 -2.73897e-20)
(0.00195954 -0.058249 -1.81316e-20)
(-0.0142586 -0.0631859 1.4373e-20)
(-0.0347289 -0.0537341 -2.47248e-20)
(-0.0555973 -0.037178 2.50485e-21)
(-0.0743984 -0.0183286 2.84346e-20)
(-0.0895857 0.000860794 -5.04539e-21)
(-0.100377 0.0209393 3.26306e-20)
(-0.10653 0.0442169 -1.1212e-21)
(-0.101193 0.0736482 -1.23167e-20)
(0.00542474 -0.0268581 2.208e-20)
(0.00195023 -0.0497522 -4.02391e-20)
(-0.0139752 -0.0532517 -1.5964e-20)
(-0.033678 -0.0440044 1.91107e-20)
(-0.0530964 -0.0284882 2.87393e-22)
(-0.0695889 -0.0110716 -5.28294e-20)
(-0.0814379 0.00640398 -2.73974e-21)
(-0.0876365 0.0244246 -2.50335e-20)
(-0.0885395 0.0452586 -3.1326e-20)
(-0.0743768 0.0722883 1.77194e-20)
(0.00513358 -0.0227436 -1.22992e-20)
(0.00131367 -0.0416275 6.06442e-21)
(-0.0144368 -0.0439889 1.46486e-20)
(-0.0333665 -0.0352816 -1.24643e-20)
(-0.051258 -0.0211613 -4.47515e-20)
(-0.0653204 -0.00554066 1.55481e-20)
(-0.0736749 0.00984976 2.4158e-21)
(-0.0750102 0.0254051 3.66877e-20)
(-0.0705324 0.0432155 4.63634e-20)
(-0.0471644 0.0676998 -2.02642e-20)
(0.00452246 -0.0187408 1.86933e-20)
(4.03444e-05 -0.0338701 1.7048e-20)
(-0.0156604 -0.0353878 -2.50645e-21)
(-0.033822 -0.0275475 6.31261e-20)
(-0.050131 -0.0151747 2.67564e-20)
(-0.061682 -0.00171354 1.97988e-20)
(-0.0664547 0.0112144 2.70947e-20)
(-0.0627334 0.0238864 -1.21166e-20)
(-0.0526892 0.0379691 -1.5302e-20)
(-0.0199412 0.0595241 -2.29136e-20)
(0.00358638 -0.0148381 -2.1077e-21)
(-0.00186084 -0.0264588 -2.66455e-20)
(-0.0176116 -0.0274072 -1.91126e-20)
(-0.034978 -0.0207322 -3.07538e-20)
(-0.049614 -0.0104247 -2.40385e-20)
(-0.058537 0.000550791 2.38577e-20)
(-0.0596107 0.0106804 -2.23712e-20)
(-0.0506089 0.0200928 -1.51618e-20)
(-0.0345421 0.0295268 1.90155e-21)
(0.00806628 0.0476717 6.56303e-21)
(0.00232505 -0.011026 -5.012e-20)
(-0.00435438 -0.0193701 2.41895e-20)
(-0.0201917 -0.0199887 1.7649e-20)
(-0.0366531 -0.0147259 1.15884e-20)
(-0.0494191 -0.00673671 -2.08247e-20)
(-0.0554604 0.00150888 -1.7457e-20)
(-0.0525514 0.00861434 2.47572e-20)
(-0.0379599 0.0145578 -1.94938e-20)
(-0.0149879 0.0189291 -1.43859e-21)
(0.0391912 0.0326657 -1.81613e-20)
(0.000748158 -0.00730616 4.12953e-20)
(-0.00736969 -0.0125925 1.68008e-20)
(-0.0232287 -0.0130738 1.06124e-21)
(-0.0385387 -0.0093988 -2.11439e-20)
(-0.0490515 -0.00388776 1.75274e-21)
(-0.0516956 0.00150501 2.24494e-20)
(-0.0441391 0.00555412 -6.15782e-21)
(-0.0231256 0.0082608 -7.0743e-21)
(0.00797582 0.00735156 -1.52303e-20)
(0.0767504 0.016054 2.78756e-20)
(-0.00111907 -0.00369785 2.71904e-20)
(-0.0107942 -0.0061395 -4.50067e-20)
(-0.0264732 -0.00662161 -3.45113e-20)
(-0.0402001 -0.00462465 1.49999e-20)
(-0.047816 -0.00164049 3.02877e-20)
(-0.046165 0.000919649 2.48378e-20)
(-0.0326916 0.0020851 -2.58759e-20)
(-0.00377636 0.00188364 4.84966e-20)
(0.0375661 -0.00412965 -1.4122e-20)
(0.125049 0.000784462 -3.13206e-20)
(-0.00323135 -0.000241776 -4.13513e-20)
(-0.0144703 -5.86592e-05 2.5e-20)
(-0.0296043 -0.000624312 -1.1652e-20)
(-0.0410947 -0.000305288 1.20752e-21)
(-0.0448588 0.000220298 1.24701e-20)
(-0.0375783 0.000103474 -3.94412e-20)
(-0.0163163 -0.00132383 3.37728e-20)
(0.022896 -0.00383427 -3.2172e-20)
(0.0775961 -0.0141313 4.90113e-20)
(0.187956 -0.0102181 1.67213e-20)
(-0.00552078 0.0029998 8.51668e-21)
(-0.018197 0.00556502 4.79112e-20)
(-0.0322427 0.00488157 -1.18622e-20)
(-0.0406043 0.0036085 1.21213e-20)
(-0.039234 0.0018558 1.37261e-20)
(-0.0245655 -0.000652497 -4.07549e-21)
(0.00692987 -0.00413828 2.88658e-20)
(0.0594167 -0.00815162 1.75973e-21)
(0.131647 -0.0217149 -3.06011e-20)
(0.267132 -0.0147468 3.95286e-20)
(-0.00789732 0.00594805 -2.29952e-20)
(-0.0217367 0.0106125 -4.51941e-20)
(-0.0339717 0.00981089 3.9256e-20)
(-0.0380782 0.00710346 1.95108e-20)
(-0.0299772 0.00335314 -8.99723e-20)
(-0.00575778 -0.00112852 7.23277e-20)
(0.0387608 -0.00600805 -6.35534e-20)
(0.107663 -0.0107437 1.15499e-21)
(0.202175 -0.0258985 -1.30043e-20)
(0.3605 -0.0119201 -3.5994e-20)
(-0.0102536 0.00851659 1.97266e-20)
(-0.0248267 0.0149408 -2.6076e-21)
(-0.0343609 0.0140347 -9.62532e-21)
(-0.0328777 0.010102 -1.21244e-21)
(-0.0161935 0.00471168 -5.61011e-21)
(0.0200131 -0.00124132 -2.29791e-20)
(0.0805565 -0.00680083 9.33029e-21)
(0.168676 -0.0115125 -1.47482e-20)
(0.289829 -0.0254433 4.62519e-21)
(0.462029 -0.00203713 1.24643e-21)
(-0.0124718 0.0106223 -4.02601e-20)
(-0.0271925 0.0183991 -2.85294e-21)
(-0.0329874 0.0173956 4.40161e-21)
(-0.0244121 0.0124765 1.79571e-21)
(0.00288516 0.00586119 2.9384e-20)
(0.0536341 -0.000987815 -8.45341e-20)
(0.133119 -0.00643572 5.54883e-20)
(0.24279 -0.0105742 -4.07634e-20)
(0.39315 -0.0189526 3.2253e-20)
(0.564039 0.0131138 3.34018e-20)
(-0.0144325 0.0121967 -4.89325e-21)
(-0.0285592 0.0208487 2.25199e-20)
(-0.0294496 0.0197327 -2.82713e-20)
(-0.0121551 0.0140805 -8.85563e-21)
(0.0278796 0.00670219 1.69693e-20)
(0.0956864 -0.000394886 8.03761e-20)
(0.196603 -0.00487649 -1.56548e-20)
(0.329614 -0.00788379 7.58822e-21)
(0.508151 -0.00590488 -3.80791e-20)
(0.662882 0.0271047 1.6633e-20)
(-0.0160224 0.0131957 -1.4713e-20)
(-0.0286595 0.0221835 -1.14816e-20)
(-0.023369 0.0209135 2.84205e-21)
(0.00435978 0.0147911 1.11191e-20)
(0.059275 0.00716392 -3.28318e-20)
(0.146472 0.000556142 -1.31825e-20)
(0.270527 -0.0020518 -4.06637e-20)
(0.427515 -0.00283708 3.99948e-20)
(0.627017 0.011162 4.07918e-20)
(0.762355 0.0289176 -1.62966e-20)
(-0.0171401 0.0136042 -7.0348e-21)
(-0.027238 0.0223507 2.86715e-20)
(-0.0143803 0.0208652 -3.2114e-20)
(0.0255635 0.014556 -3.73648e-21)
(0.0974564 0.00726892 -1.50859e-20)
(0.206051 0.00201568 3.24111e-20)
(0.353932 0.00226592 4.09096e-20)
(0.533348 0.00540686 -3.83041e-20)
(0.739612 0.0254908 3.96017e-20)
(0.889806 0.0299892 5.33067e-21)
(-0.0176921 0.0134363 -2.03993e-20)
(-0.0240506 0.0213636 -5.80269e-20)
(-0.00212133 0.0196017 5.669e-20)
(0.0518734 0.0134392 8.17427e-21)
(0.142737 0.00718713 1.18571e-20)
(0.274226 0.00430899 7.18706e-21)
(0.445344 0.00845537 3.13288e-20)
(0.642609 0.0167704 2.23958e-20)
(0.848215 0.0393284 -7.70472e-20)
(1.00187 0.0449308 -3.64157e-20)
(-0.0188469 0.0193017 1.40474e-20)
(0.0137773 0.0172434 -3.20817e-20)
(0.0837025 0.0116499 6.22826e-21)
(0.195341 0.00726454 1.00015e-20)
(0.350456 0.00792398 -7.07841e-20)
(0.542608 0.016952 3.08985e-20)
(0.750897 0.0307267 -2.01404e-20)
(0.949017 0.0547387 2.07945e-20)
(1.09158 0.0615067 -7.14503e-21)
(0.0336987 0.0140259 -1.57045e-21)
(0.121444 0.00954851 -8.77152e-21)
(0.255335 0.0080165 2.91898e-22)
(0.433724 0.0134311 5.48323e-22)
(0.642832 0.0280352 -4.68656e-20)
(0.854224 0.0467376 6.27963e-21)
(1.03806 0.0711734 5.59527e-20)
(1.16422 0.0782896 2.44347e-20)
(0.0580245 0.0102877 5.46673e-20)
(0.165421 0.00763321 1.38755e-21)
(0.322499 0.0100787 -2.28186e-20)
(0.522405 0.0213499 6.07588e-20)
(0.742672 0.0416949 1.31477e-20)
(0.94919 0.0642114 6.99812e-22)
(1.11387 0.0880261 -2.46815e-20)
(1.21974 0.0946064 -3.13925e-20)
(0.215804 0.00650422 -2.27151e-20)
(0.396195 0.0141181 3.70678e-20)
(0.614264 0.0320102 -1.80409e-20)
(0.838782 0.0576308 -2.01322e-20)
(1.03348 0.0825532 -4.6969e-21)
(1.17603 0.104782 -1.4343e-20)
(1.26113 0.109979 1.50475e-20)
(0.475262 0.020719 2.02064e-20)
(0.706646 0.0454688 -6.67779e-20)
(0.928295 0.0753607 4.24042e-20)
(1.10593 0.101235 -1.89875e-20)
(1.22535 0.121076 2.80773e-20)
(1.29073 0.124402 7.58949e-21)
(1.00914 0.0943499 -1.09226e-20)
(1.16639 0.119849 8.97578e-21)
(1.26319 0.136719 -2.14478e-20)
(1.31099 0.137906 -2.1422e-20)
(1.21543 0.13812 -2.84643e-20)
(1.29123 0.15165 5.32467e-22)
(1.324 0.150648 1.48841e-20)
(1.31114 0.165904 2.12979e-20)
(1.33151 0.162789 -8.97606e-21)
(-0.218421 0.0995929 -1.41826e-22)
(-0.252879 0.240767 4.36086e-23)
(-0.252697 0.398072 1.83069e-22)
(-0.233112 0.55343 -1.74254e-22)
(-0.17986 0.635455 4.01393e-23)
(-0.0785858 0.583094 1.50148e-22)
(0.100429 0.363235 4.67225e-23)
(0.293952 0.0226061 -8.72284e-23)
(0.475433 -0.312092 -8.92019e-23)
(0.605033 -0.533701 -6.90841e-23)
(0.672115 -0.644295 1.38918e-24)
(0.700896 -0.628372 -7.13761e-23)
(0.662925 -0.645908 3.76549e-23)
(0.532966 -0.614757 -1.61553e-23)
(0.526127 -0.389997 -1.36028e-23)
(0.662417 -0.0180283 -1.03011e-23)
(0.800363 0.322542 6.58805e-23)
(0.885737 0.40409 8.01904e-23)
(0.911329 0.50894 2.23059e-24)
(0.813898 0.507484 2.83746e-23)
(0.751863 0.474686 -1.27983e-23)
(0.807776 0.258845 -8.95432e-24)
(0.903202 -0.0681616 -4.10228e-24)
(0.927187 -0.18544 -2.10939e-23)
(0.969352 -0.506841 -2.46459e-23)
(0.952534 -0.440017 -8.69274e-24)
(0.949689 -0.315294 5.87641e-24)
(0.950646 -0.155648 4.83618e-23)
(1.00049 0.427145 7.99985e-24)
(0.97318 0.33863 9.92331e-25)
(-0.222874 0.109826 5.98609e-23)
(-0.257439 0.243701 -4.3126e-22)
(-0.256156 0.394135 -4.73342e-23)
(-0.229366 0.541584 4.38754e-22)
(-0.157917 0.614704 -3.23748e-23)
(-0.0302076 0.55152 -5.61527e-22)
(0.15756 0.326279 5.08113e-22)
(0.349321 -0.0119009 -4.93317e-22)
(0.525337 -0.340622 2.62847e-22)
(0.646242 -0.551387 -4.24439e-22)
(0.700248 -0.652361 5.79045e-22)
(0.717687 -0.627811 -4.11079e-22)
(0.681783 -0.632999 6.95396e-26)
(0.545121 -0.604026 2.588e-22)
(0.518535 -0.398639 -4.54917e-23)
(0.64464 -0.0371922 -6.64246e-23)
(0.784802 0.306918 -1.99597e-22)
(0.876506 0.396467 1.41142e-22)
(0.903335 0.512809 9.28503e-23)
(0.806937 0.51612 -1.15869e-22)
(0.742672 0.475441 -3.00058e-23)
(0.806261 0.251503 5.93045e-23)
(0.907238 -0.0736212 -2.67133e-24)
(0.931961 -0.188137 -7.76889e-23)
(0.976243 -0.507629 4.49015e-23)
(0.957349 -0.439569 7.86691e-23)
(0.953306 -0.315208 -4.37843e-25)
(0.951395 -0.157383 -9.14867e-23)
(0.995963 0.426496 1.9809e-24)
(0.970766 0.339286 -6.25123e-24)
(-0.217212 0.118729 3.04077e-21)
(-0.249979 0.244838 -2.28813e-21)
(-0.24592 0.387777 1.47177e-21)
(-0.21117 0.52613 -1.33841e-21)
(-0.122085 0.589821 -5.99269e-22)
(0.0269773 0.517905 3.16387e-21)
(0.21809 0.291605 -1.13258e-21)
(0.406796 -0.0434801 -1.52004e-21)
(0.576388 -0.366107 7.11696e-22)
(0.68797 -0.566328 -2.36967e-23)
(0.729234 -0.658286 1.59521e-22)
(0.734842 -0.626684 -2.89394e-23)
(0.700456 -0.620004 -2.48866e-23)
(0.559183 -0.592015 9.45076e-23)
(0.51396 -0.406174 5.08124e-23)
(0.628442 -0.0569542 -1.27044e-22)
(0.770165 0.290167 4.13549e-22)
(0.868049 0.388144 9.12178e-23)
(0.895705 0.516396 -5.57797e-23)
(0.800161 0.524848 -7.79946e-23)
(0.734362 0.476207 4.8594e-23)
(0.805612 0.244032 8.20629e-23)
(0.911749 -0.0790303 -1.69246e-22)
(0.937119 -0.190696 6.05222e-23)
(0.983075 -0.508256 -1.34038e-22)
(0.961977 -0.43907 -9.141e-23)
(0.956882 -0.315076 1.21202e-23)
(0.952328 -0.15897 1.60766e-22)
(0.991448 0.42587 -2.05145e-23)
(0.968254 0.339881 2.55362e-24)
(-0.202293 0.125783 -3.25814e-21)
(-0.231438 0.243859 1.49722e-21)
(-0.223033 0.378827 -2.07383e-22)
(-0.179965 0.507304 3.58201e-22)
(-0.0746174 0.561409 -4.43808e-22)
(0.0898929 0.483651 -2.14418e-21)
(0.280724 0.259536 1.13026e-21)
(0.465561 -0.0714664 -2.58268e-22)
(0.62816 -0.388448 9.61597e-22)
(0.729873 -0.578575 1.66692e-21)
(0.758858 -0.662108 -3.94328e-22)
(0.752331 -0.624978 2.68592e-22)
(0.718876 -0.607095 -3.01592e-22)
(0.574932 -0.57892 -2.88566e-22)
(0.512721 -0.412469 4.44953e-23)
(0.614064 -0.0771307 -1.65261e-22)
(0.756558 0.272333 -3.61861e-22)
(0.860422 0.379109 -8.79435e-23)
(0.888451 0.519685 1.13746e-22)
(0.793623 0.533635 -3.94184e-23)
(0.727018 0.476981 -1.44195e-22)
(0.805809 0.236474 -4.23162e-24)
(0.916712 -0.0843719 6.83181e-23)
(0.942635 -0.193099 9.30699e-24)
(0.989833 -0.508704 4.4793e-23)
(0.966414 -0.438518 2.63496e-23)
(0.960399 -0.31491 1.66406e-23)
(0.953424 -0.160412 5.37169e-23)
(0.986942 0.425276 1.19629e-22)
(0.965648 0.340419 3.76653e-24)
(-0.179462 0.130534 2.28516e-21)
(-0.203338 0.240512 2.34503e-21)
(-0.189179 0.367262 1.27061e-21)
(-0.137835 0.48549 -1.26563e-21)
(-0.018144 0.530041 8.20942e-23)
(0.156067 0.449816 -6.52653e-22)
(0.344067 0.230271 -1.99943e-21)
(0.524772 -0.0960208 -7.59434e-22)
(0.680265 -0.407602 3.78313e-22)
(0.771638 -0.588191 -8.21263e-23)
(0.788898 -0.663883 -5.92012e-22)
(0.770113 -0.622679 1.2484e-22)
(0.736994 -0.594425 5.4508e-22)
(0.592105 -0.564971 -3.07585e-22)
(0.515032 -0.417426 2.92809e-22)
(0.601779 -0.0975065 3.51623e-23)
(0.744106 0.253469 7.35054e-22)
(0.85367 0.369354 -9.80479e-23)
(0.881585 0.522659 -1.93841e-22)
(0.787384 0.542446 -2.60032e-23)
(0.720701 0.477765 -1.89437e-22)
(0.806823 0.228873 -2.79843e-22)
(0.922107 -0.0896288 -5.9251e-25)
(0.948482 -0.195328 1.80218e-22)
(0.996499 -0.508951 1.35323e-23)
(0.970661 -0.437914 3.85679e-23)
(0.963841 -0.314722 -7.24067e-23)
(0.954655 -0.16171 -2.33558e-22)
(0.982444 0.424722 -1.99994e-22)
(0.962954 0.340902 -1.304e-23)
(-0.150404 0.132628 1.35293e-21)
(-0.167621 0.234664 2.88624e-21)
(-0.146512 0.353202 1.07582e-21)
(-0.0871775 0.460834 -4.30899e-21)
(0.0444615 0.496789 4.61522e-21)
(0.223478 0.416963 -2.24398e-21)
(0.406817 0.203897 -6.37225e-22)
(0.583625 -0.117183 -1.30565e-21)
(0.732315 -0.423577 -5.36952e-22)
(0.812979 -0.595254 3.07611e-21)
(0.819131 -0.663687 -6.8801e-22)
(0.788142 -0.619771 -1.00171e-21)
(0.75477 -0.582125 1.67956e-23)
(0.610417 -0.550418 3.96913e-22)
(0.520957 -0.42099 -5.65961e-22)
(0.591894 -0.117822 6.53802e-22)
(0.732948 0.233649 -7.18303e-22)
(0.847823 0.358877 3.69576e-22)
(0.875121 0.525293 4.37648e-23)
(0.781506 0.551241 2.9311e-22)
(0.715452 0.478565 1.33581e-22)
(0.808623 0.221279 1.07712e-22)
(0.927913 -0.0947843 3.33812e-23)
(0.954632 -0.197366 2.13405e-22)
(1.00305 -0.508982 9.30496e-23)
(0.974721 -0.437258 -4.77228e-23)
(0.967198 -0.314522 2.04259e-22)
(0.955993 -0.162868 -2.16136e-22)
(0.977949 0.424214 3.05248e-22)
(0.960176 0.341334 2.29733e-23)
(-0.116955 0.131848 -2.52257e-21)
(-0.126458 0.226319 4.64308e-22)
(-0.097575 0.336571 5.01995e-22)
(-0.0305467 0.433632 -6.55084e-22)
(0.110489 0.462619 5.13129e-22)
(0.290369 0.385516 1.1588e-21)
(0.467828 0.18036 1.13267e-21)
(0.641432 -0.13508 -1.52423e-21)
(0.783938 -0.436427 -1.49312e-21)
(0.853643 -0.59985 9.14349e-22)
(0.849335 -0.661608 1.81301e-22)
(0.806368 -0.616239 8.26527e-22)
(0.772168 -0.570307 -7.84513e-22)
(0.629585 -0.535514 -3.20014e-22)
(0.530368 -0.423153 5.04586e-22)
(0.584724 -0.13787 2.3363e-22)
(0.723232 0.21296 1.37363e-23)
(0.842895 0.347684 6.98358e-24)
(0.869074 0.52756 -1.31261e-22)
(0.776046 0.559979 -4.74326e-22)
(0.711289 0.479393 -2.61195e-24)
(0.811175 0.213745 -1.74951e-22)
(0.934111 -0.0998217 -1.30357e-22)
(0.961056 -0.199196 -1.20758e-22)
(1.00947 -0.508778 -2.08347e-22)
(0.978603 -0.43655 -3.95769e-23)
(0.970461 -0.31432 -1.91042e-22)
(0.957409 -0.163886 2.48548e-22)
(0.973453 0.42376 -2.76221e-22)
(0.957322 0.341716 -2.29784e-23)
(-0.0809061 0.128098 2.80497e-21)
(-0.0820875 0.215338 4.15632e-22)
(-0.0449934 0.317284 -7.69923e-23)
(0.0295164 0.404681 -2.07067e-22)
(0.177443 0.428075 -6.8921e-22)
(0.355198 0.355768 4.91136e-21)
(0.52615 0.159476 -4.04012e-21)
(0.697665 -0.149922 -1.89714e-21)
(0.834792 -0.446246 -8.32077e-22)
(0.893404 -0.602077 1.16905e-21)
(0.879292 -0.657752 1.75397e-21)
(0.824744 -0.612073 -6.06722e-22)
(0.789149 -0.559057 -6.82865e-22)
(0.649354 -0.520508 8.79486e-22)
(0.542933 -0.423954 -1.05897e-21)
(0.580553 -0.157434 2.58653e-22)
(0.715114 0.191511 4.20728e-23)
(0.838891 0.335785 2.57399e-22)
(0.863461 0.529428 -4.10444e-22)
(0.77106 0.568618 5.37434e-22)
(0.708211 0.480263 -4.50112e-23)
(0.81444 0.206322 7.84887e-22)
(0.940679 -0.104725 1.79922e-22)
(0.967726 -0.200803 -5.24893e-22)
(1.01574 -0.508327 4.25171e-23)
(0.982323 -0.435791 -8.64318e-23)
(0.973627 -0.314122 2.68102e-23)
(0.958871 -0.16477 -2.1057e-22)
(0.968951 0.423362 1.63636e-22)
(0.954399 0.342052 2.63072e-23)
(-0.043834 0.121086 -1.77728e-21)
(-0.0365454 0.201465 1.07243e-21)
(0.00877287 0.295955 1.68493e-21)
(0.0905854 0.374485 5.51071e-22)
(0.243138 0.393603 -3.83296e-21)
(0.416599 0.327849 2.78153e-22)
(0.58108 0.140979 1.11527e-21)
(0.751985 -0.161993 -4.02035e-21)
(0.884577 -0.453159 -1.34584e-21)
(0.932066 -0.602038 4.61577e-21)
(0.90879 -0.652233 -2.16107e-22)
(0.843229 -0.607265 8.39891e-22)
(0.805673 -0.548437 -9.91321e-22)
(0.669506 -0.505625 5.05118e-22)
(0.55815 -0.423477 -3.97183e-22)
(0.579585 -0.176284 6.50784e-22)
(0.708741 0.169444 7.02672e-23)
(0.835801 0.3232 -3.81586e-22)
(0.858301 0.530858 7.2666e-22)
(0.766594 0.577114 -3.93905e-22)
(0.706199 0.481194 2.6708e-22)
(0.818376 0.199062 -1.07969e-22)
(0.947592 -0.109477 -5.40509e-22)
(0.974614 -0.20217 5.85513e-22)
(1.02184 -0.507617 -9.82911e-23)
(0.985903 -0.434982 2.78641e-22)
(0.976696 -0.313934 -2.20553e-22)
(0.960346 -0.165519 3.77437e-22)
(0.964436 0.423025 -2.19323e-22)
(0.951415 0.342344 2.60124e-24)
(-0.00690706 0.110856 2.76198e-22)
(0.00866272 0.185027 4.00821e-21)
(0.061733 0.27314 -4.8205e-21)
(0.150419 0.343336 -9.86692e-22)
(0.305754 0.359561 4.82101e-21)
(0.473405 0.301738 1.51432e-21)
(0.632216 0.124523 -4.26048e-21)
(0.804258 -0.171653 -1.58791e-21)
(0.933038 -0.457311 1.8495e-21)
(0.969457 -0.599836 2.17834e-21)
(0.937628 -0.645174 -1.88273e-22)
(0.861784 -0.60181 -5.24643e-23)
(0.821703 -0.53849 3.92173e-22)
(0.689858 -0.491059 -3.50496e-22)
(0.575393 -0.421833 2.43469e-22)
(0.581884 -0.194284 -2.44398e-22)
(0.704233 0.146908 -8.68394e-23)
(0.833602 0.309953 4.8261e-22)
(0.853611 0.531806 -1.00947e-21)
(0.762685 0.585427 5.372e-22)
(0.705216 0.482208 -2.04729e-22)
(0.822936 0.192017 -5.47087e-22)
(0.954825 -0.114063 6.04873e-23)
(0.981693 -0.203285 -1.4499e-22)
(1.02776 -0.506639 3.49886e-22)
(0.989368 -0.434124 -1.47398e-22)
(0.979673 -0.313758 -5.93987e-23)
(0.961801 -0.166137 -1.75161e-22)
(0.959903 0.422751 -9.63292e-23)
(0.948379 0.342591 -8.12314e-24)
(0.029877 0.0981956 -2.86473e-21)
(0.052638 0.166573 5.35826e-21)
(0.112458 0.248941 -1.12852e-21)
(0.207297 0.311571 -6.85858e-21)
(0.363865 0.326191 8.41212e-21)
(0.524748 0.277275 3.57634e-21)
(0.67951 0.109672 -8.08346e-21)
(0.854535 -0.179305 -1.28388e-22)
(0.979964 -0.458853 -2.94845e-21)
(1.00542 -0.595572 9.81561e-22)
(0.965623 -0.636704 -1.62614e-21)
(0.880377 -0.595708 1.54348e-21)
(0.837205 -0.529235 -8.93017e-23)
(0.710257 -0.476965 1.12097e-22)
(0.594 -0.419153 3.29248e-22)
(0.587324 -0.211342 -7.77943e-22)
(0.701665 0.124063 4.94572e-22)
(0.832257 0.296073 -3.25746e-22)
(0.849406 0.532224 1.8958e-22)
(0.759361 0.593515 4.07666e-22)
(0.705209 0.483327 -7.56309e-23)
(0.828072 0.185234 -2.50511e-22)
(0.96235 -0.11847 1.12794e-21)
(0.988934 -0.204135 -4.65217e-22)
(1.03348 -0.505386 6.67872e-23)
(0.992749 -0.43322 -2.46214e-22)
(0.982568 -0.313596 4.42248e-22)
(0.963204 -0.166627 4.97388e-22)
(0.955345 0.42254 2.47741e-22)
(0.945301 0.342797 4.46519e-23)
(0.0678051 0.0837631 -1.54852e-21)
(0.0954296 0.14651 6.75986e-21)
(0.160402 0.223679 -1.7657e-21)
(0.26027 0.279564 -2.31497e-21)
(0.416556 0.293642 7.75188e-21)
(0.570213 0.254178 -6.45823e-21)
(0.723333 0.0959365 -4.91573e-21)
(0.903031 -0.18534 -5.71821e-22)
(1.02518 -0.457931 8.75945e-21)
(1.03982 -0.589344 -8.34777e-22)
(0.992613 -0.626959 -7.70767e-22)
(0.898975 -0.588969 2.69688e-22)
(0.852161 -0.520677 4.24823e-22)
(0.730567 -0.463466 -4.79739e-22)
(0.613362 -0.415574 4.52791e-22)
(0.595572 -0.227399 -8.36486e-24)
(0.701041 0.101068 1.86443e-22)
(0.831713 0.281596 -3.06899e-23)
(0.845695 0.532061 5.58634e-22)
(0.756637 0.601341 -6.3276e-22)
(0.706111 0.484578 -2.42454e-22)
(0.833734 0.178762 4.27381e-22)
(0.970138 -0.122683 -6.85374e-22)
(0.99631 -0.204709 2.41389e-22)
(1.03901 -0.503856 -2.72969e-22)
(0.996078 -0.432272 -3.72022e-23)
(0.985391 -0.313446 -6.07424e-23)
(0.964521 -0.166988 -4.926e-22)
(0.950757 0.422391 -2.84392e-23)
(0.94219 0.34296 -7.2757e-23)
(0.109561 0.0683564 -9.29385e-23)
(0.138428 0.125534 4.27272e-21)
(0.20615 0.197865 -4.47424e-21)
(0.309401 0.247728 5.17352e-21)
(0.463653 0.262028 3.40321e-21)
(0.610061 0.23207 -3.32287e-21)
(0.764529 0.0828042 2.97493e-21)
(0.950079 -0.190081 -3.44162e-21)
(1.06853 -0.454696 5.43066e-21)
(1.07251 -0.581267 -8.28525e-21)
(1.01846 -0.616098 1.48879e-21)
(0.917546 -0.581625 1.20917e-21)
(0.86657 -0.512814 -5.43724e-22)
(0.750655 -0.450654 6.16944e-22)
(0.632992 -0.411225 -5.21736e-22)
(0.606104 -0.242446 2.69274e-22)
(0.702275 0.07806 -3.59303e-22)
(0.831898 0.266556 2.60579e-22)
(0.842481 0.531262 -2.33643e-22)
(0.754517 0.608869 -2.27927e-22)
(0.707845 0.485983 3.3481e-22)
(0.839874 0.172643 -7.25935e-22)
(0.978162 -0.126689 1.32974e-21)
(1.00379 -0.204998 -5.40208e-22)
(1.04436 -0.502046 -4.62219e-22)
(0.99938 -0.431284 -8.66588e-23)
(0.98815 -0.313305 3.67542e-23)
(0.96572 -0.167223 9.03086e-24)
(0.946132 0.422302 -1.22017e-22)
(0.939058 0.343081 7.16229e-23)
(0.158586 0.0532138 4.69449e-21)
(0.184393 0.104577 -2.06599e-21)
(0.251598 0.172138 1.67774e-21)
(0.355987 0.216553 -1.51061e-22)
(0.506006 0.231479 3.74434e-21)
(0.645458 0.210535 -3.17037e-21)
(0.80442 0.0697894 -5.91937e-21)
(0.996058 -0.193731 1.53622e-21)
(1.10984 -0.449284 3.61172e-21)
(1.10339 -0.571474 3.8925e-21)
(1.04306 -0.60428 -3.78848e-21)
(0.936049 -0.573706 3.26745e-21)
(0.880451 -0.505617 4.55576e-22)
(0.770387 -0.438591 -2.49601e-22)
(0.652564 -0.406208 -1.33968e-23)
(0.618274 -0.256491 -1.61879e-22)
(0.705177 0.0551554 -1.94002e-25)
(0.832715 0.250987 1.25201e-22)
(0.839756 0.52977 -8.7786e-23)
(0.752995 0.616067 8.87261e-23)
(0.710326 0.487568 -3.78606e-22)
(0.84645 0.166913 1.9287e-22)
(0.986394 -0.130477 -9.80901e-22)
(1.01134 -0.204997 -4.69652e-23)
(1.04953 -0.499959 3.82932e-22)
(1.00267 -0.430256 3.23166e-22)
(0.990847 -0.313164 -4.63807e-23)
(0.966766 -0.167331 2.31504e-23)
(0.941465 0.42227 3.69614e-22)
(0.935915 0.343159 -1.85034e-23)
(0.21827 0.0397816 -3.5107e-21)
(0.237082 0.0847267 5.11662e-21)
(0.299909 0.147262 -9.89055e-22)
(0.402624 0.186626 -2.2715e-21)
(0.545722 0.202182 3.11177e-21)
(0.678624 0.189203 3.45706e-22)
(0.84471 0.0565079 -1.80525e-21)
(1.0413 -0.196353 7.95254e-21)
(1.14893 -0.441778 -1.11339e-20)
(1.13233 -0.56006 7.52428e-21)
(1.06635 -0.591586 -7.42979e-22)
(0.954436 -0.565164 -2.20357e-21)
(0.893844 -0.498974 -5.17645e-22)
(0.789632 -0.427286 4.70326e-22)
(0.67191 -0.40058 -1.18211e-22)
(0.631392 -0.269519 3.4146e-22)
(0.709455 0.0324425 -3.53952e-22)
(0.834038 0.234915 2.62768e-22)
(0.837501 0.527522 2.24108e-22)
(0.752051 0.6229 7.91843e-23)
(0.713464 0.489355 4.15322e-22)
(0.853434 0.161609 -4.18129e-23)
(0.99481 -0.134033 4.55189e-22)
(1.01894 -0.204701 -8.56961e-23)
(1.05454 -0.497596 4.22005e-22)
(1.00597 -0.429187 3.6472e-23)
(0.993477 -0.313015 1.90601e-22)
(0.967624 -0.167313 -2.81306e-22)
(0.936751 0.422288 -3.46898e-22)
(0.932772 0.343194 -3.8165e-23)
(0.290937 0.0293649 -4.00561e-22)
(0.300531 0.0670506 -1.96467e-21)
(0.35515 0.124055 -3.96003e-21)
(0.452995 0.158604 1.94868e-21)
(0.58618 0.174417 1.84367e-21)
(0.712779 0.16785 -1.4554e-21)
(0.88726 0.0428235 -9.19075e-22)
(1.08598 -0.197907 6.34903e-21)
(1.18557 -0.432221 -7.06851e-21)
(1.15923 -0.547028 -1.45899e-21)
(1.08829 -0.577985 2.12702e-24)
(0.972642 -0.555882 -3.32518e-22)
(0.906798 -0.49271 2.05693e-21)
(0.808257 -0.416717 -1.07165e-21)
(0.690974 -0.394374 4.23673e-22)
(0.644828 -0.281479 -4.2172e-22)
(0.714733 0.00997457 -2.26388e-23)
(0.835711 0.218358 -3.43137e-22)
(0.835685 0.524456 2.06473e-22)
(0.751658 0.62934 -6.16059e-22)
(0.717167 0.49136 1.2937e-22)
(0.86082 0.156753 4.43458e-22)
(1.00339 -0.137353 -3.34511e-22)
(1.02655 -0.20411 3.22951e-22)
(1.05941 -0.494966 -7.14287e-22)
(1.00925 -0.428077 2.93532e-22)
(0.996022 -0.31285 -3.56871e-22)
(0.968259 -0.16716 3.03528e-22)
(0.931983 0.422351 8.77982e-23)
(0.929641 0.343183 -4.96138e-24)
(0.377248 0.0227127 1.34915e-22)
(0.378268 0.0523184 -1.66404e-21)
(0.421665 0.103295 7.77983e-21)
(0.511349 0.13313 -7.35107e-21)
(0.631689 0.148498 5.469e-21)
(0.751802 0.146456 -6.00783e-21)
(0.933728 0.0287973 2.32908e-21)
(1.13001 -0.19834 -4.35209e-22)
(1.21951 -0.420748 -2.06955e-21)
(1.18404 -0.532579 1.42388e-21)
(1.10888 -0.563741 1.87798e-21)
(0.990585 -0.546083 3.84097e-22)
(0.91937 -0.486917 1.81415e-21)
(0.826145 -0.40703 -8.69483e-22)
(0.709764 -0.387731 1.06377e-21)
(0.65808 -0.292418 1.5493e-22)
(0.720592 -0.0121953 -5.18453e-22)
(0.837545 0.201369 9.62626e-23)
(0.834262 0.520506 5.76661e-22)
(0.751777 0.635351 3.49224e-22)
(0.721348 0.493594 -1.18852e-21)
(0.868643 0.152332 3.02779e-22)
(1.01212 -0.140432 3.06197e-22)
(1.03413 -0.203217 -1.42333e-22)
(1.06415 -0.492078 3.28202e-22)
(1.01251 -0.426942 -2.94212e-22)
(0.998451 -0.312669 -7.33915e-23)
(0.968633 -0.166876 4.17643e-22)
(0.927156 0.422451 4.91259e-23)
(0.926533 0.343126 1.93768e-23)
(0.476863 0.0198578 -3.49688e-22)
(0.472956 0.0409018 -1.424e-21)
(0.503345 0.0856192 -4.01028e-21)
(0.581711 0.110854 4.02091e-21)
(0.686764 0.124834 -7.06996e-21)
(0.799568 0.125187 -1.04171e-21)
(0.985141 0.0144125 9.7867e-21)
(1.17294 -0.197165 -7.87356e-21)
(1.25045 -0.407694 1.19206e-21)
(1.20671 -0.517695 -1.25178e-21)
(1.12813 -0.550054 4.19974e-21)
(1.00819 -0.536799 -1.50171e-21)
(0.931652 -0.482295 5.64069e-22)
(0.843229 -0.398714 4.17412e-22)
(0.728301 -0.380961 3.33836e-22)
(0.670857 -0.302639 4.28855e-23)
(0.726654 -0.0339998 -4.45902e-22)
(0.839315 0.18395 4.36526e-22)
(0.833169 0.515598 5.83896e-23)
(0.752359 0.64092 -3.55504e-22)
(0.725927 0.49606 2.2198e-22)
(0.877012 0.148451 -3.18391e-22)
(1.02098 -0.143195 2.1827e-22)
(1.04166 -0.202018 -2.55521e-22)
(1.0688 -0.48894 3.3505e-22)
(1.0157 -0.425812 1.35112e-22)
(1.00073 -0.312474 -1.14833e-22)
(0.968718 -0.166531 -1.28867e-22)
(0.922261 0.422578 -2.42126e-22)
(0.92346 0.34302 1.36377e-23)
(0.591139 0.0191165 -2.22814e-21)
(0.586486 0.032146 4.95184e-21)
(0.602856 0.0710939 -2.45625e-21)
(0.667034 0.0925257 -3.16155e-21)
(0.755158 0.104543 1.25895e-21)
(0.859148 0.105601 -4.9552e-21)
(1.04165 0.00205389 6.22915e-21)
(1.21395 -0.192375 1.92867e-21)
(1.27794 -0.392824 -5.89588e-21)
(1.22713 -0.502922 3.28824e-21)
(1.1461 -0.537444 -2.02669e-21)
(1.02545 -0.52827 -3.12119e-22)
(0.943804 -0.47887 1.90869e-21)
(0.859532 -0.391799 -1.34878e-22)
(0.746595 -0.374001 -2.92448e-22)
(0.683107 -0.312104 5.96897e-22)
(0.732637 -0.0559014 -6.79865e-22)
(0.840757 0.165341 3.01808e-22)
(0.832312 0.509711 -5.75236e-22)
(0.753327 0.645919 5.61064e-22)
(0.730866 0.498857 1.66729e-22)
(0.886192 0.145656 -3.7058e-22)
(1.02995 -0.145483 1.2633e-22)
(1.04911 -0.200538 6.23089e-25)
(1.07335 -0.485544 -5.62654e-23)
(1.01879 -0.424653 -1.54049e-22)
(1.00281 -0.312225 5.64079e-23)
(0.968496 -0.166203 -1.97475e-24)
(0.917292 0.4227 1.18294e-22)
(0.920433 0.342862 -6.6681e-24)
(0.728466 0.0148375 -7.67189e-21)
(0.719723 0.0248362 1.93552e-21)
(0.720687 0.0594205 -2.21444e-21)
(0.768536 0.077343 7.77161e-21)
(0.839157 0.0868712 -3.92424e-21)
(0.932549 0.0885002 4.78521e-21)
(1.10245 -0.004425 3.52477e-21)
(1.25168 -0.18414 -8.2153e-21)
(1.30145 -0.374016 6.49391e-22)
(1.24518 -0.483612 4.42218e-21)
(1.16279 -0.520513 -1.5453e-21)
(1.04229 -0.515693 -3.20744e-21)
(0.955916 -0.472744 2.25522e-23)
(0.875057 -0.383882 1.67696e-21)
(0.764596 -0.365382 3.6461e-23)
(0.694915 -0.318896 -2.42283e-23)
(0.738225 -0.0772922 -1.23345e-22)
(0.841665 0.145372 -1.41429e-22)
(0.831558 0.501028 -2.44826e-22)
(0.754718 0.65054 5.29419e-22)
(0.736656 0.502969 -4.42317e-22)
(0.896795 0.143451 -1.47747e-22)
(1.03901 -0.147609 2.00859e-22)
(1.05642 -0.198908 1.98148e-22)
(1.07783 -0.481885 -2.30164e-22)
(1.02176 -0.423206 2.24478e-22)
(1.00465 -0.311825 3.42863e-23)
(0.967964 -0.165525 -6.48212e-23)
(0.912256 0.422812 -2.53253e-23)
(0.917465 0.342637 4.91542e-24)
(0.92121 0.0255757 0)
(0.877239 0.0308734 0)
(0.858785 0.0535345 0)
(0.889481 0.0614827 0)
(0.943338 0.0623009 0)
(1.02511 0.0565701 0)
(1.17195 -0.0284447 0)
(1.29019 -0.184226 0)
(1.32579 -0.349252 0)
(1.26495 -0.450575 0)
(1.18175 -0.488907 0)
(1.06218 -0.490457 0)
(0.970503 -0.457638 0)
(0.892852 -0.370231 0)
(0.78623 -0.351727 0)
(0.709123 -0.321517 0)
(0.743838 -0.0967122 0)
(0.84198 0.131117 0)
(0.828594 0.499648 0)
(0.754931 0.654197 0)
(0.747237 0.497928 0)
(0.91275 0.13311 0)
(1.05033 -0.151956 0)
(1.06533 -0.196896 0)
(1.08335 -0.477211 0)
(1.02525 -0.420773 0)
(1.0066 -0.311061 0)
(0.966948 -0.162928 0)
(0.906056 0.424193 0)
(0.913929 0.342274 0)
(1.08157 0.0482899 0)
(1.04217 0.0461459 0)
(1.01812 0.0551204 0)
(1.03438 0.0520064 0)
(1.07221 0.0434619 0)
(1.13816 0.0256394 0)
(1.25525 -0.0619943 0)
(1.3398 -0.203647 0)
(1.35195 -0.350686 0)
(1.27675 -0.438266 0)
(1.18642 -0.469016 0)
(1.06934 -0.467988 0)
(0.976535 -0.438422 0)
(0.901649 -0.351543 0)
(0.804321 -0.333024 0)
(0.72665 -0.314872 0)
(0.75019 -0.103906 0)
(0.840355 0.125667 0)
(0.825113 0.504559 0)
(0.756121 0.658911 0)
(0.7633 0.487258 0)
(0.933706 0.112235 0)
(1.06573 -0.162719 0)
(1.07696 -0.199929 0)
(1.08973 -0.475211 0)
(1.02819 -0.416424 0)
(1.00802 -0.307694 0)
(0.964948 -0.157203 0)
(0.898421 0.427452 0)
(0.909751 0.341422 0)
(1.19388 0.0626568 0)
(1.16635 0.0571998 0)
(1.14835 0.0575659 0)
(1.15924 0.0463635 0)
(1.18731 0.0291627 0)
(1.23829 0.00163939 0)
(1.3265 -0.0856611 0)
(1.37855 -0.212244 0)
(1.36821 -0.339882 0)
(1.28339 -0.415687 0)
(1.19057 -0.443406 0)
(1.07776 -0.443724 0)
(0.984346 -0.420298 0)
(0.910265 -0.334916 0)
(0.822251 -0.315513 0)
(0.744936 -0.309184 0)
(0.75597 -0.113104 0)
(0.837384 0.121551 0)
(0.821495 0.511518 0)
(0.75817 0.663123 0)
(0.782751 0.473345 0)
(0.957761 0.0907433 0)
(1.08257 -0.172842 0)
(1.08908 -0.201519 0)
(1.09607 -0.471317 0)
(1.03076 -0.411977 0)
(1.0088 -0.304301 0)
(0.961975 -0.150775 0)
(0.890228 0.431244 0)
(0.905514 0.340169 0)
(1.26677 0.0728582 0)
(1.24975 0.0637054 0)
(1.2403 0.0580443 0)
(1.25104 0.0411978 0)
(1.27434 0.0170475 0)
(1.31311 -0.0172929 0)
(1.37584 -0.1014 0)
(1.40015 -0.213071 0)
(1.373 -0.325294 0)
(1.28376 -0.392815 0)
(1.19113 -0.418912 0)
(1.08374 -0.419946 0)
(0.99167 -0.401526 0)
(0.917921 -0.318479 0)
(0.839309 -0.298224 0)
(0.763584 -0.302486 0)
(0.761168 -0.121133 0)
(0.833344 0.117042 0)
(0.817432 0.517826 0)
(0.761573 0.665556 0)
(0.806088 0.457421 0)
(0.984972 0.0692791 0)
(1.10037 -0.182231 0)
(1.10135 -0.20217 0)
(1.10218 -0.466852 0)
(1.03278 -0.407013 0)
(1.00888 -0.300462 0)
(0.957793 -0.143693 0)
(0.881371 0.435136 0)
(0.901321 0.338576 0)
(1.30801 0.0794418 0)
(1.29931 0.0664459 0)
(1.29674 0.0562084 0)
(1.30847 0.0356083 0)
(1.32933 0.00669423 0)
(1.35846 -0.031734 0)
(1.40071 -0.110869 0)
(1.40492 -0.208932 0)
(1.36795 -0.308083 0)
(1.27923 -0.36848 0)
(1.18942 -0.393725 0)
(1.08814 -0.395773 0)
(0.998936 -0.382082 0)
(0.924834 -0.302232 0)
(0.855257 -0.281333 0)
(0.78238 -0.294415 0)
(0.766179 -0.126788 0)
(0.828295 0.112705 0)
(0.812415 0.52295 0)
(0.766872 0.665508 0)
(0.833898 0.439384 0)
(1.01501 0.0473684 0)
(1.11881 -0.190953 0)
(1.11357 -0.202075 0)
(1.10796 -0.461393 0)
(1.03414 -0.401407 0)
(1.00812 -0.296033 0)
(0.952171 -0.13578 0)
(0.87173 0.439132 0)
(0.897288 0.336611 0)
(1.32632 0.0825306 0)
(1.32395 0.0663274 0)
(1.3258 0.0526054 0)
(1.33775 0.0297294 0)
(1.35667 -0.00185895 0)
(1.37807 -0.0423249 0)
(1.40511 -0.115553 0)
(1.39677 -0.201253 0)
(1.35588 -0.28932 0)
(1.27116 -0.343788 0)
(1.18604 -0.368758 0)
(1.091 -0.371798 0)
(1.00606 -0.362111 0)
(0.931199 -0.286099 0)
(0.869911 -0.264958 0)
(0.800982 -0.285034 0)
(0.771423 -0.129993 0)
(0.822212 0.109036 0)
(0.805877 0.526939 0)
(0.774384 0.662435 0)
(0.866431 0.418465 0)
(1.04747 0.0252445 0)
(1.13753 -0.198684 0)
(1.12548 -0.201038 0)
(1.1133 -0.454908 0)
(1.03467 -0.395066 0)
(1.00639 -0.290921 0)
(0.944885 -0.126953 0)
(0.861176 0.443256 0)
(0.893543 0.334171 0)
(1.32976 0.0830204 0)
(1.33188 0.0643855 0)
(1.33618 0.0479861 0)
(1.34739 0.0238576 0)
(1.36413 -0.00890387 0)
(1.37931 -0.0497983 0)
(1.39568 -0.11679 0)
(1.38055 -0.191469 0)
(1.33961 -0.270142 0)
(1.26081 -0.319388 0)
(1.18163 -0.344166 0)
(1.09254 -0.34813 0)
(1.01296 -0.341712 0)
(0.937278 -0.269978 0)
(0.883171 -0.249185 0)
(0.819019 -0.274465 0)
(0.777093 -0.130465 0)
(0.814824 0.106442 0)
(0.797273 0.52968 0)
(0.78433 0.655444 0)
(0.903566 0.394257 0)
(1.08182 0.00335395 0)
(1.15609 -0.205053 0)
(1.13682 -0.198906 0)
(1.11808 -0.447277 0)
(1.03421 -0.387871 0)
(1.00356 -0.285012 0)
(0.935703 -0.117145 0)
(0.849588 0.447418 0)
(0.890232 0.331126 0)
(1.32449 0.0816821 0)
(1.32958 0.0613969 0)
(1.33504 0.0429748 0)
(1.34487 0.0182484 0)
(1.35915 -0.0147453 0)
(1.36951 -0.0547507 0)
(1.37852 -0.115693 0)
(1.36026 -0.180713 0)
(1.32139 -0.251254 0)
(1.24916 -0.295715 0)
(1.17665 -0.320157 0)
(1.09301 -0.32494 0)
(1.01942 -0.321053 0)
(0.943378 -0.253773 0)
(0.895024 -0.234023 0)
(0.836147 -0.262819 0)
(0.783075 -0.12782 0)
(0.805546 0.10536 0)
(0.786116 0.530725 0)
(0.797115 0.643361 0)
(0.944935 0.366697 0)
(1.11734 -0.0178085 0)
(1.17392 -0.209691 0)
(1.14725 -0.195551 0)
(1.12215 -0.43841 0)
(1.03258 -0.379693 0)
(0.999466 -0.278176 0)
(0.9244 -0.106291 0)
(0.83688 0.451433 0)
(0.887537 0.327327 0)
(1.31471 0.0790065 0)
(1.32163 0.057831 0)
(1.32748 0.037988 0)
(1.33568 0.0131107 0)
(1.34737 -0.0193731 0)
(1.35411 -0.0577042 0)
(1.35799 -0.113076 0)
(1.33863 -0.169684 0)
(1.30274 -0.233025 0)
(1.23692 -0.273019 0)
(1.17136 -0.296847 0)
(1.0927 -0.30229 0)
(1.02516 -0.300311 0)
(0.94981 -0.237416 0)
(0.905555 -0.219396 0)
(0.85205 -0.250169 0)
(0.789021 -0.12163 0)
(0.793631 0.1063 0)
(0.772116 0.529286 0)
(0.813496 0.624977 0)
(0.989935 0.33579 0)
(1.1531 -0.0377093 0)
(1.19037 -0.212223 0)
(1.15642 -0.190871 0)
(1.1254 -0.428223 0)
(1.0296 -0.370382 0)
(0.993972 -0.270262 0)
(0.910777 -0.0943201 0)
(0.823027 0.455052 0)
(0.885679 0.322598 0)
(1.30292 0.0754211 0)
(1.31085 0.0539878 0)
(1.31668 0.0332708 0)
(1.32329 0.00858004 0)
(1.33244 -0.0229023 0)
(1.33643 -0.0591051 0)
(1.33668 -0.109432 0)
(1.31719 -0.158741 0)
(1.28452 -0.21559 0)
(1.22453 -0.251406 0)
(1.16583 -0.274328 0)
(1.09197 -0.280186 0)
(1.02988 -0.279682 0)
(0.956809 -0.220893 0)
(0.915005 -0.205139 0)
(0.866411 -0.236513 0)
(0.794565 -0.1114 0)
(0.778588 0.109805 0)
(0.755502 0.524284 0)
(0.834591 0.599052 0)
(1.0377 0.301708 0)
(1.18795 -0.0557254 0)
(1.20469 -0.212285 0)
(1.16395 -0.184813 0)
(1.12773 -0.416647 0)
(1.02509 -0.359767 0)
(0.986956 -0.261108 0)
(0.894689 -0.0811714 0)
(0.808094 0.457969 0)
(0.884934 0.31673 0)
(1.29036 0.0712489 0)
(1.29875 0.0500403 0)
(1.30434 0.0289394 0)
(1.30955 0.00471596 0)
(1.31634 -0.0254688 0)
(1.31822 -0.0592885 0)
(1.31586 -0.105037 0)
(1.29667 -0.148036 0)
(1.26712 -0.198965 0)
(1.21235 -0.230882 0)
(1.16001 -0.252688 0)
(1.09116 -0.258588 0)
(1.03339 -0.259352 0)
(0.964399 -0.20429 0)
(0.923836 -0.190994 0)
(0.878866 -0.221779 0)
(0.799572 -0.0966351 0)
(0.760966 0.116407 0)
(0.737437 0.514372 0)
(0.861853 0.564341 0)
(1.08709 0.26489 0)
(1.22055 -0.0711703 0)
(1.21605 -0.209566 0)
(1.16947 -0.177391 0)
(1.12905 -0.403626 0)
(1.01891 -0.347664 0)
(0.978339 -0.250531 0)
(0.876075 -0.0667973 0)
(0.792266 0.459807 0)
(0.885636 0.309485 0)
(1.27753 0.0666875 0)
(1.28602 0.0460714 0)
(1.29127 0.025018 0)
(1.29532 0.00152572 0)
(1.30004 -0.0271912 0)
(1.30025 -0.0585014 0)
(1.29606 -0.100056 0)
(1.2773 -0.137612 0)
(1.25061 -0.183124 0)
(1.2006 -0.211391 0)
(1.15383 -0.232016 0)
(1.09046 -0.237452 0)
(1.03577 -0.239451 0)
(0.97227 -0.187817 0)
(0.932745 -0.176622 0)
(0.889061 -0.205853 0)
(0.804331 -0.0770037 0)
(0.743802 0.126422 0)
(0.721345 0.497874 0)
(0.897437 0.519881 0)
(1.13667 0.226132 0)
(1.24934 -0.0833113 0)
(1.22366 -0.203842 0)
(1.17263 -0.168702 0)
(1.12933 -0.389117 0)
(1.01092 -0.333876 0)
(0.968106 -0.238341 0)
(0.855002 -0.0511821 0)
(0.775912 0.460099 0)
(0.888184 0.300594 0)
(1.2646 0.0618865 0)
(1.27295 0.0421326 0)
(1.27781 0.0214941 0)
(1.28091 -0.00103599 0)
(1.28393 -0.0281699 0)
(1.28277 -0.0569361 0)
(1.27736 -0.0946141 0)
(1.25914 -0.127462 0)
(1.23498 -0.168038 0)
(1.18943 -0.192853 0)
(1.14732 -0.212379 0)
(1.08982 -0.216791 0)
(1.03748 -0.22001 0)
(0.97979 -0.171811 0)
(0.942462 -0.161672 0)
(0.896952 -0.188551 0)
(0.809636 -0.0530236 0)
(0.734099 0.139218 0)
(0.716554 0.472801 0)
(0.944643 0.465559 0)
(1.1845 0.187025 0)
(1.27256 -0.0913313 0)
(1.2268 -0.195022 0)
(1.17317 -0.158942 0)
(1.12857 -0.373094 0)
(1.00108 -0.318203 0)
(0.956338 -0.224346 0)
(0.831721 -0.0343581 0)
(0.759682 0.458275 0)
(0.893039 0.289773 0)
(1.25164 0.0569705 0)
(1.25968 0.0382674 0)
(1.26413 0.0183438 0)
(1.26647 -0.00302796 0)
(1.26813 -0.0284927 0)
(1.26587 -0.0547487 0)
(1.2597 -0.088821 0)
(1.24211 -0.117567 0)
(1.22016 -0.153683 0)
(1.17884 -0.175203 0)
(1.1407 -0.193779 0)
(1.08895 -0.196712 0)
(1.03921 -0.200956 0)
(0.986303 -0.156636 0)
(0.953307 -0.145929 0)
(0.903211 -0.169686 0)
(0.816694 -0.0265993 0)
(0.741395 0.152204 0)
(0.738815 0.437654 0)
(1.00555 0.403591 0)
(1.22727 0.150087 0)
(1.28825 -0.0945126 0)
(1.22495 -0.183237 0)
(1.17095 -0.148413 0)
(1.1268 -0.355547 0)
(0.989453 -0.300451 0)
(0.943253 -0.208372 0)
(0.806761 -0.0164293 0)
(0.744609 0.453661 0)
(0.900708 0.276751 0)
(1.23872 0.0520382 0)
(1.24632 0.0345151 0)
(1.25036 0.0155435 0)
(1.25209 -0.00451718 0)
(1.25272 -0.0282469 0)
(1.24959 -0.0520712 0)
(1.24301 -0.0827816 0)
(1.22616 -0.107916 0)
(1.20617 -0.140031 0)
(1.16878 -0.158423 0)
(1.13426 -0.176146 0)
(1.08751 -0.177404 0)
(1.04152 -0.182206 0)
(0.991616 -0.142493 0)
(0.964743 -0.129496 0)
(0.90954 -0.149252 0)
(0.826945 -0.00132075 0)
(0.771042 0.160877 0)
(0.797581 0.392933 0)
(1.07475 0.339328 0)
(1.25953 0.118392 0)
(1.2946 -0.0925415 0)
(1.21805 -0.168919 0)
(1.16603 -0.137506 0)
(1.1241 -0.336493 0)
(0.976245 -0.280446 0)
(0.929251 -0.190285 0)
(0.781053 0.00245404 0)
(0.732189 0.445492 0)
(0.911707 0.261309 0)
(1.22592 0.047173 0)
(1.233 0.030909 0)
(1.23662 0.0130727 0)
(1.23786 -0.0055725 0)
(1.23772 -0.027516 0)
(1.23397 -0.0490164 0)
(1.22724 -0.0765893 0)
(1.21119 -0.0985215 0)
(1.19301 -0.127041 0)
(1.15915 -0.14253 0)
(1.12821 -0.159371 0)
(1.08542 -0.159053 0)
(1.04447 -0.163791 0)
(0.996221 -0.129278 0)
(0.975573 -0.112863 0)
(0.917914 -0.12761 0)
(0.841881 0.0190637 0)
(0.818366 0.160621 0)
(0.879954 0.341582 0)
(1.13694 0.27926 0)
(1.27512 0.0941639 0)
(1.29073 -0.0859584 0)
(1.20668 -0.152832 0)
(1.15866 -0.126646 0)
(1.12051 -0.315974 0)
(0.961879 -0.25805 0)
(0.914991 -0.170035 0)
(0.756092 0.0218808 0)
(0.724413 0.432953 0)
(0.926514 0.243326 0)
(1.21332 0.0424435 0)
(1.21985 0.0274803 0)
(1.22305 0.010909 0)
(1.22391 -0.00625966 0)
(1.2232 -0.0263826 0)
(1.21903 -0.0456851 0)
(1.21235 -0.0703243 0)
(1.19716 -0.0894115 0)
(1.18069 -0.11467 0)
(1.14994 -0.127554 0)
(1.1226 -0.143368 0)
(1.0829 -0.141768 0)
(1.04769 -0.145901 0)
(1.00092 -0.116662 0)
(0.984836 -0.0967312 0)
(0.929496 -0.105736 0)
(0.862395 0.0326145 0)
(0.871297 0.149789 0)
(0.95705 0.288134 0)
(1.17604 0.227805 0)
(1.27136 0.0773194 0)
(1.27776 -0.0762913 0)
(1.19211 -0.135938 0)
(1.14932 -0.116197 0)
(1.116 -0.294061 0)
(0.947052 -0.233213 0)
(0.901431 -0.147686 0)
(0.734126 0.0411656 0)
(0.723827 0.415287 0)
(0.945514 0.222833 0)
(1.20103 0.0379024 0)
(1.20697 0.0242539 0)
(1.20976 0.00902791 0)
(1.21033 -0.00663984 0)
(1.20921 -0.0249256 0)
(1.20483 -0.0421652 0)
(1.1983 -0.0640553 0)
(1.18405 -0.0806192 0)
(1.16918 -0.102888 0)
(1.14123 -0.113502 0)
(1.11733 -0.128107 0)
(1.08034 -0.12556 0)
(1.05068 -0.128821 0)
(1.0062 -0.104319 0)
(0.992522 -0.081757 0)
(0.943796 -0.0850861 0)
(0.887559 0.0393925 0)
(0.918851 0.1312 0)
(1.0085 0.237448 0)
(1.18779 0.185799 0)
(1.25192 0.0658596 0)
(1.25857 -0.0654582 0)
(1.17599 -0.119122 0)
(1.13866 -0.106396 0)
(1.1104 -0.270852 0)
(0.932781 -0.206064 0)
(0.889935 -0.12356 0)
(0.718298 0.0594279 0)
(0.733394 0.391963 0)
(0.968908 0.200066 0)
(1.18912 0.0335886 0)
(1.19447 0.0212443 0)
(1.19687 0.00741025 0)
(1.19724 -0.00676036 0)
(1.19583 -0.0232168 0)
(1.19141 -0.038531 0)
(1.1851 -0.057845 0)
(1.17186 -0.0721719 0)
(1.15842 -0.0916852 0)
(1.13312 -0.100353 0)
(1.11228 -0.113617 0)
(1.07805 -0.110391 0)
(1.0532 -0.112804 0)
(1.01199 -0.0921202 0)
(0.999362 -0.0684228 0)
(0.9592 -0.0668644 0)
(0.914648 0.041015 0)
(0.956259 0.109765 0)
(1.03394 0.192838 0)
(1.18044 0.151531 0)
(1.22434 0.0572199 0)
(1.23635 -0.0550649 0)
(1.15969 -0.103001 0)
(1.12747 -0.0972937 0)
(1.10338 -0.246553 0)
(0.920399 -0.176938 0)
(0.882332 -0.0983961 0)
(0.712485 0.075514 0)
(0.755963 0.36288 0)
(0.996539 0.175567 0)
(1.17768 0.0295276 0)
(1.18247 0.0184614 0)
(1.1845 0.00603241 0)
(1.18473 -0.00666687 0)
(1.18311 -0.0213248 0)
(1.17881 -0.0348437 0)
(1.17274 -0.0517509 0)
(1.16059 -0.0640883 0)
(1.1484 -0.0810666 0)
(1.12566 -0.0880686 0)
(1.10742 -0.0999399 0)
(1.07614 -0.0962316 0)
(1.05525 -0.09798 0)
(1.01792 -0.0801922 0)
(1.00611 -0.056899 0)
(0.97411 -0.0516252 0)
(0.940732 0.0393409 0)
(0.983949 0.0891768 0)
(1.04368 0.155287 0)
(1.16508 0.122854 0)
(1.19536 0.0496412 0)
(1.21342 -0.0459846 0)
(1.14402 -0.0879219 0)
(1.11672 -0.0887321 0)
(1.09448 -0.22148 0)
(0.911471 -0.146619 0)
(0.880801 -0.0733765 0)
(0.720841 0.0880432 0)
(0.793333 0.328554 0)
(1.02769 0.150253 0)
(1.16679 0.0257324 0)
(1.17105 0.0159069 0)
(1.17274 0.00487043 0)
(1.17289 -0.00639739 0)
(1.17113 -0.0193103 0)
(1.16706 -0.0311531 0)
(1.16122 -0.0458237 0)
(1.15024 -0.0563816 0)
(1.13908 -0.0710377 0)
(1.11887 -0.0766169 0)
(1.10277 -0.0871032 0)
(1.0746 -0.0830785 0)
(1.05694 -0.0843669 0)
(1.02361 -0.0687969 0)
(1.01303 -0.0470812 0)
(0.987565 -0.0393879 0)
(0.963994 0.0357384 0)
(1.00411 0.0710748 0)
(1.04694 0.124318 0)
(1.14852 0.0983927 0)
(1.16876 0.0425472 0)
(1.19114 -0.0383933 0)
(1.12915 -0.0741319 0)
(1.10738 -0.0803627 0)
(1.08333 -0.195924 0)
(0.907595 -0.116528 0)
(0.887262 -0.050107 0)
(0.746666 0.0955786 0)
(0.845226 0.290283 0)
(1.0608 0.125416 0)
(1.15654 0.0222049 0)
(1.16031 0.0135757 0)
(1.16169 0.00389949 0)
(1.16181 -0.00598526 0)
(1.15994 -0.0172257 0)
(1.15621 -0.0275002 0)
(1.15058 -0.040104 0)
(1.1408 -0.0490614 0)
(1.13051 -0.0615978 0)
(1.11273 -0.0659706 0)
(1.09841 -0.0751089 0)
(1.07334 -0.0709428 0)
(1.05837 -0.0719173 0)
(1.02886 -0.0581761 0)
(1.01993 -0.0387716 0)
(0.999265 -0.0297954 0)
(0.983763 0.0311509 0)
(1.01865 0.0558192 0)
(1.04836 0.0989419 0)
(1.13324 0.0775176 0)
(1.14585 0.0359093 0)
(1.17037 -0.0320819 0)
(1.11497 -0.0618576 0)
(1.10001 -0.0718187 0)
(1.07015 -0.170137 0)
(0.909937 -0.0884323 0)
(0.901926 -0.030355 0)
(0.789725 0.0971029 0)
(0.907537 0.250197 0)
(1.093 0.102567 0)
(1.14701 0.0189374 0)
(1.15034 0.0114573 0)
(1.15143 0.00309332 0)
(1.15157 -0.00546109 0)
(1.14963 -0.0151137 0)
(1.14629 -0.0239172 0)
(1.14086 -0.0346197 0)
(1.13227 -0.0421327 0)
(1.1227 -0.0527365 0)
(1.10721 -0.0561024 0)
(1.09437 -0.0639405 0)
(1.0723 -0.0598203 0)
(1.05956 -0.0605615 0)
(1.03362 -0.0484827 0)
(1.02644 -0.0317332 0)
(1.00927 -0.0224033 0)
(1.00001 0.0262285 0)
(1.02894 0.0432093 0)
(1.0495 0.0781711 0)
(1.11967 0.0599014 0)
(1.12662 0.0297841 0)
(1.15169 -0.0267002 0)
(1.1015 -0.051244 0)
(1.09437 -0.0628912 0)
(1.05613 -0.14453 0)
(0.918585 -0.0640664 0)
(0.92221 -0.0156079 0)
(0.843098 0.0923751 0)
(0.970415 0.210747 0)
(1.11986 0.0829916 0)
(1.13827 0.0159129 0)
(1.14121 0.00953477 0)
(1.14207 0.00242696 0)
(1.14224 -0.00485179 0)
(1.14026 -0.0130077 0)
(1.13733 -0.0204297 0)
(1.13209 -0.0293859 0)
(1.12462 -0.0355942 0)
(1.1157 -0.0444326 0)
(1.10231 -0.0469767 0)
(1.09072 -0.053566 0)
(1.07145 -0.0496775 0)
(1.06051 -0.050223 0)
(1.03788 -0.0397663 0)
(1.03225 -0.0257341 0)
(1.01773 -0.0167713 0)
(1.01301 0.0214009 0)
(1.03608 0.0328967 0)
(1.05062 0.0611338 0)
(1.10785 0.0453017 0)
(1.11062 0.0242107 0)
(1.1354 -0.0219244 0)
(1.08914 -0.0422241 0)
(1.08949 -0.0536097 0)
(1.04317 -0.119761 0)
(0.932135 -0.044625 0)
(0.943776 -0.0063476 0)
(0.894869 0.0822249 0)
(1.02104 0.173828 0)
(1.137 0.0671119 0)
(1.13043 0.0131096 0)
(1.13303 0.00778832 0)
(1.13368 0.00187674 0)
(1.1339 -0.00418004 0)
(1.13192 -0.0109292 0)
(1.12938 -0.0170525 0)
(1.12435 -0.0244034 0)
(1.11788 -0.0294318 0)
(1.10955 -0.0366535 0)
(1.098 -0.0385409 0)
(1.08746 -0.0439396 0)
(1.07075 -0.0404462 0)
(1.06121 -0.0408169 0)
(1.04162 -0.0319898 0)
(1.03718 -0.0205678 0)
(1.02478 -0.0124968 0)
(1.02311 0.0169355 0)
(1.04096 0.024531 0)
(1.05156 0.0470944 0)
(1.09781 0.0334584 0)
(1.09738 0.0191617 0)
(1.1215 -0.0176031 0)
(1.07842 -0.0344865 0)
(1.0845 -0.0442518 0)
(1.0329 -0.0964703 0)
(0.948022 -0.0302574 0)
(0.962976 -0.00154113 0)
(0.935476 0.0687549 0)
(1.05182 0.140323 0)
(1.14319 0.0543319 0)
(1.12357 0.0104949 0)
(1.12588 0.00618967 0)
(1.12637 0.00141872 0)
(1.12664 -0.00346684 0)
(1.12468 -0.00889207 0)
(1.12249 -0.0137919 0)
(1.11768 -0.01966 0)
(1.11207 -0.0236174 0)
(1.10427 -0.0293535 0)
(1.0943 -0.0307218 0)
(1.08465 -0.0349978 0)
(1.07018 -0.0320259 0)
(1.0617 -0.032241 0)
(1.04481 -0.0250599 0)
(1.04117 -0.0160504 0)
(1.03054 -0.00923197 0)
(1.03071 0.012957 0)
(1.04432 0.0177947 0)
(1.05216 0.0354483 0)
(1.08956 0.0240322 0)
(1.08661 0.0146338 0)
(1.10986 -0.0136887 0)
(1.06964 -0.0276289 0)
(1.07914 -0.0351518 0)
(1.02598 -0.0751043 0)
(0.963443 -0.0201987 0)
(0.978127 0.000559358 0)
(0.962857 0.0543991 0)
(1.06486 0.110184 0)
(1.1412 0.0435215 0)
(1.1178 0.00803981 0)
(1.11987 0.00471545 0)
(1.12023 0.00103617 0)
(1.12054 -0.00272471 0)
(1.11864 -0.00689532 0)
(1.11672 -0.0106393 0)
(1.11215 -0.0151242 0)
(1.10721 -0.0181044 0)
(1.09993 -0.0224652 0)
(1.0912 -0.0234236 0)
(1.08232 -0.0266511 0)
(1.06971 -0.0242843 0)
(1.06201 -0.0243738 0)
(1.04743 -0.0188369 0)
(1.04426 -0.0120315 0)
(1.03511 -0.00666023 0)
(1.03618 0.00948284 0)
(1.04666 0.0124086 0)
(1.05236 0.0256846 0)
(1.08305 0.0166211 0)
(1.07808 0.0106432 0)
(1.10037 -0.010166 0)
(1.06285 -0.0212885 0)
(1.07376 -0.0265543 0)
(1.02209 -0.055797 0)
(0.976388 -0.0133158 0)
(0.989195 0.00137525 0)
(0.980276 0.040738 0)
(1.06764 0.0828699 0)
(1.13538 0.0336483 0)
(1.11323 0.00569398 0)
(1.11511 0.00332553 0)
(1.11539 0.000705407 0)
(1.11573 -0.00196607 0)
(1.11389 -0.00493121 0)
(1.11218 -0.00757443 0)
(1.10783 -0.0107482 0)
(1.10339 -0.0128269 0)
(1.09655 -0.0158972 0)
(1.08876 -0.0165271 0)
(1.0805 -0.0187776 0)
(1.06932 -0.0170623 0)
(1.0622 -0.0170701 0)
(1.04944 -0.0131485 0)
(1.04648 -0.00837662 0)
(1.03857 -0.00453516 0)
(1.03989 0.0064491 0)
(1.04828 0.00809166 0)
(1.05227 0.0173617 0)
(1.07819 0.0107746 0)
(1.07167 0.00716866 0)
(1.09302 -0.00699967 0)
(1.05791 -0.0151994 0)
(1.06893 -0.0185247 0)
(1.02038 -0.0383966 0)
(0.98602 -0.00846405 0)
(0.996841 0.00152171 0)
(0.991487 0.0282365 0)
(1.0666 0.057766 0)
(1.1291 0.0240947 0)
(1.11 0.00341365 0)
(1.11175 0.00198695 0)
(1.11199 0.000407168 0)
(1.11233 -0.00119699 0)
(1.11056 -0.00298145 0)
(1.10898 -0.00455998 0)
(1.10482 -0.00646358 0)
(1.1007 -0.00769332 0)
(1.0942 -0.00952727 0)
(1.08703 -0.00988313 0)
(1.07924 -0.0112149 0)
(1.06903 -0.0101726 0)
(1.0623 -0.0101483 0)
(1.05082 -0.00780378 0)
(1.04794 -0.00495943 0)
(1.04092 -0.0026566 0)
(1.04218 0.00374804 0)
(1.04933 0.00455456 0)
(1.05206 0.0100485 0)
(1.07491 0.00603936 0)
(1.06734 0.00411676 0)
(1.0879 -0.00410776 0)
(1.05466 -0.00918396 0)
(1.06525 -0.0109604 0)
(1.01988 -0.0224872 0)
(0.992309 -0.00474002 0)
(1.00171 0.00115668 0)
(0.998554 0.0166612 0)
(1.06501 0.0342111 0)
(1.12416 0.0145686 0)
(1.10828 0.00115717 0)
(1.10996 0.000676143 0)
(1.11018 0.000142285 0)
(1.11053 -0.000396821 0)
(1.1088 -0.000996972 0)
(1.10728 -0.0015245 0)
(1.10323 -0.00216297 0)
(1.09927 -0.0025715 0)
(1.09297 -0.00318469 0)
(1.08612 -0.00329988 0)
(1.07857 -0.00374229 0)
(1.06888 -0.0033914 0)
(1.06235 -0.00337746 0)
(1.05154 -0.00259493 0)
(1.04867 -0.00164635 0)
(1.04215 -0.000877645 0)
(1.04329 0.00123206 0)
(1.04985 0.00147183 0)
(1.0519 0.00329399 0)
(1.07322 0.00194523 0)
(1.06511 0.00133876 0)
(1.08519 -0.00135858 0)
(1.05301 -0.0030888 0)
(1.06321 -0.00363597 0)
(1.01984 -0.00741428 0)
(0.995452 -0.00153371 0)
(1.00413 0.000429288 0)
(1.00212 0.00552211 0)
(1.06405 0.0113607 0)
(1.12145 0.0048932 0)
(1.33025 0.174149 -3.1585e-21)
(1.33171 0.164437 7.23312e-21)
(1.33088 0.154475 1.24324e-20)
(1.32699 0.144151 -3.75639e-22)
(1.31894 0.133329 6.63378e-21)
(1.3054 0.121892 6.80003e-21)
(1.28464 0.109659 -2.8989e-21)
(1.25461 0.0967878 1.12354e-21)
(1.21396 0.0828066 -3.80292e-21)
(1.15734 0.0694554 1.60364e-20)
(1.09699 0.0540467 -4.16853e-21)
(0.984085 0.0451341 5.29921e-21)
(1.32214 0.171426 6.21615e-21)
(1.32584 0.163077 1.92343e-21)
(1.32821 0.154636 -8.18308e-21)
(1.32879 0.146067 1.36452e-20)
(1.32701 0.137255 -1.4728e-20)
(1.32193 0.128202 -5.02554e-21)
(1.31287 0.118579 3.75586e-21)
(1.29713 0.108722 -2.56555e-21)
(1.27685 0.0976097 -2.16089e-20)
(1.23952 0.0866072 -2.02641e-20)
(1.21011 0.0739108 6.99215e-21)
(1.12003 0.0589552 -7.28918e-21)
(1.31165 0.167654 8.5608e-22)
(1.31678 0.160521 -9.39338e-21)
(1.32118 0.153388 5.53973e-22)
(1.32457 0.14627 -1.77301e-20)
(1.32683 0.139046 -1.12245e-20)
(1.32696 0.131769 -6.29622e-21)
(1.32553 0.124062 -5.29915e-22)
(1.31846 0.116094 -5.44471e-21)
(1.31139 0.107231 1.7224e-20)
(1.28716 0.0971482 4.26942e-21)
(1.27619 0.0877099 -1.05076e-20)
(1.21446 0.0712536 -3.74675e-21)
(1.29999 0.1629 -7.89903e-21)
(1.30585 0.156725 5.57264e-21)
(1.31137 0.150562 -1.17932e-20)
(1.31624 0.144424 5.47983e-21)
(1.32067 0.138213 1.85411e-20)
(1.32344 0.131936 5.66814e-21)
(1.32608 0.125432 7.57455e-21)
(1.32387 0.118512 -1.88706e-21)
(1.3242 0.111587 -6.42468e-22)
(1.31068 0.1028 -7.13154e-21)
(1.31024 0.0965234 1.45931e-20)
(1.27454 0.0827206 -7.63681e-21)
(1.28799 0.157156 3.06082e-21)
(1.29401 0.151689 4.69471e-22)
(1.2999 0.146232 1.32913e-20)
(1.30531 0.140783 1.24786e-20)
(1.31068 0.135326 -1.09722e-20)
(1.31479 0.129796 4.9504e-21)
(1.31954 0.124343 -3.23703e-21)
(1.32076 0.118468 2.49927e-21)
(1.32512 0.113243 -4.61014e-21)
(1.32007 0.106172 4.54804e-21)
(1.32433 0.101689 -1.05436e-20)
(1.30726 0.0913535 1.29276e-20)
(1.27629 0.150754 2.066e-22)
(1.28216 0.145859 1.25252e-21)
(1.28801 0.140997 5.83374e-21)
(1.29355 0.136152 -5.83353e-22)
(1.29928 0.131387 -6.50056e-21)
(1.3042 0.126575 -9.10472e-21)
(1.30994 0.122003 2.56913e-21)
(1.31343 0.117042 2.20449e-22)
(1.31924 0.112774 8.77172e-21)
(1.31942 0.10706 2.4434e-21)
(1.32496 0.103171 9.70011e-21)
(1.31962 0.0957696 5.08624e-22)
(1.26519 0.143998 7.04861e-22)
(1.27084 0.139607 -4.16448e-21)
(1.27652 0.135266 -8.04037e-21)
(1.28202 0.130947 -5.80706e-21)
(1.28773 0.12673 1.48681e-20)
(1.29297 0.122465 -5.7472e-21)
(1.29879 0.118414 -1.2966e-20)
(1.30331 0.114065 -9.28778e-21)
(1.30917 0.110216 3.93932e-21)
(1.31225 0.105546 1.97406e-21)
(1.31805 0.10194 -7.92557e-21)
(1.31942 0.0967381 -6.77811e-21)
(1.25467 0.136991 -2.8009e-21)
(1.26009 0.133035 2.85343e-21)
(1.26553 0.129119 1.24001e-21)
(1.27086 0.125212 -1.04483e-21)
(1.27631 0.12138 1.57517e-21)
(1.28151 0.117513 4.77156e-21)
(1.28702 0.1138 1.60403e-20)
(1.29196 0.109949 1.42263e-20)
(1.29758 0.106416 -8.95052e-21)
(1.30218 0.102578 6.44296e-21)
(1.30788 0.0991881 1.08712e-21)
(1.31245 0.0953838 7.63448e-21)
(1.24457 0.129761 -8.26677e-22)
(1.24974 0.126175 3.41609e-23)
(1.2549 0.122612 -1.06662e-21)
(1.26001 0.119054 -9.59702e-22)
(1.26518 0.115549 -4.09739e-21)
(1.27024 0.112043 4.71737e-21)
(1.27548 0.108641 -1.11162e-20)
(1.28054 0.105219 -6.27144e-21)
(1.28587 0.101949 3.42163e-21)
(1.29097 0.0986472 -8.10689e-21)
(1.29635 0.0953989 -7.6565e-21)
(1.30209 0.0923802 -1.07645e-20)
(1.23477 0.122367 2.15365e-21)
(1.23968 0.119108 -5.01513e-22)
(1.24459 0.115862 5.68675e-22)
(1.24948 0.112625 5.48511e-22)
(1.2544 0.109422 -4.71453e-21)
(1.2593 0.106235 -7.51969e-21)
(1.26427 0.1031 4.84878e-21)
(1.26922 0.0999899 1.25974e-21)
(1.27422 0.0969196 -4.06115e-21)
(1.27931 0.0939519 8.20296e-21)
(1.28438 0.0908515 3.79556e-21)
(1.29036 0.0882829 -2.28761e-21)
(1.22522 0.114889 9.79373e-22)
(1.22988 0.111919 1.62784e-22)
(1.23453 0.108955 -1.29245e-21)
(1.23919 0.105996 -1.98856e-21)
(1.24386 0.103053 -1.54278e-21)
(1.24853 0.100125 7.15884e-22)
(1.25323 0.0972166 3.50076e-21)
(1.25797 0.0943501 -2.39658e-21)
(1.2627 0.0914757 -2.22376e-21)
(1.26763 0.0887563 -7.69134e-21)
(1.27244 0.0858255 2.0513e-21)
(1.27827 0.0835236 8.44715e-21)
(1.21588 0.107378 -7.39405e-23)
(1.22026 0.10466 5.14889e-22)
(1.22465 0.101941 -1.42095e-22)
(1.22905 0.0992216 1.34369e-21)
(1.23346 0.0965063 3.68086e-21)
(1.23789 0.0938036 4.0796e-21)
(1.24234 0.0911056 -5.77054e-21)
(1.24685 0.0884521 6.85704e-22)
(1.25133 0.085769 3.17471e-21)
(1.25603 0.0832414 7.33476e-21)
(1.26058 0.0804731 -1.22566e-21)
(1.26611 0.0783368 1.97292e-21)
(1.20671 0.0998917 6.56472e-22)
(1.21082 0.0973957 6.38268e-22)
(1.21494 0.0948923 8.81928e-22)
(1.21907 0.0923855 -1.03073e-21)
(1.22322 0.0898758 -2.47626e-21)
(1.22739 0.0873737 1.95989e-21)
(1.23158 0.0848672 3.33437e-23)
(1.23583 0.0823958 5.79044e-21)
(1.24005 0.0798839 9.17556e-22)
(1.24448 0.0775104 -3.16557e-21)
(1.24875 0.0748963 6.31243e-22)
(1.25395 0.0728791 -1.03128e-21)
(1.19772 0.0924861 -1.16001e-21)
(1.20155 0.0901878 -6.15572e-22)
(1.20539 0.0878782 -8.26206e-22)
(1.20925 0.0855608 4.72911e-22)
(1.21312 0.0832351 2.12137e-21)
(1.21702 0.0809101 -8.98241e-22)
(1.22093 0.0785741 -5.09497e-22)
(1.2249 0.0762625 -3.74309e-21)
(1.22885 0.0739074 -6.14956e-22)
(1.23299 0.0716701 3.07615e-21)
(1.23697 0.069205 -3.84474e-22)
(1.24183 0.0672836 -3.3725e-21)
(1.1889 0.085204 -1.24937e-21)
(1.19245 0.0830847 7.18753e-22)
(1.19601 0.0809507 1.16739e-21)
(1.19959 0.0788047 4.01766e-22)
(1.20317 0.0766459 -1.2676e-22)
(1.20679 0.074482 -7.55313e-22)
(1.21042 0.0723028 1.82492e-21)
(1.2141 0.0701384 -1.10047e-21)
(1.21776 0.0679302 1.72322e-21)
(1.2216 0.0658176 -1.03957e-21)
(1.22529 0.063495 1.88074e-21)
(1.22978 0.0616552 1.70272e-21)
(1.18354 0.0761361 -2.71698e-22)
(1.18682 0.0741633 -1.6196e-23)
(1.19011 0.0721751 -2.28775e-22)
(1.19342 0.0701709 6.86232e-22)
(1.19674 0.0681566 8.22129e-22)
(1.20008 0.0661239 -7.92592e-22)
(1.20347 0.064097 1.30925e-21)
(1.20683 0.062027 -5.69491e-22)
(1.21036 0.0600316 -2.72492e-22)
(1.21374 0.0578467 -3.00112e-21)
(1.21785 0.0560818 -3.68748e-22)
(1.17483 0.0693778 3.63069e-22)
(1.17784 0.0675558 4.63229e-22)
(1.18085 0.065716 -5.91132e-22)
(1.18387 0.0638575 -4.80342e-22)
(1.18691 0.0619849 7.33482e-23)
(1.18996 0.0600915 7.80843e-23)
(1.19305 0.0581964 -4.45192e-22)
(1.19612 0.0562597 -2.17076e-21)
(1.19932 0.0543788 -2.01728e-21)
(1.20239 0.0523298 2.2543e-21)
(1.20612 0.0506391 -9.88999e-23)
(1.16636 0.062842 -7.27463e-22)
(1.16909 0.0611633 -2.74104e-22)
(1.17183 0.0594649 6.76747e-22)
(1.17457 0.0577461 2.18128e-22)
(1.17733 0.0560101 -8.01247e-23)
(1.18009 0.0542517 -1.47203e-21)
(1.18289 0.0524857 -4.12511e-22)
(1.18566 0.05068 1.27482e-21)
(1.18855 0.0489139 5.47002e-22)
(1.19131 0.0470005 -1.98555e-22)
(1.19466 0.0453875 -1.52882e-21)
(1.15814 0.056551 3.20466e-22)
(1.16061 0.0550105 -1.81132e-22)
(1.16309 0.0534491 -2.2661e-22)
(1.16556 0.0518661 -8.73398e-22)
(1.16805 0.050264 -3.05368e-22)
(1.17053 0.0486385 4.27515e-22)
(1.17304 0.047001 1.04241e-21)
(1.17553 0.0453259 4.51666e-22)
(1.17811 0.0436769 -3.8852e-23)
(1.18056 0.0419002 -3.12261e-22)
(1.18354 0.0403712 1.01049e-21)
(1.15022 0.0505201 5.43475e-23)
(1.15244 0.0491143 -3.70104e-22)
(1.15467 0.0476872 -5.73147e-22)
(1.15689 0.0462382 -2.73186e-22)
(1.15911 0.0447688 3.4466e-22)
(1.16133 0.0432757 5.93794e-22)
(1.16356 0.0417675 -1.59143e-22)
(1.16577 0.040224 -4.30793e-22)
(1.16806 0.0386958 -2.74583e-22)
(1.17023 0.0370576 9.05391e-23)
(1.17284 0.0356207 -1.23176e-22)
(1.14264 0.0447577 -1.14297e-22)
(1.14463 0.0434845 -6.66704e-23)
(1.14662 0.0421901 6.83113e-22)
(1.1486 0.040874 2.00612e-22)
(1.15058 0.0395372 8.40321e-24)
(1.15254 0.0381769 -6.6795e-22)
(1.15451 0.0367996 1.19846e-22)
(1.15646 0.0353895 1.94993e-22)
(1.15846 0.0339864 1.14255e-22)
(1.16036 0.0324893 3.092e-22)
(1.16264 0.0311533 -8.86367e-23)
(1.13545 0.0392626 -7.43161e-24)
(1.13723 0.0381208 -1.85394e-22)
(1.139 0.0369586 -4.2181e-22)
(1.14075 0.0357754 1.75929e-22)
(1.1425 0.0345717 2.77076e-23)
(1.14423 0.0333455 2.59277e-22)
(1.14596 0.0321013 -6.65132e-23)
(1.14766 0.030827 2.7032e-22)
(1.1494 0.0295534 -4.39626e-22)
(1.15105 0.0282001 -8.01141e-22)
(1.153 0.0269739 5.12852e-23)
(1.12871 0.0340269 2.00897e-22)
(1.13029 0.0330162 2.30266e-22)
(1.13186 0.0319863 8.18945e-23)
(1.13341 0.0309365 -2.33693e-23)
(1.13494 0.0298671 2.65665e-22)
(1.13645 0.0287764 -4.26008e-23)
(1.13796 0.0276678 1.18326e-22)
(1.13944 0.0265318 -1.60248e-22)
(1.14094 0.0253922 3.55445e-22)
(1.14235 0.0241854 3.56562e-22)
(1.14402 0.0230775 2.28029e-22)
(1.12248 0.0290356 -3.12951e-23)
(1.12388 0.028156 -7.86034e-23)
(1.12527 0.0272586 1.9409e-22)
(1.12663 0.0263429 -4.14241e-24)
(1.12797 0.025409 1.34157e-22)
(1.1293 0.0244555 1.11544e-24)
(1.1306 0.0234847 -3.22935e-22)
(1.13187 0.0224895 -3.58956e-23)
(1.13316 0.021488 -4.56905e-22)
(1.13437 0.0204303 -8.00967e-23)
(1.13576 0.0194483 9.58688e-23)
(1.11683 0.0242656 -5.00076e-23)
(1.11808 0.0235174 -1.16861e-22)
(1.11931 0.0227533 5.00986e-23)
(1.1205 0.0219728 -9.96283e-23)
(1.12168 0.0211759 -2.62604e-22)
(1.12283 0.0203614 1.01204e-22)
(1.12396 0.019531 -8.06935e-23)
(1.12505 0.0186791 2.21979e-22)
(1.12615 0.0178196 1.4019e-22)
(1.12717 0.0169136 -2.40034e-22)
(1.12833 0.0160646 -1.27237e-22)
(1.11185 0.0196826 -7.64818e-23)
(1.11297 0.0190663 8.7989e-23)
(1.11405 0.0184363 -8.8542e-23)
(1.11511 0.0177922 5.85814e-23)
(1.11614 0.0171337 1.46017e-22)
(1.11714 0.0164601 5.18441e-23)
(1.11812 0.0157725 -4.75773e-23)
(1.11906 0.0150665 -6.35142e-23)
(1.11999 0.0143525 1.07136e-22)
(1.12085 0.013601 1.93768e-22)
(1.12182 0.0128914 -8.62456e-23)
(1.10763 0.0152513 2.56076e-23)
(1.10863 0.014768 -3.46628e-23)
(1.1096 0.0142736 -6.82406e-23)
(1.11054 0.0137675 1.14506e-22)
(1.11145 0.0132495 -2.25248e-23)
(1.11232 0.0127191 -7.4837e-23)
(1.11318 0.0121768 -3.29677e-23)
(1.11399 0.0116196 -1.04491e-22)
(1.11479 0.0110549 1.37019e-22)
(1.11552 0.0104608 -4.55825e-23)
(1.11632 0.00989644 5.51777e-23)
(1.10425 0.0109027 3.77121e-23)
(1.10516 0.0105544 1.05665e-23)
(1.10604 0.0101977 -5.54029e-24)
(1.10689 0.00983229 -1.24577e-22)
(1.10771 0.00945787 1.86859e-22)
(1.10849 0.00907394 2.42658e-23)
(1.10925 0.00868092 -3.90515e-23)
(1.10996 0.00827659 -1.18575e-23)
(1.11066 0.00786606 -8.76893e-23)
(1.11129 0.00743401 -1.4393e-23)
(1.11197 0.00702176 3.82371e-23)
(1.10185 0.00660153 2.52586e-23)
(1.1027 0.006389 -1.15545e-24)
(1.10352 0.00617103 3.61952e-24)
(1.1043 0.00594737 -2.71874e-23)
(1.10506 0.00571792 -3.3881e-23)
(1.10578 0.00548233 4.92039e-23)
(1.10646 0.00524085 7.0849e-23)
(1.10711 0.00499216 -2.04823e-23)
(1.10773 0.00473931 1.45048e-24)
(1.1083 0.00447314 -3.05763e-23)
(1.10889 0.00421835 1.1107e-24)
(1.10053 0.00222278 1.36098e-23)
(1.10135 0.00215491 -4.51228e-23)
(1.10214 0.00208476 5.70094e-23)
(1.10289 0.00201219 -7.18505e-23)
(1.10361 0.0019371 -8.92429e-24)
(1.10429 0.00185932 -6.66259e-24)
(1.10495 0.00177889 2.17047e-23)
(1.10556 0.00169533 5.90203e-23)
(1.10615 0.00160965 -3.0535e-23)
(1.10669 0.00151877 2.8803e-23)
(1.10723 0.00143086 -1.37158e-23)
(0.950102 -0.153766 -4.65816e-23)
(1.00502 0.427807 -8.02506e-24)
(0.975492 0.337909 -7.25406e-25)
)
;

boundaryField
{
    inlet
    {
        type            uniformFixedValue;
        uniformValue    constant (1 0 0);
        value           nonuniform 0();
    }
    outlet
    {
        type            pressureInletOutletVelocity;
        value           nonuniform List<vector> 
51
(
(0.913929 0.342274 0)
(0.909751 0.341422 0)
(0.905514 0.340169 0)
(0.901321 0.338576 0)
(0.897288 0.336611 0)
(0.893543 0.334171 0)
(0.890232 0.331126 0)
(0.887537 0.327327 0)
(0.885679 0.322598 0)
(0.884934 0.31673 0)
(0.885636 0.309485 0)
(0.888184 0.300594 0)
(0.893039 0.289773 0)
(0.900708 0.276751 0)
(0.911707 0.261309 0)
(0.926514 0.243326 0)
(0.945514 0.222833 0)
(0.968908 0.200066 0)
(0.996539 0.175567 0)
(1.02769 0.150253 0)
(1.0608 0.125416 0)
(1.093 0.102567 0)
(1.11986 0.0829916 0)
(1.137 0.0671119 0)
(1.14319 0.0543319 0)
(1.1412 0.0435215 0)
(1.13538 0.0336483 0)
(1.1291 0.0240947 0)
(1.12416 0.0145686 0)
(1.12145 0.0048932 0)
(0.97318 0.33863 9.92331e-25)
(0.970766 0.339286 -6.25123e-24)
(0.968254 0.339881 2.55362e-24)
(0.965648 0.340419 3.76653e-24)
(0.962954 0.340902 -1.304e-23)
(0.960176 0.341334 2.29733e-23)
(0.957322 0.341716 -2.29784e-23)
(0.954399 0.342052 2.63072e-23)
(0.951415 0.342344 2.60124e-24)
(0.948379 0.342591 -8.12314e-24)
(0.945301 0.342797 4.46519e-23)
(0.94219 0.34296 -7.2757e-23)
(0.939058 0.343081 7.16229e-23)
(0.935915 0.343159 -1.85034e-23)
(0.932772 0.343194 -3.8165e-23)
(0.929641 0.343183 -4.96138e-24)
(0.926533 0.343126 1.93768e-23)
(0.92346 0.34302 1.36377e-23)
(0.920433 0.342862 -6.6681e-24)
(0.917465 0.342637 4.91542e-24)
(0.975492 0.337909 -7.25406e-25)
)
;
    }
    cylinder
    {
        type            fixedValue;
        value           uniform (0 0 0);
    }
    top
    {
        type            symmetryPlane;
    }
    bottom
    {
        type            symmetryPlane;
    }
    defaultFaces
    {
        type            empty;
    }
    procBoundary3to1
    {
        type            processor;
        value           nonuniform List<vector> 
41
(
(-0.0030132 -0.0602947 1.39147e-21)
(-0.0128408 -0.121024 -3.4955e-21)
(-0.0302259 -0.142712 -2.81899e-21)
(-0.0508107 -0.139599 1.98967e-21)
(-0.0730947 -0.123315 -2.74511e-21)
(-0.0958699 -0.101272 -1.31214e-21)
(-0.118161 -0.0765467 1.39975e-21)
(-0.139289 -0.0491625 6.90844e-21)
(-0.158692 -0.0176464 -2.4427e-21)
(-0.176361 0.0205613 2.53377e-21)
(-0.203576 0.088628 1.61925e-22)
(-0.236034 0.236393 -1.54998e-23)
(-0.235233 0.399846 -3.99597e-22)
(-0.22168 0.561618 7.2696e-23)
(-0.186239 0.651373 1.01569e-22)
(-0.114888 0.611569 -2.79361e-22)
(0.0480311 0.401705 1.16919e-22)
(0.241469 0.0597159 1.27318e-22)
(0.426947 -0.280691 -1.79213e-22)
(0.564709 -0.513248 1.87738e-22)
(0.645049 -0.634078 -2.27495e-22)
(0.684486 -0.628373 4.82748e-23)
(0.643977 -0.658551 2.93465e-23)
(0.522864 -0.624051 3.52044e-23)
(0.536358 -0.380408 -8.70832e-23)
(0.681563 0.000362644 4.12013e-23)
(0.816755 0.337003 6.46436e-23)
(0.89567 0.411026 1.39427e-23)
(0.919674 0.504802 4.41719e-23)
(0.820998 0.498964 4.28458e-23)
(0.761828 0.473948 -4.33103e-24)
(0.810175 0.266022 -2.71233e-23)
(0.899666 -0.0626687 1.42612e-23)
(0.922818 -0.182624 -3.96379e-23)
(0.962419 -0.505916 -1.99267e-23)
(0.947539 -0.440412 -7.10689e-24)
(0.94605 -0.315319 9.56137e-24)
(0.94978 -0.151737 -1.01764e-22)
(1.00957 0.428471 8.74019e-24)
(0.977699 0.337121 -2.83715e-24)
(0.94605 -0.315319 9.56137e-24)
)
;
    }
    procBoundary3to2
    {
        type            processor;
        value           nonuniform List<vector> 
50
(
(-0.0175966 0.0127404 -6.97084e-20)
(-0.0175966 0.0127404 -6.97084e-20)
(-0.0113728 0.0163052 2.73552e-20)
(-0.0113728 0.0163052 2.73552e-20)
(-0.0013706 0.0125771 -1.26953e-20)
(0.087106 0.00645277 -5.96358e-21)
(0.087106 0.00645277 -5.96358e-21)
(0.272524 0.00681111 2.82673e-20)
(0.272524 0.00681111 2.82673e-20)
(0.558034 0.0302784 9.67255e-21)
(0.796814 0.0615218 -5.87999e-20)
(0.796814 0.0615218 -5.87999e-20)
(1.08014 0.114108 5.95303e-21)
(1.08014 0.114108 5.95303e-21)
(1.25412 0.155895 6.40301e-21)
(1.25412 0.155895 6.40301e-21)
(1.32447 0.179569 2.72394e-22)
(1.33488 0.174499 9.79075e-21)
(1.33488 0.174499 9.79075e-21)
(1.32708 0.183698 1.07531e-20)
(1.31739 0.179725 -5.07972e-21)
(1.30591 0.17481 8.31368e-22)
(1.29378 0.169112 4.23035e-22)
(1.28175 0.16265 -1.67263e-21)
(1.27027 0.155671 -1.07022e-21)
(1.25944 0.14841 2.42904e-21)
(1.2492 0.140961 8.28437e-22)
(1.23937 0.133352 -1.50237e-21)
(1.22984 0.125627 1.26893e-21)
(1.22056 0.117857 -1.18766e-21)
(1.21149 0.110089 9.23054e-22)
(1.20261 0.102378 -1.30428e-21)
(1.1939 0.0947716 7.39484e-22)
(1.18536 0.0873076 1.45779e-22)
(1.18027 0.0780916 -1.4309e-21)
(1.18027 0.0780916 -1.4309e-21)
(1.17184 0.0711805 2.17155e-22)
(1.16363 0.0645 -1.75774e-22)
(1.15566 0.0580703 4.92663e-22)
(1.14798 0.0519045 -3.14538e-23)
(1.14063 0.0460099 1.7051e-22)
(1.13365 0.0403841 -2.60599e-22)
(1.12711 0.0350186 2.0174e-22)
(1.12105 0.0298979 -1.2591e-22)
(1.11556 0.0249984 -6.84051e-23)
(1.11072 0.0202857 -1.79198e-24)
(1.1066 0.0157237 -2.43413e-23)
(1.10331 0.0112429 3.82583e-23)
(1.10097 0.00680879 -6.3052e-24)
(1.09969 0.00228852 -2.41751e-24)
)
;
    }
}


// ************************************************************************* //
