/*--------------------------------*- C++ -*----------------------------------*\
  =========                 |
  \\      /  F ield         | OpenFOAM: The Open Source CFD Toolbox
   \\    /   O peration     | Website:  https://openfoam.org
    \\  /    A nd           | Version:  7
     \\/     M anipulation  |
\*---------------------------------------------------------------------------*/
FoamFile
{
    version     2.0;
    format      ascii;
    class       volScalarField;
    location    "30";
    object      p;
}
// * * * * * * * * * * * * * * * * * * * * * * * * * * * * * * * * * * * * * //

dimensions      [0 2 -2 0 0 0 0];

internalField   nonuniform List<scalar> 
8500
(
-0.281022
-0.28298
-0.283898
-0.284638
-0.285269
-0.285814
-0.286299
-0.286737
-0.287103
-0.28745
-0.281216
-0.283153
-0.284058
-0.284786
-0.285403
-0.285934
-0.286403
-0.286824
-0.28717
-0.287485
-0.2816
-0.283496
-0.284377
-0.285078
-0.285669
-0.286171
-0.286608
-0.286994
-0.287299
-0.287545
-0.28217
-0.284005
-0.284848
-0.285511
-0.286061
-0.286519
-0.286906
-0.287238
-0.287481
-0.287613
-0.282918
-0.284674
-0.285467
-0.286078
-0.286572
-0.28697
-0.287288
-0.287544
-0.287704
-0.287663
-0.283833
-0.285494
-0.286226
-0.28677
-0.287193
-0.287514
-0.287742
-0.287897
-0.287954
-0.287658
-0.284906
-0.286458
-0.287115
-0.287579
-0.287914
-0.28814
-0.288256
-0.28828
-0.288219
-0.287554
-0.286126
-0.287557
-0.288127
-0.288495
-0.288726
-0.288838
-0.288819
-0.288677
-0.288492
-0.287292
-0.287484
-0.288782
-0.289253
-0.28951
-0.289619
-0.289599
-0.289422
-0.289074
-0.288773
-0.286777
-0.28897
-0.290126
-0.290484
-0.290614
-0.290585
-0.290416
-0.29006
-0.289462
-0.289091
-0.285929
-0.290579
-0.291584
-0.291815
-0.291801
-0.291616
-0.291282
-0.290732
-0.289835
-0.289464
-0.28504
-0.292307
-0.293152
-0.293242
-0.293065
-0.292706
-0.292192
-0.291438
-0.290192
-0.289585
-0.28414
-0.294154
-0.294829
-0.29476
-0.294402
-0.29385
-0.293141
-0.29218
-0.290696
-0.28965
-0.282934
-0.296126
-0.29662
-0.296372
-0.295809
-0.295044
-0.294126
-0.292938
-0.291224
-0.289814
-0.281469
-0.298231
-0.29853
-0.298081
-0.297285
-0.296283
-0.295141
-0.29372
-0.291778
-0.290035
-0.279882
-0.300486
-0.300573
-0.299894
-0.298836
-0.297568
-0.296179
-0.294514
-0.292382
-0.290228
-0.278372
-0.302914
-0.302766
-0.301824
-0.300469
-0.298901
-0.297236
-0.295301
-0.293046
-0.290243
-0.277106
-0.305544
-0.305132
-0.303892
-0.3022
-0.300293
-0.298319
-0.29607
-0.293791
-0.289854
-0.275992
-0.308414
-0.307695
-0.306127
-0.304054
-0.301766
-0.299446
-0.296842
-0.294664
-0.289003
-0.275328
-0.311574
-0.310496
-0.308559
-0.306062
-0.303354
-0.300651
-0.297657
-0.295637
-0.288201
-0.279004
-0.315074
-0.313581
-0.311228
-0.308268
-0.3051
-0.301978
-0.298561
-0.296453
-0.288001
-0.293042
-0.318968
-0.316997
-0.314182
-0.310721
-0.307061
-0.303479
-0.299612
-0.29701
-0.288484
-0.292254
-0.32332
-0.320793
-0.31747
-0.313476
-0.309294
-0.305208
-0.300848
-0.297416
-0.288989
-0.289473
-0.32819
-0.32502
-0.321146
-0.316589
-0.311857
-0.307214
-0.302278
-0.297841
-0.289264
-0.286713
-0.333636
-0.32973
-0.325263
-0.320114
-0.314801
-0.309531
-0.303895
-0.298319
-0.28925
-0.283832
-0.339711
-0.33497
-0.329871
-0.324101
-0.318162
-0.312175
-0.305686
-0.298823
-0.288883
-0.280968
-0.346457
-0.340783
-0.335017
-0.328595
-0.321963
-0.31514
-0.307616
-0.299288
-0.288152
-0.278052
-0.353907
-0.347205
-0.340742
-0.333625
-0.326209
-0.318402
-0.309621
-0.299628
-0.287047
-0.275022
-0.362079
-0.354264
-0.347075
-0.339207
-0.330886
-0.321905
-0.311608
-0.299749
-0.28556
-0.271805
-0.370974
-0.361972
-0.354031
-0.345335
-0.335955
-0.325562
-0.313462
-0.299563
-0.283678
-0.268336
-0.380571
-0.370326
-0.361601
-0.351974
-0.341343
-0.329247
-0.315059
-0.298987
-0.281379
-0.264557
-0.390824
-0.379299
-0.369752
-0.359062
-0.346937
-0.332806
-0.316275
-0.297951
-0.278636
-0.260416
-0.401656
-0.388835
-0.378412
-0.366496
-0.352579
-0.336068
-0.316991
-0.296386
-0.275411
-0.255861
-0.412959
-0.398844
-0.387475
-0.374129
-0.358071
-0.338857
-0.317094
-0.294228
-0.271662
-0.250843
-0.424585
-0.409199
-0.396792
-0.381768
-0.36319
-0.341
-0.316478
-0.291411
-0.26734
-0.245311
-0.436348
-0.41973
-0.406171
-0.389174
-0.367699
-0.34233
-0.315042
-0.28787
-0.262388
-0.239215
-0.448022
-0.430227
-0.415376
-0.396071
-0.37136
-0.34269
-0.31269
-0.283537
-0.25675
-0.232505
-0.459344
-0.440438
-0.424129
-0.402161
-0.373939
-0.341932
-0.309329
-0.278343
-0.250367
-0.225136
-0.470016
-0.450078
-0.432115
-0.407138
-0.375219
-0.33992
-0.304867
-0.272218
-0.243178
-0.217064
-0.479714
-0.458828
-0.438998
-0.410701
-0.374995
-0.336527
-0.299221
-0.265095
-0.235127
-0.208251
-0.488092
-0.466351
-0.444424
-0.412566
-0.373085
-0.33164
-0.292309
-0.256908
-0.226161
-0.198664
-0.494795
-0.472292
-0.448045
-0.41247
-0.369326
-0.325156
-0.284057
-0.247599
-0.216235
-0.188275
-0.499466
-0.476297
-0.449531
-0.41018
-0.363578
-0.316984
-0.274398
-0.23711
-0.205312
-0.177072
-0.501762
-0.478018
-0.448577
-0.405498
-0.355725
-0.30705
-0.263271
-0.225392
-0.193357
-0.165039
-0.501356
-0.477127
-0.444918
-0.398262
-0.345675
-0.295293
-0.250631
-0.212403
-0.180326
-0.152106
-0.497954
-0.473327
-0.438336
-0.388348
-0.333364
-0.281676
-0.236451
-0.198118
-0.166169
-0.138096
-0.4913
-0.466363
-0.42866
-0.375672
-0.318755
-0.266177
-0.220718
-0.182535
-0.15088
-0.122819
-0.481185
-0.456031
-0.415766
-0.360189
-0.301834
-0.248791
-0.203418
-0.165661
-0.134529
-0.106418
-0.46745
-0.442185
-0.399582
-0.341889
-0.28261
-0.229514
-0.184549
-0.147528
-0.117119
-0.0895638
-0.449991
-0.424735
-0.380084
-0.3208
-0.261111
-0.208358
-0.164172
-0.128281
-0.0985658
-0.0721362
-0.428764
-0.403649
-0.357296
-0.296992
-0.237403
-0.185392
-0.142512
-0.107772
-0.07903
-0.0540048
-0.403778
-0.378952
-0.331293
-0.270571
-0.211594
-0.160844
-0.1194
-0.0861202
-0.0586073
-0.035173
-0.375103
-0.35074
-0.30224
-0.241627
-0.183779
-0.134687
-0.09499
-0.0634144
-0.0373727
-0.0157202
-0.342859
-0.319188
-0.270397
-0.210159
-0.154066
-0.107025
-0.0693906
-0.0397504
-0.0154021
0.00424839
-0.30723
-0.284529
-0.235891
-0.176336
-0.122589
-0.0779979
-0.0427221
-0.0152273
0.0072272
0.0246481
-0.268448
-0.246995
-0.198159
-0.140951
-0.089611
-0.0477614
-0.0151131
0.0100523
0.0304342
0.0453876
-0.226732
-0.206735
-0.158159
-0.103793
-0.055326
-0.0164874
0.0133076
0.0359938
0.0540818
0.0661285
-0.182336
-0.163705
-0.116673
-0.0651206
-0.0199188
0.0156525
0.0424277
0.0625194
0.0778974
0.0860591
-0.135681
-0.118586
-0.0736963
-0.0252288
0.0164013
0.0484891
0.0721432
0.0895335
0.101558
0.104621
-0.0871925
-0.0717214
-0.0294294
0.015597
0.0534012
0.0818391
0.102297
0.116806
0.124975
0.123549
-0.0371906
-0.0235527
0.0158168
0.0570713
0.0908383
0.115497
0.132643
0.143938
0.148117
0.147659
0.0139042
0.0255109
0.06169
0.0989003
0.128464
0.149239
0.162917
0.170794
0.171832
0.171923
0.0656529
0.0750652
0.107826
0.140783
0.166025
0.182839
0.192947
0.19744
0.195807
0.19496
0.117613
0.124701
0.153857
0.182414
0.203259
0.216067
0.222561
0.223753
0.219616
0.217087
0.169338
0.174008
0.199419
0.223488
0.239909
0.248703
0.251587
0.249557
0.242922
0.238292
0.220387
0.222574
0.244153
0.263701
0.275718
0.28053
0.279849
0.274675
0.265539
0.258608
0.270321
0.269997
0.287708
0.302759
0.310434
0.311336
0.307165
0.298931
0.287315
0.277994
0.318712
0.315882
0.329742
0.340372
0.343814
0.340914
0.33336
0.322168
0.308122
0.296389
0.365149
0.35985
0.369928
0.376263
0.375622
0.369066
0.358261
0.344236
0.327842
0.31372
0.409235
0.401537
0.407953
0.410169
0.405636
0.395599
0.381707
0.364995
0.346361
0.329912
0.450596
0.440601
0.443522
0.441841
0.433642
0.420335
0.403544
0.384314
0.363571
0.34489
0.488881
0.476722
0.476361
0.471045
0.459444
0.443105
0.423629
0.402073
0.379371
0.358582
0.523767
0.509606
0.506216
0.497568
0.482859
0.463753
0.44183
0.418157
0.393666
0.370922
0.55496
0.538985
0.532859
0.521216
0.503722
0.48214
0.458027
0.432465
0.406371
0.38185
0.582198
0.564621
0.556085
0.541816
0.521887
0.49814
0.472115
0.444905
0.417407
0.391314
0.605252
0.586307
0.575717
0.559217
0.537223
0.511643
0.483999
0.455397
0.426709
0.399268
0.623931
0.603868
0.591605
0.573292
0.549625
0.522558
0.493603
0.463873
0.43422
0.405675
0.638078
0.617164
0.603628
0.583939
0.559003
0.530811
0.500861
0.470278
0.439893
0.410505
0.647576
0.626088
0.611695
0.591081
0.565292
0.536343
0.505727
0.474572
0.443695
0.413738
0.652344
0.630567
0.615743
0.594664
0.568448
0.539119
0.508168
0.476725
0.445602
0.415358
0.652344
0.630567
0.615743
0.594664
0.568448
0.539119
0.508168
0.476725
0.445602
0.415358
0.647576
0.626088
0.611695
0.591081
0.565292
0.536344
0.505727
0.474572
0.443695
0.413738
0.638078
0.617164
0.603628
0.583939
0.559003
0.530811
0.500861
0.470278
0.439893
0.410505
0.623931
0.603868
0.591605
0.573292
0.549625
0.522558
0.493603
0.463873
0.43422
0.405675
0.605252
0.586307
0.575717
0.559217
0.537223
0.511643
0.483999
0.455397
0.426709
0.399268
0.582198
0.564621
0.556085
0.541816
0.521887
0.49814
0.472115
0.444905
0.417407
0.391314
0.55496
0.538985
0.532859
0.521216
0.503722
0.48214
0.458027
0.432465
0.406371
0.38185
0.523767
0.509606
0.506216
0.497568
0.482859
0.463753
0.44183
0.418157
0.393666
0.370922
0.488881
0.476722
0.476361
0.471045
0.459444
0.443105
0.423629
0.402073
0.379371
0.358582
0.450596
0.440601
0.443522
0.441841
0.433642
0.420335
0.403544
0.384314
0.363571
0.34489
0.409235
0.401537
0.407953
0.410169
0.405636
0.395599
0.381707
0.364995
0.346361
0.329912
0.365149
0.35985
0.369928
0.376263
0.375622
0.369066
0.358261
0.344236
0.327842
0.31372
0.318712
0.315882
0.329742
0.340372
0.343814
0.340914
0.33336
0.322168
0.308122
0.296389
0.270321
0.269997
0.287708
0.302759
0.310434
0.311336
0.307165
0.298932
0.287315
0.277994
0.220387
0.222574
0.244153
0.263701
0.275718
0.28053
0.279849
0.274675
0.265539
0.258608
0.169338
0.174008
0.199419
0.223488
0.239909
0.248703
0.251587
0.249557
0.242922
0.238292
0.117613
0.124701
0.153857
0.182414
0.203259
0.216067
0.222561
0.223753
0.219616
0.217087
0.065653
0.0750653
0.107826
0.140783
0.166025
0.182839
0.192948
0.19744
0.195807
0.19496
0.0139043
0.025511
0.0616901
0.0989004
0.128464
0.14924
0.162917
0.170794
0.171832
0.171923
-0.0371905
-0.0235526
0.0158169
0.0570714
0.0908384
0.115497
0.132643
0.143938
0.148117
0.147659
-0.0871923
-0.0717213
-0.0294293
0.0155972
0.0534013
0.0818392
0.102297
0.116806
0.124975
0.123549
-0.135681
-0.118586
-0.0736962
-0.0252287
0.0164014
0.0484892
0.0721433
0.0895336
0.101558
0.104621
-0.182336
-0.163704
-0.116673
-0.0651205
-0.0199187
0.0156526
0.0424278
0.0625195
0.0778975
0.0860592
-0.226732
-0.206734
-0.158159
-0.103793
-0.0553259
-0.0164873
0.0133077
0.0359939
0.0540819
0.0661286
-0.268448
-0.246995
-0.198159
-0.14095
-0.0896108
-0.0477612
-0.015113
0.0100524
0.0304343
0.0453876
-0.30723
-0.284529
-0.235891
-0.176336
-0.122589
-0.0779977
-0.042722
-0.0152272
0.0072273
0.0246482
-0.342859
-0.319187
-0.270397
-0.210159
-0.154066
-0.107025
-0.0693904
-0.0397503
-0.015402
0.00424849
-0.375103
-0.35074
-0.302239
-0.241626
-0.183779
-0.134687
-0.0949899
-0.0634143
-0.0373726
-0.0157201
-0.403778
-0.378952
-0.331293
-0.270571
-0.211594
-0.160844
-0.119399
-0.0861201
-0.0586072
-0.0351729
-0.428763
-0.403649
-0.357295
-0.296992
-0.237403
-0.185392
-0.142512
-0.107772
-0.0790299
-0.0540046
-0.449991
-0.424735
-0.380084
-0.3208
-0.261111
-0.208358
-0.164172
-0.12828
-0.0985656
-0.0721361
-0.467449
-0.442185
-0.399582
-0.341889
-0.282609
-0.229514
-0.184548
-0.147528
-0.117119
-0.0895637
-0.481185
-0.456031
-0.415766
-0.360189
-0.301834
-0.248791
-0.203418
-0.16566
-0.134529
-0.106418
-0.4913
-0.466363
-0.428659
-0.375672
-0.318755
-0.266177
-0.220717
-0.182535
-0.15088
-0.122818
-0.497954
-0.473327
-0.438336
-0.388347
-0.333364
-0.281675
-0.236451
-0.198118
-0.166169
-0.138096
-0.501355
-0.477127
-0.444918
-0.398262
-0.345675
-0.295293
-0.250631
-0.212403
-0.180325
-0.152106
-0.501761
-0.478018
-0.448576
-0.405498
-0.355724
-0.307049
-0.263271
-0.225392
-0.193357
-0.165038
-0.499466
-0.476297
-0.44953
-0.41018
-0.363578
-0.316984
-0.274398
-0.23711
-0.205312
-0.177071
-0.494795
-0.472292
-0.448045
-0.412469
-0.369326
-0.325156
-0.284057
-0.247599
-0.216235
-0.188275
-0.488092
-0.46635
-0.444423
-0.412566
-0.373085
-0.33164
-0.292309
-0.256908
-0.226161
-0.198664
-0.479714
-0.458828
-0.438997
-0.410701
-0.374995
-0.336527
-0.299221
-0.265095
-0.235127
-0.208251
-0.470016
-0.450077
-0.432115
-0.407138
-0.375218
-0.339919
-0.304867
-0.272218
-0.243178
-0.217064
-0.459344
-0.440438
-0.424128
-0.402161
-0.373939
-0.341931
-0.309328
-0.278343
-0.250367
-0.225136
-0.448021
-0.430227
-0.415375
-0.396071
-0.371359
-0.342689
-0.31269
-0.283537
-0.25675
-0.232505
-0.436347
-0.41973
-0.406171
-0.389174
-0.367699
-0.34233
-0.315042
-0.28787
-0.262388
-0.239215
-0.424584
-0.409199
-0.396792
-0.381768
-0.36319
-0.341
-0.316477
-0.291411
-0.267339
-0.245311
-0.412958
-0.398844
-0.387475
-0.374129
-0.358071
-0.338857
-0.317093
-0.294228
-0.271662
-0.250843
-0.401656
-0.388834
-0.378412
-0.366495
-0.352579
-0.336068
-0.31699
-0.296386
-0.275411
-0.255861
-0.390823
-0.379299
-0.369751
-0.359062
-0.346937
-0.332805
-0.316275
-0.297951
-0.278635
-0.260416
-0.380571
-0.370326
-0.361601
-0.351974
-0.341343
-0.329246
-0.315059
-0.298987
-0.281379
-0.264557
-0.370973
-0.361972
-0.35403
-0.345334
-0.335955
-0.325562
-0.313461
-0.299562
-0.283677
-0.268335
-0.362079
-0.354264
-0.347074
-0.339207
-0.330886
-0.321905
-0.311607
-0.299749
-0.28556
-0.271805
-0.353907
-0.347205
-0.340741
-0.333625
-0.326209
-0.318401
-0.30962
-0.299628
-0.287046
-0.275022
-0.346457
-0.340782
-0.335017
-0.328594
-0.321962
-0.31514
-0.307615
-0.299288
-0.288151
-0.278052
-0.33971
-0.334969
-0.32987
-0.324101
-0.318161
-0.312174
-0.305686
-0.298823
-0.288883
-0.280967
-0.333636
-0.32973
-0.325262
-0.320113
-0.3148
-0.309531
-0.303895
-0.298319
-0.289249
-0.283832
-0.328189
-0.32502
-0.321146
-0.316588
-0.311857
-0.307214
-0.302277
-0.29784
-0.289264
-0.286712
-0.323319
-0.320793
-0.31747
-0.313476
-0.309293
-0.305208
-0.300847
-0.297415
-0.288989
-0.289472
-0.318968
-0.316997
-0.314181
-0.310721
-0.30706
-0.303479
-0.299611
-0.29701
-0.288484
-0.292254
-0.315074
-0.31358
-0.311228
-0.308268
-0.3051
-0.301977
-0.298561
-0.296453
-0.288
-0.293042
-0.311574
-0.310496
-0.308559
-0.306062
-0.303353
-0.30065
-0.297656
-0.295636
-0.2882
-0.279004
-0.308414
-0.307694
-0.306127
-0.304053
-0.301766
-0.299445
-0.296841
-0.294664
-0.289002
-0.275328
-0.305543
-0.305131
-0.303891
-0.3022
-0.300292
-0.298318
-0.296069
-0.29379
-0.289854
-0.275991
-0.302914
-0.302766
-0.301824
-0.300468
-0.2989
-0.297236
-0.295301
-0.293046
-0.290243
-0.277106
-0.300486
-0.300573
-0.299894
-0.298835
-0.297567
-0.296178
-0.294514
-0.292381
-0.290228
-0.278372
-0.298231
-0.29853
-0.29808
-0.297285
-0.296283
-0.29514
-0.29372
-0.291778
-0.290034
-0.279882
-0.296125
-0.29662
-0.296372
-0.295808
-0.295043
-0.294125
-0.292938
-0.291224
-0.289813
-0.281468
-0.294154
-0.294829
-0.29476
-0.294402
-0.29385
-0.293141
-0.29218
-0.290696
-0.289649
-0.282933
-0.292306
-0.293151
-0.293241
-0.293065
-0.292705
-0.292191
-0.291437
-0.290191
-0.289584
-0.284139
-0.290578
-0.291583
-0.291815
-0.291801
-0.291615
-0.291282
-0.290732
-0.289834
-0.289463
-0.285039
-0.28897
-0.290126
-0.290484
-0.290614
-0.290584
-0.290416
-0.29006
-0.289462
-0.28909
-0.285929
-0.287484
-0.288782
-0.289252
-0.28951
-0.289619
-0.289599
-0.289422
-0.289073
-0.288772
-0.286777
-0.286126
-0.287557
-0.288127
-0.288495
-0.288726
-0.288838
-0.288819
-0.288677
-0.288492
-0.287292
-0.284906
-0.286458
-0.287115
-0.287579
-0.287914
-0.28814
-0.288256
-0.28828
-0.288219
-0.287553
-0.283833
-0.285494
-0.286226
-0.28677
-0.287193
-0.287514
-0.287742
-0.287897
-0.287953
-0.287657
-0.282918
-0.284674
-0.285467
-0.286078
-0.286572
-0.28697
-0.287288
-0.287544
-0.287703
-0.287663
-0.28217
-0.284005
-0.284848
-0.285511
-0.286061
-0.286519
-0.286906
-0.287238
-0.287481
-0.287613
-0.2816
-0.283496
-0.284377
-0.285078
-0.285669
-0.286171
-0.286608
-0.286994
-0.287299
-0.287545
-0.281216
-0.283153
-0.284058
-0.284786
-0.285403
-0.285934
-0.286403
-0.286824
-0.28717
-0.287485
-0.281022
-0.28298
-0.283898
-0.284638
-0.285269
-0.285814
-0.286299
-0.286737
-0.287103
-0.28745
-0.288956
-0.288033
-0.289443
-0.288895
-0.289184
-0.288421
-0.287576
-0.285912
-0.283684
-0.28054
-0.276434
-0.271157
-0.264492
-0.256456
-0.246618
-0.235434
-0.221777
-0.20712
-0.188527
-0.169192
-0.14412
-0.118568
-0.0903352
-0.0631692
-0.0411097
-0.0205632
-0.0100099
0.00123052
0.00140452
0.00547141
-0.289082
-0.288065
-0.289503
-0.288942
-0.289231
-0.288468
-0.287623
-0.285961
-0.283734
-0.280593
-0.27649
-0.271215
-0.264553
-0.256521
-0.246685
-0.235504
-0.22185
-0.207202
-0.188618
-0.169298
-0.144232
-0.118681
-0.0904423
-0.063259
-0.0411878
-0.0206221
-0.0100582
0.00119567
0.00137919
0.00545695
-0.289328
-0.288125
-0.28962
-0.289033
-0.289323
-0.288561
-0.287715
-0.286056
-0.283832
-0.280696
-0.276599
-0.27133
-0.264672
-0.256647
-0.246814
-0.23564
-0.221993
-0.207364
-0.188796
-0.169506
-0.144453
-0.118903
-0.0906549
-0.0634375
-0.0413434
-0.0207394
-0.0101545
0.00112601
0.00132881
0.005428
-0.289688
-0.288207
-0.289787
-0.289164
-0.289455
-0.288695
-0.287847
-0.286194
-0.283975
-0.280848
-0.276758
-0.271497
-0.264846
-0.256832
-0.247004
-0.235839
-0.222202
-0.207599
-0.189057
-0.169809
-0.144778
-0.119231
-0.0909683
-0.063702
-0.0415745
-0.0209151
-0.0102982
0.00102119
0.00125367
0.00538443
-0.29015
-0.288301
-0.289996
-0.289327
-0.289619
-0.288864
-0.288014
-0.286369
-0.284156
-0.281041
-0.276962
-0.271713
-0.265074
-0.257069
-0.247248
-0.236096
-0.222471
-0.2079
-0.189392
-0.170198
-0.145198
-0.119653
-0.0913772
-0.0640485
-0.0418788
-0.0211486
-0.010489
0.000880745
0.00115415
0.00532609
-0.290703
-0.288397
-0.290234
-0.289515
-0.289809
-0.289059
-0.288209
-0.286574
-0.284369
-0.281269
-0.277204
-0.271968
-0.265321
-0.257353
-0.247541
-0.236404
-0.222793
-0.20826
-0.189792
-0.170661
-0.145699
-0.120159
-0.0918735
-0.0644723
-0.042253
-0.0214394
-0.0107261
0.000704181
0.00103077
0.0052528
-0.29133
-0.288483
-0.290489
-0.289717
-0.290012
-0.289272
-0.288421
-0.286799
-0.284605
-0.281524
-0.277476
-0.272257
-0.265682
-0.257679
-0.247875
-0.236755
-0.22316
-0.20867
-0.190246
-0.171188
-0.146271
-0.12074
-0.0924483
-0.0649683
-0.0426938
-0.0217867
-0.0110086
0.000491011
0.000884151
0.0051644
-0.29202
-0.288546
-0.290745
-0.289925
-0.290219
-0.289491
-0.288642
-0.287037
-0.284857
-0.281797
-0.27777
-0.272571
-0.265992
-0.258035
-0.248243
-0.237142
-0.223565
-0.20912
-0.190742
-0.17176
-0.146906
-0.121383
-0.0930927
-0.0655307
-0.0431973
-0.0221896
-0.0113356
0.000240854
0.000714999
0.00506075
-0.292782
-0.288568
-0.290988
-0.290125
-0.290417
-0.289707
-0.288862
-0.287277
-0.285114
-0.28208
-0.278077
-0.272905
-0.266352
-0.258415
-0.248637
-0.237558
-0.223998
-0.209601
-0.191275
-0.172365
-0.147589
-0.122076
-0.093798
-0.0661539
-0.0437598
-0.0226468
-0.0117059
-4.64915e-05
0.000524107
0.0049418
-0.2936
-0.288539
-0.291208
-0.290304
-0.290596
-0.289907
-0.289069
-0.287509
-0.285366
-0.282362
-0.278386
-0.273219
-0.266719
-0.25881
-0.249049
-0.237995
-0.224452
-0.210101
-0.191833
-0.172997
-0.148306
-0.122809
-0.0945558
-0.0668323
-0.0443772
-0.0231569
-0.0121183
-0.000370979
0.000312352
0.00480758
-0.294179
-0.288561
-0.291374
-0.290452
-0.290743
-0.290081
-0.289254
-0.287722
-0.285605
-0.282636
-0.278691
-0.273616
-0.267088
-0.259212
-0.24947
-0.238442
-0.224922
-0.210615
-0.192406
-0.173642
-0.14905
-0.123571
-0.0953578
-0.0675602
-0.0450455
-0.0237182
-0.0125713
-0.000732265
8.06878e-05
0.00465825
-0.294676
-0.288641
-0.291409
-0.290589
-0.29084
-0.29022
-0.289406
-0.287908
-0.285821
-0.28289
-0.278979
-0.27395
-0.267456
-0.259613
-0.249895
-0.238896
-0.225398
-0.211136
-0.192986
-0.174292
-0.14981
-0.124355
-0.0961967
-0.0683325
-0.0457607
-0.0243285
-0.013063
-0.00112967
-0.000169851
0.0044941
-0.295165
-0.288677
-0.291387
-0.290665
-0.290883
-0.290308
-0.289513
-0.288056
-0.286003
-0.283116
-0.279244
-0.274252
-0.267808
-0.260004
-0.250314
-0.239348
-0.225874
-0.211654
-0.193566
-0.174938
-0.150579
-0.125151
-0.0970654
-0.069144
-0.0465189
-0.0249855
-0.0135918
-0.0015622
-0.000438157
0.00431558
-0.295612
-0.288679
-0.291296
-0.290666
-0.290859
-0.290336
-0.289567
-0.288155
-0.286143
-0.283304
-0.279453
-0.274533
-0.268136
-0.260378
-0.25072
-0.23979
-0.226343
-0.212166
-0.194141
-0.175573
-0.15135
-0.125955
-0.097958
-0.0699902
-0.0473161
-0.0256866
-0.0141554
-0.00202848
-0.000723043
0.00412325
-0.295979
-0.288667
-0.291114
-0.29058
-0.290754
-0.290289
-0.289556
-0.288196
-0.286231
-0.283446
-0.279687
-0.274777
-0.268434
-0.260726
-0.251106
-0.240217
-0.2268
-0.212664
-0.194706
-0.176193
-0.152117
-0.12676
-0.0988681
-0.0708659
-0.0481476
-0.0264282
-0.0147512
-0.00252672
-0.0010232
0.00391784
-0.296214
-0.288633
-0.29083
-0.290391
-0.290554
-0.290157
-0.289467
-0.288168
-0.286256
-0.283531
-0.27985
-0.274976
-0.268691
-0.261041
-0.251463
-0.240621
-0.227237
-0.213141
-0.195252
-0.17679
-0.152871
-0.127559
-0.0997879
-0.0717644
-0.0490077
-0.0272063
-0.0153761
-0.00305469
-0.00133721
0.00370023
-0.296194
-0.288541
-0.290442
-0.290087
-0.29025
-0.28993
-0.289293
-0.288061
-0.286209
-0.283548
-0.279913
-0.275122
-0.2689
-0.261312
-0.251783
-0.240993
-0.227647
-0.213591
-0.195776
-0.177359
-0.15361
-0.128348
-0.100714
-0.0726834
-0.0498946
-0.0280187
-0.0160287
-0.00361061
-0.00166397
0.00347133
-0.295824
-0.288382
-0.289949
-0.289658
-0.289828
-0.289596
-0.289025
-0.287869
-0.286086
-0.283491
-0.279922
-0.275207
-0.269054
-0.26154
-0.252069
-0.241339
-0.228039
-0.214027
-0.196293
-0.177921
-0.154354
-0.12915
-0.10167
-0.0736404
-0.0508216
-0.0288724
-0.0167126
-0.00419493
-0.00200336
0.00323198
-0.295402
-0.288084
-0.289269
-0.289017
-0.28921
-0.289092
-0.288612
-0.287555
-0.285863
-0.28336
-0.279857
-0.275232
-0.269163
-0.261738
-0.252337
-0.241682
-0.228439
-0.214474
-0.196829
-0.178501
-0.155127
-0.129987
-0.102668
-0.0746439
-0.0517908
-0.0297674
-0.0174257
-0.0048058
-0.0023537
0.00298311
-0.292939
-0.286835
-0.288215
-0.288023
-0.2883
-0.288341
-0.287985
-0.28705
-0.285468
-0.283062
-0.279664
-0.275144
-0.269161
-0.261823
-0.25249
-0.241898
-0.22871
-0.214777
-0.197216
-0.178909
-0.155718
-0.130642
-0.103493
-0.0755183
-0.0526608
-0.0306145
-0.018111
-0.00541779
-0.00270258
0.00272727
-0.280993
-0.284299
-0.287035
-0.286966
-0.287338
-0.28754
-0.2873
-0.286474
-0.284999
-0.282767
-0.279334
-0.274833
-0.268884
-0.261578
-0.252282
-0.241713
-0.228574
-0.214641
-0.197177
-0.178865
-0.155879
-0.130901
-0.103999
-0.0762019
-0.0534365
-0.0314899
-0.0188542
-0.00614009
-0.00311315
0.00241028
-0.276063
-0.281699
-0.284787
-0.284804
-0.285332
-0.285782
-0.285715
-0.285018
-0.283618
-0.281361
-0.278082
-0.273681
-0.267799
-0.26056
-0.251333
-0.240823
-0.227779
-0.213872
-0.196562
-0.17827
-0.155593
-0.130814
-0.104321
-0.0768523
-0.0542868
-0.0325334
-0.0197646
-0.00704173
-0.00362608
0.00201805
-0.272826
-0.278299
-0.281318
-0.28166
-0.282484
-0.283264
-0.283443
-0.282936
-0.281677
-0.279562
-0.276381
-0.272066
-0.266259
-0.259101
-0.249962
-0.239529
-0.226606
-0.212743
-0.195618
-0.177366
-0.155042
-0.130517
-0.104493
-0.0774303
-0.0551139
-0.0336063
-0.0207144
-0.00799798
-0.00416956
0.00160407
-0.269251
-0.273672
-0.276432
-0.277389
-0.27869
-0.279896
-0.280415
-0.280181
-0.27914
-0.277225
-0.274191
-0.270004
-0.264315
-0.257275
-0.248263
-0.237936
-0.225171
-0.211373
-0.194469
-0.176285
-0.154351
-0.130129
-0.104615
-0.0780142
-0.0559676
-0.0347403
-0.021716
-0.00901425
-0.00474117
0.00117038
-0.263907
-0.267776
-0.270253
-0.271949
-0.273876
-0.275588
-0.276529
-0.276645
-0.275896
-0.274233
-0.271415
-0.267415
-0.261895
-0.255019
-0.246183
-0.236
-0.223438
-0.209737
-0.193095
-0.175015
-0.15351
-0.129649
-0.104681
-0.0786013
-0.0568443
-0.0359306
-0.0227655
-0.0100856
-0.00533857
0.0007209
-0.25654
-0.260743
-0.263068
-0.265465
-0.268091
-0.270358
-0.271771
-0.272295
-0.271894
-0.270539
-0.26799
-0.264246
-0.258951
-0.252287
-0.24368
-0.233683
-0.221374
-0.207808
-0.191472
-0.173544
-0.152507
-0.129068
-0.104682
-0.0791807
-0.0577339
-0.0371651
-0.0238551
-0.011203
-0.00595863
0.000260824
-0.247673
-0.25277
-0.255194
-0.258187
-0.2615
-0.264337
-0.266238
-0.267195
-0.267178
-0.266172
-0.263948
-0.260502
-0.255483
-0.249077
-0.240752
-0.230984
-0.218978
-0.205592
-0.189604
-0.171883
-0.151348
-0.128393
-0.104619
-0.079747
-0.0586292
-0.0384318
-0.0249764
-0.0123565
-0.00659776
-0.000204123
-0.237809
-0.244077
-0.246896
-0.250387
-0.254317
-0.257712
-0.260096
-0.261485
-0.261862
-0.261226
-0.259352
-0.256237
-0.25154
-0.24543
-0.23743
-0.227933
-0.216272
-0.203113
-0.18751
-0.170056
-0.150049
-0.127638
-0.104496
-0.0802958
-0.0595237
-0.0397181
-0.0261207
-0.0135348
-0.007252
-0.000668046
-0.227399
-0.234898
-0.238355
-0.242292
-0.246746
-0.250667
-0.253521
-0.25533
-0.256096
-0.25583
-0.254312
-0.251536
-0.247203
-0.241415
-0.233772
-0.22458
-0.213298
-0.200411
-0.185223
-0.168091
-0.148634
-0.126815
-0.104322
-0.0808229
-0.0604107
-0.041011
-0.027279
-0.0147265
-0.00791722
-0.00112519
-0.216835
-0.225437
-0.229683
-0.234058
-0.238949
-0.243353
-0.246661
-0.248876
-0.250019
-0.250115
-0.248957
-0.246529
-0.242566
-0.237116
-0.229851
-0.22099
-0.210109
-0.197534
-0.182783
-0.166025
-0.147129
-0.125941
-0.104103
-0.0813239
-0.0612838
-0.0422973
-0.0284418
-0.01592
-0.00858922
-0.00157028
-0.206368
-0.215857
-0.220951
-0.225781
-0.231044
-0.235879
-0.239625
-0.242236
-0.243745
-0.244193
-0.243393
-0.241314
-0.237716
-0.232616
-0.225741
-0.217229
-0.206762
-0.194533
-0.18023
-0.16389
-0.14556
-0.12503
-0.103847
-0.0817953
-0.0621369
-0.043565
-0.0296006
-0.0171043
-0.00926387
-0.00199879
-0.196145
-0.206295
-0.212214
-0.21752
-0.223112
-0.228326
-0.232488
-0.235486
-0.237355
-0.238145
-0.237698
-0.235964
-0.232731
-0.227986
-0.221504
-0.213355
-0.203307
-0.19145
-0.177604
-0.161715
-0.143952
-0.124093
-0.10356
-0.0822335
-0.0629647
-0.0448033
-0.030747
-0.0182696
-0.00993721
-0.00240714
-0.186268
-0.196863
-0.203527
-0.209315
-0.215211
-0.220755
-0.225302
-0.228679
-0.230902
-0.232028
-0.231928
-0.230536
-0.227665
-0.223278
-0.217188
-0.209412
-0.199785
-0.188321
-0.174933
-0.159522
-0.142322
-0.12314
-0.103249
-0.0826358
-0.0637621
-0.0460032
-0.0318739
-0.0194071
-0.0106055
-0.00279272
-0.176804
-0.187655
-0.19495
-0.201203
-0.207386
-0.213216
-0.218113
-0.221853
-0.224425
-0.225881
-0.226121
-0.225069
-0.222558
-0.21853
-0.21283
-0.205435
-0.196226
-0.185171
-0.172244
-0.157328
-0.140685
-0.122176
-0.102917
-0.0829996
-0.0645252
-0.0471571
-0.0329747
-0.0205094
-0.0112651
-0.00315394
-0.167798
-0.178747
-0.186547
-0.193225
-0.199678
-0.205755
-0.210961
-0.215044
-0.217955
-0.219736
-0.220309
-0.219593
-0.217439
-0.213771
-0.208457
-0.201447
-0.192654
-0.182021
-0.169552
-0.155142
-0.139052
-0.121207
-0.102566
-0.0833231
-0.0652501
-0.0482591
-0.0340439
-0.0215704
-0.0119125
-0.0034901
-0.159285
-0.170201
-0.17838
-0.185425
-0.192124
-0.198415
-0.203891
-0.208288
-0.211526
-0.213623
-0.21452
-0.214136
-0.212333
-0.209023
-0.204091
-0.19747
-0.18909
-0.178886
-0.166874
-0.152976
-0.137431
-0.120234
-0.102198
-0.0836052
-0.065934
-0.0493042
-0.0350761
-0.022585
-0.0125442
-0.00380123
-0.151287
-0.162068
-0.170505
-0.177851
-0.184766
-0.19124
-0.196945
-0.201625
-0.20517
-0.207575
-0.208784
-0.208725
-0.207265
-0.204312
-0.199755
-0.193524
-0.185552
-0.17578
-0.164224
-0.150837
-0.135829
-0.119263
-0.101815
-0.0838454
-0.066574
-0.0502886
-0.0360665
-0.023549
-0.0131567
-0.00408789
-0.14382
-0.154386
-0.162975
-0.170549
-0.177644
-0.184272
-0.190168
-0.195097
-0.198925
-0.201623
-0.203135
-0.20339
-0.202263
-0.199662
-0.195473
-0.189628
-0.18206
-0.17272
-0.161615
-0.148734
-0.134253
-0.118296
-0.101421
-0.0840439
-0.0671681
-0.0512093
-0.0370107
-0.024459
-0.0137465
-0.00435096
-0.136892
-0.147183
-0.155834
-0.163566
-0.170799
-0.177551
-0.183605
-0.188747
-0.192831
-0.195806
-0.197606
-0.198163
-0.197359
-0.195099
-0.191271
-0.185806
-0.178635
-0.169721
-0.159061
-0.146677
-0.132712
-0.117339
-0.101016
-0.0842018
-0.0677145
-0.052064
-0.0379043
-0.0253124
-0.01431
-0.00459148
-0.130505
-0.140482
-0.149118
-0.156944
-0.164274
-0.171121
-0.177301
-0.182622
-0.186932
-0.190162
-0.192234
-0.193081
-0.192585
-0.190655
-0.187175
-0.182082
-0.175298
-0.166802
-0.156578
-0.144677
-0.131213
-0.116397
-0.100604
-0.0843208
-0.0682119
-0.0528511
-0.0387432
-0.0261068
-0.0148437
-0.00481055
-0.124659
-0.134297
-0.142859
-0.150723
-0.158111
-0.165022
-0.171298
-0.176766
-0.181274
-0.184735
-0.187061
-0.188181
-0.187977
-0.186363
-0.183218
-0.178484
-0.172076
-0.163985
-0.154184
-0.142749
-0.129767
-0.115478
-0.10019
-0.0844034
-0.0686596
-0.0535694
-0.0395235
-0.0268403
-0.0153441
-0.00500919
-0.11935
-0.128639
-0.137084
-0.144939
-0.152348
-0.159297
-0.165642
-0.171228
-0.175903
-0.179571
-0.182129
-0.183504
-0.183575
-0.182259
-0.179433
-0.175041
-0.168993
-0.16129
-0.151897
-0.140905
-0.128383
-0.11459
-0.0997782
-0.0844529
-0.0690575
-0.0542185
-0.0402417
-0.0275115
-0.0158081
-0.00518826
-0.114575
-0.12352
-0.131817
-0.139625
-0.147026
-0.153988
-0.160378
-0.166055
-0.170869
-0.174718
-0.177486
-0.179095
-0.179421
-0.178383
-0.175857
-0.171788
-0.166081
-0.158745
-0.149738
-0.139163
-0.127075
-0.113741
-0.0993743
-0.0844735
-0.069406
-0.0547981
-0.0408944
-0.0281187
-0.0162328
-0.00534842
-0.110333
-0.118946
-0.127079
-0.134815
-0.142184
-0.149138
-0.155553
-0.161297
-0.166225
-0.170227
-0.173182
-0.175002
-0.175561
-0.17478
-0.17253
-0.16876
-0.163372
-0.156377
-0.14773
-0.137542
-0.125856
-0.112943
-0.0989852
-0.0844698
-0.0697061
-0.0553085
-0.0414787
-0.0286606
-0.0166154
-0.00549007
-0.106625
-0.11493
-0.122893
-0.130542
-0.137862
-0.144793
-0.151216
-0.157007
-0.162024
-0.166156
-0.169271
-0.171279
-0.172047
-0.171495
-0.169496
-0.165998
-0.1609
-0.154218
-0.1459
-0.136063
-0.124742
-0.112208
-0.098619
-0.0844475
-0.0699594
-0.0557499
-0.0419919
-0.0291355
-0.0169532
-0.00561332
-0.103459
-0.111485
-0.119285
-0.12684
-0.134102
-0.141001
-0.14742
-0.153242
-0.158327
-0.162563
-0.165815
-0.167983
-0.168933
-0.168584
-0.166805
-0.163547
-0.158707
-0.152301
-0.144276
-0.13475
-0.123752
-0.111549
-0.0982848
-0.0844127
-0.0701678
-0.0561224
-0.0424313
-0.0295416
-0.0172438
-0.00571803
-0.100846
-0.108634
-0.116286
-0.12375
-0.130954
-0.137816
-0.144222
-0.150062
-0.155198
-0.159516
-0.162878
-0.165179
-0.166282
-0.166103
-0.164511
-0.161457
-0.156837
-0.150666
-0.142891
-0.133629
-0.122906
-0.110984
-0.0979929
-0.0843719
-0.0703333
-0.0564259
-0.0427939
-0.029876
-0.0174844
-0.00580377
-0.0988096
-0.106407
-0.113935
-0.121321
-0.128471
-0.135299
-0.14169
-0.147538
-0.152709
-0.157089
-0.160535
-0.16294
-0.164163
-0.164118
-0.162675
-0.159783
-0.155339
-0.149357
-0.141782
-0.132731
-0.122227
-0.110528
-0.0977551
-0.0843323
-0.070458
-0.0566595
-0.0430758
-0.0301353
-0.0176717
-0.00586968
-0.09739
-0.10485
-0.112288
-0.119614
-0.126724
-0.133525
-0.139902
-0.145753
-0.150946
-0.155366
-0.15887
-0.161347
-0.162656
-0.162706
-0.161368
-0.158591
-0.154272
-0.148424
-0.140993
-0.132091
-0.121744
-0.110201
-0.0975837
-0.0843007
-0.0705432
-0.0568209
-0.0432725
-0.0303146
-0.017802
-0.00591429
-0.0966245
-0.104019
-0.11141
-0.118704
-0.125792
-0.132577
-0.138948
-0.1448
-0.150004
-0.154445
-0.157979
-0.160495
-0.161848
-0.161949
-0.160668
-0.157952
-0.153701
-0.147924
-0.14057
-0.131748
-0.121485
-0.110026
-0.0974919
-0.0842826
-0.0705889
-0.0569056
-0.0433779
-0.0304078
-0.0178706
-0.00593587
-0.189704
-0.198528
-0.20675
-0.214395
-0.221486
-0.22805
-0.234113
-0.239703
-0.244843
-0.249561
-0.253886
-0.257857
-0.261537
-0.265026
-0.268483
-0.272173
-0.276425
-0.282163
-0.289046
-0.302838
-0.176771
-0.185307
-0.193346
-0.20091
-0.208021
-0.2147
-0.220971
-0.226856
-0.232382
-0.237584
-0.24251
-0.24723
-0.251849
-0.256531
-0.261454
-0.266985
-0.273032
-0.280707
-0.286877
-0.299796
-0.164872
-0.173055
-0.180834
-0.188233
-0.195273
-0.201978
-0.208372
-0.214484
-0.220348
-0.226008
-0.231518
-0.236949
-0.24236
-0.247856
-0.253363
-0.259104
-0.264303
-0.270505
-0.274136
-0.285013
-0.153938
-0.161785
-0.169311
-0.176537
-0.183483
-0.19017
-0.196622
-0.202863
-0.208922
-0.214827
-0.220599
-0.226262
-0.231777
-0.237186
-0.242273
-0.247418
-0.251884
-0.25777
-0.261905
-0.271811
-0.143979
-0.15149
-0.158747
-0.165765
-0.172561
-0.179151
-0.185551
-0.191776
-0.197837
-0.203742
-0.209482
-0.215071
-0.220459
-0.22576
-0.230832
-0.236211
-0.241214
-0.247474
-0.252173
-0.260385
-0.134903
-0.142069
-0.14903
-0.155799
-0.162386
-0.168803
-0.175058
-0.181162
-0.187115
-0.192929
-0.198601
-0.204173
-0.209627
-0.215107
-0.220467
-0.226068
-0.231216
-0.236976
-0.241546
-0.248392
-0.126607
-0.133422
-0.14007
-0.146561
-0.152904
-0.159105
-0.165173
-0.171116
-0.176941
-0.182664
-0.188291
-0.193859
-0.199341
-0.20481
-0.210099
-0.215429
-0.220371
-0.225692
-0.23049
-0.236693
-0.119019
-0.125483
-0.131813
-0.138015
-0.144096
-0.150062
-0.155921
-0.161682
-0.16735
-0.172938
-0.17844
-0.183874
-0.189202
-0.19447
-0.19959
-0.204736
-0.209719
-0.214947
-0.219956
-0.225656
-0.112089
-0.118208
-0.124218
-0.130124
-0.135932
-0.141647
-0.147275
-0.15282
-0.158285
-0.163676
-0.168987
-0.174229
-0.179391
-0.184513
-0.189565
-0.194634
-0.199608
-0.204641
-0.20957
-0.214869
-0.105769
-0.111548
-0.11724
-0.122847
-0.128374
-0.133824
-0.139201
-0.144508
-0.149747
-0.154923
-0.160037
-0.1651
-0.170111
-0.175086
-0.180005
-0.184891
-0.1897
-0.194504
-0.199311
-0.204364
-0.0999991
-0.10545
-0.110829
-0.11614
-0.121384
-0.126565
-0.131685
-0.136747
-0.141754
-0.14671
-0.151617
-0.15648
-0.161294
-0.166065
-0.170785
-0.175467
-0.180111
-0.184746
-0.18942
-0.194252
-0.0947338
-0.0998688
-0.104945
-0.109965
-0.114931
-0.119843
-0.124706
-0.12952
-0.134289
-0.139013
-0.143694
-0.148332
-0.15293
-0.157489
-0.162013
-0.166508
-0.170978
-0.175427
-0.179907
-0.184503
-0.0899369
-0.0947689
-0.0995533
-0.104291
-0.108984
-0.113632
-0.118239
-0.122804
-0.12733
-0.131817
-0.136266
-0.140681
-0.145061
-0.14941
-0.153728
-0.158016
-0.162278
-0.166516
-0.170783
-0.175145
-0.0855634
-0.0901082
-0.0946138
-0.0990806
-0.103509
-0.107901
-0.112257
-0.116577
-0.120863
-0.125116
-0.129336
-0.133525
-0.137684
-0.141813
-0.145912
-0.149983
-0.154032
-0.158058
-0.16211
-0.166232
-0.0815749
-0.08585
-0.0900911
-0.0942997
-0.0984764
-0.102621
-0.106735
-0.110818
-0.11487
-0.118893
-0.122886
-0.12685
-0.130787
-0.134695
-0.138577
-0.142433
-0.146269
-0.150082
-0.153912
-0.157792
-0.0779563
-0.0819755
-0.0859656
-0.0899282
-0.0938636
-0.0977716
-0.101652
-0.105505
-0.109331
-0.113129
-0.116901
-0.120647
-0.124366
-0.128059
-0.131728
-0.13537
-0.138992
-0.142591
-0.146201
-0.149842
-0.0746803
-0.0784574
-0.0822102
-0.0859397
-0.0896457
-0.0933279
-0.0969856
-0.100619
-0.104227
-0.107811
-0.111369
-0.114903
-0.118412
-0.121896
-0.125356
-0.12879
-0.132204
-0.135593
-0.138988
-0.1424
-0.071708
-0.0752596
-0.078791
-0.0823023
-0.0857931
-0.0892625
-0.09271
-0.0961351
-0.0995373
-0.102916
-0.106272
-0.109603
-0.112911
-0.116194
-0.119454
-0.122689
-0.125902
-0.12909
-0.13228
-0.135472
-0.069023
-0.0723653
-0.0756904
-0.078998
-0.0822872
-0.0855572
-0.0888072
-0.0920365
-0.0952444
-0.0984303
-0.101594
-0.104734
-0.107851
-0.110944
-0.114014
-0.117059
-0.120082
-0.123079
-0.126073
-0.12906
-0.0666034
-0.0697522
-0.0728861
-0.0760045
-0.0791065
-0.0821909
-0.0852568
-0.0883033
-0.0913296
-0.0943349
-0.0973186
-0.10028
-0.103218
-0.106133
-0.109025
-0.111891
-0.114736
-0.117553
-0.120364
-0.12316
-0.0644311
-0.067402
-0.07036
-0.0733041
-0.0762332
-0.0791461
-0.0820418
-0.0849191
-0.0877771
-0.090615
-0.0934319
-0.096227
-0.0989996
-0.101749
-0.104475
-0.107176
-0.109855
-0.112506
-0.115147
-0.117769
-0.0624908
-0.0652995
-0.0680967
-0.0708813
-0.073652
-0.0764077
-0.0791471
-0.0818692
-0.0845727
-0.0872568
-0.0899205
-0.0925629
-0.0951833
-0.0977807
-0.100355
-0.102905
-0.105431
-0.107931
-0.110417
-0.11288
-0.0607707
-0.0634322
-0.0660835
-0.0687234
-0.0713503
-0.0739632
-0.0765606
-0.0791414
-0.0817045
-0.0842488
-0.0867733
-0.089277
-0.0917592
-0.0942189
-0.0966555
-0.0990679
-0.101457
-0.10382
-0.106166
-0.108488
-0.05926
-0.0617898
-0.0643103
-0.0668203
-0.0693182
-0.0718028
-0.0742727
-0.0767267
-0.0791638
-0.0815827
-0.0839825
-0.086362
-0.0887206
-0.0910571
-0.0933711
-0.0956613
-0.0979284
-0.100169
-0.102392
-0.10459
-0.0579496
-0.0603637
-0.0627689
-0.065164
-0.0675477
-0.0699188
-0.072276
-0.074618
-0.0769437
-0.079252
-0.0815418
-0.0838121
-0.0860621
-0.0882907
-0.0904974
-0.0926809
-0.0948417
-0.0969773
-0.0990935
-0.101185
-0.0568404
-0.059154
-0.061459
-0.0637543
-0.0660389
-0.0683116
-0.070571
-0.0728161
-0.0750456
-0.0772584
-0.0794535
-0.08163
-0.0837869
-0.0859233
-0.0880386
-0.0901316
-0.0922024
-0.0942491
-0.0962757
-0.0982781
-0.0559313
-0.0581588
-0.0603785
-0.0625891
-0.0647896
-0.066979
-0.0691559
-0.0713193
-0.0734679
-0.0756009
-0.0777172
-0.0798159
-0.081896
-0.0839568
-0.0859974
-0.088017
-0.0900154
-0.0919911
-0.0939464
-0.0958789
-0.0552347
-0.0573928
-0.0595435
-0.0616856
-0.0638182
-0.0659401
-0.0680504
-0.0701479
-0.0722316
-0.0743007
-0.0763541
-0.078391
-0.0804106
-0.0824122
-0.084395
-0.0863582
-0.0883015
-0.090224
-0.0921267
-0.0940086
-0.0547331
-0.056839
-0.0589381
-0.0610296
-0.0631124
-0.0651855
-0.067248
-0.0692988
-0.071337
-0.0733619
-0.0753725
-0.077368
-0.0793477
-0.0813108
-0.0832567
-0.0851845
-0.0870939
-0.0889839
-0.0908548
-0.0927064
-0.054505
-0.0565736
-0.058635
-0.0606886
-0.0627338
-0.0647698
-0.0667961
-0.0688118
-0.0708164
-0.0728093
-0.0747898
-0.0767575
-0.0787118
-0.0806522
-0.0825783
-0.0844896
-0.0863857
-0.0882664
-0.0901316
-0.0919816
0.115792
0.0967497
0.0787584
0.0610678
0.0425279
0.0238054
0.00549005
-0.0123728
-0.0298044
-0.0467369
-0.0631071
-0.0788884
-0.0940819
-0.108593
-0.122735
-0.135867
-0.148021
-0.159417
-0.170157
-0.180253
0.107139
0.088338
0.0694058
0.0525978
0.0356676
0.0184063
0.00155757
-0.0147098
-0.0305166
-0.0458766
-0.0607331
-0.0750278
-0.0886834
-0.101547
-0.114178
-0.126161
-0.137408
-0.14804
-0.15814
-0.167719
0.0972757
0.0793463
0.0604946
0.0446468
0.0295127
0.0139798
-0.00135206
-0.0161006
-0.0303598
-0.0442123
-0.0576139
-0.0704939
-0.0828058
-0.0945635
-0.106129
-0.117244
-0.127759
-0.137724
-0.147215
-0.156263
0.0867232
0.0700719
0.0521352
0.0373853
0.0238848
0.0100322
-0.00385005
-0.0172417
-0.0301335
-0.0426494
-0.0547993
-0.066545
-0.0778639
-0.0887395
-0.0989981
-0.109146
-0.11895
-0.128293
-0.13721
-0.145751
0.0763799
0.0612457
0.0446229
0.031005
0.0188982
0.0065532
-0.00597604
-0.0181441
-0.0298323
-0.0411593
-0.0521754
-0.0628505
-0.073145
-0.0830357
-0.0925136
-0.101901
-0.111019
-0.119757
-0.128134
-0.136198
0.0667084
0.0530845
0.0379075
0.0253979
0.0144739
0.00344493
-0.00783806
-0.018884
-0.0294989
-0.0397677
-0.0497654
-0.0594844
-0.0688939
-0.0779864
-0.0867667
-0.095465
-0.10392
-0.112062
-0.119917
-0.127523
0.0578247
0.0455847
0.0318652
0.020439
0.0105437
0.000656998
-0.00949445
-0.0195101
-0.0291627
-0.0384966
-0.0475918
-0.0564583
-0.0650679
-0.0734073
-0.0814996
-0.0896121
-0.0974847
-0.105082
-0.112448
-0.119618
0.0497247
0.0387237
0.0264075
0.0160315
0.00705201
-0.00184405
-0.0109836
-0.0200602
-0.0288474
-0.0373552
-0.0456588
-0.0537857
-0.0617283
-0.0694777
-0.0770314
-0.084353
-0.0916057
-0.0987185
-0.105651
-0.112412
0.0423797
0.0324892
0.021482
0.012102
0.00394704
-0.004087
-0.0123313
-0.0205595
-0.0285656
-0.036336
-0.043932
-0.0513857
-0.0586937
-0.0658413
-0.0728149
-0.0795777
-0.0863136
-0.0929692
-0.0994847
-0.105853
0.035752
0.0268597
0.0170461
0.00858884
0.00117772
-0.00610191
-0.0135576
-0.0210244
-0.028325
-0.0354321
-0.0423916
-0.0492337
-0.0559588
-0.0625544
-0.0690119
-0.0753207
-0.0815979
-0.0878088
-0.0939106
-0.0998937
0.0297926
0.0217974
0.0130556
0.00543756
-0.00130378
-0.00791915
-0.0146802
-0.0214669
-0.0281316
-0.0346416
-0.0410294
-0.0473218
-0.053522
-0.0596217
-0.0656152
-0.0714994
-0.0773537
-0.0831485
-0.0888561
-0.0944706
0.0244456
0.017254
0.00946476
0.00260087
-0.00353889
-0.00956647
-0.0157144
-0.0218953
-0.0279883
-0.0339605
-0.0398344
-0.0456322
-0.0513583
-0.057007
-0.0625741
-0.06806
-0.0735247
-0.0789349
-0.0842724
-0.0895368
0.0196527
0.0131786
0.00622993
3.84692e-05
-0.00556217
-0.0110678
-0.0166733
-0.0223148
-0.0278947
-0.0333823
-0.0387924
-0.0441429
-0.0494386
-0.0546762
-0.0598536
-0.0649726
-0.0700812
-0.0751356
-0.080125
-0.0850565
0.0153582
0.00952231
0.0033117
-0.00228339
-0.00740173
-0.012443
-0.017568
-0.0227298
-0.0278504
-0.0329022
-0.0378946
-0.0428404
-0.0477425
-0.052596
-0.0573982
-0.0621574
-0.0669485
-0.0716835
-0.0763557
-0.0809797
0.0115105
0.0062406
0.000675771
-0.00439225
-0.00907964
-0.013707
-0.0184054
-0.0231405
-0.0278504
-0.0325118
-0.0371309
-0.041719
-0.0462806
-0.0508161
-0.0553214
-0.0597852
-0.064151
-0.0685313
-0.0729116
-0.0772626
0.00806322
0.00329406
-0.00170704
-0.00631025
-0.0106127
-0.0148705
-0.0191891
-0.0235433
-0.0278842
-0.0321918
-0.0364694
-0.0407244
-0.0449589
-0.0491704
-0.0533533
-0.0575019
-0.0616065
-0.0657153
-0.0698213
-0.0739049
0.00497534
0.000648255
-0.00386152
-0.00805544
-0.0120144
-0.0159416
-0.0199217
-0.0239357
-0.0279451
-0.031933
-0.0359008
-0.0398535
-0.0437927
-0.0477162
-0.0516208
-0.0555026
-0.0593547
-0.0632055
-0.0670505
-0.0708777
0.00221084
-0.00172676
-0.00580889
-0.00964292
-0.0132957
-0.0169277
-0.020606
-0.0243165
-0.0280289
-0.0317292
-0.0354175
-0.0390971
-0.0427689
-0.0464309
-0.0500803
-0.0537139
-0.0573277
-0.0609393
-0.0645447
-0.0681359
-0.000261565
-0.00385682
-0.00756726
-0.0110854
-0.0144658
-0.0178344
-0.0212441
-0.0246841
-0.028131
-0.0315729
-0.0350093
-0.0384422
-0.0418717
-0.0452961
-0.0487128
-0.0521192
-0.0555124
-0.0589037
-0.0622895
-0.0656639
-0.00246881
-0.00576404
-0.00915196
-0.0123933
-0.0155321
-0.0186664
-0.0218373
-0.0250369
-0.0282468
-0.0314573
-0.0346672
-0.0378776
-0.0410882
-0.0442973
-0.0475024
-0.0507013
-0.0538916
-0.0570808
-0.0602654
-0.0634406
-0.00443376
-0.00746706
-0.0105759
-0.0135755
-0.0165008
-0.0194273
-0.0223867
-0.025373
-0.028372
-0.0313758
-0.0343828
-0.0373934
-0.0404067
-0.0434212
-0.0464346
-0.0494448
-0.0524497
-0.0554543
-0.0584551
-0.0614482
-0.00617556
-0.00898142
-0.0118497
-0.014639
-0.0173766
-0.0201198
-0.0228926
-0.0256907
-0.028503
-0.031323
-0.034149
-0.0369807
-0.0398172
-0.0426568
-0.0454973
-0.0483368
-0.0511734
-0.0540106
-0.0568445
-0.059672
-0.00770992
-0.0103198
-0.012982
-0.0155897
-0.0181634
-0.020746
-0.0233555
-0.0259885
-0.0286365
-0.0312942
-0.0339598
-0.0366326
-0.0393115
-0.0419949
-0.0446807
-0.0473671
-0.0500524
-0.052739
-0.0554225
-0.0581003
-0.00904928
-0.0114922
-0.0139796
-0.016432
-0.0188642
-0.0213077
-0.0237756
-0.0262651
-0.0287699
-0.0312856
-0.0338103
-0.0363432
-0.0388828
-0.0414276
-0.0439755
-0.046525
-0.0490748
-0.0516281
-0.0541781
-0.0567223
-0.0102028
-0.012506
-0.0148475
-0.0171691
-0.0194813
-0.0218062
-0.0241531
-0.0265201
-0.028902
-0.0312955
-0.0336987
-0.0361106
-0.0385298
-0.0409548
-0.0433837
-0.0458147
-0.0482454
-0.0506732
-0.0531014
-0.055528
-0.0111763
-0.0133657
-0.0155882
-0.0178024
-0.0200151
-0.0222413
-0.0244874
-0.0267516
-0.0290302
-0.0313203
-0.0336204
-0.0359291
-0.0382452
-0.0405671
-0.0428931
-0.0452212
-0.0475489
-0.0498709
-0.0521951
-0.0545197
-0.0119717
-0.0140725
-0.0162022
-0.0183319
-0.0204654
-0.0226126
-0.0247774
-0.0269583
-0.0291526
-0.0313578
-0.0335725
-0.0357954
-0.0380251
-0.0402602
-0.042499
-0.04474
-0.0469812
-0.0492198
-0.051459
-0.0536972
-0.0125872
-0.0146249
-0.0166877
-0.0187557
-0.0208311
-0.0229196
-0.0250235
-0.0271417
-0.0292719
-0.0314123
-0.0335613
-0.0357178
-0.0378804
-0.0400478
-0.0422186
-0.044391
-0.0465633
-0.048733
-0.0509024
-0.0530705
-0.0130154
-0.0150164
-0.0170385
-0.0190681
-0.0211058
-0.0231552
-0.0252176
-0.0272919
-0.0293764
-0.0314696
-0.0335704
-0.0356775
-0.0377898
-0.0399061
-0.0420251
-0.0441458
-0.0462668
-0.0483869
-0.0505056
-0.0526215
-0.0132405
-0.015233
-0.0172463
-0.0192689
-0.0212994
-0.0233395
-0.0253897
-0.0274491
-0.0295163
-0.03159
-0.0336688
-0.0357517
-0.0378377
-0.0399255
-0.0420141
-0.0441021
-0.0461882
-0.0482707
-0.0503515
-0.0524304
0.130158
0.133089
0.137014
0.143808
0.150956
0.160378
0.169408
0.179863
0.188404
0.196947
0.200716
0.202418
0.194374
0.181393
0.147585
0.129328
0.132135
0.135854
0.14227
0.148949
0.157653
0.165797
0.175013
0.18207
0.188634
0.190239
0.189002
0.178486
0.161529
0.131487
0.128411
0.131078
0.134557
0.140549
0.146696
0.154613
0.161792
0.169707
0.175247
0.179882
0.179516
0.175833
0.16388
0.145612
0.119263
0.127401
0.129913
0.133133
0.138664
0.144247
0.151325
0.15751
0.164076
0.168128
0.170851
0.16874
0.162936
0.150162
0.131379
0.106973
0.126295
0.128634
0.131583
0.13662
0.141617
0.147816
0.152999
0.158192
0.160821
0.1617
0.158066
0.150468
0.137122
0.118106
0.0948458
0.125085
0.127237
0.129902
0.134414
0.138803
0.144088
0.14827
0.152087
0.153365
0.152516
0.14756
0.138511
0.124718
0.105776
0.0835609
0.123768
0.125716
0.128084
0.132041
0.135806
0.140148
0.143334
0.145792
0.145795
0.143367
0.137264
0.1271
0.113
0.0944282
0.0733264
0.122339
0.124066
0.126127
0.129501
0.132627
0.136009
0.138211
0.139349
0.138158
0.134325
0.127232
0.116264
0.102015
0.0840243
0.064078
0.120793
0.122283
0.124028
0.126796
0.129272
0.131689
0.132925
0.132806
0.130503
0.125455
0.117522
0.106022
0.0917831
0.0744914
0.0557052
0.119129
0.120365
0.121786
0.123932
0.12575
0.127209
0.127503
0.12621
0.12288
0.11681
0.108187
0.0963822
0.0822936
0.0657637
0.0481242
0.117344
0.118313
0.1194
0.120916
0.12207
0.122596
0.121976
0.119609
0.115342
0.108435
0.0992703
0.0873408
0.0735239
0.0577885
0.0412695
0.115438
0.116127
0.116874
0.11776
0.118248
0.117877
0.116378
0.113045
0.10794
0.100367
0.0908035
0.0788916
0.0654448
0.0505184
0.0350816
0.113411
0.113813
0.114212
0.114477
0.1143
0.113083
0.110746
0.106561
0.100721
0.0926357
0.0828084
0.0710251
0.0580225
0.0439062
0.0295027
0.111265
0.111378
0.111421
0.111084
0.110248
0.108242
0.10512
0.100195
0.0937283
0.085265
0.0752968
0.0637286
0.0512213
0.0379036
0.0244779
0.109006
0.108832
0.108511
0.1076
0.106118
0.103388
0.0995415
0.0939831
0.0870003
0.0782748
0.0682723
0.0569858
0.0450043
0.0324634
0.0199554
0.106641
0.106189
0.105498
0.104044
0.10194
0.0985505
0.0940506
0.0879592
0.0805679
0.0716806
0.0617322
0.0507765
0.0393351
0.0275402
0.0158878
0.10418
0.103464
0.102401
0.10044
0.0977451
0.0937635
0.0886864
0.0821555
0.0744561
0.065493
0.0556694
0.0450784
0.0341781
0.0230921
0.0122325
0.101638
0.100677
0.0992436
0.0968134
0.0935681
0.0890605
0.0834858
0.0766014
0.0686847
0.0597181
0.0500737
0.0398677
0.0294994
0.0190805
0.0089513
0.0990334
0.0978488
0.0960539
0.0931921
0.0894448
0.0844763
0.078483
0.0713241
0.0632693
0.0543585
0.0449331
0.0351209
0.0252672
0.0154707
0.00601044
0.0963895
0.0950053
0.0928639
0.089608
0.085412
0.0800461
0.0737102
0.0663479
0.0582222
0.0494141
0.0402345
0.0308151
0.0214522
0.0122316
0.00338058
0.0937347
0.0921749
0.0897095
0.0860968
0.0815073
0.0758056
0.0691976
0.0616947
0.0535534
0.0448829
0.0359648
0.0269289
0.0180282
0.00933604
0.00103646
0.0911026
0.0893903
0.0866294
0.0826975
0.0777695
0.0717906
0.0649741
0.0573846
0.0492716
0.0407626
0.0321117
0.0234431
0.0149721
0.00676064
-0.0010433
0.0885323
0.0866892
0.0836657
0.0794526
0.0742389
0.0680372
0.0610681
0.0534367
0.0453849
0.0370514
0.0286645
0.0203415
0.0122645
0.00448589
-0.00287634
0.0860681
0.0841144
0.0808637
0.076408
0.0709579
0.0645823
0.0575081
0.0498702
0.0419024
0.0337489
0.0256155
0.0176111
0.00988999
0.00249628
-0.0044767
0.0837602
0.0817141
0.0782722
0.0736125
0.0679716
0.0614648
0.0543242
0.0467059
0.0388349
0.030858
0.0229604
0.0152434
0.00783756
0.00078048
-0.00585464
0.0816641
0.0795426
0.0759447
0.0711187
0.0653279
0.0587261
0.051549
0.0439672
0.0361971
0.0283851
0.0206996
0.0132344
0.00610106
-0.000668327
-0.00701653
0.0798413
0.0776601
0.0739394
0.0689832
0.0630792
0.056412
0.0492198
0.0416827
0.0340088
0.0263429
0.0188396
0.0115866
0.00468012
-0.00185183
-0.00796445
0.0783592
0.076133
0.0723206
0.067268
0.0612831
0.054574
0.0473802
0.0398876
0.0322971
0.0247517
0.0173949
0.0103099
0.00358138
-0.00276552
-0.00869546
0.0772914
0.0750342
0.0711593
0.066042
0.0600045
0.0532713
0.0460824
0.0386267
0.0310993
0.0236416
0.0163895
0.00942331
0.00281984
-0.00339749
-0.00920019
0.0767164
0.0744437
0.0705349
0.0653841
0.0593193
0.0525753
0.0453909
0.0379575
0.0304654
0.0230559
0.0158599
0.00895717
0.00241993
-0.00372826
-0.00946234
0.136102
0.139571
0.143983
0.152397
0.161181
0.173749
0.186923
0.203788
0.221688
0.243176
0.26608
0.292458
0.320275
0.35136
0.383222
0.136073
0.139538
0.14395
0.152355
0.161131
0.173684
0.186837
0.203674
0.221523
0.242951
0.265753
0.292008
0.319633
0.350489
0.382007
0.136014
0.139473
0.143882
0.152271
0.161033
0.173555
0.186667
0.203445
0.221196
0.242503
0.2651
0.291109
0.31835
0.348751
0.37958
0.135926
0.139375
0.143781
0.152146
0.160886
0.173362
0.186412
0.203103
0.220705
0.241833
0.264122
0.289766
0.31643
0.346151
0.375946
0.135809
0.139244
0.143647
0.151979
0.16069
0.173106
0.186073
0.202649
0.220054
0.240943
0.262824
0.287982
0.313879
0.342696
0.371114
0.135663
0.139082
0.14348
0.151761
0.160444
0.172787
0.185652
0.202083
0.219245
0.239835
0.261209
0.285764
0.310704
0.338397
0.365096
0.135489
0.138889
0.143283
0.151527
0.160149
0.172405
0.185151
0.201407
0.218281
0.238513
0.259282
0.283119
0.306914
0.333269
0.357911
0.135286
0.138664
0.143054
0.151247
0.159806
0.171963
0.18457
0.200623
0.217164
0.23698
0.25705
0.280055
0.302519
0.327326
0.349579
0.135055
0.13841
0.142791
0.150916
0.159419
0.171462
0.183912
0.199732
0.2159
0.23524
0.254519
0.276582
0.297531
0.320587
0.340127
0.134797
0.138127
0.142494
0.15055
0.158989
0.170902
0.183179
0.198737
0.214491
0.233298
0.251696
0.272707
0.291963
0.313076
0.329587
0.134511
0.137816
0.142154
0.150144
0.158515
0.170286
0.182373
0.19764
0.212943
0.231157
0.248591
0.268443
0.285831
0.304815
0.317997
0.134199
0.137479
0.141822
0.1497
0.157999
0.169615
0.181496
0.196445
0.21126
0.228822
0.245213
0.263799
0.27915
0.295832
0.305397
0.13386
0.137114
0.141434
0.149221
0.157443
0.168891
0.180551
0.195153
0.209447
0.226299
0.241571
0.258784
0.27194
0.286157
0.291832
0.133496
0.136722
0.141012
0.14871
0.156846
0.168116
0.17954
0.193769
0.207508
0.223592
0.237675
0.25341
0.26422
0.275821
0.277347
0.133107
0.136299
0.140564
0.148168
0.156212
0.167292
0.178466
0.192297
0.20545
0.220708
0.233538
0.247686
0.256014
0.264856
0.261986
0.132694
0.135845
0.140087
0.147595
0.155539
0.166421
0.177329
0.190737
0.203274
0.217651
0.229169
0.241621
0.247349
0.253291
0.245787
0.132258
0.135401
0.139582
0.146991
0.154829
0.165501
0.17613
0.189091
0.200981
0.214423
0.224575
0.235222
0.238257
0.241158
0.228784
0.131799
0.134904
0.139056
0.146366
0.154095
0.164552
0.17489
0.187384
0.1986
0.211056
0.219789
0.228522
0.228785
0.228486
0.211003
0.131318
0.13439
0.138513
0.145728
0.153351
0.1636
0.173645
0.18567
0.196187
0.207616
0.214855
0.22155
0.218934
0.215229
0.192325
0.130811
0.133841
0.137909
0.144997
0.152476
0.162466
0.172163
0.183645
0.193389
0.203695
0.209374
0.213901
0.20848
0.201174
0.172355
0.130811
0.133841
0.137909
0.144997
0.152476
0.162466
0.172163
0.183645
0.193389
0.203695
0.209374
0.213901
0.20848
0.201174
0.172355
0.131318
0.13439
0.138513
0.145728
0.153351
0.1636
0.173645
0.18567
0.196187
0.207616
0.214855
0.22155
0.218934
0.215229
0.192326
0.131799
0.134904
0.139056
0.146366
0.154095
0.164552
0.17489
0.187384
0.1986
0.211056
0.219789
0.228522
0.228785
0.228486
0.211003
0.132258
0.135401
0.139582
0.146991
0.154829
0.165501
0.17613
0.189091
0.200981
0.214423
0.224575
0.235222
0.238257
0.241158
0.228784
0.132694
0.135845
0.140087
0.147595
0.155539
0.166421
0.177329
0.190737
0.203274
0.217651
0.229169
0.241621
0.247349
0.253292
0.245787
0.133107
0.136299
0.140564
0.148168
0.156212
0.167292
0.178466
0.192297
0.20545
0.220708
0.233538
0.247686
0.256014
0.264856
0.261986
0.133496
0.136722
0.141012
0.14871
0.156846
0.168116
0.17954
0.193769
0.207508
0.223592
0.237675
0.25341
0.26422
0.275821
0.277347
0.13386
0.137114
0.141434
0.149221
0.157443
0.168891
0.180551
0.195153
0.209447
0.226299
0.241571
0.258784
0.27194
0.286157
0.291832
0.134199
0.137479
0.141822
0.1497
0.157999
0.169615
0.181496
0.196445
0.21126
0.228822
0.245213
0.263799
0.27915
0.295832
0.305397
0.134511
0.137816
0.142154
0.150144
0.158515
0.170286
0.182373
0.19764
0.212943
0.231157
0.248591
0.268443
0.285831
0.304815
0.317997
0.134797
0.138127
0.142494
0.15055
0.158989
0.170902
0.183179
0.198737
0.214491
0.233298
0.251696
0.272707
0.291963
0.313076
0.329587
0.135055
0.13841
0.142791
0.150916
0.159419
0.171462
0.183912
0.199732
0.2159
0.23524
0.254519
0.276582
0.297531
0.320587
0.340127
0.135286
0.138664
0.143054
0.151247
0.159806
0.171963
0.18457
0.200623
0.217164
0.23698
0.25705
0.280055
0.302519
0.327326
0.349579
0.135489
0.138889
0.143283
0.151527
0.160149
0.172405
0.185151
0.201407
0.218281
0.238513
0.259282
0.283119
0.306914
0.333269
0.357911
0.135663
0.139082
0.14348
0.151761
0.160444
0.172787
0.185652
0.202083
0.219245
0.239835
0.261209
0.285764
0.310704
0.338397
0.365096
0.135809
0.139244
0.143647
0.151979
0.16069
0.173106
0.186073
0.202649
0.220054
0.240943
0.262824
0.287982
0.313879
0.342696
0.371114
0.135926
0.139375
0.143781
0.152146
0.160886
0.173362
0.186412
0.203103
0.220705
0.241833
0.264122
0.289766
0.31643
0.346151
0.375946
0.136014
0.139473
0.143882
0.152271
0.161033
0.173555
0.186667
0.203445
0.221196
0.242503
0.2651
0.291109
0.31835
0.348751
0.37958
0.136073
0.139538
0.14395
0.152355
0.161131
0.173684
0.186837
0.203674
0.221523
0.242951
0.265753
0.292008
0.319633
0.350489
0.382007
0.136102
0.139571
0.143983
0.152397
0.161181
0.173749
0.186923
0.203788
0.221688
0.243176
0.26608
0.292458
0.320275
0.35136
0.383222
0.0767164
0.0744437
0.0705349
0.0653841
0.0593193
0.0525753
0.0453909
0.0379575
0.0304654
0.0230559
0.0158599
0.00895713
0.00241989
-0.0037283
-0.00946238
0.0772913
0.0750342
0.0711593
0.066042
0.0600045
0.0532713
0.0460824
0.0386267
0.0310993
0.0236416
0.0163895
0.00942328
0.0028198
-0.00339753
-0.00920024
0.0783592
0.076133
0.0723206
0.0672679
0.0612831
0.0545739
0.0473802
0.0398876
0.0322971
0.0247516
0.0173949
0.0103099
0.00358135
-0.00276556
-0.0086955
0.0798413
0.0776601
0.0739394
0.0689831
0.0630792
0.056412
0.0492198
0.0416827
0.0340087
0.0263429
0.0188396
0.0115866
0.00468008
-0.00185186
-0.00796449
0.0816641
0.0795426
0.0759447
0.0711187
0.0653279
0.0587261
0.051549
0.0439672
0.0361971
0.0283851
0.0206996
0.0132344
0.00610102
-0.000668364
-0.00701657
0.0837602
0.0817141
0.0782722
0.0736125
0.0679715
0.0614648
0.0543242
0.0467059
0.0388349
0.0308579
0.0229604
0.0152433
0.00783753
0.000780445
-0.00585468
0.0860681
0.0841144
0.0808637
0.076408
0.0709579
0.0645823
0.0575081
0.0498702
0.0419024
0.0337489
0.0256155
0.0176111
0.00988996
0.00249625
-0.00447673
0.0885323
0.0866892
0.0836657
0.0794526
0.0742389
0.0680371
0.061068
0.0534366
0.0453849
0.0370513
0.0286645
0.0203415
0.0122645
0.00448586
-0.00287638
0.0911026
0.0893903
0.0866294
0.0826975
0.0777694
0.0717906
0.0649741
0.0573845
0.0492716
0.0407626
0.0321117
0.0234431
0.014972
0.00676061
-0.00104333
0.0937347
0.0921749
0.0897095
0.0860968
0.0815073
0.0758056
0.0691975
0.0616947
0.0535534
0.0448829
0.0359648
0.0269289
0.0180282
0.00933601
0.00103643
0.0963895
0.0950053
0.0928639
0.089608
0.085412
0.0800461
0.0737102
0.0663479
0.0582222
0.049414
0.0402345
0.0308151
0.0214522
0.0122316
0.00338056
0.0990334
0.0978488
0.0960538
0.0931921
0.0894448
0.0844763
0.078483
0.0713241
0.0632693
0.0543585
0.0449331
0.0351209
0.0252672
0.0154707
0.00601042
0.101638
0.100677
0.0992436
0.0968134
0.0935681
0.0890605
0.0834858
0.0766014
0.0686847
0.0597181
0.0500737
0.0398677
0.0294994
0.0190805
0.0089513
0.10418
0.103464
0.102401
0.10044
0.0977451
0.0937635
0.0886864
0.0821555
0.0744561
0.065493
0.0556694
0.0450784
0.0341781
0.0230921
0.0122325
0.106641
0.106189
0.105498
0.104044
0.10194
0.0985505
0.0940506
0.0879592
0.0805679
0.0716806
0.0617322
0.0507765
0.0393351
0.0275402
0.0158878
0.109006
0.108832
0.108511
0.1076
0.106118
0.103388
0.0995415
0.0939831
0.0870003
0.0782748
0.0682723
0.0569858
0.0450043
0.0324634
0.0199554
0.111265
0.111378
0.111421
0.111084
0.110248
0.108242
0.10512
0.100195
0.0937283
0.085265
0.0752968
0.0637287
0.0512213
0.0379037
0.0244779
0.113411
0.113813
0.114212
0.114477
0.1143
0.113083
0.110746
0.106561
0.100721
0.0926358
0.0828084
0.0710251
0.0580225
0.0439062
0.0295028
0.115438
0.116127
0.116874
0.11776
0.118248
0.117877
0.116378
0.113045
0.10794
0.100367
0.0908035
0.0788916
0.0654448
0.0505184
0.0350816
0.117344
0.118313
0.1194
0.120916
0.12207
0.122596
0.121976
0.119609
0.115342
0.108435
0.0992704
0.0873408
0.0735239
0.0577885
0.0412695
0.119129
0.120365
0.121786
0.123932
0.12575
0.127209
0.127503
0.12621
0.12288
0.11681
0.108187
0.0963822
0.0822936
0.0657638
0.0481242
0.120793
0.122283
0.124028
0.126796
0.129272
0.131689
0.132925
0.132806
0.130503
0.125455
0.117522
0.106022
0.0917831
0.0744914
0.0557053
0.122339
0.124066
0.126127
0.129501
0.132627
0.136009
0.138211
0.139349
0.138158
0.134325
0.127232
0.116264
0.102015
0.0840243
0.064078
0.123768
0.125716
0.128084
0.132041
0.135806
0.140149
0.143334
0.145792
0.145795
0.143367
0.137264
0.1271
0.113
0.0944283
0.0733265
0.125085
0.127237
0.129902
0.134414
0.138803
0.144088
0.14827
0.152087
0.153365
0.152516
0.14756
0.138511
0.124718
0.105776
0.0835609
0.126295
0.128634
0.131583
0.13662
0.141617
0.147816
0.152999
0.158192
0.160821
0.1617
0.158067
0.150468
0.137122
0.118106
0.0948459
0.127401
0.129913
0.133133
0.138664
0.144247
0.151325
0.15751
0.164076
0.168128
0.170851
0.16874
0.162936
0.150162
0.131379
0.106973
0.128411
0.131078
0.134557
0.140549
0.146696
0.154613
0.161792
0.169707
0.175247
0.179882
0.179516
0.175833
0.16388
0.145612
0.119263
0.129328
0.132135
0.135854
0.14227
0.148949
0.157653
0.165797
0.175013
0.18207
0.188634
0.190239
0.189002
0.178486
0.161529
0.131487
0.130158
0.133089
0.137014
0.143808
0.150956
0.160378
0.169408
0.179863
0.188404
0.196947
0.200716
0.202418
0.194374
0.181393
0.147585
-0.0132405
-0.0152331
-0.0172464
-0.019269
-0.0212995
-0.0233395
-0.0253897
-0.0274491
-0.0295164
-0.03159
-0.0336689
-0.0357518
-0.0378377
-0.0399256
-0.0420142
-0.0441022
-0.0461883
-0.0482707
-0.0503516
-0.0524304
-0.0130154
-0.0150164
-0.0170386
-0.0190682
-0.0211059
-0.0231553
-0.0252176
-0.0272919
-0.0293764
-0.0314697
-0.0335704
-0.0356775
-0.0377898
-0.0399061
-0.0420252
-0.0441459
-0.0462669
-0.0483869
-0.0505056
-0.0526216
-0.0125872
-0.014625
-0.0166877
-0.0187558
-0.0208311
-0.0229196
-0.0250236
-0.0271418
-0.029272
-0.0314123
-0.0335613
-0.0357178
-0.0378805
-0.0400479
-0.0422186
-0.0443911
-0.0465634
-0.0487331
-0.0509025
-0.0530706
-0.0119717
-0.0140726
-0.0162023
-0.0183319
-0.0204655
-0.0226127
-0.0247774
-0.0269584
-0.0291526
-0.0313579
-0.0335726
-0.0357954
-0.0380251
-0.0402602
-0.0424991
-0.0447401
-0.0469813
-0.0492199
-0.0514591
-0.0536973
-0.0111763
-0.0133657
-0.0155882
-0.0178025
-0.0200151
-0.0222414
-0.0244874
-0.0267517
-0.0290303
-0.0313204
-0.0336204
-0.0359292
-0.0382453
-0.0405672
-0.0428932
-0.0452213
-0.047549
-0.0498709
-0.0521951
-0.0545198
-0.0102029
-0.0125061
-0.0148475
-0.0171691
-0.0194813
-0.0218062
-0.0241532
-0.0265201
-0.0289021
-0.0312956
-0.0336988
-0.0361107
-0.0385299
-0.0409549
-0.0433838
-0.0458147
-0.0482455
-0.0506733
-0.0531015
-0.0555281
-0.00904932
-0.0114922
-0.0139796
-0.016432
-0.0188643
-0.0213078
-0.0237756
-0.0262652
-0.02877
-0.0312856
-0.0338104
-0.0363432
-0.0388829
-0.0414276
-0.0439756
-0.0465251
-0.0490748
-0.0516282
-0.0541781
-0.0567224
-0.00770996
-0.0103198
-0.012982
-0.0155897
-0.0181634
-0.0207461
-0.0233555
-0.0259886
-0.0286365
-0.0312942
-0.0339598
-0.0366327
-0.0393116
-0.041995
-0.0446808
-0.0473672
-0.0500525
-0.052739
-0.0554226
-0.0581004
-0.00617559
-0.00898145
-0.0118497
-0.0146391
-0.0173766
-0.0201198
-0.0228927
-0.0256908
-0.0285031
-0.0313231
-0.0341491
-0.0369808
-0.0398173
-0.0426568
-0.0454973
-0.0483368
-0.0511735
-0.0540106
-0.0568445
-0.059672
-0.00443378
-0.00746708
-0.0105759
-0.0135755
-0.0165008
-0.0194273
-0.0223867
-0.0253731
-0.0283721
-0.0313759
-0.0343829
-0.0373934
-0.0404068
-0.0434213
-0.0464347
-0.0494449
-0.0524498
-0.0554544
-0.0584552
-0.0614483
-0.00246883
-0.00576406
-0.00915199
-0.0123933
-0.0155321
-0.0186665
-0.0218374
-0.025037
-0.0282468
-0.0314573
-0.0346673
-0.0378777
-0.0410883
-0.0442973
-0.0475025
-0.0507014
-0.0538917
-0.0570809
-0.0602654
-0.0634407
-0.000261581
-0.00385684
-0.00756728
-0.0110854
-0.0144658
-0.0178345
-0.0212441
-0.0246842
-0.028131
-0.031573
-0.0350094
-0.0384423
-0.0418718
-0.0452962
-0.0487129
-0.0521192
-0.0555124
-0.0589038
-0.0622896
-0.065664
0.00221083
-0.00172677
-0.00580891
-0.00964293
-0.0132957
-0.0169277
-0.020606
-0.0243165
-0.0280289
-0.0317292
-0.0354175
-0.0390972
-0.0427689
-0.046431
-0.0500803
-0.053714
-0.0573278
-0.0609394
-0.0645448
-0.0681359
0.00497534
0.000648251
-0.00386153
-0.00805545
-0.0120144
-0.0159417
-0.0199218
-0.0239358
-0.0279452
-0.031933
-0.0359008
-0.0398536
-0.0437927
-0.0477163
-0.0516208
-0.0555027
-0.0593548
-0.0632056
-0.0670505
-0.0708778
0.00806323
0.00329406
-0.00170704
-0.00631025
-0.0106127
-0.0148705
-0.0191892
-0.0235434
-0.0278843
-0.0321918
-0.0364694
-0.0407244
-0.044959
-0.0491704
-0.0533534
-0.0575019
-0.0616066
-0.0657154
-0.0698214
-0.073905
0.0115105
0.00624061
0.000675779
-0.00439225
-0.00907963
-0.013707
-0.0184054
-0.0231405
-0.0278504
-0.0325118
-0.0371309
-0.041719
-0.0462807
-0.0508162
-0.0553214
-0.0597853
-0.064151
-0.0685314
-0.0729116
-0.0772627
0.0153582
0.00952233
0.00331171
-0.00228338
-0.00740172
-0.012443
-0.017568
-0.0227298
-0.0278504
-0.0329022
-0.0378946
-0.0428404
-0.0477425
-0.052596
-0.0573982
-0.0621574
-0.0669485
-0.0716835
-0.0763557
-0.0809797
0.0196528
0.0131786
0.00622995
3.84905e-05
-0.00556215
-0.0110678
-0.0166733
-0.0223148
-0.0278947
-0.0333823
-0.0387924
-0.0441429
-0.0494386
-0.0546762
-0.0598536
-0.0649726
-0.0700812
-0.0751356
-0.080125
-0.0850565
0.0244456
0.0172541
0.00946479
0.0026009
-0.00353887
-0.00956645
-0.0157143
-0.0218952
-0.0279883
-0.0339605
-0.0398344
-0.0456321
-0.0513583
-0.057007
-0.0625741
-0.06806
-0.0735247
-0.0789349
-0.0842724
-0.0895368
0.0297927
0.0217975
0.0130556
0.00543759
-0.00130374
-0.00791911
-0.0146801
-0.0214669
-0.0281316
-0.0346415
-0.0410294
-0.0473218
-0.053522
-0.0596216
-0.0656151
-0.0714993
-0.0773537
-0.0831485
-0.0888561
-0.0944706
0.035752
0.0268598
0.0170462
0.00858888
0.00117776
-0.00610187
-0.0135575
-0.0210244
-0.0283249
-0.0354321
-0.0423915
-0.0492337
-0.0559587
-0.0625544
-0.0690119
-0.0753207
-0.0815978
-0.0878088
-0.0939106
-0.0998937
0.0423798
0.0324893
0.021482
0.0121021
0.00394709
-0.00408695
-0.0123312
-0.0205594
-0.0285656
-0.036336
-0.043932
-0.0513857
-0.0586937
-0.0658413
-0.0728148
-0.0795777
-0.0863135
-0.0929691
-0.0994847
-0.105853
0.0497247
0.0387238
0.0264076
0.0160316
0.00705206
-0.00184399
-0.0109836
-0.0200602
-0.0288474
-0.0373551
-0.0456587
-0.0537857
-0.0617283
-0.0694777
-0.0770313
-0.084353
-0.0916056
-0.0987184
-0.105651
-0.112412
0.0578247
0.0455847
0.0318653
0.0204391
0.0105438
0.000657062
-0.00949438
-0.01951
-0.0291627
-0.0384965
-0.0475917
-0.0564582
-0.0650679
-0.0734072
-0.0814995
-0.0896121
-0.0974846
-0.105082
-0.112448
-0.119618
0.0667085
0.0530845
0.0379076
0.025398
0.014474
0.003445
-0.00783799
-0.0188839
-0.0294988
-0.0397677
-0.0497653
-0.0594843
-0.0688938
-0.0779864
-0.0867666
-0.0954649
-0.10392
-0.112062
-0.119917
-0.127523
0.07638
0.0612458
0.044623
0.031005
0.0188983
0.00655328
-0.00597596
-0.018144
-0.0298322
-0.0411592
-0.0521753
-0.0628504
-0.0731449
-0.0830357
-0.0925135
-0.101901
-0.111019
-0.119757
-0.128134
-0.136198
0.0867233
0.070072
0.0521353
0.0373854
0.0238849
0.0100323
-0.00384997
-0.0172417
-0.0301334
-0.0426493
-0.0547992
-0.0665449
-0.0778638
-0.0887394
-0.098998
-0.109146
-0.11895
-0.128293
-0.13721
-0.145751
0.0972758
0.0793463
0.0604947
0.0446468
0.0295127
0.0139799
-0.00135197
-0.0161005
-0.0303597
-0.0442122
-0.0576138
-0.0704938
-0.0828057
-0.0945633
-0.106129
-0.117244
-0.127759
-0.137724
-0.147215
-0.156263
0.107139
0.088338
0.0694059
0.0525979
0.0356677
0.0184064
0.00155767
-0.0147097
-0.0305165
-0.0458765
-0.060733
-0.0750277
-0.0886833
-0.101547
-0.114178
-0.126161
-0.137408
-0.14804
-0.15814
-0.167719
0.115793
0.0967498
0.0787585
0.0610679
0.042528
0.0238055
0.00549015
-0.0123727
-0.0298043
-0.0467368
-0.0631069
-0.0788883
-0.0940818
-0.108592
-0.122735
-0.135867
-0.14802
-0.159416
-0.170157
-0.180253
-0.0545051
-0.0565737
-0.0586351
-0.0606887
-0.0627338
-0.0647699
-0.0667961
-0.0688119
-0.0708165
-0.0728093
-0.0747899
-0.0767575
-0.0787118
-0.0806522
-0.0825783
-0.0844896
-0.0863858
-0.0882664
-0.0901316
-0.0919816
-0.0547331
-0.056839
-0.0589382
-0.0610297
-0.0631125
-0.0651856
-0.067248
-0.0692988
-0.0713371
-0.0733619
-0.0753725
-0.0773681
-0.0793478
-0.0813109
-0.0832568
-0.0851846
-0.0870939
-0.0889839
-0.0908549
-0.0927065
-0.0552347
-0.0573929
-0.0595435
-0.0616856
-0.0638182
-0.0659402
-0.0680505
-0.070148
-0.0722317
-0.0743007
-0.0763541
-0.078391
-0.0804107
-0.0824122
-0.084395
-0.0863583
-0.0883016
-0.090224
-0.0921268
-0.0940086
-0.0559313
-0.0581589
-0.0603785
-0.0625891
-0.0647897
-0.0669791
-0.069156
-0.0713193
-0.073468
-0.075601
-0.0777173
-0.0798159
-0.0818961
-0.0839568
-0.0859975
-0.0880171
-0.0900155
-0.0919911
-0.0939465
-0.095879
-0.0568405
-0.0591541
-0.0614591
-0.0637544
-0.066039
-0.0683116
-0.0705711
-0.0728162
-0.0750456
-0.0772585
-0.0794536
-0.0816301
-0.083787
-0.0859234
-0.0880386
-0.0901317
-0.0922024
-0.0942492
-0.0962758
-0.0982782
-0.0579497
-0.0603638
-0.062769
-0.0651641
-0.0675478
-0.0699189
-0.0722761
-0.0746181
-0.0769438
-0.0792521
-0.0815419
-0.0838122
-0.0860622
-0.0882908
-0.0904975
-0.092681
-0.0948418
-0.0969774
-0.0990936
-0.101185
-0.05926
-0.0617898
-0.0643104
-0.0668204
-0.0693183
-0.0718029
-0.0742728
-0.0767268
-0.0791639
-0.0815828
-0.0839825
-0.0863621
-0.0887207
-0.0910572
-0.0933712
-0.0956614
-0.0979285
-0.10017
-0.102392
-0.10459
-0.0607707
-0.0634323
-0.0660836
-0.0687234
-0.0713504
-0.0739633
-0.0765607
-0.0791415
-0.0817046
-0.0842489
-0.0867734
-0.0892772
-0.0917593
-0.094219
-0.0966557
-0.0990681
-0.101457
-0.10382
-0.106166
-0.108488
-0.0624909
-0.0652995
-0.0680967
-0.0708813
-0.0736521
-0.0764078
-0.0791472
-0.0818693
-0.0845728
-0.0872569
-0.0899206
-0.092563
-0.0951834
-0.0977808
-0.100355
-0.102905
-0.105431
-0.107931
-0.110417
-0.11288
-0.0644311
-0.0674021
-0.0703601
-0.0733042
-0.0762333
-0.0791462
-0.0820419
-0.0849192
-0.0877773
-0.0906151
-0.093432
-0.0962271
-0.0989998
-0.101749
-0.104475
-0.107176
-0.109855
-0.112507
-0.115147
-0.117769
-0.0666035
-0.0697523
-0.0728862
-0.0760046
-0.0791066
-0.082191
-0.0852569
-0.0883034
-0.0913297
-0.094335
-0.0973187
-0.10028
-0.103218
-0.106133
-0.109025
-0.111891
-0.114736
-0.117554
-0.120364
-0.12316
-0.0690231
-0.0723654
-0.0756905
-0.0789981
-0.0822873
-0.0855573
-0.0888073
-0.0920366
-0.0952445
-0.0984304
-0.101594
-0.104734
-0.107851
-0.110945
-0.114014
-0.117059
-0.120082
-0.123079
-0.126073
-0.12906
-0.071708
-0.0752597
-0.0787911
-0.0823024
-0.0857931
-0.0892626
-0.0927101
-0.0961352
-0.0995375
-0.102916
-0.106272
-0.109604
-0.112911
-0.116195
-0.119454
-0.122689
-0.125902
-0.12909
-0.13228
-0.135473
-0.0746804
-0.0784574
-0.0822103
-0.0859398
-0.0896458
-0.093328
-0.0969857
-0.100619
-0.104227
-0.107811
-0.111369
-0.114903
-0.118412
-0.121896
-0.125356
-0.12879
-0.132204
-0.135593
-0.138989
-0.1424
-0.0779564
-0.0819756
-0.0859656
-0.0899282
-0.0938637
-0.0977716
-0.101652
-0.105505
-0.109331
-0.11313
-0.116901
-0.120647
-0.124366
-0.128059
-0.131728
-0.13537
-0.138993
-0.142591
-0.146201
-0.149842
-0.081575
-0.0858501
-0.0900912
-0.0942998
-0.0984765
-0.102621
-0.106735
-0.110818
-0.11487
-0.118893
-0.122886
-0.12685
-0.130787
-0.134695
-0.138578
-0.142433
-0.146269
-0.150082
-0.153912
-0.157792
-0.0855635
-0.0901082
-0.0946138
-0.0990806
-0.103509
-0.107901
-0.112257
-0.116577
-0.120863
-0.125116
-0.129336
-0.133526
-0.137684
-0.141813
-0.145913
-0.149983
-0.154032
-0.158059
-0.16211
-0.166233
-0.0899369
-0.0947689
-0.0995533
-0.104291
-0.108984
-0.113632
-0.118239
-0.122804
-0.12733
-0.131817
-0.136267
-0.140681
-0.145061
-0.14941
-0.153728
-0.158016
-0.162279
-0.166516
-0.170783
-0.175145
-0.0947338
-0.0998689
-0.104945
-0.109965
-0.114931
-0.119843
-0.124706
-0.12952
-0.134289
-0.139013
-0.143694
-0.148333
-0.15293
-0.157489
-0.162014
-0.166508
-0.170978
-0.175427
-0.179907
-0.184503
-0.0999991
-0.10545
-0.110829
-0.11614
-0.121384
-0.126565
-0.131685
-0.136747
-0.141754
-0.14671
-0.151617
-0.15648
-0.161295
-0.166066
-0.170785
-0.175467
-0.180111
-0.184747
-0.18942
-0.194252
-0.105769
-0.111548
-0.11724
-0.122847
-0.128374
-0.133824
-0.139201
-0.144508
-0.149747
-0.154923
-0.160037
-0.1651
-0.170111
-0.175086
-0.180005
-0.184891
-0.1897
-0.194504
-0.199312
-0.204364
-0.112089
-0.118208
-0.124218
-0.130124
-0.135932
-0.141647
-0.147275
-0.15282
-0.158285
-0.163676
-0.168987
-0.174229
-0.179391
-0.184513
-0.189565
-0.194634
-0.199608
-0.204641
-0.20957
-0.214869
-0.119019
-0.125483
-0.131813
-0.138015
-0.144096
-0.150062
-0.155921
-0.161682
-0.16735
-0.172938
-0.17844
-0.183874
-0.189202
-0.19447
-0.19959
-0.204736
-0.209719
-0.214947
-0.219956
-0.225656
-0.126607
-0.133421
-0.14007
-0.146561
-0.152903
-0.159105
-0.165173
-0.171116
-0.176941
-0.182664
-0.188291
-0.193859
-0.199341
-0.20481
-0.210099
-0.215429
-0.220371
-0.225692
-0.23049
-0.236693
-0.134903
-0.142069
-0.14903
-0.155799
-0.162386
-0.168803
-0.175058
-0.181162
-0.187115
-0.192929
-0.198601
-0.204173
-0.209627
-0.215107
-0.220466
-0.226068
-0.231216
-0.236976
-0.241546
-0.248392
-0.143979
-0.15149
-0.158747
-0.165765
-0.172561
-0.179151
-0.185551
-0.191776
-0.197836
-0.203742
-0.209482
-0.215071
-0.220458
-0.22576
-0.230832
-0.236211
-0.241214
-0.247474
-0.252173
-0.260385
-0.153938
-0.161785
-0.169311
-0.176537
-0.183483
-0.19017
-0.196621
-0.202863
-0.208922
-0.214827
-0.220599
-0.226262
-0.231777
-0.237186
-0.242273
-0.247418
-0.251884
-0.25777
-0.261905
-0.271811
-0.164872
-0.173055
-0.180834
-0.188233
-0.195273
-0.201978
-0.208372
-0.214484
-0.220348
-0.226008
-0.231518
-0.236949
-0.24236
-0.247856
-0.253363
-0.259103
-0.264302
-0.270504
-0.274135
-0.285012
-0.176771
-0.185307
-0.193346
-0.20091
-0.208021
-0.2147
-0.220971
-0.226856
-0.232382
-0.237584
-0.242509
-0.24723
-0.251849
-0.256531
-0.261454
-0.266984
-0.273031
-0.280707
-0.286877
-0.299796
-0.189704
-0.198527
-0.20675
-0.214395
-0.221486
-0.22805
-0.234113
-0.239702
-0.244843
-0.249561
-0.253885
-0.257856
-0.261537
-0.265026
-0.268482
-0.272173
-0.276425
-0.282162
-0.289046
-0.302838
-0.0966245
-0.104019
-0.11141
-0.118704
-0.125792
-0.132577
-0.138948
-0.1448
-0.150004
-0.154445
-0.157979
-0.160494
-0.161848
-0.161948
-0.160667
-0.157951
-0.1537
-0.147923
-0.14057
-0.131748
-0.121485
-0.110027
-0.0974927
-0.0842833
-0.0705894
-0.056906
-0.043378
-0.0304078
-0.0178706
-0.00593585
-0.0973901
-0.10485
-0.112288
-0.119614
-0.126724
-0.133525
-0.139902
-0.145753
-0.150946
-0.155366
-0.15887
-0.161347
-0.162655
-0.162705
-0.161367
-0.15859
-0.154272
-0.148423
-0.140992
-0.132091
-0.121744
-0.110202
-0.0975845
-0.0843014
-0.0705438
-0.0568213
-0.0432727
-0.0303146
-0.0178019
-0.00591427
-0.0988097
-0.106407
-0.113935
-0.121321
-0.128471
-0.135299
-0.14169
-0.147538
-0.152709
-0.157089
-0.160534
-0.162939
-0.164163
-0.164117
-0.162674
-0.159782
-0.155339
-0.149356
-0.141782
-0.132731
-0.122228
-0.110529
-0.097756
-0.0843331
-0.0704586
-0.0566598
-0.0430759
-0.0301353
-0.0176717
-0.00586965
-0.100846
-0.108634
-0.116286
-0.12375
-0.130954
-0.137816
-0.144222
-0.150062
-0.155197
-0.159516
-0.162877
-0.165179
-0.166282
-0.166102
-0.16451
-0.161456
-0.156836
-0.150665
-0.142891
-0.133629
-0.122906
-0.110984
-0.097994
-0.0843728
-0.070334
-0.0564263
-0.042794
-0.029876
-0.0174843
-0.00580373
-0.103459
-0.111485
-0.119285
-0.12684
-0.134102
-0.141001
-0.14742
-0.153241
-0.158327
-0.162563
-0.165814
-0.167982
-0.168933
-0.168583
-0.166804
-0.163546
-0.158706
-0.1523
-0.144275
-0.13475
-0.123752
-0.11155
-0.0982859
-0.0844137
-0.0701685
-0.0561228
-0.0424314
-0.0295415
-0.0172437
-0.00571799
-0.106625
-0.11493
-0.122893
-0.130542
-0.137862
-0.144793
-0.151216
-0.157007
-0.162024
-0.166155
-0.169271
-0.171278
-0.172046
-0.171494
-0.169495
-0.165997
-0.160899
-0.154217
-0.145899
-0.136063
-0.124743
-0.112209
-0.0986203
-0.0844487
-0.0699602
-0.0557502
-0.0419919
-0.0291354
-0.0169531
-0.00561326
-0.110333
-0.118946
-0.127079
-0.134815
-0.142184
-0.149138
-0.155553
-0.161297
-0.166225
-0.170227
-0.173181
-0.175001
-0.17556
-0.174778
-0.172528
-0.168759
-0.16337
-0.156376
-0.14773
-0.137542
-0.125857
-0.112944
-0.0989868
-0.0844711
-0.0697069
-0.0553088
-0.0414787
-0.0286604
-0.0166152
-0.00548999
-0.114575
-0.12352
-0.131817
-0.139625
-0.147026
-0.153988
-0.160378
-0.166055
-0.170869
-0.174717
-0.177485
-0.179094
-0.17942
-0.178382
-0.175855
-0.171786
-0.16608
-0.158744
-0.149737
-0.139164
-0.127076
-0.113743
-0.0993761
-0.084475
-0.0694069
-0.0547984
-0.0408943
-0.0281184
-0.0162326
-0.00534833
-0.11935
-0.12864
-0.137085
-0.144939
-0.152348
-0.159297
-0.165642
-0.171228
-0.175903
-0.179571
-0.182129
-0.183503
-0.183574
-0.182257
-0.179431
-0.175039
-0.168992
-0.161289
-0.151896
-0.140905
-0.128385
-0.114592
-0.0997803
-0.0844546
-0.0690585
-0.0542187
-0.0402415
-0.0275111
-0.0158079
-0.00518815
-0.124659
-0.134297
-0.14286
-0.150723
-0.158111
-0.165022
-0.171298
-0.176767
-0.181274
-0.184735
-0.187061
-0.18818
-0.187976
-0.186361
-0.183216
-0.178482
-0.172073
-0.163983
-0.154183
-0.142749
-0.129768
-0.11548
-0.100193
-0.0844053
-0.0686607
-0.0535697
-0.0395233
-0.0268399
-0.0153437
-0.00500905
-0.130506
-0.140482
-0.149118
-0.156945
-0.164275
-0.171121
-0.177301
-0.182622
-0.186933
-0.190162
-0.192234
-0.193081
-0.192584
-0.190653
-0.187173
-0.182079
-0.175295
-0.1668
-0.156577
-0.144678
-0.131215
-0.1164
-0.100607
-0.0843229
-0.068213
-0.0528513
-0.0387428
-0.0261062
-0.0148432
-0.00481039
-0.136892
-0.147183
-0.155834
-0.163567
-0.1708
-0.177552
-0.183606
-0.188748
-0.192832
-0.195806
-0.197606
-0.198163
-0.197358
-0.195097
-0.191268
-0.185803
-0.178631
-0.169718
-0.15906
-0.146678
-0.132714
-0.117342
-0.101019
-0.0842042
-0.0677157
-0.0520641
-0.0379038
-0.0253117
-0.0143095
-0.00459129
-0.143821
-0.154386
-0.162976
-0.17055
-0.177644
-0.184272
-0.190169
-0.195098
-0.198925
-0.201623
-0.203135
-0.203389
-0.202262
-0.199659
-0.19547
-0.189624
-0.182056
-0.172717
-0.161613
-0.148735
-0.134256
-0.1183
-0.101424
-0.0840467
-0.0671694
-0.0512094
-0.0370101
-0.0244582
-0.0137459
-0.00435075
-0.151287
-0.162068
-0.170506
-0.177851
-0.184767
-0.191241
-0.196946
-0.201626
-0.20517
-0.207575
-0.208785
-0.208724
-0.207263
-0.204309
-0.199751
-0.193519
-0.185547
-0.175777
-0.164222
-0.150838
-0.135832
-0.119267
-0.10182
-0.0838485
-0.0665754
-0.0502886
-0.0360657
-0.023548
-0.013156
-0.00408766
-0.159285
-0.170201
-0.17838
-0.185426
-0.192125
-0.198416
-0.203892
-0.208289
-0.211527
-0.213624
-0.21452
-0.214136
-0.212331
-0.20902
-0.204086
-0.197465
-0.189085
-0.178882
-0.166873
-0.152977
-0.137435
-0.120239
-0.102203
-0.0836086
-0.0659355
-0.049304
-0.0350751
-0.0225839
-0.0125434
-0.00380098
-0.167798
-0.178747
-0.186548
-0.193226
-0.199679
-0.205756
-0.210962
-0.215045
-0.217957
-0.219737
-0.220309
-0.219593
-0.217437
-0.213767
-0.208452
-0.201441
-0.192648
-0.182016
-0.16955
-0.155144
-0.139057
-0.121212
-0.102571
-0.0833269
-0.0652517
-0.0482588
-0.0340427
-0.0215691
-0.0119115
-0.00348983
-0.176804
-0.187655
-0.194951
-0.201204
-0.207387
-0.213217
-0.218114
-0.221855
-0.224426
-0.225882
-0.226122
-0.225069
-0.222557
-0.218527
-0.212825
-0.205428
-0.196219
-0.185166
-0.172241
-0.157329
-0.14069
-0.122183
-0.102923
-0.0830037
-0.0645268
-0.0471567
-0.0329733
-0.0205079
-0.011264
-0.00315365
-0.186268
-0.196864
-0.203527
-0.209316
-0.215212
-0.220756
-0.225304
-0.228681
-0.230904
-0.23203
-0.231929
-0.230536
-0.227664
-0.223274
-0.217182
-0.209404
-0.199777
-0.188314
-0.174931
-0.159524
-0.142328
-0.123148
-0.103256
-0.0826403
-0.0637638
-0.0460026
-0.0318722
-0.0194053
-0.0106043
-0.00279242
-0.196145
-0.206295
-0.212214
-0.217521
-0.223113
-0.228328
-0.232489
-0.235489
-0.237357
-0.238148
-0.2377
-0.235965
-0.232729
-0.227982
-0.221496
-0.213345
-0.203298
-0.191442
-0.177601
-0.161718
-0.143958
-0.124102
-0.103568
-0.0822385
-0.0629664
-0.0448025
-0.0307451
-0.0182676
-0.00993589
-0.00240682
-0.206368
-0.215858
-0.220952
-0.225782
-0.231045
-0.23588
-0.239627
-0.242239
-0.243748
-0.244196
-0.243395
-0.241315
-0.237715
-0.232612
-0.225733
-0.217218
-0.206751
-0.194524
-0.180227
-0.163893
-0.145568
-0.12504
-0.103855
-0.0818007
-0.0621388
-0.043564
-0.0295984
-0.0171022
-0.00926242
-0.00199847
-0.216835
-0.225437
-0.229684
-0.234059
-0.238951
-0.243354
-0.246663
-0.248879
-0.250022
-0.250118
-0.24896
-0.246531
-0.242564
-0.237111
-0.229842
-0.220978
-0.210097
-0.197525
-0.182779
-0.166028
-0.147137
-0.125952
-0.104112
-0.0813298
-0.0612857
-0.0422961
-0.0284394
-0.0159176
-0.00858764
-0.00156995
-0.227399
-0.234898
-0.238355
-0.242293
-0.246747
-0.250669
-0.253524
-0.255333
-0.2561
-0.255834
-0.254316
-0.251538
-0.247202
-0.241409
-0.233762
-0.224567
-0.213284
-0.2004
-0.185219
-0.168095
-0.148643
-0.126827
-0.104332
-0.0808292
-0.0604126
-0.0410095
-0.0272762
-0.0147239
-0.00791551
-0.00112486
-0.237809
-0.244077
-0.246896
-0.250388
-0.254318
-0.257714
-0.260099
-0.261489
-0.261867
-0.261231
-0.259356
-0.256239
-0.251539
-0.245424
-0.237419
-0.227919
-0.216256
-0.203101
-0.187505
-0.170059
-0.15006
-0.127651
-0.104508
-0.0803026
-0.0595257
-0.0397164
-0.0261177
-0.013532
-0.00725016
-0.000667715
-0.247673
-0.25277
-0.255194
-0.258187
-0.261501
-0.264339
-0.266241
-0.267199
-0.267183
-0.266178
-0.263953
-0.260505
-0.255482
-0.249071
-0.24074
-0.230969
-0.218961
-0.205579
-0.189598
-0.171887
-0.151359
-0.128408
-0.104631
-0.0797542
-0.0586312
-0.0384298
-0.0249731
-0.0123534
-0.00659579
-0.000203795
-0.25654
-0.260743
-0.263068
-0.265466
-0.268092
-0.27036
-0.271774
-0.272299
-0.2719
-0.270545
-0.267996
-0.26425
-0.258951
-0.252281
-0.243668
-0.233666
-0.221356
-0.207794
-0.191466
-0.173548
-0.152519
-0.129083
-0.104695
-0.0791883
-0.0577359
-0.0371629
-0.0238515
-0.0111997
-0.00595655
0.000261149
-0.263906
-0.267776
-0.270253
-0.271949
-0.273877
-0.27559
-0.276532
-0.27665
-0.275902
-0.27424
-0.271422
-0.26742
-0.261896
-0.255013
-0.246171
-0.235982
-0.223419
-0.209721
-0.193088
-0.175019
-0.153523
-0.129665
-0.104695
-0.0786093
-0.0568464
-0.0359283
-0.0227618
-0.0100821
-0.00533638
0.000721222
-0.26925
-0.273671
-0.276432
-0.27739
-0.278691
-0.279898
-0.280419
-0.280185
-0.279147
-0.277233
-0.274199
-0.27001
-0.264316
-0.257269
-0.24825
-0.237917
-0.22515
-0.211356
-0.194462
-0.176289
-0.154365
-0.130147
-0.104629
-0.0780225
-0.0559697
-0.0347377
-0.021712
-0.00901059
-0.00473888
0.0011707
-0.272826
-0.278299
-0.281317
-0.28166
-0.282484
-0.283266
-0.283446
-0.282941
-0.281683
-0.27957
-0.276389
-0.272072
-0.266261
-0.259096
-0.249949
-0.23951
-0.226584
-0.212725
-0.195609
-0.17737
-0.155056
-0.130535
-0.104509
-0.0774389
-0.0551161
-0.0336036
-0.0207103
-0.00799418
-0.00416718
0.00160439
-0.276062
-0.281698
-0.284787
-0.284804
-0.285333
-0.285784
-0.285718
-0.285023
-0.283625
-0.281369
-0.278091
-0.273688
-0.267801
-0.260555
-0.25132
-0.240803
-0.227756
-0.213853
-0.196553
-0.178273
-0.155607
-0.130833
-0.104336
-0.0768612
-0.0542891
-0.0325306
-0.0197604
-0.00703781
-0.00362363
0.00201837
-0.280992
-0.284298
-0.287034
-0.286966
-0.287339
-0.287542
-0.287303
-0.286479
-0.285006
-0.282776
-0.279343
-0.27484
-0.268887
-0.261573
-0.252269
-0.241693
-0.228552
-0.214622
-0.197167
-0.178868
-0.155892
-0.130919
-0.104015
-0.0762111
-0.0534389
-0.0314871
-0.0188499
-0.00613609
-0.00311066
0.0024106
-0.292938
-0.286835
-0.288215
-0.288023
-0.2883
-0.288343
-0.287988
-0.287055
-0.285475
-0.283071
-0.279673
-0.275151
-0.269164
-0.261818
-0.252477
-0.241879
-0.228687
-0.214758
-0.197206
-0.178912
-0.155732
-0.13066
-0.103509
-0.0755275
-0.0526632
-0.0306117
-0.0181067
-0.00541376
-0.00270006
0.00272759
-0.295402
-0.288084
-0.289268
-0.289017
-0.289211
-0.289093
-0.288615
-0.28756
-0.28587
-0.283369
-0.279866
-0.27524
-0.269166
-0.261734
-0.252324
-0.241662
-0.228416
-0.214455
-0.19682
-0.178504
-0.155141
-0.130005
-0.102684
-0.0746531
-0.0517933
-0.0297646
-0.0174214
-0.00480176
-0.00235117
0.00298343
-0.295824
-0.288381
-0.289948
-0.289658
-0.289828
-0.289598
-0.289028
-0.287874
-0.286093
-0.2835
-0.279931
-0.275215
-0.269057
-0.261535
-0.252055
-0.241319
-0.228017
-0.214008
-0.196283
-0.177925
-0.154368
-0.129169
-0.101686
-0.0736495
-0.0508239
-0.0288696
-0.0167083
-0.00419089
-0.00200083
0.00323231
-0.296194
-0.28854
-0.290441
-0.290087
-0.29025
-0.289931
-0.289296
-0.288066
-0.286217
-0.283556
-0.279922
-0.275129
-0.268902
-0.261307
-0.25177
-0.240973
-0.227625
-0.213572
-0.195767
-0.177363
-0.153624
-0.128366
-0.10073
-0.0726924
-0.049897
-0.0280158
-0.0160244
-0.00360659
-0.00166145
0.00347166
-0.296214
-0.288633
-0.29083
-0.290391
-0.290555
-0.290159
-0.28947
-0.288173
-0.286263
-0.28354
-0.279859
-0.274983
-0.268693
-0.261036
-0.25145
-0.240601
-0.227215
-0.213122
-0.195243
-0.176793
-0.152885
-0.127577
-0.0998037
-0.0717733
-0.04901
-0.0272035
-0.015372
-0.00305071
-0.00133471
0.00370056
-0.295979
-0.288666
-0.291114
-0.29058
-0.290755
-0.290291
-0.289559
-0.288202
-0.286238
-0.283455
-0.279696
-0.274784
-0.268436
-0.260721
-0.251093
-0.240198
-0.226778
-0.212645
-0.194697
-0.176196
-0.152131
-0.126778
-0.0988836
-0.0708746
-0.0481498
-0.0264255
-0.0147471
-0.0025228
-0.00102073
0.00391818
-0.295612
-0.288678
-0.291296
-0.290666
-0.290859
-0.290338
-0.289571
-0.288161
-0.28615
-0.283312
-0.279461
-0.27454
-0.268138
-0.260372
-0.250707
-0.239771
-0.226322
-0.212148
-0.194133
-0.175577
-0.151364
-0.125973
-0.0979731
-0.0699987
-0.0473183
-0.0256839
-0.0141514
-0.00202465
-0.000720619
0.00412359
-0.295164
-0.288676
-0.291387
-0.290665
-0.290883
-0.29031
-0.289517
-0.288061
-0.28601
-0.283124
-0.279252
-0.274258
-0.267809
-0.259999
-0.250302
-0.239329
-0.225853
-0.211637
-0.193558
-0.174941
-0.150592
-0.125168
-0.09708
-0.0691523
-0.0465211
-0.0249829
-0.013588
-0.00155848
-0.000435792
0.00431591
-0.294675
-0.288641
-0.291409
-0.29059
-0.290841
-0.290222
-0.289409
-0.287913
-0.285827
-0.282897
-0.278987
-0.273955
-0.267457
-0.259608
-0.249883
-0.238878
-0.225378
-0.211119
-0.192978
-0.174295
-0.149823
-0.124371
-0.0962107
-0.0683405
-0.0457629
-0.024326
-0.0130594
-0.0011261
-0.000167562
0.00449444
-0.294178
-0.28856
-0.291373
-0.290452
-0.290744
-0.290083
-0.289257
-0.287727
-0.285612
-0.282643
-0.278698
-0.273624
-0.267089
-0.259207
-0.249459
-0.238425
-0.224903
-0.2106
-0.192398
-0.173646
-0.149062
-0.123587
-0.0953713
-0.0675679
-0.0450476
-0.0237159
-0.0125678
-0.00072886
8.28831e-05
0.00465858
-0.293599
-0.288539
-0.291208
-0.290304
-0.290597
-0.289909
-0.289072
-0.287513
-0.285372
-0.282369
-0.278393
-0.273222
-0.26672
-0.258806
-0.249038
-0.237979
-0.224434
-0.210086
-0.191826
-0.173
-0.148318
-0.122823
-0.0945685
-0.0668395
-0.0443792
-0.0231548
-0.0121151
-0.000367772
0.000314433
0.0048079
-0.292782
-0.288568
-0.290988
-0.290125
-0.290418
-0.289709
-0.288865
-0.287281
-0.285119
-0.282086
-0.278083
-0.272909
-0.266353
-0.258411
-0.248627
-0.237543
-0.223982
-0.209588
-0.191268
-0.172368
-0.147599
-0.12209
-0.0938098
-0.0661607
-0.0437617
-0.0226448
-0.0117029
-4.35126e-05
0.000526054
0.00494211
-0.29202
-0.288546
-0.290745
-0.289925
-0.29022
-0.289493
-0.288645
-0.287041
-0.284862
-0.281803
-0.277775
-0.272575
-0.265993
-0.258031
-0.248234
-0.237129
-0.22355
-0.209108
-0.190736
-0.171762
-0.146916
-0.121395
-0.0931035
-0.065537
-0.0431992
-0.0221878
-0.0113329
0.000243574
0.000716788
0.00506104
-0.29133
-0.288483
-0.290489
-0.289718
-0.290013
-0.289273
-0.288423
-0.286803
-0.28461
-0.281529
-0.277481
-0.27226
-0.265679
-0.257676
-0.247867
-0.236743
-0.223147
-0.208659
-0.19024
-0.17119
-0.146279
-0.120751
-0.0924579
-0.0649739
-0.0426955
-0.0217852
-0.0110062
0.000493442
0.00088576
0.00516467
-0.290703
-0.288397
-0.290234
-0.289515
-0.289809
-0.28906
-0.288211
-0.286577
-0.284373
-0.281273
-0.277208
-0.271971
-0.265327
-0.25735
-0.247534
-0.236393
-0.222781
-0.208251
-0.189787
-0.170663
-0.145707
-0.120169
-0.091882
-0.0644773
-0.0422545
-0.0214381
-0.010724
0.000706295
0.00103218
0.00525304
-0.29015
-0.288301
-0.289996
-0.289327
-0.28962
-0.288865
-0.288016
-0.286372
-0.284159
-0.281044
-0.276965
-0.271715
-0.265072
-0.257066
-0.247242
-0.236087
-0.222461
-0.207892
-0.189388
-0.1702
-0.145204
-0.119661
-0.0913843
-0.0640526
-0.0418801
-0.0211476
-0.0104873
0.000882516
0.00115533
0.0053263
-0.289687
-0.288207
-0.289787
-0.289164
-0.289455
-0.288696
-0.287849
-0.286196
-0.283977
-0.28085
-0.276761
-0.271499
-0.264846
-0.256829
-0.246999
-0.235832
-0.222194
-0.207592
-0.189054
-0.169811
-0.144783
-0.119237
-0.0909739
-0.0637053
-0.0415756
-0.0209143
-0.0102969
0.00102259
0.00125461
0.0053846
-0.289328
-0.288125
-0.28962
-0.289033
-0.289323
-0.288562
-0.287716
-0.286058
-0.283834
-0.280698
-0.276601
-0.271331
-0.264672
-0.256645
-0.246811
-0.235635
-0.221988
-0.207359
-0.188794
-0.169507
-0.144457
-0.118908
-0.090659
-0.06344
-0.0413442
-0.0207388
-0.0101535
0.00112703
0.0013295
0.00542812
-0.289082
-0.288065
-0.289503
-0.288942
-0.289231
-0.288469
-0.287624
-0.285962
-0.283735
-0.280594
-0.276491
-0.271216
-0.264553
-0.25652
-0.246683
-0.235501
-0.221847
-0.2072
-0.188616
-0.169299
-0.144234
-0.118683
-0.0904448
-0.0632605
-0.0411883
-0.0206217
-0.0100576
0.00119629
0.00137961
0.00545703
-0.288956
-0.288033
-0.289443
-0.288895
-0.289184
-0.288421
-0.287576
-0.285913
-0.283685
-0.28054
-0.276435
-0.271157
-0.264492
-0.256456
-0.246618
-0.235433
-0.221776
-0.207119
-0.188526
-0.169193
-0.14412
-0.118569
-0.0903361
-0.0631697
-0.0411098
-0.0205631
-0.0100097
0.00123073
0.00140466
0.00547144
)
;

boundaryField
{
    inlet
    {
        type            zeroGradient;
    }
    outlet
    {
        type            fixedValue;
        value           uniform 0;
    }
    cylinder
    {
        type            zeroGradient;
    }
    top
    {
        type            symmetryPlane;
    }
    bottom
    {
        type            symmetryPlane;
    }
    defaultFaces
    {
        type            empty;
    }
}


// ************************************************************************* //
