/*--------------------------------*- C++ -*----------------------------------*\
  =========                 |
  \\      /  F ield         | OpenFOAM: The Open Source CFD Toolbox
   \\    /   O peration     | Website:  https://openfoam.org
    \\  /    A nd           | Version:  7
     \\/     M anipulation  |
\*---------------------------------------------------------------------------*/
FoamFile
{
    version     2.0;
    format      ascii;
    class       volVectorField;
    location    "310";
    object      U;
}
// * * * * * * * * * * * * * * * * * * * * * * * * * * * * * * * * * * * * * //

dimensions      [0 1 -1 0 0 0 0];

internalField   nonuniform List<vector> 
2125
(
(0.0187492 0.00730445 1.69976e-21)
(0.0848402 0.0114355 -4.6748e-21)
(0.185438 0.0104882 -5.29705e-21)
(0.0189936 -0.0205357 -1.69654e-21)
(0.0853205 -0.0396086 4.66702e-21)
(0.185997 -0.0447884 5.29069e-21)
(0.281101 -0.0434822 -5.0637e-21)
(0.366768 -0.0402566 4.45724e-21)
(0.443103 -0.0370079 2.23146e-21)
(0.510951 -0.0341287 -3.56218e-21)
(0.571327 -0.0315964 -4.14053e-21)
(0.625027 -0.029343 6.10895e-22)
(0.672763 -0.0273114 -1.72297e-21)
(0.0213591 -0.0482204 1.86038e-21)
(0.0895631 -0.0904214 -5.55972e-21)
(0.190561 -0.0998481 1.24473e-20)
(0.285365 -0.0949493 -1.09296e-20)
(0.370565 -0.0861495 -5.16803e-22)
(0.446453 -0.0775416 -7.26849e-21)
(0.513908 -0.069926 1.18117e-20)
(0.573954 -0.0632349 1.60612e-20)
(0.627383 -0.0573008 2.87212e-21)
(0.674816 -0.0520042 -6.18348e-21)
(0.0258173 -0.0755062 -1.59204e-21)
(0.097529 -0.140634 -1.17382e-20)
(0.199096 -0.154342 -2.7311e-20)
(0.29331 -0.145934 2.36396e-20)
(0.377616 -0.131632 4.87367e-21)
(0.452648 -0.117722 4.31323e-21)
(0.519354 -0.105418 -2.12495e-20)
(0.578767 -0.0946078 -1.25279e-20)
(0.631676 -0.0850241 -2.78582e-21)
(0.678512 -0.0764949 1.91025e-20)
(0.0323151 -0.102153 -5.61032e-21)
(0.109145 -0.189884 7.06673e-21)
(0.211535 -0.207927 4.94668e-20)
(0.304881 -0.196141 -4.44588e-21)
(0.387875 -0.176455 -1.27119e-20)
(0.461651 -0.157336 9.12427e-21)
(0.527256 -0.14042 6.26655e-22)
(0.585738 -0.125554 3.21882e-21)
(0.637882 -0.112371 -7.04572e-21)
(0.683845 -0.100664 -1.86314e-20)
(0.0407748 -0.127929 -3.78339e-21)
(0.124302 -0.237813 2.05908e-20)
(0.227783 -0.260263 -4.97599e-20)
(0.319999 -0.245282 2.1561e-20)
(0.401276 -0.220373 2.04234e-22)
(0.473405 -0.196171 -2.73733e-20)
(0.537564 -0.17475 1.20985e-20)
(0.594824 -0.155917 -1.12595e-21)
(0.645963 -0.139207 4.59506e-21)
(0.690788 -0.124403 -1.38716e-21)
(0.0510949 -0.152607 -4.3295e-20)
(0.14286 -0.284074 -5.17854e-20)
(0.247712 -0.31102 1.35951e-20)
(0.338558 -0.293075 -2.46988e-20)
(0.417732 -0.263146 -6.98312e-21)
(0.487835 -0.234024 1.04302e-20)
(0.550215 -0.208232 3.87095e-21)
(0.605967 -0.185543 1.43885e-20)
(0.65587 -0.165395 -3.09973e-21)
(0.699309 -0.147598 1.66939e-20)
(0.0631509 -0.175974 4.1401e-20)
(0.164644 -0.328335 2.6622e-20)
(0.271165 -0.35988 -2.01321e-20)
(0.360431 -0.339246 3.39321e-20)
(0.437136 -0.304544 -2.89744e-21)
(0.504852 -0.270695 -3.67713e-20)
(0.565131 -0.240694 6.45295e-21)
(0.619098 -0.214285 -3.91348e-20)
(0.66754 -0.190808 1.50762e-21)
(0.709364 -0.170132 1.42203e-20)
(0.0767962 -0.197827 -3.06595e-20)
(0.189448 -0.370275 5.49603e-20)
(0.297957 -0.406536 2.15816e-20)
(0.385464 -0.383534 -2.6768e-20)
(0.459362 -0.344345 2.44411e-22)
(0.524348 -0.305997 6.7752e-20)
(0.582219 -0.271975 3.08488e-21)
(0.634137 -0.242001 3.01005e-20)
(0.680903 -0.21532 3.6678e-20)
(0.720905 -0.191896 -2.05728e-20)
(0.0918636 -0.21798 1.71769e-20)
(0.217034 -0.409594 -8.23823e-21)
(0.327874 -0.450697 -1.953e-20)
(0.413482 -0.42569 1.46891e-20)
(0.484265 -0.38234 5.66738e-20)
(0.546199 -0.339748 -1.99637e-20)
(0.601374 -0.301918 -3.27123e-21)
(0.65099 -0.26856 -4.34753e-20)
(0.695878 -0.238814 -5.38027e-20)
(0.733875 -0.212783 2.35515e-20)
(0.108167 -0.236263 -2.26911e-20)
(0.247137 -0.446012 -1.99405e-20)
(0.360676 -0.492091 3.38528e-21)
(0.444288 -0.46548 -7.74747e-20)
(0.511683 -0.41833 -3.29356e-20)
(0.570268 -0.37178 -2.41306e-20)
(0.622478 -0.33038 -3.17694e-20)
(0.669556 -0.293836 1.47221e-20)
(0.712375 -0.261181 1.76342e-20)
(0.748211 -0.23269 2.64465e-20)
(0.125501 -0.252525 4.75555e-21)
(0.279463 -0.479271 2.86101e-20)
(0.396097 -0.530463 2.1072e-20)
(0.477665 -0.502684 3.59077e-20)
(0.541436 -0.452133 2.83399e-20)
(0.596404 -0.401939 -2.70944e-20)
(0.645401 -0.357226 2.53449e-20)
(0.689721 -0.317716 1.74617e-20)
(0.730298 -0.282322 -2.05289e-21)
(0.763845 -0.251521 -7.89718e-21)
(0.143648 -0.266635 5.05128e-20)
(0.313693 -0.509139 -2.5003e-20)
(0.433847 -0.56558 -1.93295e-20)
(0.513374 -0.537103 -1.13619e-20)
(0.57333 -0.48358 2.12417e-20)
(0.624442 -0.43008 1.92737e-20)
(0.670004 -0.382334 -2.70078e-20)
(0.711365 -0.340097 2.08254e-20)
(0.749543 -0.302147 9.72296e-22)
(0.780705 -0.269187 1.95022e-20)
(0.162373 -0.278486 -3.51231e-20)
(0.349484 -0.535409 -1.32762e-20)
(0.473614 -0.597232 -1.94884e-21)
(0.551161 -0.568556 2.08026e-20)
(0.607155 -0.512522 -3.88909e-21)
(0.654208 -0.456077 -2.09538e-20)
(0.696134 -0.405596 5.89283e-21)
(0.734355 -0.360887 6.3821e-21)
(0.769998 -0.320581 1.52057e-20)
(0.798712 -0.28561 -2.9974e-20)
(0.181431 -0.287992 -1.37917e-20)
(0.38647 -0.557907 3.15007e-20)
(0.515063 -0.625234 2.49909e-20)
(0.590753 -0.596882 -1.15689e-20)
(0.642692 -0.538824 -2.62361e-20)
(0.685514 -0.479817 -1.9598e-20)
(0.723634 -0.426914 2.27544e-20)
(0.758553 -0.380007 -4.55604e-20)
(0.791548 -0.33756 1.17671e-20)
(0.817792 -0.300721 3.18997e-20)
(0.200569 -0.295095 2.78465e-20)
(0.424268 -0.576488 -1.68497e-20)
(0.557841 -0.649427 3.92338e-21)
(0.631861 -0.621941 2.37377e-22)
(0.679706 -0.562372 -6.53106e-21)
(0.718168 -0.501205 3.2644e-20)
(0.752336 -0.446207 -2.90888e-20)
(0.783811 -0.397391 2.8239e-20)
(0.814067 -0.353042 -4.31522e-20)
(0.837869 -0.314476 -1.6256e-20)
(0.219527 -0.299762 -7.12883e-22)
(0.462477 -0.591041 -1.88924e-20)
(0.601578 -0.669679 1.42174e-21)
(0.674185 -0.643618 -6.18932e-21)
(0.717953 -0.583071 -4.41925e-21)
(0.751967 -0.52016 4.79167e-22)
(0.782068 -0.463404 -1.90369e-20)
(0.809968 -0.412979 -1.27499e-21)
(0.837413 -0.366983 2.62465e-20)
(0.858875 -0.326837 -3.34872e-20)
(0.238039 -0.301987 7.40652e-21)
(0.500685 -0.601488 1.22065e-20)
(0.645887 -0.685888 -1.49957e-20)
(0.717409 -0.661819 -6.09047e-21)
(0.757183 -0.600846 4.94412e-20)
(0.786705 -0.536624 -4.14116e-20)
(0.812658 -0.478457 4.20438e-20)
(0.836857 -0.426742 7.34473e-22)
(0.861428 -0.379415 8.48824e-21)
(0.880765 -0.33788 3.08078e-20)
(0.255843 -0.301793 8.39472e-22)
(0.538467 -0.60779 -3.71106e-21)
(0.69037 -0.69798 3.83061e-21)
(0.761209 -0.676475 2.92026e-21)
(0.797134 -0.615641 -2.59447e-21)
(0.822169 -0.550549 1.6109e-20)
(0.843938 -0.491315 -8.87228e-21)
(0.864311 -0.43859 1.04417e-20)
(0.885886 -0.390173 -3.58791e-21)
(0.903508 -0.347445 -1.78453e-21)
(0.272673 -0.299231 -3.7074e-21)
(0.575392 -0.609945 -4.71278e-21)
(0.734615 -0.705911 2.21089e-21)
(0.805249 -0.687543 2.1085e-21)
(0.837541 -0.627425 -1.18626e-20)
(0.858138 -0.561915 3.11401e-20)
(0.875734 -0.501973 -2.64601e-20)
(0.892167 -0.4486 1.96527e-20)
(0.910438 -0.399671 -1.69082e-20)
(0.92699 -0.35672 -2.10798e-20)
(0.288272 -0.294381 -3.76202e-21)
(0.611028 -0.607988 1.53001e-21)
(0.778203 -0.709669 3.51161e-22)
(0.84919 -0.695005 1.39347e-21)
(0.878138 -0.636184 -2.78104e-21)
(0.894391 -0.570708 -2.30787e-20)
(0.907895 -0.510385 6.86013e-21)
(0.920405 -0.456535 -5.19669e-21)
(0.934844 -0.406891 1.79207e-20)
(0.951557 -0.362493 -5.6424e-21)
(0.302389 -0.287353 -8.46395e-21)
(0.644938 -0.601993 -7.30113e-21)
(0.820705 -0.70927 3.31587e-21)
(0.892683 -0.698871 -5.75957e-22)
(0.918656 -0.641926 1.24768e-21)
(0.9307 -0.576948 2.77438e-21)
(0.940215 -0.5166 8.20621e-21)
(0.949017 -0.462665 -1.37594e-20)
(0.95877 -0.41399 -1.47827e-20)
(0.973916 -0.373274 8.91081e-21)
(0.314803 -0.278297 -7.23092e-21)
(0.676677 -0.592065 1.5102e-20)
(0.861691 -0.704769 -1.03007e-20)
(0.935378 -0.699178 -2.8073e-21)
(0.958829 -0.644679 -3.99158e-21)
(0.966846 -0.580663 2.48167e-22)
(0.972433 -0.520655 -7.40386e-21)
(0.977783 -0.466927 7.72367e-21)
(0.983309 -0.419129 -7.1362e-21)
(0.993817 -0.378418 -4.13976e-23)
(0.325388 -0.267415 -1.91469e-20)
(0.705784 -0.57833 -3.59078e-20)
(0.900735 -0.696268 2.82996e-20)
(0.976925 -0.69599 1.65831e-21)
(0.998391 -0.644487 -1.73912e-21)
(1.00263 -0.581885 5.04642e-21)
(1.00435 -0.522553 -5.47297e-22)
(1.00642 -0.469199 -3.06263e-21)
(1.00847 -0.422073 1.6344e-20)
(1.01421 -0.381493 9.58587e-21)
(0.333879 -0.254711 1.76491e-20)
(0.731804 -0.560888 -8.06188e-21)
(0.937428 -0.683967 -2.19311e-20)
(1.01698 -0.689391 1.75084e-21)
(1.03708 -0.641409 5.98168e-22)
(1.03787 -0.580664 -8.82168e-21)
(1.03585 -0.522339 4.85264e-21)
(1.03472 -0.469573 2.31921e-21)
(1.03387 -0.423187 -2.86497e-21)
(1.03585 -0.383201 5.28441e-22)
(0.340036 -0.240395 2.28427e-20)
(0.754201 -0.539996 5.69615e-20)
(0.971459 -0.668089 -1.9115e-21)
(1.0552 -0.679458 -3.95527e-21)
(1.07463 -0.635533 -2.47959e-21)
(1.07237 -0.577083 -3.13758e-21)
(1.06681 -0.520097 -4.73525e-21)
(1.06257 -0.468184 3.10064e-21)
(1.05912 -0.42267 6.00541e-22)
(1.058 -0.383527 -2.77622e-21)
(0.343865 -0.224745 -1.71509e-20)
(0.772742 -0.516201 -9.68558e-21)
(1.00227 -0.64886 4.18955e-20)
(1.0913 -0.666215 6.3556e-22)
(1.11078 -0.626964 -1.50522e-20)
(1.10596 -0.571239 2.18527e-20)
(1.0971 -0.51592 4.46999e-21)
(1.08988 -0.465129 1.67606e-21)
(1.08395 -0.420595 -9.76752e-22)
(1.08002 -0.382431 -3.99006e-22)
(0.345287 -0.208114 4.10996e-20)
(0.787305 -0.489823 -9.01282e-21)
(1.02908 -0.626193 -2.78618e-20)
(1.1249 -0.649906 2.60585e-21)
(1.14528 -0.615825 1.77383e-20)
(1.13842 -0.563235 -5.84926e-21)
(1.12658 -0.509903 -6.43787e-21)
(1.11652 -0.460483 2.00747e-22)
(1.10824 -0.417033 -3.06055e-21)
(1.10168 -0.379963 4.72886e-22)
(0.344205 -0.190757 -1.46048e-20)
(0.797585 -0.461021 -9.03727e-20)
(1.05166 -0.600451 7.76701e-21)
(1.15552 -0.630787 3.11972e-20)
(1.17787 -0.602214 -1.16894e-21)
(1.16957 -0.553191 -3.56342e-20)
(1.1551 -0.502149 1.88785e-20)
(1.1424 -0.454335 -5.47832e-21)
(1.1319 -0.41208 6.27574e-21)
(1.12289 -0.376225 1.55738e-21)
(0.340569 -0.172926 -1.78555e-20)
(0.803248 -0.430139 3.16597e-20)
(1.06988 -0.572002 4.01039e-20)
(1.18272 -0.608997 -2.33736e-20)
(1.20824 -0.586309 5.67428e-21)
(1.19923 -0.541233 2.1653e-20)
(1.18252 -0.492772 8.86694e-21)
(1.16741 -0.446783 3.0356e-21)
(1.15484 -0.405837 -5.64997e-21)
(1.14358 -0.371311 -4.87995e-21)
(0.334395 -0.154882 -2.41645e-20)
(0.80403 -0.397588 -8.75422e-21)
(1.0834 -0.541125 -7.47393e-20)
(1.20623 -0.584755 -9.91295e-21)
(1.23612 -0.568285 1.57373e-21)
(1.22722 -0.527507 3.65997e-21)
(1.20873 -0.4819 -3.73118e-20)
(1.19144 -0.437935 -1.61628e-20)
(1.17698 -0.398405 4.22698e-22)
(1.16366 -0.365303 4.18048e-21)
(0.325749 -0.136888 -6.56981e-21)
(0.799743 -0.363795 2.86788e-20)
(1.09181 -0.508132 3.77734e-20)
(1.22576 -0.5583 2.12576e-20)
(1.26126 -0.54832 -4.41937e-21)
(1.25337 -0.512174 -4.07899e-21)
(1.23358 -0.469657 2.95523e-20)
(1.21441 -0.427904 2.75886e-20)
(1.19825 -0.389881 3.54409e-21)
(1.18306 -0.358268 -3.29845e-21)
(0.314742 -0.119201 6.28763e-20)
(0.79028 -0.329199 3.912e-20)
(1.0948 -0.473374 -3.74339e-20)
(1.24096 -0.529876 -6.56098e-21)
(1.28339 -0.526603 3.27155e-21)
(1.27753 -0.495379 -1.0131e-20)
(1.25703 -0.456178 -1.73767e-20)
(1.23622 -0.416808 -1.11668e-21)
(1.21859 -0.380365 -1.63885e-20)
(1.20173 -0.350297 6.98293e-21)
(0.301531 -0.10207 7.81333e-21)
(0.775605 -0.294259 -2.13789e-20)
(1.09207 -0.437236 4.91152e-20)
(1.25149 -0.49974 2.82713e-20)
(1.30224 -0.503316 1.30336e-21)
(1.29949 -0.477284 1.47749e-20)
(1.27899 -0.441594 1.47581e-21)
(1.25686 -0.404762 -1.24247e-20)
(1.23788 -0.369965 9.11795e-21)
(1.21969 -0.341475 1.04962e-21)
(0.286315 -0.0857294 -5.21676e-20)
(0.755764 -0.259445 -1.5208e-20)
(1.0834 -0.400117 -1.29568e-20)
(1.257 -0.468163 -1.98511e-20)
(1.31753 -0.478642 5.06056e-21)
(1.31906 -0.458039 -1.26752e-22)
(1.2993 -0.426045 1.06983e-20)
(1.27631 -0.391864 -2.81346e-21)
(1.25611 -0.358794 -1.06227e-20)
(1.23705 -0.331996 -8.21163e-21)
(0.269334 -0.07039 4.19004e-21)
(0.730886 -0.225229 2.42984e-20)
(1.0686 -0.362434 1.12413e-20)
(1.25717 -0.435428 -3.18889e-20)
(1.32897 -0.452767 -5.72035e-22)
(1.33607 -0.43779 -1.15919e-20)
(1.31785 -0.409667 2.0732e-22)
(1.29448 -0.378234 3.86486e-21)
(1.27329 -0.347085 -4.27977e-21)
(1.2537 -0.321787 1.21172e-20)
(0.250865 -0.0562364 9.67513e-21)
(0.701197 -0.19208 -2.35527e-20)
(1.04754 -0.324619 -5.33301e-20)
(1.25167 -0.401827 4.61528e-20)
(1.33623 -0.425882 -2.94354e-21)
(1.35031 -0.416677 8.33343e-21)
(1.33455 -0.392591 -1.0372e-21)
(1.3113 -0.364001 6.8668e-21)
(1.28941 -0.334893 -5.91794e-22)
(1.26924 -0.311003 -9.45222e-21)
(0.231214 -0.0434203 -1.93442e-20)
(0.667026 -0.160447 3.01735e-20)
(1.0202 -0.287111 2.42523e-20)
(1.2402 -0.367664 -3.28529e-20)
(1.33899 -0.398179 -5.16063e-21)
(1.36155 -0.394837 1.75373e-21)
(1.34931 -0.374936 1.75766e-20)
(1.32676 -0.349269 5.80744e-22)
(1.30443 -0.322235 3.12546e-21)
(1.28368 -0.299726 -6.24513e-21)
(0.210707 -0.0320579 1.46395e-20)
(0.628805 -0.130755 -1.30415e-20)
(0.986583 -0.250352 -1.07009e-20)
(1.22247 -0.33325 1.76821e-20)
(1.33688 -0.369847 5.74437e-21)
(1.36953 -0.372397 4.20199e-21)
(1.36197 -0.356809 -1.84536e-20)
(1.34079 -0.334134 -6.30229e-21)
(1.31836 -0.309177 -5.22535e-21)
(1.29718 -0.28802 2.04543e-21)
(0.189685 -0.0222267 -6.9883e-21)
(0.58707 -0.103383 -1.45791e-22)
(0.946849 -0.214785 2.01582e-20)
(1.19823 -0.298908 -7.2152e-21)
(1.32952 -0.341082 -3.13509e-21)
(1.37395 -0.349475 -1.99768e-21)
(1.37237 -0.338306 4.67071e-21)
(1.35335 -0.318689 7.68794e-21)
(1.33121 -0.295818 -3.91322e-22)
(1.30985 -0.275966 2.74506e-21)
(0.168491 -0.0139632 4.87772e-21)
(0.54245 -0.0786563 -1.35798e-21)
(0.901254 -0.180841 -3.57873e-21)
(1.16727 -0.264966 -3.18606e-21)
(1.31651 -0.312076 2.79566e-21)
(1.37444 -0.326183 2.14461e-21)
(1.38032 -0.319512 -1.94229e-21)
(1.36435 -0.303024 6.68618e-22)
(1.34299 -0.28226 9.44051e-22)
(1.3217 -0.263652 -1.23169e-21)
(0.147463 -0.00726277 2.47715e-21)
(0.495654 -0.0568371 7.23048e-22)
(0.850198 -0.148942 -4.29634e-21)
(1.12946 -0.231765 -3.47218e-21)
(1.29742 -0.283028 3.65947e-21)
(1.37059 -0.302623 7.36613e-22)
(1.38555 -0.300498 -1.70576e-21)
(1.3737 -0.287213 1.59516e-21)
(1.35368 -0.268592 9.03871e-22)
(1.33276 -0.251156 -1.04843e-21)
(0.126919 -0.00208117 -1.00629e-21)
(0.44746 -0.0381099 1.96996e-21)
(0.794232 -0.119483 1.30496e-20)
(1.08475 -0.199649 -5.98347e-21)
(1.27184 -0.254144 -2.96852e-21)
(1.36193 -0.278894 -3.43626e-21)
(1.38773 -0.281321 7.16587e-21)
(1.38124 -0.271311 5.10742e-21)
(1.36323 -0.254887 4.03539e-21)
(1.343 -0.238552 2.16238e-21)
(0.107155 0.00166203 1.90284e-20)
(0.398681 -0.0225747 -1.04982e-20)
(0.734074 -0.0928262 -1.24361e-20)
(1.03322 -0.16897 1.73075e-20)
(1.23934 -0.22564 9.55846e-21)
(1.34792 -0.255091 -6.79833e-22)
(1.38644 -0.262025 -1.27074e-20)
(1.38675 -0.255358 -8.93708e-21)
(1.37156 -0.241203 -9.90277e-21)
(1.35242 -0.225904 6.26636e-21)
(0.0884283 0.00407851 -2.5523e-20)
(0.350143 -0.0102407 2.39486e-20)
(0.670603 -0.069287 2.82758e-20)
(0.975114 -0.140085 -2.94377e-20)
(1.19955 -0.197746 -1.06586e-20)
(1.32796 -0.231315 7.42822e-21)
(1.38117 -0.24264 1.36187e-20)
(1.38993 -0.239374 2.44416e-21)
(1.37857 -0.227578 -6.90044e-22)
(1.361 -0.213268 -9.13443e-21)
(0.0709563 0.00530483 -3.47778e-21)
(0.302647 -0.00102566 -3.32598e-20)
(0.604856 -0.0491155 -3.68881e-20)
(0.910867 -0.113352 4.43593e-20)
(1.15219 -0.170713 -5.29635e-21)
(1.30139 -0.207674 1.1159e-20)
(1.37131 -0.223192 2.45338e-21)
(1.39037 -0.223361 -6.21596e-21)
(1.38407 -0.214033 3.4694e-21)
(1.36867 -0.200688 -1.45215e-21)
(0.0549081 0.00549524 7.1638e-21)
(0.256937 0.00524005 2.03237e-20)
(0.537992 -0.0324804 1.20819e-20)
(0.841163 -0.0891206 -9.64705e-21)
(1.09707 -0.144816 -1.70576e-20)
(1.26754 -0.184296 -1.71854e-20)
(1.35611 -0.203705 -3.8193e-21)
(1.38755 -0.207309 1.18778e-20)
(1.38778 -0.200571 -2.58851e-21)
(1.37535 -0.188193 5.50346e-21)
(0.0404035 0.00481446 -2.66797e-20)
(0.213669 0.00880375 -2.54172e-20)
(0.471247 -0.0194486 -4.42405e-21)
(0.766955 -0.0677268 -5.02775e-21)
(1.03423 -0.120358 -1.3524e-20)
(1.22574 -0.161335 9.16787e-21)
(1.33472 -0.184212 -1.32936e-21)
(1.38077 -0.191197 -1.00639e-20)
(1.38932 -0.187174 9.40304e-21)
(1.38088 -0.175799 -1.73902e-20)
(0.0275119 0.00343079 6.33301e-21)
(0.173387 0.00997559 2.18151e-20)
(0.405867 -0.00996993 2.05281e-20)
(0.689481 -0.0494685 2.40972e-20)
(0.963973 -0.0976677 -3.61072e-22)
(1.17541 -0.138984 2.76644e-20)
(1.3062 -0.164765 3.21874e-21)
(1.36921 -0.175 -4.02661e-20)
(1.38814 -0.173813 3.11449e-20)
(1.38499 -0.163498 1.10626e-20)
(0.0162555 0.00151042 1.72068e-20)
(0.136505 0.00911118 3.92663e-20)
(0.343033 -0.00386649 -5.36871e-21)
(0.610235 -0.0345798 -3.08359e-20)
(0.886956 -0.0771012 1.52086e-20)
(1.11613 -0.117482 -1.81383e-20)
(1.26955 -0.145447 -2.98362e-20)
(1.35183 -0.158701 -5.93839e-21)
(1.38352 -0.160442 -2.98278e-20)
(0.00661416 -0.000787008 8.4994e-21)
(0.103303 0.00659393 7.13597e-21)
(0.283784 -0.000835068 5.56947e-20)
(0.530895 -0.0231928 1.26597e-20)
(0.80426 -0.0590244 -1.25995e-20)
(1.04774 -0.0971253 -6.80088e-21)
(1.22378 -0.126394 5.10211e-20)
(1.32745 -0.142304 4.69654e-20)
(-0.00146714 -0.0033107 2.11624e-21)
(0.0739264 0.00281928 -4.119e-20)
(0.228958 -0.00046274 -6.67233e-20)
(0.453203 -0.0152959 3.91959e-21)
(0.717422 -0.0437883 1.93735e-20)
(0.97051 -0.0782668 -2.8613e-20)
(1.16801 -0.107802 -8.29685e-20)
(-0.00807013 -0.00591987 -1.54267e-20)
(0.0484033 -0.00181825 4.1321e-20)
(0.179156 -0.00225544 4.17515e-20)
(0.378811 -0.0107019 -4.6965e-20)
(0.6284 -0.0316833 6.72599e-21)
(-0.0132939 -0.00848419 -3.68788e-20)
(0.0266565 -0.00693758 -6.43296e-20)
(0.134732 -0.00567506 -1.38756e-20)
(0.309131 -0.00904541 2.59113e-20)
(-0.0172456 -0.0108834 2.77683e-20)
(0.00852815 -0.012183 3.24419e-22)
(0.0958171 -0.0101804 -6.7107e-21)
(-0.0200355 -0.0130089 -9.21874e-21)
(-0.00619857 -0.0172392 -1.61008e-20)
(-0.0217745 -0.0147684 6.36334e-20)
(-0.0177793 -0.0218483 5.03071e-20)
(-0.0225778 -0.0160945 1.22177e-20)
(0.998523 -0.00280163 -1.4592e-22)
(0.998813 -0.00752091 6.6058e-22)
(0.992183 -0.0164366 3.2748e-22)
(0.989218 -0.0236156 1.54838e-22)
(0.979517 -0.0362732 3.23355e-22)
(0.974151 -0.0463775 -1.39382e-21)
(0.961987 -0.0640138 -1.91534e-21)
(0.955197 -0.0786274 6.15298e-22)
(0.941656 -0.103606 2.00507e-21)
(0.935666 -0.124551 2.42726e-21)
(0.923186 -0.159887 4.23819e-21)
(0.922372 -0.187438 -9.64232e-22)
(0.915645 -0.236638 -6.16655e-21)
(0.926903 -0.266083 -1.64499e-21)
(0.937683 -0.339078 4.41295e-21)
(0.998569 -0.00266388 -8.33171e-22)
(0.998691 -0.00712985 3.17014e-22)
(0.992113 -0.0157443 -5.36171e-22)
(0.988813 -0.0225731 1.47495e-21)
(0.979087 -0.0348053 -1.32931e-21)
(0.97314 -0.044399 1.57753e-22)
(0.960765 -0.0614152 2.01627e-21)
(0.952971 -0.0753062 -3.21125e-21)
(0.938828 -0.0994691 1.46752e-21)
(0.931083 -0.119559 -5.42234e-21)
(0.917303 -0.154132 6.2358e-21)
(0.91344 -0.181184 -6.56908e-21)
(0.904379 -0.230323 -9.99772e-22)
(0.909845 -0.260752 7.84391e-21)
(0.915678 -0.333254 -1.82255e-21)
(0.998613 -0.00252295 1.10644e-21)
(0.998583 -0.00671474 7.78108e-22)
(0.992067 -0.0150106 9.50103e-22)
(0.988466 -0.0214735 -7.19243e-22)
(0.978733 -0.0332467 -7.54931e-22)
(0.972282 -0.0423119 2.83277e-21)
(0.959725 -0.0586562 -1.56725e-21)
(0.951075 -0.071795 4.43062e-21)
(0.936385 -0.0950312 -2.74246e-21)
(0.927134 -0.114179 -1.36206e-21)
(0.912142 -0.147665 -1.92486e-21)
(0.905578 -0.173952 1.62028e-21)
(0.894275 -0.222076 4.61538e-21)
(0.894981 -0.253309 -1.30394e-20)
(0.89614 -0.323483 1.46431e-20)
(0.998656 -0.00237981 1.58606e-22)
(0.998483 -0.00630822 -1.2901e-21)
(0.992033 -0.0142881 -2.42869e-21)
(0.988158 -0.0204143 4.28394e-22)
(0.978425 -0.0317384 -8.40215e-23)
(0.971521 -0.0403197 8.0242e-22)
(0.9588 -0.0560001 2.45611e-21)
(0.949386 -0.0684404 -1.65452e-21)
(0.93419 -0.0907223 2.16798e-21)
(0.923573 -0.108964 -4.38484e-21)
(0.907444 -0.141187 2.96342e-21)
(0.898369 -0.166666 2.03311e-21)
(0.884838 -0.213229 5.02115e-21)
(0.881244 -0.244878 -8.71814e-21)
(0.877812 -0.312891 1.7529e-22)
(0.998697 -0.00223283 -1.39888e-21)
(0.998389 -0.00592332 -3.37046e-22)
(0.992008 -0.0135606 -3.36764e-22)
(0.987878 -0.0193586 1.89305e-21)
(0.978152 -0.030221 3.57561e-23)
(0.970831 -0.0383273 -2.99928e-22)
(0.957962 -0.0533195 -1.72734e-21)
(0.947843 -0.065067 -1.55366e-22)
(0.93218 -0.0863414 5.51523e-21)
(0.920284 -0.103674 -6.45699e-21)
(0.903083 -0.134505 2.07188e-21)
(0.891643 -0.159128 3.20981e-21)
(0.875915 -0.203868 1.08694e-21)
(0.868311 -0.235503 -4.83749e-21)
(0.86046 -0.301345 1.28482e-22)
(0.998737 -0.00208242 2.5812e-22)
(0.998298 -0.00554672 2.31681e-22)
(0.991991 -0.0128219 8.02032e-22)
(0.987618 -0.018297 -1.05133e-21)
(0.977906 -0.0286807 2.98659e-22)
(0.970194 -0.0363169 -8.33166e-22)
(0.957195 -0.0505922 4.44232e-22)
(0.946412 -0.0616505 -1.919e-21)
(0.93032 -0.0818621 3.72629e-21)
(0.917214 -0.0982807 -7.03355e-23)
(0.899001 -0.127598 -6.81014e-21)
(0.885332 -0.151291 4.2794e-22)
(0.867463 -0.193996 7.417e-21)
(0.856093 -0.225221 2.23023e-22)
(0.844009 -0.288644 -8.75187e-21)
(0.998776 -0.0019296 2.23823e-22)
(0.998212 -0.00516131 -1.32532e-21)
(0.991981 -0.0120722 -1.00323e-21)
(0.987376 -0.0172331 1.2032e-21)
(0.977684 -0.0271228 -8.65866e-22)
(0.969601 -0.0342975 7.0302e-22)
(0.956489 -0.0478297 -3.7848e-22)
(0.945076 -0.058207 -4.30274e-22)
(0.928592 -0.0773039 2.84201e-21)
(0.914341 -0.0928018 -5.72798e-21)
(0.895172 -0.120497 4.61287e-21)
(0.879414 -0.143172 6.5268e-21)
(0.859481 -0.183658 -8.10177e-21)
(0.844568 -0.214117 -1.5379e-21)
(0.828453 -0.274829 -7.458e-21)
(0.998815 -0.00177398 -1.24492e-22)
(0.998129 -0.00477331 8.3071e-22)
(0.991976 -0.0113134 -9.16068e-22)
(0.987149 -0.0161696 2.14549e-21)
(0.977485 -0.0255498 -2.31883e-21)
(0.969047 -0.0322729 -2.37772e-21)
(0.955839 -0.0450359 -5.9556e-22)
(0.943828 -0.0547401 2.88749e-22)
(0.926983 -0.0726732 -2.23115e-21)
(0.911655 -0.0872395 2.5252e-21)
(0.891583 -0.113219 2.72792e-21)
(0.873878 -0.134777 -9.85647e-22)
(0.851979 -0.17289 -3.42505e-21)
(0.833741 -0.202268 7.15688e-21)
(0.81381 -0.259957 -6.97114e-21)
(0.998853 -0.00161544 -5.41294e-22)
(0.99805 -0.00438666 5.13279e-21)
(0.991978 -0.0105441 1.18988e-22)
(0.986934 -0.0151074 1.0648e-21)
(0.977307 -0.0239627 -1.92001e-22)
(0.96853 -0.0302437 3.20318e-21)
(0.955241 -0.0422117 5.0193e-22)
(0.942664 -0.0512496 5.30288e-23)
(0.925488 -0.0679739 -3.45215e-21)
(0.909156 -0.0815929 -6.27961e-22)
(0.888231 -0.105779 3.07656e-21)
(0.868724 -0.126119 -4.42416e-21)
(0.84497 -0.161722 -3.36559e-21)
(0.823627 -0.18974 4.02536e-21)
(0.800107 -0.244091 -3.50475e-21)
(0.998891 -0.00145417 1.3505e-21)
(0.997974 -0.00400271 -2.88102e-21)
(0.991985 -0.00973081 1.54363e-21)
(0.986733 -0.0140466 -2.20691e-21)
(0.977147 -0.0223623 -8.17886e-22)
(0.968049 -0.0282109 4.59234e-22)
(0.954692 -0.0393592 -1.68761e-21)
(0.941585 -0.0477361 2.98069e-21)
(0.924103 -0.0632113 1.62815e-21)
(0.906842 -0.0758627 -9.2922e-22)
(0.885118 -0.0981898 2.87897e-21)
(0.863954 -0.117209 -5.4386e-21)
(0.838469 -0.150181 9.49801e-21)
(0.814246 -0.176592 -6.65363e-21)
(0.787379 -0.227298 -3.41983e-21)
(0.998928 -0.00129033 -9.58586e-22)
(0.997906 -0.00362083 1.30131e-22)
(0.991996 -0.0089577 1.01232e-23)
(0.98654 -0.0129904 2.04044e-21)
(0.977006 -0.0207498 5.10815e-22)
(0.967605 -0.0261753 -9.46896e-22)
(0.954191 -0.0364808 1.09953e-21)
(0.940593 -0.0442001 -2.16372e-21)
(0.922828 -0.0583911 9.19799e-22)
(0.904716 -0.070051 6.11071e-22)
(0.882248 -0.0904633 -2.82548e-21)
(0.859571 -0.108065 2.14257e-21)
(0.832488 -0.138293 5.67046e-21)
(0.805619 -0.162878 -2.75719e-21)
(0.775659 -0.209651 -7.56241e-21)
(0.998964 -0.00112402 -1.08923e-21)
(0.997837 -0.00324105 -2.30625e-22)
(0.992011 -0.00823333 -9.98145e-22)
(0.986366 -0.0119397 -2.96837e-21)
(0.976882 -0.0191266 1.43943e-21)
(0.967199 -0.0241375 -1.39045e-21)
(0.953735 -0.0335789 1.87322e-21)
(0.939687 -0.0406421 2.79961e-21)
(0.921662 -0.053519 -1.83679e-21)
(0.902781 -0.0641609 3.78498e-21)
(0.879626 -0.0826115 -2.0371e-21)
(0.855581 -0.0987034 -3.14927e-21)
(0.827039 -0.126085 -2.01487e-21)
(0.797768 -0.148649 8.23209e-21)
(0.76498 -0.191228 -2.72019e-21)
(0.998998 -0.000955363 1.13214e-21)
(0.997771 -0.00286388 5.48069e-22)
(0.992029 -0.0074675 -7.95648e-23)
(0.986209 -0.0108935 1.19085e-21)
(0.976773 -0.017494 -1.90828e-21)
(0.966831 -0.0220979 -4.76217e-22)
(0.953325 -0.0306563 -4.30644e-23)
(0.938871 -0.0370629 -9.44155e-22)
(0.920606 -0.0486006 -2.79465e-21)
(0.901038 -0.0581965 -1.44921e-21)
(0.877258 -0.0746455 5.38189e-21)
(0.851991 -0.0891426 -8.3295e-22)
(0.822135 -0.113584 -8.78353e-22)
(0.79071 -0.133958 -7.40796e-22)
(0.755374 -0.172105 -3.53009e-21)
(0.999031 -0.000784441 6.84036e-22)
(0.997709 -0.00248936 -1.2638e-21)
(0.992048 -0.00668618 5.38177e-22)
(0.986069 -0.00985179 -1.45525e-21)
(0.976678 -0.0158534 -9.29321e-23)
(0.966503 -0.0200567 7.97209e-23)
(0.952959 -0.0277156 1.17631e-22)
(0.938144 -0.0334635 1.77341e-22)
(0.919663 -0.0436413 -1.29669e-21)
(0.89949 -0.0521631 1.68476e-21)
(0.875149 -0.0665764 -2.77439e-21)
(0.848806 -0.0794021 6.09779e-22)
(0.817785 -0.100819 1.89968e-21)
(0.784464 -0.118853 -1.29347e-22)
(0.746867 -0.152365 2.37451e-21)
(0.99906 -0.000611415 -6.65573e-22)
(0.997653 -0.00211729 1.53189e-21)
(0.992067 -0.00589653 -9.63825e-22)
(0.985945 -0.00881467 1.18799e-21)
(0.976598 -0.0142059 6.57402e-22)
(0.966217 -0.018014 -4.12925e-22)
(0.952638 -0.0247595 -7.48266e-23)
(0.937509 -0.0298451 -4.83924e-22)
(0.918835 -0.0386464 1.72809e-22)
(0.898139 -0.0460671 -1.44591e-21)
(0.873305 -0.0584156 6.78697e-22)
(0.846032 -0.0695019 -4.75482e-21)
(0.814 -0.0878211 6.7273e-21)
(0.779044 -0.103386 -2.03576e-21)
(0.739482 -0.132087 -4.44236e-21)
(0.999087 -0.000436496 -3.09493e-22)
(0.997604 -0.00174769 -4.73063e-22)
(0.992086 -0.00509574 3.29496e-22)
(0.985838 -0.00778105 8.21829e-23)
(0.97653 -0.0125527 9.0554e-22)
(0.965972 -0.0159698 -3.26942e-22)
(0.952361 -0.0217906 1.81606e-22)
(0.936966 -0.0262094 -7.48835e-23)
(0.918122 -0.0336208 5.33672e-22)
(0.896986 -0.0399154 1.0219e-21)
(0.87173 -0.0501745 1.49549e-21)
(0.843675 -0.0594628 -2.47936e-21)
(0.810788 -0.0746199 1.10534e-21)
(0.774461 -0.0876076 -1.45205e-21)
(0.733238 -0.111352 -4.16645e-21)
(0.999109 -0.000259928 1.09894e-21)
(0.997562 -0.00137998 -1.28813e-22)
(0.992103 -0.00430642 5.14037e-22)
(0.985749 -0.00675068 4.42716e-22)
(0.976474 -0.0108949 -1.41097e-21)
(0.965768 -0.0139238 5.37351e-23)
(0.952129 -0.0188112 2.2139e-22)
(0.936515 -0.0225581 1.38615e-22)
(0.917527 -0.0285699 -5.25971e-22)
(0.896033 -0.0337162 4.81019e-22)
(0.870429 -0.0418659 2.28072e-21)
(0.841741 -0.0493073 -9.12783e-22)
(0.808156 -0.0612486 2.13094e-21)
(0.770725 -0.0715711 -4.71369e-21)
(0.728152 -0.090243 5.995e-21)
(0.999128 -8.19701e-05 -7.84135e-22)
(0.997527 -0.00101445 1.47797e-23)
(0.992118 -0.00352899 -4.58331e-22)
(0.98568 -0.00572138 -2.29386e-22)
(0.976431 -0.0092332 5.02876e-22)
(0.965608 -0.0118754 -2.68661e-23)
(0.951941 -0.0158232 -9.17005e-22)
(0.936157 -0.0188931 5.32401e-22)
(0.917052 -0.0234985 -2.40728e-22)
(0.895282 -0.0274781 2.14539e-22)
(0.869405 -0.0335043 7.86388e-22)
(0.840233 -0.0390604 2.41749e-22)
(0.806111 -0.0477402 -1.38691e-21)
(0.767843 -0.0553265 1.78001e-22)
(0.724236 -0.0688393 -1.34841e-21)
(0.999141 9.70797e-05 3.81861e-22)
(0.997499 -0.000651282 -2.64023e-23)
(0.99213 -0.00273907 6.66135e-23)
(0.985631 -0.00469018 3.74063e-22)
(0.976398 -0.00756679 -6.8181e-23)
(0.96549 -0.00982177 -3.6898e-22)
(0.951798 -0.0128249 -2.3511e-22)
(0.935892 -0.0152108 2.85291e-22)
(0.916696 -0.0184047 -2.57882e-22)
(0.894732 -0.0212006 3.16307e-22)
(0.868659 -0.0250879 -8.15746e-22)
(0.839155 -0.028732 4.64443e-22)
(0.80466 -0.0341134 -1.04579e-21)
(0.765819 -0.038901 4.22461e-22)
(0.721495 -0.0471971 1.81682e-22)
(0.99915 0.000276929 -6.80546e-23)
(0.99748 -0.000290138 6.68238e-23)
(0.99214 -0.00194003 -8.658e-23)
(0.985602 -0.00365562 -1.2376e-22)
(0.976378 -0.00589374 1.16624e-22)
(0.965414 -0.00775743 1.86689e-22)
(0.9517 -0.00980958 1.30511e-22)
(0.93572 -0.0114999 -7.95696e-23)
(0.916463 -0.0132708 3.18515e-22)
(0.894387 -0.0148645 5.8957e-23)
(0.868196 -0.016587 1.52563e-22)
(0.838511 -0.0183026 2.15205e-22)
(0.803812 -0.0203932 -3.10107e-24)
(0.76466 -0.0223743 -1.58303e-22)
(0.719927 -0.0253929 -2.66474e-23)
(1.00001 -0.000250985 0)
(1.00189 -0.000705093 0)
(1.00522 -0.00120502 0)
(1.00963 -0.00163239 0)
(1.01483 -0.0020745 0)
(1.02053 -0.00242276 0)
(1.02649 -0.0027613 0)
(1.0325 -0.00299184 0)
(1.03839 -0.00321173 0)
(1.04402 -0.00332146 0)
(1.04932 -0.00343899 0)
(1.05421 -0.00344568 0)
(1.05868 -0.00349195 0)
(1.06272 -0.00341631 0)
(1.06636 -0.00342799 0)
(1.00001 -0.00074027 0)
(1.00188 -0.00207911 0)
(1.0052 -0.00355587 0)
(1.00959 -0.00481918 0)
(1.0148 -0.00613015 0)
(1.02051 -0.00716433 0)
(1.02652 -0.00817441 0)
(1.03258 -0.00886461 0)
(1.03855 -0.00952684 0)
(1.04425 -0.0098605 0)
(1.04965 -0.0102191 0)
(1.05462 -0.0102458 0)
(1.05921 -0.0103908 0)
(1.06332 -0.0101712 0)
(1.06708 -0.0102114 0)
(1.00002 -0.0012051 0)
(1.00186 -0.00337424 0)
(1.00515 -0.00578701 0)
(1.00952 -0.00784857 0)
(1.01474 -0.0100078 0)
(1.02047 -0.011711 0)
(1.02657 -0.0133934 0)
(1.0327 -0.0145448 0)
(1.03883 -0.0156661 0)
(1.04466 -0.0162348 0)
(1.05025 -0.0168579 0)
(1.05537 -0.0169164 0)
(1.06017 -0.0171851 0)
(1.06442 -0.0168293 0)
(1.0684 -0.0169236 0)
(1.00002 -0.00164611 0)
(1.00183 -0.00458075 0)
(1.00509 -0.00789586 0)
(1.0094 -0.0107191 0)
(1.01463 -0.0137204 0)
(1.02038 -0.016084 0)
(1.02658 -0.0184573 0)
(1.03283 -0.0200816 0)
(1.03916 -0.0216964 0)
(1.04518 -0.0225206 0)
(1.05103 -0.0234481 0)
(1.05636 -0.0235566 0)
(1.06146 -0.0239874 0)
(1.06592 -0.0235049 0)
(1.07022 -0.0236896 0)
(1.00003 -0.00206332 0)
(1.00178 -0.00569236 0)
(1.00499 -0.00988058 0)
(1.00922 -0.0134286 0)
(1.01445 -0.0172739 0)
(1.02021 -0.020293 0)
(1.02653 -0.0233879 0)
(1.03291 -0.0255042 0)
(1.03948 -0.0276622 0)
(1.04572 -0.0287706 0)
(1.05191 -0.0300575 0)
(1.05751 -0.0302403 0)
(1.06298 -0.0308852 0)
(1.06771 -0.0302872 0)
(1.07241 -0.0306101 0)
(1.00004 -0.00245692 0)
(1.00172 -0.00670336 0)
(1.00485 -0.0117394 0)
(1.00898 -0.0159717 0)
(1.01417 -0.0206682 0)
(1.01993 -0.0243378 0)
(1.02637 -0.0281948 0)
(1.03289 -0.0308272 0)
(1.03973 -0.0335919 0)
(1.04622 -0.03502 0)
(1.0528 -0.0367358 0)
(1.05872 -0.0370229 0)
(1.06463 -0.0379472 0)
(1.06969 -0.0372475 0)
(1.07488 -0.0377688 0)
(1.00005 -0.00282687 0)
(1.00165 -0.00760823 0)
(1.00467 -0.0134704 0)
(1.00866 -0.0183398 0)
(1.0138 -0.0238983 0)
(1.01951 -0.0282104 0)
(1.02606 -0.032878 0)
(1.0327 -0.036053 0)
(1.03983 -0.0395 0)
(1.0466 -0.0412889 0)
(1.0536 -0.0435171 0)
(1.05989 -0.043944 0)
(1.06632 -0.0452268 0)
(1.07176 -0.0444422 0)
(1.0775 -0.0452345 0)
(1.00006 -0.00317256 0)
(1.00156 -0.00840225 0)
(1.00444 -0.0150723 0)
(1.00825 -0.0205226 0)
(1.01329 -0.0269559 0)
(1.01894 -0.0318967 0)
(1.02556 -0.0374297 0)
(1.03231 -0.0411735 0)
(1.03972 -0.045389 0)
(1.04678 -0.0475836 0)
(1.05424 -0.0504215 0)
(1.06094 -0.051029 0)
(1.06793 -0.0527638 0)
(1.07382 -0.0519147 0)
(1.08018 -0.0530638 0)
(1.00007 -0.00349258 0)
(1.00146 -0.00908248 0)
(1.00416 -0.0165439 0)
(1.00776 -0.0225085 0)
(1.01265 -0.0298311 0)
(1.01818 -0.0353781 0)
(1.02483 -0.0418357 0)
(1.03167 -0.0461715 0)
(1.03934 -0.0512511 0)
(1.0467 -0.0538985 0)
(1.05463 -0.0574572 0)
(1.06177 -0.0582914 0)
(1.06937 -0.0605865 0)
(1.07576 -0.0596975 0)
(1.08282 -0.0613035 0)
(1.00007 -0.00378451 0)
(1.00133 -0.00964879 0)
(1.00381 -0.0178839 0)
(1.00718 -0.0242859 0)
(1.01186 -0.0325131 0)
(1.01723 -0.0386328 0)
(1.02385 -0.0460774 0)
(1.03073 -0.051022 0)
(1.03863 -0.0570693 0)
(1.04627 -0.0602174 0)
(1.05468 -0.0646216 0)
(1.0623 -0.0657334 0)
(1.07054 -0.068713 0)
(1.0775 -0.0678136 0)
(1.08529 -0.0699917 0)
(1.00007 -0.00404503 0)
(1.00119 -0.0101044 0)
(1.00341 -0.0190898 0)
(1.00651 -0.0258446 0)
(1.01092 -0.0349912 0)
(1.01608 -0.0416373 0)
(1.02259 -0.0501329 0)
(1.02946 -0.0556941 0)
(1.03754 -0.0628187 0)
(1.04545 -0.0665147 0)
(1.05432 -0.071902 0)
(1.06244 -0.0733473 0)
(1.07134 -0.077152 0)
(1.07894 -0.0762776 0)
(1.08751 -0.079159 0)
(1.00006 -0.00427014 0)
(1.00103 -0.0104563 0)
(1.00295 -0.0201577 0)
(1.00575 -0.0271777 0)
(1.00982 -0.0372551 0)
(1.01472 -0.0443681 0)
(1.02103 -0.0539783 0)
(1.02784 -0.060152 0)
(1.03602 -0.0684684 0)
(1.04417 -0.0727568 0)
(1.05347 -0.0792772 0)
(1.06211 -0.0811161 0)
(1.07169 -0.0859035 0)
(1.07999 -0.0850959 0)
(1.08937 -0.0888295 0)
(1.00004 -0.00445569 0)
(1.00085 -0.0107146 0)
(1.00245 -0.0210816 0)
(1.00492 -0.0282835 0)
(1.00857 -0.0392944 0)
(1.01315 -0.0468038 0)
(1.01917 -0.0575891 0)
(1.02586 -0.0643566 0)
(1.03404 -0.0739823 0)
(1.0424 -0.0789023 0)
(1.05206 -0.0867171 0)
(1.06124 -0.0890136 0)
(1.07148 -0.0949592 0)
(1.08055 -0.0942675 0)
(1.09078 -0.099021 0)
(1 -0.00459805 0)
(1.00066 -0.0108913 0)
(1.00189 -0.0218539 0)
(1.00402 -0.0291669 0)
(1.00718 -0.0410979 0)
(1.01139 -0.0489277 0)
(1.017 -0.0609403 0)
(1.02351 -0.0682673 0)
(1.03157 -0.0793209 0)
(1.0401 -0.0849038 0)
(1.05004 -0.0941841 0)
(1.05977 -0.0970053 0)
(1.07065 -0.104303 0)
(1.08055 -0.103784 0)
(1.09163 -0.109745 0)
(0.999953 -0.00469483 0)
(1.00046 -0.0109993 0)
(1.0013 -0.0224665 0)
(1.00307 -0.0298393 0)
(1.00566 -0.0426531 0)
(1.00946 -0.0507298 0)
(1.01453 -0.0640059 0)
(1.02079 -0.0718448 0)
(1.0286 -0.0844418 0)
(1.03724 -0.0907083 0)
(1.04737 -0.101633 0)
(1.05763 -0.105048 0)
(1.0691 -0.113909 0)
(1.0799 -0.11363 0)
(1.09184 -0.121009 0)
(0.999881 -0.00474537 0)
(1.00027 -0.0110504 0)
(1.00067 -0.022913 0)
(1.00208 -0.0303175 0)
(1.00402 -0.0439458 0)
(1.00737 -0.0522088 0)
(1.01177 -0.0667584 0)
(1.01773 -0.0750537 0)
(1.02512 -0.0893007 0)
(1.03381 -0.0962582 0)
(1.04398 -0.109012 0)
(1.05478 -0.113092 0)
(1.06677 -0.123744 0)
(1.07853 -0.123783 0)
(1.09131 -0.132811 0)
(0.999784 -0.00475103 0)
(1.00009 -0.0110541 0)
(1.00001 -0.0231905 0)
(1.00106 -0.0306211 0)
(1.00229 -0.044962 0)
(1.00515 -0.0533724 0)
(1.00876 -0.0691681 0)
(1.01434 -0.0778664 0)
(1.02114 -0.0938508 0)
(1.02982 -0.101493 0)
(1.03986 -0.116264 0)
(1.05117 -0.121077 0)
(1.06357 -0.133765 0)
(1.07636 -0.134212 0)
(1.08994 -0.145145 0)
(0.999661 -0.00471522 0)
(0.999939 -0.0110168 0)
(0.999325 -0.0233011 0)
(1.00004 -0.0307698 0)
(1.00047 -0.0456905 0)
(1.00283 -0.0542366 0)
(1.00552 -0.0712032 0)
(1.01066 -0.0802659 0)
(1.01667 -0.0980413 0)
(1.02526 -0.106354 0)
(1.03497 -0.123326 0)
(1.04676 -0.128937 0)
(1.05945 -0.143921 0)
(1.07331 -0.144879 0)
(1.08764 -0.157997 0)
(0.999511 -0.00464306 0)
(0.999824 -0.010942 0)
(0.998609 -0.0232528 0)
(0.999039 -0.0307809 0)
(0.998592 -0.0461258 0)
(1.00043 -0.0548224 0)
(1.00209 -0.0728321 0)
(1.00671 -0.0822477 0)
(1.01175 -0.101816 0)
(1.02016 -0.110786 0)
(1.02932 -0.130131 0)
(1.04154 -0.136595 0)
(1.05434 -0.154153 0)
(1.06932 -0.155736 0)
(1.08432 -0.171346 0)
(0.999337 -0.0045408 0)
(0.99975 -0.0108303 0)
(0.997868 -0.0230587 0)
(0.998071 -0.030668 0)
(0.996659 -0.0462703 0)
(0.998 -0.0551519 0)
(0.998493 -0.0740271 0)
(1.00254 -0.083819 0)
(1.00642 -0.105113 0)
(1.01453 -0.114745 0)
(1.02289 -0.136604 0)
(1.03548 -0.143968 0)
(1.04818 -0.164394 0)
(1.06433 -0.166728 0)
(1.07987 -0.18516 0)
(0.999147 -0.00441518 0)
(0.999716 -0.0106806 0)
(0.997108 -0.0227367 0)
(0.997152 -0.0304401 0)
(0.994685 -0.0461364 0)
(0.995569 -0.0552451 0)
(0.994767 -0.0747693 0)
(0.998188 -0.0849957 0)
(1.00072 -0.107865 0)
(1.00842 -0.118201 0)
(1.01572 -0.142656 0)
(1.02858 -0.150971 0)
(1.04092 -0.174575 0)
(1.05826 -0.177786 0)
(1.07423 -0.199408 0)
(0.998952 -0.00427274 0)
(0.999714 -0.0104913 0)
(0.996342 -0.0223068 0)
(0.99629 -0.0301024 0)
(0.992689 -0.0457459 0)
(0.993173 -0.0551165 0)
(0.990939 -0.075054 0)
(0.993716 -0.0857968 0)
(0.994699 -0.110008 0)
(1.00185 -0.121142 0)
(1.00784 -0.148182 0)
(1.02083 -0.157522 0)
(1.03254 -0.184613 0)
(1.05108 -0.18883 0)
(1.0673 -0.214059 0)
(0.998766 -0.00411909 0)
(0.999725 -0.0102615 0)
(0.995589 -0.0217896 0)
(0.995476 -0.0296576 0)
(0.990697 -0.0451282 0)
(0.990833 -0.0547742 0)
(0.987043 -0.0748944 0)
(0.989184 -0.0862373 0)
(0.988415 -0.11149 0)
(0.994902 -0.123571 0)
(0.999311 -0.15306 0)
(1.01224 -0.163556 0)
(1.02304 -0.194407 0)
(1.04273 -0.199764 0)
(1.05903 -0.229082 0)
(0.998605 -0.00395847 0)
(0.99973 -0.00999243 0)
(0.994875 -0.0212039 0)
(0.994691 -0.0291085 0)
(0.988748 -0.0443175 0)
(0.988551 -0.0542217 0)
(0.983129 -0.0743229 0)
(0.984645 -0.0863237 0)
(0.981917 -0.112282 0)
(0.987654 -0.125499 0)
(0.990192 -0.157158 0)
(1.00285 -0.169039 0)
(1.01243 -0.203818 0)
(1.03318 -0.21047 0)
(1.04934 -0.244421 0)
(0.998481 -0.00379361 0)
(0.999706 -0.00968731 0)
(0.994226 -0.0205654 0)
(0.993909 -0.0284609 0)
(0.986891 -0.0433477 0)
(0.98631 -0.0534625 0)
(0.979272 -0.073387 0)
(0.980127 -0.0860535 0)
(0.975289 -0.112395 0)
(0.980207 -0.126926 0)
(0.980546 -0.160357 0)
(0.992742 -0.173966 0)
(1.00075 -0.212676 0)
(1.02241 -0.220801 0)
(1.0382 -0.259954 0)
(0.998401 -0.00362597 0)
(0.999639 -0.00935106 0)
(0.993663 -0.0198856 0)
(0.993106 -0.0277241 0)
(0.985174 -0.0422478 0)
(0.984085 -0.0525031 0)
(0.975567 -0.0721378 0)
(0.975629 -0.085417 0)
(0.968666 -0.111867 0)
(0.972633 -0.127827 0)
(0.970482 -0.162564 0)
(0.982038 -0.178336 0)
(0.988074 -0.22079 0)
(1.01047 -0.230652 0)
(1.02552 -0.275596 0)
(0.998366 -0.00345612 0)
(0.999526 -0.00898944 0)
(0.993194 -0.0191713 0)
(0.992275 -0.0269073 0)
(0.983631 -0.0410344 0)
(0.981864 -0.05135 0)
(0.972103 -0.0706082 0)
(0.971145 -0.0843949 0)
(0.962225 -0.110736 0)
(0.964961 -0.128135 0)
(0.960194 -0.163707 0)
(0.970822 -0.182113 0)
(0.974448 -0.227961 0)
(0.997416 -0.240189 0)
(1.01123 -0.291704 0)
(0.998371 -0.00328418 0)
(0.999369 -0.00861002 0)
(0.992817 -0.0184262 0)
(0.991426 -0.0260214 0)
(0.982279 -0.0397126 0)
(0.979668 -0.0500109 0)
(0.968954 -0.0688081 0)
(0.966702 -0.0829752 0)
(0.956146 -0.109028 0)
(0.95721 -0.127794 0)
(0.949963 -0.163778 0)
(0.959045 -0.185279 0)
(0.959924 -0.233961 0)
(0.983055 -0.250057 0)
(0.995266 -0.30955 0)
(0.998407 -0.00311139 0)
(0.999183 -0.00822592 0)
(0.992525 -0.0176672 0)
(0.990591 -0.0251035 0)
(0.981124 -0.0383274 0)
(0.977558 -0.0485597 0)
(0.966159 -0.0668326 0)
(0.962389 -0.0812826 0)
(0.950552 -0.106929 0)
(0.949445 -0.126956 0)
(0.940047 -0.163027 0)
(0.946561 -0.187878 0)
(0.944531 -0.238393 0)
(0.96642 -0.260516 0)
(0.977578 -0.329967 0)
(0.998464 -0.00294318 0)
(0.998983 -0.00785317 0)
(0.992309 -0.0169599 0)
(0.989808 -0.0242567 0)
(0.980166 -0.03708 0)
(0.975609 -0.0472574 0)
(0.963732 -0.0650864 0)
(0.958322 -0.0797538 0)
(0.945478 -0.105031 0)
(0.941794 -0.126016 0)
(0.930575 -0.16193 0)
(0.933396 -0.189372 0)
(0.928492 -0.240067 0)
(0.946076 -0.268185 0)
(0.957607 -0.346762 0)
(1.06867 -0.00332254 -2.59776e-23)
(1.06986 -0.00326469 5.0128e-23)
(1.07104 -0.00320499 -5.41879e-23)
(1.0722 -0.00314391 1.04217e-22)
(1.07335 -0.00308159 4.01067e-23)
(1.07449 -0.00301811 -1.00699e-23)
(1.07561 -0.00295365 -1.19578e-22)
(1.07672 -0.00288841 -3.07201e-23)
(1.07781 -0.00282258 1.15125e-22)
(1.07888 -0.0027563 -9.78133e-23)
(1.07994 -0.00268968 4.25433e-23)
(1.08097 -0.0026228 -7.08601e-24)
(1.08198 -0.00255571 -1.89668e-24)
(1.08297 -0.00248845 -4.5736e-24)
(1.08394 -0.00242103 7.79125e-24)
(1.08488 -0.00235343 1.49223e-24)
(1.08579 -0.00228563 2.2423e-24)
(1.08668 -0.00221755 -2.77388e-24)
(1.08754 -0.00214916 1.93536e-24)
(1.08837 -0.00208013 -1.32e-25)
(1.06942 -0.00990285 3.48846e-24)
(1.07062 -0.0097384 -4.70282e-23)
(1.07181 -0.00957088 -4.59243e-25)
(1.07297 -0.00940084 -3.47234e-23)
(1.07413 -0.00922796 1.10253e-22)
(1.07528 -0.00905199 7.58409e-23)
(1.07642 -0.00887295 -2.30222e-23)
(1.07754 -0.00869098 -4.69078e-23)
(1.07865 -0.00850623 3.94187e-24)
(1.07974 -0.0083188 -4.24713e-24)
(1.08081 -0.00812873 3.21617e-23)
(1.08186 -0.00793605 -1.33766e-23)
(1.0829 -0.00774078 -2.13893e-24)
(1.08391 -0.00754291 1.57554e-23)
(1.0849 -0.00734245 -4.71375e-24)
(1.08586 -0.00713937 1.53575e-24)
(1.0868 -0.00693364 -3.16195e-24)
(1.08772 -0.0067252 2.29585e-24)
(1.08861 -0.00651402 -8.4904e-25)
(1.08947 -0.00629993 4.4067e-26)
(1.07082 -0.0164137 5.8453e-23)
(1.07205 -0.016144 -1.41463e-23)
(1.07325 -0.0158689 -1.15565e-22)
(1.07444 -0.0155892 -2.14224e-23)
(1.07563 -0.0153041 -5.73361e-23)
(1.07681 -0.0150134 2.18272e-23)
(1.07798 -0.0147171 2.70723e-22)
(1.07913 -0.0144154 -1.61332e-22)
(1.08027 -0.0141086 -8.63915e-24)
(1.0814 -0.0137968 1.29127e-23)
(1.08251 -0.0134802 3.59334e-23)
(1.0836 -0.0131588 4.78258e-23)
(1.08467 -0.0128327 -2.90923e-23)
(1.08573 -0.0125021 -8.46728e-25)
(1.08676 -0.0121669 3.3501e-25)
(1.08776 -0.0118272 -5.399e-24)
(1.08875 -0.0114829 2.43447e-24)
(1.0897 -0.0111342 -2.37309e-24)
(1.09063 -0.0107808 5.32709e-24)
(1.09154 -0.0104229 -1.85358e-25)
(1.07275 -0.0229762 6.14497e-23)
(1.07402 -0.0226015 -3.9623e-23)
(1.07526 -0.022219 1.5119e-22)
(1.07649 -0.0218299 -1.14528e-22)
(1.07772 -0.0214333 -3.91132e-23)
(1.07894 -0.0210287 -7.66168e-23)
(1.08016 -0.0206161 -7.69648e-23)
(1.08137 -0.0201957 9.98513e-23)
(1.08256 -0.019768 -6.61882e-23)
(1.08374 -0.0193332 1.46678e-24)
(1.0849 -0.0188913 -2.97573e-24)
(1.08605 -0.0184425 -1.83487e-23)
(1.08718 -0.0179868 -1.36211e-23)
(1.08828 -0.0175244 5.65962e-24)
(1.08937 -0.0170553 -6.53252e-25)
(1.09044 -0.0165795 7.66712e-24)
(1.09148 -0.0160971 -8.82112e-24)
(1.0925 -0.015608 2.29299e-24)
(1.09349 -0.0151122 5.4397e-24)
(1.09445 -0.0146097 -3.48252e-24)
(1.0751 -0.0296895 -9.37071e-23)
(1.07644 -0.0292086 1.74381e-22)
(1.07772 -0.0287177 8.04368e-23)
(1.07901 -0.028218 -5.24915e-23)
(1.08029 -0.0277084 -3.83611e-23)
(1.08158 -0.0271883 4.40132e-23)
(1.08287 -0.0266576 1.01095e-22)
(1.08414 -0.0261167 2.62042e-23)
(1.0854 -0.0255659 -5.10268e-23)
(1.08665 -0.0250056 7.09386e-23)
(1.08788 -0.0244359 -2.14524e-23)
(1.0891 -0.0238568 -4.46184e-24)
(1.0903 -0.0232685 5.67302e-24)
(1.09149 -0.0226711 2.89907e-24)
(1.09265 -0.0220646 -3.99238e-24)
(1.09379 -0.0214492 -3.04843e-24)
(1.09491 -0.0208247 1.23915e-23)
(1.096 -0.0201913 -1.67798e-24)
(1.09707 -0.0195489 -6.77255e-25)
(1.09812 -0.0188975 -4.74618e-24)
(1.07776 -0.0366356 -9.32801e-23)
(1.07918 -0.0360466 -1.80454e-22)
(1.08054 -0.0354448 7.84539e-23)
(1.08189 -0.034832 1.27287e-22)
(1.08326 -0.034207 -4.84471e-23)
(1.08463 -0.0335687 5.31434e-23)
(1.086 -0.0329171 -1.41016e-22)
(1.08736 -0.0322527 2.87243e-23)
(1.08871 -0.0315759 -5.29473e-24)
(1.09004 -0.030887 -3.93491e-23)
(1.09137 -0.0301862 1.63849e-23)
(1.09268 -0.0294734 -1.48659e-23)
(1.09397 -0.028749 -2.668e-24)
(1.09524 -0.0280129 -7.78438e-24)
(1.0965 -0.0272652 -7.41388e-24)
(1.09774 -0.0265061 -6.73554e-24)
(1.09895 -0.0257356 -1.06362e-23)
(1.10014 -0.0249535 -7.69173e-26)
(1.10131 -0.0241601 4.26015e-24)
(1.10245 -0.0233551 -3.35704e-25)
(1.08063 -0.0438825 8.21259e-23)
(1.08216 -0.0431826 -3.14492e-23)
(1.08361 -0.0424671 -2.53453e-22)
(1.08506 -0.041738 -3.46113e-23)
(1.08652 -0.040994 -1.33839e-22)
(1.088 -0.040234 -2.16866e-24)
(1.08947 -0.0394579 9.30964e-23)
(1.09094 -0.0386663 -3.3422e-23)
(1.09239 -0.0378595 4.66498e-23)
(1.09383 -0.037038 -3.44066e-24)
(1.09526 -0.0362017 1.357e-23)
(1.09668 -0.0353508 5.20896e-24)
(1.09809 -0.0344855 -2.36799e-23)
(1.09947 -0.0336058 -5.75872e-24)
(1.10084 -0.032712 3.46598e-23)
(1.10219 -0.0318039 2.73959e-25)
(1.10352 -0.0308817 1.53966e-23)
(1.10482 -0.0299454 -1.62835e-23)
(1.10611 -0.0289951 -1.98953e-23)
(1.10736 -0.0280305 8.86798e-24)
(1.08361 -0.0514869 -1.07338e-22)
(1.08527 -0.0506733 1.69065e-22)
(1.08684 -0.0498405 1.5932e-22)
(1.0884 -0.0489913 -5.86563e-23)
(1.08998 -0.0481245 6.3439e-23)
(1.09159 -0.0472388 -1.06746e-23)
(1.09319 -0.046334 -3.0942e-23)
(1.09478 -0.0454107 2.90918e-23)
(1.09636 -0.0444694 -9.25011e-24)
(1.09793 -0.0435104 -1.76372e-25)
(1.0995 -0.0425337 1.67581e-23)
(1.10104 -0.0415395 -3.65904e-23)
(1.10258 -0.040528 1.68383e-23)
(1.1041 -0.0394992 4.67931e-23)
(1.1056 -0.0384533 -4.27172e-23)
(1.10708 -0.0373904 4.74191e-23)
(1.10854 -0.0363104 1.19459e-23)
(1.10999 -0.0352135 -3.06903e-23)
(1.1114 -0.0340997 4.71328e-24)
(1.1128 -0.0329688 1.95035e-24)
(1.08658 -0.0594962 2.616e-22)
(1.08842 -0.058566 -3.06063e-22)
(1.09012 -0.0576126 -1.51108e-22)
(1.09182 -0.0566394 9.42835e-23)
(1.09356 -0.0556455 -1.28279e-23)
(1.09532 -0.0546297 5.55054e-23)
(1.09707 -0.0535917 -2.2184e-23)
(1.09882 -0.052532 -9.81048e-24)
(1.10055 -0.0514511 -1.40692e-23)
(1.10227 -0.0503493 4.0111e-24)
(1.10399 -0.0492268 -5.67677e-23)
(1.10569 -0.0480836 6.1795e-23)
(1.10738 -0.0469199 -6.80999e-23)
(1.10905 -0.0457359 6.88982e-23)
(1.11071 -0.0445316 5.06051e-23)
(1.11235 -0.0433072 -5.17716e-23)
(1.11397 -0.0420627 -1.85391e-23)
(1.11556 -0.0407982 2.79555e-23)
(1.11714 -0.0395137 2.52122e-23)
(1.11869 -0.0382092 -1.51159e-24)
(1.08946 -0.0679499 -2.99109e-22)
(1.0915 -0.0669009 1.2163e-22)
(1.09338 -0.0658234 4.31626e-23)
(1.09526 -0.0647223 4.87185e-23)
(1.09717 -0.0635972 2.21492e-23)
(1.0991 -0.0624468 -8.65535e-23)
(1.10104 -0.061271 -1.23271e-23)
(1.10296 -0.0600699 6.9536e-24)
(1.10488 -0.0588442 -4.23059e-23)
(1.10678 -0.0575941 4.8187e-24)
(1.10867 -0.0563199 3.97473e-23)
(1.11055 -0.0550216 -5.63101e-23)
(1.11242 -0.0536994 9.72275e-23)
(1.11427 -0.0523535 1.07889e-23)
(1.11611 -0.050984 -3.53573e-23)
(1.11793 -0.0495911 -1.61657e-23)
(1.11972 -0.0481747 4.53945e-23)
(1.1215 -0.0467349 1.18271e-23)
(1.12326 -0.0452723 2.93199e-23)
(1.12499 -0.0437863 -2.7102e-23)
(1.09214 -0.0768809 2.24803e-22)
(1.09443 -0.0757115 2.76666e-23)
(1.09653 -0.0745073 -5.40114e-23)
(1.09861 -0.0732746 -7.46635e-23)
(1.10073 -0.0720141 -1.49537e-23)
(1.10287 -0.070725 6.03504e-23)
(1.10502 -0.0694066 2.12562e-24)
(1.10716 -0.0680592 -1.35835e-24)
(1.10928 -0.0666833 4.80409e-23)
(1.11139 -0.0652791 8.30088e-23)
(1.11348 -0.0638471 -3.82949e-23)
(1.11557 -0.0623872 1.0765e-23)
(1.11764 -0.0608999 -9.31681e-23)
(1.1197 -0.0593851 -1.27831e-22)
(1.12174 -0.0578431 9.01978e-23)
(1.12376 -0.0562739 -4.18506e-23)
(1.12576 -0.0546779 3.81179e-23)
(1.12774 -0.0530548 1.44857e-23)
(1.1297 -0.0514061 -4.62919e-23)
(1.13164 -0.0497307 1.83857e-23)
(1.09454 -0.0863161 2.87096e-22)
(1.09711 -0.0850261 -6.59743e-23)
(1.09948 -0.0836932 1.83397e-24)
(1.1018 -0.0823256 6.75806e-23)
(1.10417 -0.0809261 8.59207e-23)
(1.10656 -0.0794941 7.88731e-25)
(1.10895 -0.0780288 -7.48301e-24)
(1.11132 -0.0765301 7.73016e-23)
(1.11368 -0.0749985 3.3822e-23)
(1.11603 -0.0734345 4.63901e-23)
(1.11837 -0.0718383 -6.41463e-23)
(1.12069 -0.0702104 -1.88019e-22)
(1.123 -0.0685509 1.55057e-22)
(1.12528 -0.06686 7.75805e-23)
(1.12756 -0.0651379 -1.48122e-22)
(1.12981 -0.0633843 1.44575e-22)
(1.13204 -0.0615998 1.36872e-23)
(1.13424 -0.0597827 1.96187e-23)
(1.13643 -0.0579396 4.14237e-23)
(1.1386 -0.0560669 3.96365e-23)
(1.09655 -0.0962774 -4.11956e-22)
(1.09946 -0.0948681 -2.433e-23)
(1.10215 -0.0934054 8.82217e-23)
(1.10477 -0.0919006 1.30366e-22)
(1.10741 -0.0903589 -5.36212e-23)
(1.11008 -0.0887804 -2.49111e-23)
(1.11275 -0.087164 8.85953e-24)
(1.11541 -0.0855092 -5.07012e-24)
(1.11804 -0.0838165 -1.09254e-22)
(1.12066 -0.0820864 8.09554e-23)
(1.12327 -0.0803197 2.42818e-22)
(1.12585 -0.0785169 5.95028e-23)
(1.12842 -0.0766784 2.00116e-22)
(1.13098 -0.0748045 -7.88562e-23)
(1.13351 -0.0728957 -2.23765e-22)
(1.13602 -0.0709525 8.27535e-24)
(1.13851 -0.068975 1.05401e-22)
(1.14097 -0.0669648 -1.16923e-22)
(1.14339 -0.0649135 5.88836e-24)
(1.14581 -0.062826 -3.92856e-23)
(1.09808 -0.106782 -1.05018e-23)
(1.1014 -0.105256 3.89125e-22)
(1.10447 -0.103665 -2.54208e-22)
(1.10742 -0.102021 -1.88642e-22)
(1.11039 -0.100335 -1.82332e-23)
(1.11338 -0.098607 6.49195e-24)
(1.11637 -0.0968358 -7.40825e-24)
(1.11935 -0.0950201 -7.77478e-23)
(1.1223 -0.0931605 1.10294e-22)
(1.12523 -0.0912579 -1.00705e-22)
(1.12813 -0.0893134 -2.58551e-22)
(1.13102 -0.0873278 -1.06474e-22)
(1.13388 -0.0853015 -2.88642e-23)
(1.13673 -0.0832353 1.66598e-22)
(1.13954 -0.0811297 1.00066e-22)
(1.14234 -0.0789856 -1.89281e-22)
(1.1451 -0.076803 -3.20873e-22)
(1.14786 -0.0745839 -8.26201e-25)
(1.1506 -0.07232 1.0709e-22)
(1.1533 -0.0700144 5.42342e-23)
(1.09905 -0.117841 -7.33837e-23)
(1.10284 -0.116206 -4.78007e-22)
(1.10635 -0.114488 -7.78821e-25)
(1.1097 -0.112706 -2.26125e-23)
(1.11304 -0.110874 2.17861e-23)
(1.1164 -0.108995 3.38436e-23)
(1.11976 -0.107065 -6.64983e-23)
(1.12309 -0.105084 7.09402e-23)
(1.1264 -0.103052 5.87471e-23)
(1.12968 -0.10097 1.9508e-23)
(1.13293 -0.0988403 -2.12722e-23)
(1.13615 -0.0966632 -2.97395e-22)
(1.13934 -0.0944396 -1.93635e-22)
(1.14251 -0.0921702 1.85789e-22)
(1.14565 -0.0898555 -4.11054e-23)
(1.14876 -0.0874963 2.56121e-22)
(1.15185 -0.085093 3.62727e-22)
(1.15491 -0.0826455 -4.54991e-23)
(1.15795 -0.0801597 -1.5114e-22)
(1.16097 -0.07763 -3.72058e-23)
(1.09936 -0.129464 3.65761e-22)
(1.10369 -0.12773 2.77125e-22)
(1.10773 -0.12589 -8.61726e-23)
(1.11155 -0.123971 9.62752e-23)
(1.1153 -0.121993 -2.81718e-23)
(1.11907 -0.119962 -6.20148e-23)
(1.12285 -0.117873 7.43795e-23)
(1.1266 -0.115723 1.54371e-23)
(1.13031 -0.113512 -9.58506e-23)
(1.13397 -0.111244 5.85533e-23)
(1.13761 -0.108921 -2.62997e-22)
(1.14121 -0.106544 4.1719e-22)
(1.14477 -0.104113 -7.18234e-23)
(1.1483 -0.101631 -2.04532e-22)
(1.1518 -0.0990971 -2.38017e-22)
(1.15526 -0.0965134 3.20827e-22)
(1.15869 -0.0938805 -6.13423e-22)
(1.16208 -0.0912013 3.0197e-22)
(1.16546 -0.088476 2.68575e-23)
(1.16881 -0.0857028 -6.75568e-23)
(1.09892 -0.141654 -7.27384e-22)
(1.10387 -0.139833 -2.99962e-23)
(1.10853 -0.137881 3.11198e-22)
(1.11288 -0.135829 -2.45216e-23)
(1.11711 -0.133709 6.56092e-24)
(1.12135 -0.131527 2.77497e-23)
(1.12559 -0.129277 1.15963e-22)
(1.12981 -0.126954 -3.90817e-23)
(1.13397 -0.12456 3.76801e-22)
(1.13808 -0.1221 -3.96734e-22)
(1.14214 -0.119575 3.35858e-22)
(1.14616 -0.116988 2.25459e-22)
(1.15013 -0.114341 -4.04876e-22)
(1.15407 -0.111634 5.44667e-22)
(1.15795 -0.108869 2.04423e-22)
(1.1618 -0.106048 -6.60427e-22)
(1.1656 -0.103171 1.83208e-22)
(1.16936 -0.100247 -3.75179e-22)
(1.17311 -0.0972708 -7.10139e-23)
(1.17682 -0.094241 6.95567e-23)
(1.09763 -0.154407 -2.15826e-22)
(1.1033 -0.15252 9.39917e-23)
(1.10868 -0.150467 -2.75204e-22)
(1.11363 -0.148291 4.42242e-23)
(1.1184 -0.146034 -2.3644e-23)
(1.12317 -0.143705 9.04179e-25)
(1.12794 -0.141294 -2.03693e-22)
(1.13268 -0.138796 1.93134e-22)
(1.13736 -0.136215 -2.62756e-22)
(1.14196 -0.133554 -2.49323e-22)
(1.1465 -0.13082 -2.17951e-22)
(1.15098 -0.128014 -1.08634e-22)
(1.15541 -0.125138 6.8744e-22)
(1.15978 -0.122195 -4.83252e-22)
(1.1641 -0.119184 -3.94139e-22)
(1.16837 -0.11611 4.12983e-22)
(1.17257 -0.112969 8.26907e-23)
(1.17673 -0.109781 4.60828e-22)
(1.18087 -0.106537 1.38457e-22)
(1.18499 -0.103234 -2.80989e-23)
(1.09541 -0.167716 3.98286e-22)
(1.10189 -0.165788 -1.76469e-22)
(1.1081 -0.163652 6.54488e-22)
(1.11375 -0.161364 1.25655e-22)
(1.11912 -0.15898 -4.98539e-24)
(1.12447 -0.156511 3.36567e-22)
(1.12984 -0.153942 6.06051e-23)
(1.13518 -0.151268 -5.86933e-22)
(1.14043 -0.148493 -3.05064e-22)
(1.14558 -0.145627 4.90548e-23)
(1.15064 -0.142674 -9.30227e-23)
(1.15564 -0.139638 2.95956e-23)
(1.16057 -0.136522 -4.85546e-22)
(1.16544 -0.133328 5.69143e-22)
(1.17023 -0.130062 3.66555e-22)
(1.17497 -0.126726 -3.84091e-22)
(1.17961 -0.123328 6.95452e-23)
(1.18418 -0.119847 -3.45011e-22)
(1.18875 -0.116297 1.58712e-22)
(1.19329 -0.112686 -4.31854e-23)
(1.09215 -0.181566 1.86979e-21)
(1.09956 -0.17963 3.09057e-22)
(1.10672 -0.177434 -7.05187e-22)
(1.11314 -0.175052 -7.76289e-23)
(1.11918 -0.172557 2.35667e-23)
(1.1252 -0.169958 -2.09567e-22)
(1.13125 -0.167236 -6.46069e-22)
(1.13726 -0.164385 2.02714e-22)
(1.14314 -0.161415 4.69253e-22)
(1.1489 -0.158336 3.90033e-22)
(1.15456 -0.155155 -1.73389e-22)
(1.16012 -0.151875 -3.17943e-22)
(1.16561 -0.148501 6.21173e-22)
(1.171 -0.145038 -4.18037e-22)
(1.1763 -0.141494 -9.95209e-22)
(1.18151 -0.137871 3.60146e-22)
(1.18666 -0.134184 3.70597e-22)
(1.19177 -0.130403 5.16829e-23)
(1.1968 -0.126538 -1.61116e-22)
(1.20177 -0.122602 1.36834e-22)
(1.08777 -0.195938 -2.40871e-21)
(1.09621 -0.19403 -6.76443e-22)
(1.10445 -0.191806 7.86374e-22)
(1.11175 -0.189356 -1.89592e-22)
(1.11853 -0.186773 -1.604e-23)
(1.12529 -0.18406 -2.84358e-22)
(1.13211 -0.181193 8.60854e-22)
(1.13887 -0.178168 8.10032e-22)
(1.14547 -0.175 -1.37404e-22)
(1.15191 -0.171703 -1.66982e-22)
(1.15822 -0.168283 2.00974e-22)
(1.16442 -0.164745 -9.49482e-22)
(1.17051 -0.161094 -6.71715e-22)
(1.17649 -0.157337 7.81503e-23)
(1.18236 -0.153482 1.48168e-21)
(1.1881 -0.149533 -2.62985e-23)
(1.19377 -0.145503 -4.19418e-22)
(1.19939 -0.141397 -4.70813e-23)
(1.20494 -0.137204 -6.10104e-22)
(1.21039 -0.132928 -5.69932e-23)
(1.08218 -0.210812 -5.95025e-22)
(1.09178 -0.208974 1.34513e-22)
(1.10123 -0.206756 -8.50117e-22)
(1.10948 -0.204274 1.64591e-22)
(1.1171 -0.201633 5.87048e-25)
(1.1247 -0.198827 6.11027e-22)
(1.13239 -0.195827 -5.46266e-22)
(1.13998 -0.192635 7.06408e-22)
(1.14737 -0.189272 2.37597e-22)
(1.15457 -0.185754 3.30554e-22)
(1.16161 -0.182086 -1.93538e-23)
(1.16852 -0.178275 5.43214e-22)
(1.17529 -0.174328 7.90766e-22)
(1.18192 -0.170254 6.13548e-22)
(1.1884 -0.166063 1.04907e-21)
(1.19474 -0.161762 9.0235e-22)
(1.20096 -0.157378 5.64465e-22)
(1.20713 -0.152909 1.34539e-22)
(1.21321 -0.148342 2.73731e-23)
(1.21918 -0.143685 -9.02134e-23)
(1.07533 -0.226172 1.93987e-21)
(1.08622 -0.224445 1.8386e-22)
(1.09699 -0.222272 7.18228e-22)
(1.10628 -0.219802 -5.25945e-22)
(1.11481 -0.217144 5.91513e-23)
(1.12337 -0.214273 -8.32611e-22)
(1.13203 -0.211156 -5.13966e-22)
(1.14055 -0.207807 -2.74099e-22)
(1.14882 -0.204255 1.29361e-22)
(1.15685 -0.200516 -2.2788e-22)
(1.16471 -0.196594 -1.04202e-21)
(1.17241 -0.192498 1.25748e-21)
(1.17993 -0.18824 -4.26948e-22)
(1.18727 -0.183828 -2.38627e-21)
(1.19444 -0.179277 -1.00731e-21)
(1.20141 -0.174564 -1.65426e-22)
(1.20821 -0.169797 1.99267e-22)
(1.21498 -0.164927 -8.32214e-22)
(1.22164 -0.159946 3.39638e-22)
(1.22816 -0.154866 1.85134e-22)
(1.0672 -0.241985 -1.95059e-21)
(1.07949 -0.240415 -1.57833e-21)
(1.09169 -0.238337 2.82409e-22)
(1.10207 -0.235939 1.87855e-22)
(1.11161 -0.233313 -5.72259e-23)
(1.12125 -0.230407 6.38121e-22)
(1.131 -0.227194 6.41956e-22)
(1.14055 -0.223706 -2.52671e-21)
(1.14978 -0.219978 -7.70497e-22)
(1.15875 -0.216019 -2.15028e-22)
(1.16751 -0.211835 -3.32392e-23)
(1.17607 -0.207442 -1.50133e-22)
(1.18443 -0.202858 -1.25573e-21)
(1.19256 -0.198111 2.17547e-21)
(1.20053 -0.193208 3.71299e-22)
(1.20815 -0.188218 -1.0201e-21)
(1.21557 -0.182974 -5.83249e-22)
(1.223 -0.17757 3.71064e-22)
(1.23029 -0.172072 7.59924e-22)
(1.23738 -0.16649 -7.90924e-23)
(1.05777 -0.258163 2.18612e-23)
(1.07161 -0.256813 1.9373e-21)
(1.08527 -0.25491 4.09231e-22)
(1.09679 -0.252669 6.77303e-22)
(1.10745 -0.250136 1.56382e-23)
(1.11832 -0.247234 -1.2392e-22)
(1.12927 -0.243955 9.00954e-22)
(1.13993 -0.240357 1.11527e-21)
(1.15023 -0.236469 2.37891e-21)
(1.16024 -0.232296 1.21334e-21)
(1.17001 -0.227844 9.7085e-22)
(1.17953 -0.223135 -1.50617e-22)
(1.18876 -0.218191 5.57731e-22)
(1.19772 -0.213047 1.33982e-21)
(1.20634 -0.207707 -1.03734e-21)
(1.21486 -0.202257 -2.56922e-22)
(1.22333 -0.196542 7.83907e-22)
(1.23146 -0.19064 1.13059e-21)
(1.23933 -0.184618 -7.30935e-22)
(1.24699 -0.178498 -4.50659e-25)
(1.0471 -0.274558 4.19018e-21)
(1.06256 -0.273502 -2.45739e-21)
(1.07765 -0.271896 8.38438e-22)
(1.09034 -0.269937 -3.89504e-22)
(1.10229 -0.267582 1.10029e-22)
(1.11453 -0.264736 8.88613e-23)
(1.12679 -0.261442 -4.40386e-22)
(1.13866 -0.257775 1.66663e-21)
(1.15013 -0.253755 -2.89282e-21)
(1.16131 -0.249377 -3.97594e-21)
(1.17221 -0.244656 -1.70224e-22)
(1.1828 -0.239618 -1.54184e-21)
(1.19306 -0.234286 8.58871e-22)
(1.20301 -0.228685 -8.78189e-22)
(1.21259 -0.222819 -1.30674e-21)
(1.22192 -0.21674 1.08886e-22)
(1.23112 -0.210534 -5.28714e-22)
(1.24003 -0.204142 -1.56725e-21)
(1.24863 -0.197575 -6.86707e-22)
(1.25695 -0.19087 -1.8388e-23)
(1.03519 -0.291138 -2.55661e-21)
(1.05231 -0.290362 3.51543e-21)
(1.06873 -0.289177 -1.05773e-21)
(1.08264 -0.287655 -7.96403e-23)
(1.09606 -0.285586 -5.36488e-23)
(1.10983 -0.282883 -1.8648e-22)
(1.12348 -0.279655 -5.32692e-22)
(1.13667 -0.275983 -2.92149e-21)
(1.14945 -0.271867 -1.21465e-21)
(1.16193 -0.267305 3.51648e-21)
(1.17408 -0.262324 -2.069e-21)
(1.18587 -0.256958 3.3363e-21)
(1.19727 -0.251236 -2.32067e-22)
(1.20831 -0.245184 -2.09931e-21)
(1.21889 -0.238846 5.3472e-21)
(1.22914 -0.23222 2.57531e-21)
(1.23925 -0.225358 -7.71882e-22)
(1.24904 -0.218299 1.1581e-21)
(1.25844 -0.21107 1.39132e-21)
(1.26751 -0.203693 1.30161e-22)
(1.0221 -0.308408 -1.40077e-21)
(1.04084 -0.307562 -2.7749e-21)
(1.05838 -0.306755 9.46276e-22)
(1.0736 -0.30573 2.26828e-21)
(1.08873 -0.304015 -3.42952e-22)
(1.10417 -0.301562 4.02441e-23)
(1.1193 -0.29852 5.05824e-22)
(1.13392 -0.294934 1.75914e-21)
(1.14817 -0.290786 3.96549e-21)
(1.16208 -0.286091 -1.62326e-22)
(1.17561 -0.280891 3.46236e-21)
(1.18874 -0.275215 -7.12187e-22)
(1.20142 -0.269112 -4.54385e-22)
(1.21366 -0.262583 5.44408e-23)
(1.2254 -0.255808 -2.98363e-21)
(1.23686 -0.248565 -2.28311e-21)
(1.24803 -0.240985 -1.93171e-21)
(1.25876 -0.233193 -4.28757e-22)
(1.26905 -0.225222 -8.14279e-22)
(1.27896 -0.217079 -3.92493e-22)
(1.00809 -0.327243 -2.89949e-21)
(1.02815 -0.325831 1.91228e-21)
(1.04634 -0.325188 -4.2214e-21)
(1.06301 -0.324469 -2.94711e-21)
(1.08008 -0.323042 -2.51636e-22)
(1.09726 -0.320925 7.9199e-23)
(1.11397 -0.318195 2.797e-22)
(1.13023 -0.314808 2.09817e-21)
(1.14614 -0.310738 -3.00866e-21)
(1.1617 -0.306015 2.38093e-21)
(1.17685 -0.300685 -5.28944e-22)
(1.19153 -0.294776 -3.27805e-21)
(1.20576 -0.28833 2.63055e-21)
(1.21937 -0.281322 -1.56115e-21)
(1.23254 -0.273867 6.41972e-22)
(1.24552 -0.265845 -1.15098e-21)
(1.25792 -0.257439 3.94348e-21)
(1.26969 -0.248787 -8.87589e-22)
(1.28092 -0.239927 -1.12576e-21)
(1.29166 -0.230867 3.48446e-23)
(0.994385 -0.344497 7.59408e-21)
(1.01472 -0.343504 7.35009e-22)
(1.03324 -0.343209 1.05206e-21)
(1.05188 -0.342634 2.05706e-21)
(1.07121 -0.341448 1.06643e-21)
(1.09041 -0.339694 -1.2303e-22)
(1.10914 -0.337314 -1.08697e-21)
(1.12744 -0.334208 -3.13937e-21)
(1.14534 -0.330341 1.73627e-21)
(1.16278 -0.325726 -1.09971e-21)
(1.17971 -0.320384 3.80044e-22)
(1.19608 -0.314348 1.11001e-21)
(1.21195 -0.307634 1.40137e-21)
(1.22717 -0.30025 5.93809e-21)
(1.24193 -0.292025 -3.92853e-21)
(1.25619 -0.283239 6.28985e-21)
(1.26958 -0.274054 -5.32854e-21)
(1.28214 -0.264533 2.74937e-21)
(1.29404 -0.254708 1.15016e-21)
(1.30532 -0.244621 2.84356e-22)
(1.08918 -0.00201047 1.53948e-25)
(1.08995 -0.00194022 7.62674e-24)
(1.0907 -0.0018693 -1.78204e-23)
(1.09141 -0.00179757 -1.4557e-23)
(1.09209 -0.0017249 9.17228e-24)
(1.09274 -0.00165118 -1.98282e-23)
(1.09336 -0.00157629 2.05716e-23)
(1.09395 -0.00150013 1.79316e-23)
(1.0945 -0.0014226 1.79847e-23)
(1.0903 -0.00608288 -1.24538e-24)
(1.0911 -0.0058629 -1.02194e-24)
(1.09187 -0.00563992 2.59223e-23)
(1.09261 -0.00541385 -2.77908e-24)
(1.09332 -0.0051846 -2.71809e-23)
(1.094 -0.00495208 6.94369e-24)
(1.09464 -0.00471623 -5.69128e-23)
(1.09526 -0.00447698 -2.13908e-24)
(1.09583 -0.00423427 1.307e-24)
(1.09241 -0.0100604 -1.31154e-24)
(1.09326 -0.00969307 5.23885e-24)
(1.09407 -0.0093209 -7.63225e-24)
(1.09486 -0.00894382 4.38706e-23)
(1.09561 -0.00856173 -1.34988e-23)
(1.09633 -0.00817451 -6.09451e-24)
(1.09702 -0.00778207 3.55919e-23)
(1.09768 -0.00738432 1.05694e-22)
(1.0983 -0.00698116 -9.6606e-23)
(1.09539 -0.0141002 -2.06188e-24)
(1.0963 -0.0135839 1.68718e-23)
(1.09718 -0.0130606 1.27502e-23)
(1.09802 -0.0125301 -3.50412e-23)
(1.09884 -0.0119925 -7.05416e-25)
(1.09963 -0.0114475 -9.87409e-24)
(1.10038 -0.0108951 -9.0265e-23)
(1.1011 -0.0103352 1.1816e-22)
(1.10179 -0.00976767 1.63167e-23)
(1.09914 -0.0182369 -2.85595e-24)
(1.10012 -0.0175672 -7.75874e-24)
(1.10108 -0.0168881 -1.0286e-23)
(1.10201 -0.0161997 3.94758e-23)
(1.10291 -0.0155018 -4.78615e-23)
(1.10378 -0.0147942 -5.23106e-24)
(1.10462 -0.014077 -8.44379e-23)
(1.10542 -0.0133499 2.56346e-23)
(1.1062 -0.0126129 2.47329e-22)
(1.10356 -0.0225386 1.67194e-24)
(1.10465 -0.0217103 -8.47282e-24)
(1.10571 -0.0208703 9.21559e-24)
(1.10674 -0.0200184 1.88088e-23)
(1.10774 -0.0191544 1.0006e-22)
(1.10872 -0.0182784 -8.93873e-25)
(1.10966 -0.0173901 -8.48194e-24)
(1.11057 -0.0164894 -2.37894e-24)
(1.11144 -0.0155762 5.44939e-23)
(1.1086 -0.0270516 -1.32921e-24)
(1.1098 -0.0260584 2.0507e-23)
(1.11098 -0.0250506 -4.39694e-24)
(1.11214 -0.0240282 1.23771e-23)
(1.11326 -0.0229911 -3.38607e-23)
(1.11436 -0.0219391 9.79816e-25)
(1.11542 -0.020872 6.34345e-23)
(1.11646 -0.0197898 -7.56735e-23)
(1.11746 -0.0186922 6.66734e-23)
(1.11417 -0.0318207 1.01545e-24)
(1.11552 -0.0306552 4.73633e-23)
(1.11684 -0.0294723 -9.16905e-23)
(1.11813 -0.0282719 -4.71413e-23)
(1.1194 -0.0270536 2.58775e-23)
(1.12064 -0.0258175 -9.42131e-23)
(1.12185 -0.0245633 1.41157e-22)
(1.12303 -0.0232908 -1.99646e-22)
(1.12419 -0.0219999 3.84861e-23)
(1.12023 -0.0368843 -1.59443e-24)
(1.12173 -0.0355389 -3.95284e-23)
(1.12322 -0.0341728 -2.9682e-24)
(1.12467 -0.0327859 8.19978e-23)
(1.1261 -0.0313781 -1.29298e-22)
(1.12751 -0.0299491 -2.05199e-23)
(1.12889 -0.0284987 1.40091e-22)
(1.13024 -0.0270266 -8.02714e-23)
(1.13157 -0.0255327 -7.35005e-23)
(1.1267 -0.0422766 -1.1937e-23)
(1.12839 -0.0407429 6.90745e-24)
(1.13006 -0.0391852 1.36906e-23)
(1.1317 -0.0376032 -8.51915e-23)
(1.13332 -0.0359968 5.18647e-23)
(1.13492 -0.0343657 1.5716e-22)
(1.13649 -0.0327096 -1.20071e-22)
(1.13803 -0.0310283 -1.50722e-23)
(1.13955 -0.0293214 -2.57992e-22)
(1.13356 -0.0480278 1.21158e-23)
(1.13546 -0.046297 2.89322e-23)
(1.13733 -0.0445385 -9.94031e-23)
(1.13918 -0.0427521 2.22112e-22)
(1.14101 -0.0409377 -2.94617e-22)
(1.14282 -0.0390949 7.61823e-23)
(1.1446 -0.0372234 5.18884e-23)
(1.14636 -0.0353229 4.67231e-22)
(1.1481 -0.0333929 1.57345e-22)
(1.14075 -0.0541624 -2.35298e-23)
(1.14288 -0.0522259 1.35402e-23)
(1.14498 -0.0502575 1.22262e-23)
(1.14706 -0.0482573 -1.86598e-22)
(1.14913 -0.0462251 5.82472e-23)
(1.15117 -0.0441606 9.50764e-23)
(1.15319 -0.0420635 -1.71375e-22)
(1.15519 -0.0399334 -6.50854e-22)
(1.14822 -0.0607051 2.38538e-23)
(1.15061 -0.0585504 6.4307e-23)
(1.15297 -0.0563611 -1.85348e-23)
(1.15531 -0.0541364 1.058e-22)
(1.15763 -0.051876 2.25179e-22)
(1.15994 -0.0495795 1.062e-22)
(1.16222 -0.0472466 2.73099e-22)
(1.16449 -0.0448766 -3.30316e-22)
(1.15598 -0.0676699 -4.47092e-23)
(1.15864 -0.0652872 -5.82097e-23)
(1.16128 -0.0628662 1.25434e-22)
(1.1639 -0.0604062 4.23664e-22)
(1.1665 -0.0579065 4.28419e-22)
(1.16909 -0.0553669 -4.24426e-22)
(1.17166 -0.0527868 -2.1583e-23)
(1.17421 -0.0501658 8.17752e-23)
(1.16396 -0.075055 3.90649e-23)
(1.16692 -0.072436 4.25946e-24)
(1.16987 -0.0697738 2.04531e-22)
(1.17279 -0.0670684 -6.25786e-22)
(1.1757 -0.0643191 -4.23259e-22)
(1.17859 -0.0615257 -2.0717e-22)
(1.18147 -0.0586879 2.9721e-22)
(1.18434 -0.0558051 6.51597e-22)
(1.17214 -0.0828811 4.60465e-23)
(1.17543 -0.0800115 -1.12342e-22)
(1.17871 -0.0770944 -1.66982e-22)
(1.18196 -0.0741299 5.56556e-22)
(1.1852 -0.0711177 -3.09975e-22)
(1.18842 -0.0680578 4.34019e-22)
(1.19163 -0.0649496 6.21141e-25)
(1.19483 -0.0617928 1.10288e-21)
(1.18051 -0.0911571 -5.33806e-23)
(1.18416 -0.0880204 1.48646e-22)
(1.18779 -0.0848321 3.96448e-22)
(1.19139 -0.0815928 -2.46056e-22)
(1.19498 -0.0783025 1.22531e-21)
(1.19856 -0.074961 -6.73068e-22)
(1.20212 -0.071568 1.11087e-21)
(1.20567 -0.0681232 1.4422e-21)
(1.18906 -0.0998712 2.38457e-23)
(1.19309 -0.0964511 1.0198e-22)
(1.1971 -0.0929751 -5.21815e-22)
(1.20108 -0.0894442 -4.51158e-22)
(1.20503 -0.0858589 -2.64259e-22)
(1.20898 -0.0822193 7.38824e-22)
(1.21291 -0.0785255 -2.90661e-21)
(1.21684 -0.0747772 -2.29075e-21)
(1.19778 -0.109018 -1.88323e-24)
(1.20222 -0.105291 -4.55421e-22)
(1.20662 -0.101506 1.46908e-22)
(1.21099 -0.0976636 9.579e-23)
(1.21534 -0.0937638 2.95932e-22)
(1.21967 -0.0898073 -4.67754e-22)
(1.22399 -0.0857949 1.57103e-21)
(1.22831 -0.0817263 4.47792e-22)
(1.20668 -0.118604 -1.08883e-22)
(1.21154 -0.114544 1.83065e-22)
(1.21636 -0.110424 -2.47062e-22)
(1.22114 -0.106243 -4.35462e-22)
(1.2259 -0.102003 -7.56623e-22)
(1.23063 -0.097705 2.06655e-21)
(1.23535 -0.0933503 8.73801e-22)
(1.24006 -0.088939 -1.47208e-21)
(1.21576 -0.128578 5.72842e-23)
(1.22107 -0.12416 6.33477e-22)
(1.22633 -0.119679 2.51676e-22)
(1.23154 -0.115134 4.92071e-22)
(1.23671 -0.110529 2.3209e-22)
(1.24185 -0.105864 -2.94477e-21)
(1.24698 -0.101143 3.65622e-22)
(1.25209 -0.0963662 1.0661e-21)
(1.22504 -0.138947 1.26672e-22)
(1.23081 -0.134136 -2.33961e-22)
(1.23652 -0.129257 2.52455e-22)
(1.24217 -0.124313 -1.04935e-21)
(1.24777 -0.119308 -1.76398e-21)
(1.25334 -0.114245 -1.10031e-21)
(1.25888 -0.109128 -1.96676e-21)
(1.2644 -0.103958 -2.47789e-21)
(1.23454 -0.149699 -1.96941e-22)
(1.24081 -0.144451 -4.60531e-22)
(1.24699 -0.139132 -2.9022e-22)
(1.25309 -0.133747 -9.31444e-22)
(1.25913 -0.128301 2.79951e-22)
(1.26512 -0.122799 2.54515e-21)
(1.27108 -0.117249 4.48938e-21)
(1.27701 -0.111652 1.34295e-21)
(1.24431 -0.160826 1.24872e-22)
(1.25109 -0.155083 -1.03042e-21)
(1.25777 -0.149268 1.32145e-21)
(1.26434 -0.14339 1.26553e-21)
(1.27083 -0.137455 1.53046e-21)
(1.27726 -0.13147 -8.66407e-22)
(1.28364 -0.125443 -4.60994e-21)
(1.28998 -0.119379 2.59599e-21)
(1.25446 -0.172287 -3.49921e-23)
(1.26178 -0.165993 9.84182e-22)
(1.26896 -0.159628 -1.52487e-21)
(1.27602 -0.153202 -1.51275e-21)
(1.28297 -0.146726 9.10682e-22)
(1.28985 -0.14021 2.14114e-21)
(1.29667 -0.133661 -3.40878e-21)
(1.30344 -0.127088 -9.66755e-22)
(1.26505 -0.184053 7.06747e-23)
(1.27295 -0.177145 6.4506e-22)
(1.28067 -0.170164 1.99038e-21)
(1.28825 -0.163125 6.56064e-22)
(1.29569 -0.156043 -1.38762e-22)
(1.30303 -0.148933 2.91471e-21)
(1.31029 -0.141804 1.69739e-21)
(1.31747 -0.134668 -1.75694e-21)
(1.2763 -0.196187 -1.74188e-22)
(1.28484 -0.188577 -1.6657e-21)
(1.29315 -0.180886 -1.15691e-21)
(1.30126 -0.173137 9.60898e-22)
(1.30919 -0.165347 -3.70643e-21)
(1.31695 -0.157536 -9.84331e-21)
(1.32456 -0.149718 4.25735e-21)
(1.33202 -0.141911 5.97783e-22)
(1.28851 -0.208779 4.54237e-22)
(1.29773 -0.200348 1.05252e-21)
(1.30664 -0.191818 5.34683e-22)
(1.31524 -0.183215 2.34318e-21)
(1.32354 -0.174567 3.56721e-21)
(1.33156 -0.165897 6.43881e-21)
(1.33928 -0.15723 -4.25195e-22)
(1.34671 -0.148589 1.37648e-21)
(1.30194 -0.22163 -1.38472e-23)
(1.31174 -0.212245 1.34005e-21)
(1.32107 -0.202745 9.37266e-22)
(1.32995 -0.193162 -5.44566e-21)
(1.33837 -0.183529 1.43483e-21)
(1.34634 -0.17388 -7.16957e-22)
(1.35383 -0.164243 3.03129e-21)
(1.36082 -0.154647 -5.19167e-21)
(1.31599 -0.234319 -3.84122e-22)
(1.32605 -0.223845 -1.40416e-21)
(1.33551 -0.213245 -3.53039e-21)
(1.34436 -0.202565 7.57556e-21)
(1.35259 -0.191847 -9.30337e-21)
(1.36018 -0.181131 6.93051e-21)
(1.36708 -0.170447 -1.20382e-20)
(1.37319 -0.159815 -2.74194e-21)
)
;

boundaryField
{
    inlet
    {
        type            uniformFixedValue;
        uniformValue    constant (1 0 0);
        value           uniform (1 0 0);
    }
    outlet
    {
        type            pressureInletOutletVelocity;
        value           nonuniform 0();
    }
    cylinder
    {
        type            fixedValue;
        value           uniform (0 0 0);
    }
    top
    {
        type            symmetryPlane;
    }
    bottom
    {
        type            symmetryPlane;
    }
    defaultFaces
    {
        type            empty;
    }
    procBoundary0to1
    {
        type            processor;
        value           nonuniform List<vector> 
50
(
(1.3873 -0.15127 -9.49594e-21)
(1.3873 -0.15127 -9.49594e-21)
(1.37451 -0.147017 -2.74515e-20)
(1.37451 -0.147017 -2.74515e-20)
(1.29474 -0.125852 1.91196e-20)
(0.885231 -0.0613136 5.36203e-20)
(1.29474 -0.125852 1.91196e-20)
(1.10162 -0.0899487 -1.11938e-19)
(0.885231 -0.0613136 5.36203e-20)
(0.539436 -0.0228778 1.10564e-20)
(0.539436 -0.0228778 1.10564e-20)
(0.245234 -0.00981938 -3.91062e-22)
(0.245234 -0.00981938 -3.91062e-22)
(0.0623559 -0.0152696 6.94485e-21)
(0.0623559 -0.0152696 6.94485e-21)
(0.0341575 -0.0205213 5.36553e-21)
(-0.0264924 -0.0258283 2.99564e-20)
(-0.0264924 -0.0258283 2.99564e-20)
(-0.0225685 -0.0169561 8.43505e-20)
(1.09502 -0.0013436 -7.01599e-23)
(1.09638 -0.00398804 -5.4533e-23)
(1.09889 -0.00657251 -9.72453e-23)
(1.10244 -0.00919243 1.22154e-22)
(1.10694 -0.0118659 1.06132e-22)
(1.11229 -0.0146504 -1.21103e-22)
(1.11844 -0.0175791 1.99675e-23)
(1.12531 -0.0206903 2.35706e-22)
(1.13287 -0.0240167 2.13445e-22)
(1.14105 -0.0275887 -3.64053e-22)
(1.14982 -0.0314331 7.85431e-23)
(1.15718 -0.0377698 5.10305e-22)
(1.15718 -0.0377698 5.10305e-22)
(1.16674 -0.0424691 -3.10675e-22)
(1.17676 -0.0475033 8.94968e-22)
(1.1872 -0.0528769 1.34321e-21)
(1.19803 -0.058587 -1.04624e-21)
(1.20923 -0.0646263 -1.63255e-22)
(1.22077 -0.0709747 6.74094e-23)
(1.23262 -0.0776022 -3.02136e-22)
(1.24477 -0.0844731 1.13963e-21)
(1.2572 -0.0915365 2.21177e-21)
(1.26993 -0.0987403 -6.78061e-22)
(1.28295 -0.106017 -3.80859e-21)
(1.29634 -0.113288 1.41041e-21)
(1.31022 -0.120497 3.74949e-22)
(1.32463 -0.127528 4.30889e-21)
(1.33935 -0.134122 -8.79567e-21)
(1.35383 -0.139993 2.47248e-21)
(1.36722 -0.145112 8.09854e-21)
(1.37834 -0.149244 -2.5467e-21)
)
;
    }
    procBoundary0to2
    {
        type            processor;
        value           nonuniform List<vector> 
26
(
(0.0206289 0.0350554 1.37468e-21)
(0.0881261 0.0623408 -2.83495e-21)
(0.188889 0.0656318 6.39856e-21)
(0.280546 0.00816975 -3.67388e-21)
(0.280546 0.00816975 -3.67388e-21)
(0.366247 0.00579364 3.49644e-21)
(0.44262 0.00366143 1.57691e-21)
(0.5105 0.00178581 -1.57045e-21)
(0.570902 0.000142384 -7.15346e-21)
(0.624621 -0.00130559 2.35461e-21)
(0.67236 -0.00259272 -2.20124e-21)
(0.999153 0.000457187 -6.86407e-23)
(0.99747 6.93844e-05 4.82316e-23)
(0.992147 -0.00113931 -1.16763e-22)
(0.985593 -0.00262014 -7.86266e-23)
(0.976369 -0.00421923 8.67128e-23)
(0.965383 -0.00568853 1.61177e-22)
(0.95165 -0.00678896 1.10767e-22)
(0.935643 -0.0077785 1.28497e-22)
(0.916354 -0.00811655 1.92261e-22)
(0.894251 -0.00851641 1.70026e-22)
(0.868018 -0.00810424 1.20573e-22)
(0.83829 -0.0078981 9.37989e-23)
(0.803546 -0.00679258 -4.18001e-22)
(0.764364 -0.00607363 4.7793e-22)
(0.719543 -0.00372046 -4.29211e-23)
)
;
    }
}


// ************************************************************************* //
