/*--------------------------------*- C++ -*----------------------------------*\
  =========                 |
  \\      /  F ield         | OpenFOAM: The Open Source CFD Toolbox
   \\    /   O peration     | Website:  https://openfoam.org
    \\  /    A nd           | Version:  7
     \\/     M anipulation  |
\*---------------------------------------------------------------------------*/
FoamFile
{
    version     2.0;
    format      ascii;
    class       volVectorField;
    location    "290";
    object      U;
}
// * * * * * * * * * * * * * * * * * * * * * * * * * * * * * * * * * * * * * //

dimensions      [0 1 -1 0 0 0 0];

internalField   nonuniform List<vector> 
2125
(
(-0.0127531 0.0103507 -1.0846e-19)
(-0.0101995 0.00795763 3.9169e-20)
(0.0151351 0.00625836 4.21635e-20)
(-0.00689045 0.00555491 -2.64667e-20)
(0.0302684 -0.000152318 -1.971e-20)
(-0.00265265 0.00311737 5.51022e-20)
(0.0483945 -0.00618409 -1.54664e-20)
(0.160587 -0.014901 -9.19363e-21)
(0.00267823 0.000651213 -2.03338e-20)
(0.0697845 -0.0117268 -1.20577e-19)
(0.203301 -0.0198309 1.26242e-20)
(0.398666 -0.0217125 4.35751e-20)
(0.00924979 -0.00180266 -2.21608e-20)
(0.0946425 -0.0166069 4.2855e-20)
(0.25116 -0.0228818 5.5829e-20)
(0.469843 -0.0194622 -4.02432e-20)
(0.725151 -0.00377376 1.4946e-20)
(0.97096 0.0189057 -9.15558e-20)
(0.0171869 -0.00417004 -2.85119e-20)
(0.123089 -0.0205885 -9.54662e-21)
(0.303867 -0.0236991 -1.00984e-19)
(0.544598 -0.0137449 -1.58222e-20)
(0.809677 0.00915878 -1.78776e-21)
(1.04766 0.0365123 5.40355e-21)
(1.22172 0.0587515 9.66334e-21)
(0.0265873 -0.00634735 -7.38418e-21)
(0.155144 -0.0233816 3.50028e-20)
(0.360911 -0.0219116 4.93032e-20)
(0.621416 -0.00442135 3.0858e-20)
(0.89102 0.0253675 -9.2253e-21)
(1.1165 0.0561954 -7.50409e-21)
(1.26923 0.0786551 7.45968e-20)
(1.3514 0.0896295 9.68777e-21)
(0.0375178 -0.00820692 7.05915e-20)
(0.190717 -0.0246578 4.59824e-20)
(0.421572 -0.0171672 -4.66009e-20)
(0.698682 0.0085272 -9.28517e-21)
(0.967573 0.0444946 4.76726e-21)
(1.17699 0.0775311 -1.75397e-20)
(1.30799 0.0991826 -3.8071e-20)
(1.37104 0.108247 -6.43262e-21)
(1.38824 0.108096 5.49507e-22)
(1.38104 0.0986464 1.52544e-20)
(0.0500093 -0.00960296 8.50128e-21)
(0.229595 -0.0240702 -2.50074e-20)
(0.48494 -0.0091714 5.91979e-20)
(0.774799 0.0250041 3.86166e-20)
(1.03814 0.066161 1.04156e-21)
(1.22904 0.100151 2.73582e-20)
(1.3388 0.120112 4.08683e-21)
(1.38481 0.126807 -2.86058e-20)
(1.39132 0.124259 2.40639e-20)
(1.37877 0.11411 -3.23267e-23)
(0.0640531 -0.0103777 -5.78011e-20)
(0.271434 -0.0212761 -1.70826e-20)
(0.549957 0.00228275 -1.55339e-20)
(0.848307 0.0448176 -2.69944e-20)
(1.10193 0.0899902 6.2163e-21)
(1.2729 0.123745 1.45114e-22)
(1.36252 0.141285 2.08264e-20)
(1.39367 0.145281 -3.29654e-21)
(1.39153 0.140312 -2.47394e-20)
(1.37494 0.129407 -2.29078e-20)
(0.0795972 -0.0103676 4.66059e-21)
(0.31577 -0.0159592 2.75126e-20)
(0.615479 0.0172969 1.32968e-20)
(0.91795 0.067706 -4.17129e-20)
(1.15851 0.115623 -2.15223e-21)
(1.30901 0.148054 -1.78553e-20)
(1.38001 0.162585 4.66395e-22)
(1.39844 0.163663 8.42563e-21)
(1.38944 0.156288 -9.29186e-21)
(1.36985 0.144575 2.58581e-20)
(0.0965439 -0.00940959 1.08631e-20)
(0.362023 -0.00785124 -2.68049e-20)
(0.68034 0.0358641 -6.34154e-20)
(0.98272 0.0933609 5.84523e-20)
(1.2077 0.142725 -4.37195e-21)
(1.33792 0.172865 1.29484e-20)
(1.39205 0.183932 -1.77451e-21)
(1.39979 0.181955 1.239e-20)
(1.38545 0.172211 -9.30135e-22)
(1.36369 0.159635 -2.0033e-20)
(0.114749 -0.0073479 -2.20595e-20)
(0.40952 0.00325071 3.4731e-20)
(0.743416 0.0578761 2.88193e-20)
(1.04186 0.121446 -4.15057e-20)
(1.24957 0.170986 -6.84137e-21)
(1.36021 0.197999 2.6331e-21)
(1.39937 0.205265 2.62752e-20)
(1.39827 0.200156 1.33909e-21)
(1.37986 0.188092 5.12424e-21)
(1.35655 0.174584 -1.10505e-20)
(0.134022 -0.0040407 1.67305e-20)
(0.457521 0.017471 -1.51113e-20)
(0.803678 0.0831368 -1.28264e-20)
(1.09484 0.151609 2.20612e-20)
(1.28431 0.200122 7.64332e-21)
(1.3765 0.223308 5.76273e-21)
(1.40257 0.226533 -2.67208e-20)
(1.39429 0.21826 -9.17108e-21)
(1.37286 0.203923 -8.23475e-21)
(1.3485 0.189405 3.63173e-21)
(0.154133 0.000633015 -8.26535e-21)
(0.505247 0.0348483 -1.94628e-22)
(0.860222 0.111378 2.4258e-20)
(1.14134 0.183494 -8.92643e-21)
(1.31222 0.229872 -3.91786e-21)
(1.38735 0.248657 -2.58758e-21)
(1.40218 0.247687 6.45399e-21)
(1.38817 0.23625 1.11856e-20)
(1.36459 0.21968 -3.5318e-22)
(1.33957 0.204065 4.10242e-21)
(0.174813 0.00676713 5.81642e-21)
(0.551916 0.0553337 -1.6333e-21)
(0.912293 0.142274 -4.32857e-21)
(1.1812 0.216742 -3.92105e-21)
(1.33366 0.25999 3.53711e-21)
(1.39328 0.273926 2.76373e-21)
(1.3986 0.268675 -2.55268e-21)
(1.38016 0.254092 9.33246e-22)
(1.35513 0.235324 1.31336e-21)
(1.32978 0.218517 -1.75098e-21)
(0.195765 0.0144231 3.0855e-21)
(0.596766 0.0787932 8.84743e-22)
(0.959286 0.175458 -5.31393e-21)
(1.21439 0.250999 -4.24373e-21)
(1.349 0.290249 4.43242e-21)
(1.39476 0.298999 8.67397e-22)
(1.39219 0.289433 -2.04656e-21)
(1.37041 0.271738 1.92963e-21)
(1.34452 0.250796 1.08508e-21)
(1.31914 0.232703 -1.25727e-21)
(0.216672 0.0236259 -1.21522e-21)
(0.639084 0.105015 2.47299e-21)
(1.00074 0.210532 1.63029e-20)
(1.24098 0.285915 -7.23848e-21)
(1.35864 0.320428 -3.58108e-21)
(1.3922 0.323757 -4.05072e-21)
(1.38322 0.309892 8.33025e-21)
(1.35906 0.289126 5.6273e-21)
(1.3328 0.266019 4.53174e-21)
(1.30766 0.246561 2.48815e-21)
(0.237205 0.0343616 2.45595e-20)
(0.678226 0.133717 -1.35669e-20)
(1.03634 0.247074 -1.55312e-20)
(1.26112 0.32115 2.10779e-20)
(1.36296 0.350317 1.11173e-20)
(1.38596 0.348084 -7.51481e-22)
(1.3719 0.329968 -1.39211e-20)
(1.34616 0.306173 -1.01014e-20)
(1.31997 0.280901 -1.06671e-20)
(1.29533 0.26002 6.41221e-21)
(0.257034 0.0465769 -3.31717e-20)
(0.713631 0.164557 3.12785e-20)
(1.06588 0.284654 3.59627e-20)
(1.27503 0.356368 -3.55492e-20)
(1.36231 0.379709 -1.23776e-20)
(1.37633 0.371856 8.00079e-21)
(1.35841 0.34957 1.46685e-20)
(1.33179 0.322791 2.34309e-21)
(1.30603 0.29534 -4.49226e-22)
(1.28207 0.273003 -8.83124e-21)
(0.275835 0.0601796 -4.70371e-21)
(0.744827 0.197148 -4.38327e-20)
(1.08926 0.322831 -4.70101e-20)
(1.28294 0.391247 5.28593e-20)
(1.35705 0.408404 -6.01602e-21)
(1.36361 0.394943 1.11975e-20)
(1.34288 0.368596 2.25641e-21)
(1.31599 0.338891 -6.33396e-21)
(1.29094 0.30926 3.40758e-21)
(1.2677 0.285437 -5.36911e-22)
(0.293299 0.0750414 9.60012e-21)
(0.771445 0.231062 2.706e-20)
(1.10649 0.361166 1.54021e-20)
(1.28513 0.425471 -1.2121e-20)
(1.3475 0.4362 -1.89145e-20)
(1.34801 0.41721 -1.78474e-20)
(1.32543 0.386934 -3.65939e-21)
(1.29881 0.354381 9.92745e-21)
(1.27475 0.32265 -2.1057e-21)
(1.25209 0.297263 4.89896e-21)
(0.309143 0.0910002 -3.60967e-20)
(0.79321 0.265852 -3.38629e-20)
(1.11763 0.399225 -5.35281e-21)
(1.28189 0.458735 -6.06654e-21)
(1.33397 0.462899 -1.39731e-20)
(1.32974 0.438514 8.691e-21)
(1.30617 0.404454 -1.55898e-21)
(1.2803 0.369141 -8.75544e-21)
(1.25751 0.335524 7.96963e-21)
(1.23553 0.308448 -1.19969e-20)
(0.323115 0.107864 8.67797e-21)
(0.809946 0.301055 2.86727e-20)
(1.12282 0.436582 2.49834e-20)
(1.27353 0.490746 2.72991e-20)
(1.31676 0.48831 5.00022e-22)
(1.30899 0.458711 2.45545e-20)
(1.28518 0.421026 1.76287e-21)
(1.2605 0.383017 -3.01341e-20)
(1.23913 0.347672 2.20118e-20)
(1.21834 0.318891 8.22177e-21)
(0.334998 0.125415 2.33086e-20)
(0.821559 0.33621 5.22005e-20)
(1.12224 0.472829 -6.94965e-21)
(1.26037 0.521219 -3.43689e-20)
(1.29614 0.51224 1.56456e-20)
(1.28593 0.477655 -1.65525e-20)
(1.26258 0.436523 -2.27531e-20)
(1.23948 0.395963 -2.3132e-21)
(1.21959 0.358918 -1.86943e-20)
(1.20047 0.328513 7.4655e-21)
(0.344617 0.14342 1.09458e-20)
(0.828036 0.370857 8.12087e-21)
(1.11615 0.507571 6.54794e-20)
(1.24274 0.549883 1.24744e-20)
(1.27238 0.534503 -1.10361e-20)
(1.26076 0.495188 -5.73243e-21)
(1.23849 0.450804 3.5307e-20)
(1.21727 0.407858 2.97932e-20)
(1.19905 0.369184 1.52103e-20)
(1.1818 0.337174 -2.212e-21)
(0.351838 0.161628 2.34551e-21)
(0.829439 0.404551 -5.33265e-20)
(1.10484 0.540439 -7.70393e-20)
(1.22098 0.576487 2.57397e-21)
(1.24573 0.554907 1.58231e-20)
(1.23363 0.511156 -2.2062e-20)
(1.21299 0.463743 -5.25544e-20)
(1.19389 0.418586 -1.61435e-20)
(1.17757 0.378366 -1.03419e-21)
(1.16237 0.344806 9.07928e-21)
(0.356572 0.179786 -1.90117e-20)
(0.825905 0.43686 4.8151e-20)
(1.08865 0.57109 4.64038e-20)
(1.1954 0.600798 -4.36347e-20)
(1.21641 0.573271 6.61597e-21)
(1.20472 0.525401 5.50126e-20)
(1.18616 0.475209 -1.3375e-20)
(1.16946 0.428033 1.11851e-20)
(1.15521 0.38637 -6.23393e-21)
(1.14224 0.351336 -8.557e-21)
(0.358774 0.197632 -4.28972e-20)
(0.81765 0.467368 -7.59218e-20)
(1.06794 0.599217 -1.5006e-20)
(1.16623 0.62256 2.49138e-20)
(1.18473 0.589441 2.55431e-20)
(1.17419 0.537769 -5.54866e-20)
(1.15815 0.485076 3.17485e-20)
(1.14406 0.436092 -1.85629e-20)
(1.13205 0.393103 1.61702e-20)
(1.12147 0.356699 5.34326e-23)
(0.358459 0.214911 3.26854e-20)
(0.804961 0.495693 2.15489e-21)
(1.04296 0.62454 -7.33184e-21)
(1.1338 0.641571 -3.15846e-20)
(1.15097 0.603206 2.17963e-20)
(1.14222 0.548144 4.02334e-21)
(1.12906 0.493229 -1.97932e-20)
(1.1178 0.442661 2.27486e-21)
(1.10817 0.398471 -5.30699e-21)
(1.10018 0.360826 4.41184e-21)
(0.355692 0.231363 -9.10134e-21)
(0.788148 0.521556 -1.30595e-20)
(1.01382 0.646666 3.29876e-20)
(1.09863 0.657696 1.5561e-20)
(1.11539 0.614417 -2.20035e-20)
(1.109 0.556387 3.46638e-20)
(1.09904 0.499558 1.83649e-21)
(1.09078 0.447646 1.42037e-21)
(1.08366 0.402373 -4.81305e-21)
(1.07844 0.36362 -5.32655e-22)
(0.350554 0.24669 5.94305e-20)
(0.767392 0.544741 4.60559e-20)
(0.98101 0.665403 -2.61963e-21)
(1.06113 0.670638 -7.85625e-21)
(1.07824 0.622996 -9.2913e-21)
(1.07472 0.562393 -4.87716e-21)
(1.06825 0.503967 1.11113e-21)
(1.06313 0.450966 2.95202e-21)
(1.05862 0.40472 5.09472e-21)
(1.05633 0.364984 7.18099e-22)
(0.343088 0.260588 5.67538e-21)
(0.742854 0.564798 8.46071e-21)
(0.945254 0.680721 -4.51042e-20)
(1.02161 0.68025 2.09727e-20)
(1.03978 0.62881 8.47013e-21)
(1.03956 0.566059 -2.00957e-20)
(1.03682 0.506365 6.15372e-21)
(1.03496 0.452551 1.06281e-21)
(1.03318 0.405444 -1.44171e-21)
(1.03411 0.364873 -1.83791e-22)
(0.333395 0.272834 -2.24729e-20)
(0.714912 0.581327 -1.70619e-20)
(0.906951 0.692361 1.58689e-20)
(0.980372 0.686486 5.67148e-21)
(1.00027 0.631761 -7.77759e-21)
(1.00372 0.567293 9.09349e-21)
(1.00488 0.506667 7.59198e-22)
(1.00635 0.452309 6.18287e-22)
(1.00762 0.404478 7.48589e-21)
(1.01249 0.363339 4.22233e-21)
(0.3217 0.283294 -1.80533e-20)
(0.684085 0.594165 4.87693e-20)
(0.866449 0.700111 -3.27001e-20)
(0.937759 0.689256 -3.68168e-21)
(0.959953 0.631769 -8.21067e-21)
(0.967392 0.566022 4.54864e-21)
(0.972555 0.504791 -2.1788e-21)
(0.977427 0.450103 1.43249e-21)
(0.982353 0.40161 1.83635e-21)
(0.992288 0.360413 -1.14211e-21)
(0.308198 0.291841 -5.28932e-22)
(0.65081 0.603167 -1.42388e-20)
(0.824157 0.703821 9.92198e-21)
(0.894113 0.688484 -6.93875e-21)
(0.919108 0.62878 -3.41559e-22)
(0.930751 0.562201 2.67955e-21)
(0.93996 0.500699 6.7669e-21)
(0.948387 0.445835 -6.52213e-21)
(0.957761 0.39643 -1.30059e-20)
(0.972747 0.355312 6.88918e-21)
(0.293077 0.298305 1.95352e-21)
(0.615528 0.608205 -5.5469e-22)
(0.780499 0.703408 5.86366e-22)
(0.849784 0.684116 -1.23905e-21)
(0.877997 0.622759 -4.03395e-21)
(0.893998 0.555808 -1.14267e-20)
(0.907293 0.494405 -3.0384e-21)
(0.919518 0.439657 -2.19803e-21)
(0.933791 0.389183 2.05698e-20)
(0.950651 0.344087 -3.42502e-21)
(0.276568 0.302556 -7.16575e-21)
(0.578671 0.609181 -5.44355e-21)
(0.735899 0.698826 2.49567e-21)
(0.805118 0.676121 1.48285e-21)
(0.836883 0.613683 -6.46922e-21)
(0.857354 0.546824 2.46758e-20)
(0.874826 0.485879 -1.89678e-20)
(0.891053 0.431668 2.30469e-20)
(0.90922 0.381968 -1.60496e-20)
(0.925684 0.338421 -2.21402e-20)
(0.25892 0.304493 2.27493e-21)
(0.54067 0.606032 -3.16154e-21)
(0.690779 0.690063 1.42771e-21)
(0.760457 0.664501 9.74967e-21)
(0.796034 0.601552 -5.28538e-21)
(0.82105 0.535233 7.83764e-21)
(0.842773 0.47507 1.08194e-20)
(0.863024 0.421555 -5.74141e-21)
(0.88456 0.372392 -1.70868e-20)
(0.902022 0.329074 2.31387e-20)
(0.240388 0.304046 6.84018e-21)
(0.501954 0.598733 8.49886e-21)
(0.645552 0.67714 -9.46617e-21)
(0.716138 0.649279 -8.04003e-21)
(0.755713 0.586387 3.38889e-20)
(0.785305 0.521056 -3.50181e-20)
(0.811279 0.462038 4.32891e-20)
(0.835421 0.409585 -1.06234e-20)
(0.859991 0.361558 1.14776e-20)
(0.879149 0.319474 2.23532e-20)
(0.221234 0.301172 -1.8425e-21)
(0.462948 0.587297 -9.46503e-21)
(0.600622 0.660108 -7.65897e-21)
(0.67249 0.630508 -3.5574e-21)
(0.716185 0.568227 5.5911e-21)
(0.750341 0.504321 -1.01476e-20)
(0.78052 0.446788 -1.28298e-20)
(0.808416 0.395681 -2.93679e-20)
(0.835894 0.349035 2.93585e-20)
(0.857191 0.308389 -9.11404e-21)
(0.201721 0.295856 2.20005e-20)
(0.42407 0.571772 -3.26337e-21)
(0.556383 0.639046 -1.08344e-20)
(0.629833 0.608262 1.31022e-20)
(0.677706 0.547134 -2.31082e-20)
(0.716368 0.48508 6.40537e-20)
(0.750659 0.429378 -3.433e-20)
(0.782176 0.379936 3.12471e-20)
(0.812494 0.334988 -5.71812e-20)
(0.836158 0.295968 -1.52865e-20)
(0.182109 0.288111 -5.77349e-21)
(0.385727 0.552245 2.34552e-20)
(0.513213 0.614066 5.13677e-21)
(0.588477 0.582641 -1.25165e-20)
(0.640526 0.523188 -2.17855e-20)
(0.683592 0.463398 -2.58353e-22)
(0.72187 0.409862 1.14399e-20)
(0.756867 0.362384 -2.85324e-20)
(0.789951 0.319391 1.37508e-20)
(0.816085 0.282141 1.77675e-21)
(0.162656 0.277978 -3.99832e-20)
(0.348312 0.528835 -9.63206e-21)
(0.471475 0.585303 -2.85318e-21)
(0.548719 0.553767 3.32014e-20)
(0.604886 0.496491 -3.11717e-20)
(0.652212 0.439361 -7.80826e-21)
(0.694324 0.388315 -4.95322e-21)
(0.732649 0.34309 8.89334e-21)
(0.768404 0.302289 -1.15978e-20)
(0.797036 0.266946 -1.79454e-20)
(0.143612 0.265523 3.64557e-20)
(0.312203 0.501693 -2.0921e-20)
(0.431517 0.552925 8.45844e-22)
(0.51084 0.521785 -5.07969e-20)
(0.571014 0.467163 5.52456e-20)
(0.62242 0.413069 -1.74575e-20)
(0.668184 0.364824 1.04348e-20)
(0.70967 0.322124 9.11368e-21)
(0.747978 0.283728 2.63968e-20)
(0.779081 0.250432 -1.10376e-20)
(0.125216 0.250836 -1.47307e-20)
(0.277755 0.471003 4.36574e-20)
(0.393665 0.517121 2.47004e-20)
(0.47511 0.486862 4.08206e-20)
(0.53913 0.435342 -9.31824e-21)
(0.5944 0.384639 3.82832e-21)
(0.64361 0.339489 3.06209e-20)
(0.688069 0.299567 6.92556e-21)
(0.728786 0.263774 6.72235e-22)
(0.762296 0.23267 -1.3281e-20)
(0.107699 0.234031 -3.51324e-20)
(0.245304 0.436975 -2.48457e-21)
(0.358224 0.478107 -1.46844e-20)
(0.441777 0.449183 -6.62474e-20)
(0.509437 0.401184 -6.40876e-20)
(0.568323 0.354204 1.06428e-20)
(0.620748 0.312424 -2.62795e-20)
(0.667972 0.275516 1.69297e-20)
(0.710938 0.242506 9.16063e-21)
(0.746753 0.213742 1.8875e-20)
(0.0912747 0.215244 5.23441e-20)
(0.215161 0.399849 -4.28435e-20)
(0.325477 0.436122 -2.18329e-20)
(0.411073 0.408953 3.83799e-20)
(0.482126 0.364862 4.38604e-20)
(0.544352 0.32191 -1.46706e-20)
(0.599737 0.283755 -1.96823e-21)
(0.649501 0.250076 -5.25219e-20)
(0.694536 0.220016 -2.96553e-20)
(0.732525 0.193738 1.13349e-20)
(0.0761414 0.19463 -2.98902e-20)
(0.187612 0.359887 1.25656e-20)
(0.295682 0.391422 4.64429e-20)
(0.383211 0.366395 -2.10191e-20)
(0.457372 0.326562 1.75356e-21)
(0.522633 0.287917 5.89948e-20)
(0.580704 0.253617 2.63844e-21)
(0.632766 0.223363 5.05873e-20)
(0.679675 0.196405 2.10542e-20)
(0.719678 0.172759 -3.34824e-20)
(0.0624801 0.172365 4.18948e-20)
(0.162914 0.317375 4.7252e-21)
(0.269071 0.344287 3.08819e-21)
(0.358381 0.321747 4.25929e-20)
(0.435333 0.286485 -5.60924e-21)
(0.503301 0.252397 -3.71113e-20)
(0.563764 0.222161 1.81646e-20)
(0.617866 0.195506 -2.90749e-20)
(0.666442 0.171786 -1.20953e-20)
(0.708274 0.150909 1.22139e-20)
(0.0504519 0.148638 -2.6103e-20)
(0.141295 0.272616 -5.03158e-20)
(0.245852 0.29501 1.16865e-20)
(0.336752 0.275261 -2.28302e-20)
(0.416148 0.244845 -1.37088e-20)
(0.486475 0.215532 3.33436e-20)
(0.549018 0.189542 -8.06079e-21)
(0.604892 0.166639 7.37002e-21)
(0.654916 0.146277 -9.00786e-21)
(0.698367 0.128297 1.79428e-20)
(0.0401968 0.123654 9.54875e-21)
(0.122952 0.225934 3.39997e-20)
(0.2262 0.243901 -4.73149e-20)
(0.318472 0.227201 2.23022e-20)
(0.39994 0.201866 -1.01748e-20)
(0.472258 0.177514 -2.86096e-20)
(0.536557 0.155926 2.33844e-20)
(0.593922 0.136905 4.86284e-21)
(0.645166 0.120005 -7.51212e-22)
(0.690004 0.105035 -2.0854e-20)
(0.031833 0.0976315 3.15187e-21)
(0.108051 0.177666 1.10368e-20)
(0.210266 0.19128 4.29298e-20)
(0.303662 0.177844 -8.2541e-21)
(0.38681 0.15778 -6.50369e-21)
(0.460737 0.138544 2.38733e-21)
(0.526454 0.121486 1.11432e-21)
(0.585022 0.106454 8.73361e-21)
(0.637251 0.0931013 -1.14874e-20)
(0.683227 0.0812392 -7.29606e-21)
(0.0254552 0.070797 -7.84588e-21)
(0.0967243 0.12816 -1.34282e-20)
(0.198167 0.137481 -3.34969e-20)
(0.292421 0.127473 1.68591e-20)
(0.37684 0.11283 1.37268e-20)
(0.451982 0.0988278 5.8511e-22)
(0.518771 0.0864006 -2.29244e-20)
(0.578247 0.0754399 -1.01971e-20)
(0.631219 0.0657001 8.04603e-21)
(0.678066 0.057024 8.62738e-21)
(0.0211342 0.0433857 1.37223e-21)
(0.0890703 0.0777757 -2.8311e-21)
(0.189994 0.0828428 6.3543e-21)
(0.284823 0.0763792 -4.29876e-21)
(0.370091 0.067262 -3.81139e-21)
(0.446045 0.0585777 -2.58057e-21)
(0.513552 0.0508516 4.72978e-21)
(0.573636 0.0440208 1.80202e-20)
(0.627105 0.0379407 2.60202e-21)
(0.674546 0.0325065 -4.61022e-21)
(0.280914 0.0248574 -3.66516e-21)
(0.366603 0.0213261 3.48796e-21)
(0.442961 0.0180091 1.57298e-21)
(0.510827 0.0150254 -1.56582e-21)
(0.571217 0.0123592 -7.13774e-21)
(0.624933 0.00996821 2.34957e-21)
(0.672679 0.00781966 -2.19569e-21)
(1.30965 0.2024 -2.05393e-22)
(1.31903 0.190336 -2.00385e-21)
(1.32776 0.177995 -4.24558e-22)
(1.33583 0.165408 -1.18499e-21)
(1.34324 0.152603 6.82294e-21)
(1.34997 0.139602 -6.47062e-21)
(1.356 0.126417 4.07182e-21)
(1.36127 0.11305 1.68586e-20)
(1.29311 0.190518 -5.2526e-23)
(1.30206 0.179673 1.71464e-21)
(1.31048 0.16857 1.48023e-21)
(1.31837 0.157227 -7.33361e-21)
(1.32573 0.145659 2.38282e-21)
(1.33258 0.133879 -1.4739e-21)
(1.33888 0.121896 4.09242e-21)
(1.34463 0.109712 -8.01121e-21)
(1.2775 0.178607 5.51961e-22)
(1.2857 0.168875 1.25894e-21)
(1.29351 0.15891 7.1377e-22)
(1.30092 0.148727 3.6263e-21)
(1.30795 0.138336 4.82421e-21)
(1.3146 0.127744 7.02098e-21)
(1.32087 0.116952 -2.09637e-22)
(1.32674 0.105961 1.32021e-21)
(1.2632 0.167285 -1.83127e-22)
(1.27061 0.158524 -2.1666e-21)
(1.2777 0.149571 -2.00553e-21)
(1.28449 0.140434 1.46458e-21)
(1.29099 0.13112 -5.45622e-21)
(1.29721 0.121629 -1.26861e-20)
(1.30316 0.111959 5.59829e-21)
(1.30885 0.102107 6.8113e-22)
(1.25001 0.156559 2.49546e-23)
(1.2567 0.148685 1.07821e-21)
(1.26312 0.140643 2.71894e-21)
(1.26928 0.132437 1.04715e-21)
(1.2752 0.124073 -2.23518e-22)
(1.28089 0.115549 3.0875e-21)
(1.28637 0.106864 2.38952e-21)
(1.29164 0.0980108 -2.68562e-21)
(1.2377 0.14635 2.14131e-24)
(1.24375 0.139288 1.16227e-21)
(1.24955 0.132074 -1.98277e-21)
(1.25513 0.124712 -1.49214e-21)
(1.2605 0.117201 9.49728e-22)
(1.26566 0.109544 2.07992e-21)
(1.27064 0.101736 -3.62571e-21)
(1.27543 0.0937715 -1.74305e-21)
(1.22602 0.136682 1.14408e-22)
(1.23149 0.130349 -1.20842e-21)
(1.23676 0.123882 1.78928e-21)
(1.24182 0.117283 1.14189e-21)
(1.24669 0.110552 2.19702e-21)
(1.25137 0.103688 -9.04056e-22)
(1.25588 0.0966874 -5.96241e-21)
(1.26022 0.0895446 3.94458e-21)
(1.21492 0.127478 -2.70769e-22)
(1.21986 0.121813 -5.47456e-22)
(1.22463 0.116034 -5.96429e-22)
(1.22922 0.11014 -6.63022e-22)
(1.23364 0.104131 4.03924e-22)
(1.23789 0.0980037 2.47399e-21)
(1.24199 0.0917572 6.56825e-21)
(1.24593 0.0853848 1.36957e-21)
(1.20432 0.118752 1.31824e-22)
(1.20879 0.113697 -4.51297e-23)
(1.21311 0.108546 -2.44138e-22)
(1.21727 0.103297 -1.12411e-21)
(1.22128 0.0979498 -1.97064e-21)
(1.22515 0.0925021 -2.58337e-21)
(1.22888 0.0869519 -1.72467e-21)
(1.23246 0.0812934 -2.47649e-21)
(1.19421 0.110466 8.54351e-23)
(1.19825 0.105974 9.96987e-22)
(1.20215 0.1014 8.49271e-23)
(1.20592 0.096744 8.37021e-22)
(1.20956 0.0920047 5.42222e-23)
(1.21307 0.0871805 -3.69555e-21)
(1.21646 0.0822697 -2.45824e-22)
(1.21973 0.0772679 2.12388e-21)
(1.18457 0.102615 -2.05601e-22)
(1.18822 0.098635 2.65153e-22)
(1.19175 0.0945874 -2.81072e-22)
(1.19516 0.0904722 -5.44265e-22)
(1.19846 0.0862887 -8.00182e-22)
(1.20165 0.0820352 2.48597e-21)
(1.20473 0.0777104 1.19172e-21)
(1.2077 0.0733111 -1.99908e-21)
(1.17538 0.0952018 6.65268e-23)
(1.17867 0.0916852 -8.69666e-22)
(1.18186 0.088114 4.69438e-22)
(1.18495 0.0844886 3.32437e-23)
(1.18794 0.0808086 8.76899e-22)
(1.19083 0.0770728 -9.16405e-22)
(1.19363 0.0732802 1.21094e-21)
(1.19634 0.0694285 1.57512e-21)
(1.16663 0.0881794 4.30825e-23)
(1.16959 0.0850848 3.54022e-22)
(1.17247 0.0819473 -8.4684e-22)
(1.17527 0.0787675 -1.55395e-22)
(1.17798 0.0755451 -9.35729e-22)
(1.18062 0.0722793 1.00228e-21)
(1.18317 0.0689693 -3.78133e-21)
(1.18563 0.0656138 -2.27608e-21)
(1.15829 0.0815312 -1.08104e-22)
(1.16097 0.0788192 1.16368e-22)
(1.16358 0.0760742 6.99554e-22)
(1.16612 0.0732968 -3.8984e-22)
(1.16858 0.0704872 1.53062e-21)
(1.17098 0.067645 -5.39154e-22)
(1.1733 0.0647698 7.52675e-22)
(1.17556 0.0618607 1.28733e-21)
(1.15038 0.0752285 1.06017e-22)
(1.1528 0.0728616 -4.14902e-23)
(1.15517 0.0704704 -5.76453e-22)
(1.15747 0.0680555 1.29967e-21)
(1.15971 0.0656172 -7.3683e-22)
(1.1619 0.0631554 6.27071e-22)
(1.16402 0.06067 6.47113e-22)
(1.16609 0.0581606 2.57924e-22)
(1.14287 0.0692456 5.98399e-23)
(1.14507 0.0671882 9.78281e-23)
(1.14722 0.0651144 2.72917e-22)
(1.14932 0.0630242 -9.78815e-22)
(1.15136 0.0609178 -6.24762e-22)
(1.15336 0.0587955 1.1487e-22)
(1.15531 0.0566575 -5.84503e-22)
(1.1572 0.0545036 6.67261e-22)
(1.15904 0.0523336 -2.53858e-21)
(1.13575 0.0635438 -8.72867e-23)
(1.13775 0.0617659 -2.68955e-23)
(1.13972 0.0599769 -8.92741e-25)
(1.14163 0.0581773 7.02304e-22)
(1.14351 0.0563672 4.64106e-22)
(1.14534 0.0545471 -3.00133e-22)
(1.14713 0.0527174 -5.50481e-22)
(1.14887 0.0508781 1.31348e-22)
(1.15057 0.0490295 3.92939e-22)
(1.12904 0.0580947 6.62806e-23)
(1.13087 0.0565674 -1.30588e-23)
(1.13267 0.0550328 2.45068e-22)
(1.13442 0.0534918 -2.37025e-22)
(1.13614 0.0519448 -3.43873e-23)
(1.13783 0.0503924 6.18034e-22)
(1.13947 0.0488348 2.58498e-22)
(1.14108 0.0472726 -7.7559e-22)
(1.14265 0.045706 -3.49007e-22)
(1.12272 0.0528803 -6.7445e-23)
(1.1244 0.0515738 -8.39395e-23)
(1.12605 0.0502635 -4.51067e-23)
(1.12766 0.0489502 -3.66212e-23)
(1.12925 0.0476345 -3.92545e-22)
(1.1308 0.0463169 4.34836e-22)
(1.13232 0.0449979 -2.9344e-22)
(1.13381 0.0436777 -6.6801e-22)
(1.13527 0.042357 9.54062e-22)
(1.1168 0.0478643 -3.40622e-23)
(1.11834 0.0467536 8.89393e-23)
(1.11986 0.0456416 -2.43132e-23)
(1.12135 0.044529 -1.01855e-22)
(1.12281 0.0434165 1.22382e-22)
(1.12425 0.0423045 -2.98412e-22)
(1.12566 0.0411936 5.09897e-22)
(1.12704 0.0400841 4.58085e-22)
(1.1284 0.0389764 -6.061e-23)
(1.11127 0.0430187 5.17962e-23)
(1.11269 0.0420806 -5.7873e-23)
(1.1141 0.041143 -2.6394e-23)
(1.11548 0.0402066 -1.25463e-22)
(1.11684 0.0392719 4.86918e-23)
(1.11817 0.0383393 1.23704e-22)
(1.11948 0.0374094 -4.43047e-23)
(1.12077 0.0364825 -5.49864e-22)
(1.12203 0.035559 3.88724e-22)
(1.10614 0.0383158 3.49354e-24)
(1.10746 0.0375297 -5.70785e-23)
(1.10877 0.0367452 -6.97046e-23)
(1.11005 0.035963 4.53107e-23)
(1.11131 0.0351835 1.89985e-22)
(1.11256 0.034407 -1.80738e-22)
(1.11378 0.0336341 -3.69982e-22)
(1.11498 0.0328649 4.2854e-22)
(1.11616 0.0321 -6.21317e-22)
(1.10142 0.0337284 -3.81375e-24)
(1.10266 0.033076 -1.92886e-23)
(1.10387 0.0324259 8.4733e-23)
(1.10507 0.0317785 -2.55053e-23)
(1.10625 0.0311343 -1.75446e-22)
(1.10742 0.0304936 2.35152e-22)
(1.10856 0.0298567 -2.91481e-22)
(1.10968 0.0292238 -1.66505e-22)
(1.11079 0.0285954 5.10922e-22)
(1.09714 0.0292292 -2.07847e-23)
(1.09829 0.0286946 5.08619e-23)
(1.09944 0.0281625 5.01323e-23)
(1.10056 0.0276333 -6.34446e-23)
(1.10167 0.0271073 -7.69084e-24)
(1.10276 0.0265848 -2.21831e-22)
(1.10383 0.026066 -1.66136e-23)
(1.10489 0.0255511 2.33086e-22)
(1.10592 0.0250404 -3.67803e-22)
(1.09331 0.0247908 5.68203e-26)
(1.0944 0.0243603 9.09291e-24)
(1.09548 0.0239324 7.40218e-25)
(1.09654 0.0235072 4.32675e-23)
(1.09758 0.023085 2.27459e-22)
(1.09861 0.022666 -1.69689e-22)
(1.09962 0.0222503 9.92231e-23)
(1.10061 0.0218382 -1.58307e-24)
(1.10159 0.0214297 -2.50248e-22)
(1.08997 0.0203833 1.42045e-23)
(1.09101 0.0200456 -3.36886e-23)
(1.09203 0.0197101 9.31254e-24)
(1.09303 0.0193771 -8.43079e-23)
(1.09402 0.0190467 3.3187e-23)
(1.09499 0.018719 5.73204e-23)
(1.09595 0.0183941 1.35713e-22)
(1.09689 0.0180721 1.97513e-23)
(1.09781 0.0177531 -3.15519e-23)
(1.08717 0.015978 1.28197e-23)
(1.08815 0.0157242 -6.47367e-24)
(1.08913 0.0154723 -2.46234e-23)
(1.09009 0.0152225 6.69004e-23)
(1.09103 0.0149746 -1.15549e-22)
(1.09196 0.0147289 8.70085e-23)
(1.09287 0.0144854 4.97008e-23)
(1.09376 0.0142441 -1.7787e-22)
(1.09464 0.014005 -1.12771e-22)
(1.08495 0.0115285 1.47675e-24)
(1.0859 0.0113515 -3.15579e-23)
(1.08684 0.0111759 1.07112e-23)
(1.08776 0.0110018 -8.6805e-23)
(1.08866 0.0108292 9.22161e-23)
(1.08955 0.0106582 1.43516e-23)
(1.09043 0.0104888 5.16297e-23)
(1.09128 0.010321 -1.79328e-22)
(1.09212 0.0101547 2.98096e-22)
(1.08338 0.00702293 2.66785e-25)
(1.0843 0.00691863 7.30284e-24)
(1.08521 0.00681508 9.33006e-24)
(1.08611 0.00671228 -3.37299e-23)
(1.08698 0.00661024 6.39595e-23)
(1.08785 0.00650896 -7.33563e-23)
(1.08869 0.00640843 8.44166e-23)
(1.08953 0.00630864 -3.32064e-23)
(1.09034 0.00620959 -7.53464e-23)
(1.08254 0.00233823 6.70983e-25)
(1.08345 0.00230646 -2.16852e-23)
(1.08434 0.0022752 4.64464e-23)
(1.08522 0.00224435 4.70969e-23)
(1.08608 0.00221385 -2.86677e-23)
(1.08692 0.00218361 4.85812e-23)
(1.08775 0.00215356 -5.12917e-23)
(1.08857 0.00212364 -1.44649e-23)
(1.08936 0.00209379 -2.85261e-23)
(0.992686 0.325825 1.10135e-21)
(1.01316 0.324338 -7.29379e-22)
(1.03161 0.323703 1.42629e-21)
(1.05019 0.322838 -1.73932e-22)
(1.0695 0.32137 -1.00789e-22)
(1.08865 0.319329 2.66404e-22)
(1.10729 0.31664 -1.64573e-21)
(1.12548 0.313188 -1.93172e-21)
(1.14325 0.308926 3.42392e-22)
(1.16053 0.30386 -6.21166e-21)
(1.17727 0.298007 -4.16977e-21)
(1.19343 0.291393 3.89856e-21)
(1.20899 0.284062 -8.35918e-21)
(1.2239 0.276028 -2.06008e-21)
(1.2383 0.267288 3.85899e-21)
(1.25226 0.257615 -5.00698e-21)
(1.26537 0.247332 7.81593e-22)
(1.27753 0.23664 3.83612e-22)
(1.28891 0.225578 1.85064e-21)
(1.29961 0.214157 3.05907e-22)
(1.00589 0.308118 -1.97525e-21)
(1.02611 0.306423 9.58917e-22)
(1.0442 0.30561 -1.34372e-21)
(1.06067 0.304731 3.78465e-22)
(1.07758 0.3031 2.41057e-23)
(1.09462 0.300735 -4.2256e-22)
(1.11117 0.297714 1.11058e-21)
(1.12723 0.293989 4.8802e-21)
(1.14294 0.28953 -5.71302e-21)
(1.15827 0.284364 3.83743e-21)
(1.17315 0.278535 -9.21733e-22)
(1.18757 0.272078 -4.36787e-21)
(1.20149 0.265032 3.32784e-21)
(1.21492 0.257401 -2.16456e-21)
(1.2276 0.249255 5.63623e-22)
(1.23977 0.240397 -1.27233e-21)
(1.25166 0.231043 5.30072e-21)
(1.26294 0.221354 -9.94812e-22)
(1.27357 0.21137 -1.55938e-21)
(1.28361 0.201089 2.10143e-23)
(1.01926 0.289035 -9.16422e-22)
(1.03811 0.28801 -1.2711e-21)
(1.05558 0.287034 3.99471e-22)
(1.07056 0.285831 -3.94212e-22)
(1.08547 0.283897 5.7397e-22)
(1.10072 0.281186 6.66274e-23)
(1.11563 0.277857 1.67421e-21)
(1.13001 0.273954 4.16812e-21)
(1.14398 0.269453 7.78821e-21)
(1.1576 0.264366 -3.63078e-22)
(1.1708 0.258728 6.06642e-21)
(1.18355 0.252571 -9.22165e-22)
(1.19582 0.245907 -8.63361e-22)
(1.20762 0.238766 3.38001e-22)
(1.21885 0.231135 -5.19091e-21)
(1.22966 0.223186 -3.19305e-21)
(1.24024 0.21488 -2.29196e-21)
(1.25031 0.206238 -5.6405e-22)
(1.25984 0.197301 -1.238e-21)
(1.26888 0.188087 -5.83734e-22)
(1.03168 0.271667 -1.29719e-21)
(1.04885 0.270751 1.23877e-21)
(1.06518 0.269397 2.223e-22)
(1.07883 0.267696 -3.74137e-23)
(1.09197 0.265428 4.87465e-22)
(1.10549 0.262499 -1.81394e-21)
(1.11888 0.25902 -1.4707e-21)
(1.13176 0.25507 -7.23701e-21)
(1.14421 0.250646 -2.32425e-21)
(1.15632 0.245741 6.5992e-21)
(1.16806 0.240378 -3.26053e-21)
(1.1794 0.234591 5.34094e-21)
(1.19031 0.228397 -3.78464e-22)
(1.20079 0.221843 -3.09581e-21)
(1.21078 0.214931 7.99125e-21)
(1.22039 0.207787 3.32373e-21)
(1.22978 0.200225 -9.42716e-22)
(1.23879 0.192329 1.26116e-21)
(1.24733 0.184193 1.97111e-21)
(1.25546 0.175844 2.24337e-22)
(1.04293 0.25503 2.01131e-21)
(1.05839 0.253864 -7.93887e-22)
(1.07333 0.252111 1.6635e-22)
(1.08574 0.249992 5.03491e-22)
(1.09737 0.247469 -5.02599e-22)
(1.10931 0.244435 7.77585e-22)
(1.12124 0.240929 -1.17209e-21)
(1.13276 0.237026 3.73197e-21)
(1.14384 0.232744 -5.47584e-21)
(1.15459 0.228074 -7.8164e-21)
(1.16502 0.223029 -1.41172e-22)
(1.17511 0.217635 -2.20156e-21)
(1.18484 0.211912 1.16881e-21)
(1.19419 0.205895 -1.25913e-21)
(1.2032 0.19959 -2.36214e-21)
(1.21174 0.193065 1.18291e-22)
(1.21995 0.186225 -6.69149e-22)
(1.22798 0.179107 -2.16924e-21)
(1.23568 0.171774 -7.68373e-22)
(1.24302 0.164256 -9.1077e-23)
(1.05297 0.238655 -1.54756e-22)
(1.06673 0.237234 1.81952e-22)
(1.08018 0.235223 -1.56991e-23)
(1.09138 0.232856 -1.06901e-21)
(1.10169 0.23019 3.52553e-23)
(1.11221 0.227141 -6.25751e-22)
(1.12279 0.223695 2.99412e-21)
(1.13305 0.219907 2.30671e-21)
(1.14289 0.215808 4.69693e-21)
(1.15242 0.211398 2.6225e-21)
(1.16168 0.206682 1.82987e-21)
(1.17064 0.201677 -1.22878e-22)
(1.17929 0.196404 6.51025e-22)
(1.18761 0.190875 2.51202e-21)
(1.19563 0.185108 -2.00634e-21)
(1.20328 0.179098 -5.68881e-22)
(1.21065 0.17292 1.49342e-21)
(1.21784 0.166554 1.67439e-21)
(1.22477 0.159993 -1.18385e-21)
(1.23138 0.153254 4.46732e-23)
(1.06175 0.222617 -6.54092e-22)
(1.07392 0.221016 -1.28893e-22)
(1.08583 0.21887 -6.44202e-23)
(1.09585 0.216382 -6.24457e-22)
(1.10501 0.213659 1.74586e-21)
(1.11425 0.210647 3.61903e-21)
(1.12359 0.207313 2.41228e-21)
(1.13269 0.203686 -6.46418e-21)
(1.14142 0.1998 -1.74041e-21)
(1.14986 0.195665 -2.22477e-22)
(1.15806 0.191283 5.55333e-22)
(1.16601 0.186666 -1.12938e-21)
(1.17369 0.181829 -1.746e-21)
(1.1811 0.176784 3.45045e-21)
(1.18824 0.171546 7.18319e-22)
(1.19508 0.166122 -1.38976e-21)
(1.2017 0.16054 -1.27215e-21)
(1.20815 0.154817 5.45444e-22)
(1.21437 0.148927 1.24063e-21)
(1.22032 0.142878 -1.64913e-22)
(1.06924 0.207075 2.69883e-22)
(1.07995 0.205349 -6.03622e-23)
(1.09036 0.203143 -6.70768e-22)
(1.09924 0.200621 1.41191e-21)
(1.10736 0.197905 -3.07209e-21)
(1.11549 0.194972 -4.7585e-21)
(1.1237 0.191782 -1.97913e-21)
(1.13174 0.188346 -7.39795e-22)
(1.13948 0.184696 3.95176e-22)
(1.14694 0.180844 -1.01688e-21)
(1.15419 0.176796 -1.49064e-21)
(1.16124 0.172558 2.29016e-21)
(1.16806 0.168142 -9.25813e-22)
(1.17464 0.163559 -3.37774e-21)
(1.181 0.158824 -2.13149e-21)
(1.18711 0.153941 -2.83618e-22)
(1.19304 0.14894 7.05972e-22)
(1.19885 0.143774 -1.36728e-21)
(1.20443 0.138464 5.60708e-22)
(1.20978 0.133029 2.62466e-22)
(1.07544 0.192105 -1.99849e-22)
(1.08481 0.190297 -6.34074e-23)
(1.09382 0.188081 9.37639e-22)
(1.10163 0.185587 -6.23279e-22)
(1.10882 0.18293 1.54321e-21)
(1.11598 0.180108 3.45667e-21)
(1.12318 0.177085 -1.5699e-21)
(1.13026 0.173862 1.23603e-21)
(1.13709 0.17046 7.34851e-22)
(1.1437 0.166896 4.72217e-22)
(1.15011 0.163174 7.62067e-22)
(1.15635 0.1593 1.21324e-22)
(1.16241 0.155282 1.6826e-21)
(1.16827 0.15113 1.50442e-21)
(1.17395 0.146856 9.24079e-22)
(1.17944 0.142462 1.6242e-21)
(1.18472 0.137975 1.07212e-21)
(1.18983 0.133339 -2.79245e-22)
(1.19483 0.128577 2.87049e-22)
(1.19966 0.123712 -1.69016e-22)
(1.08037 0.177736 1.82152e-22)
(1.08854 0.175886 3.2595e-22)
(1.09629 0.173701 -1.07465e-21)
(1.10311 0.171282 7.42593e-22)
(1.10946 0.168727 -1.11991e-22)
(1.11576 0.166043 -1.98629e-21)
(1.12208 0.163205 3.42018e-21)
(1.1283 0.160205 2.15268e-21)
(1.13433 0.157059 -3.69511e-22)
(1.14017 0.15378 -7.58109e-22)
(1.14584 0.150375 3.46769e-22)
(1.15136 0.146848 -1.36614e-21)
(1.15674 0.143203 -7.29759e-22)
(1.16195 0.139448 -2.67723e-22)
(1.16701 0.135589 2.50728e-21)
(1.17192 0.131629 -2.14134e-22)
(1.17664 0.127569 -5.0462e-22)
(1.18121 0.123431 -2.83045e-22)
(1.18568 0.1192 -7.81469e-22)
(1.19002 0.114876 -7.8225e-23)
(1.08412 0.163983 -3.03592e-22)
(1.09122 0.162134 -2.04798e-22)
(1.09785 0.160016 1.25349e-21)
(1.10378 0.157707 4.3382e-22)
(1.10937 0.155285 9.89116e-22)
(1.11492 0.152763 -1.39906e-21)
(1.12046 0.150119 -2.18942e-21)
(1.12592 0.147348 6.66579e-22)
(1.13123 0.144457 7.28881e-22)
(1.13639 0.141459 1.28888e-21)
(1.1414 0.138359 -6.18159e-22)
(1.1463 0.135161 -4.84077e-22)
(1.15106 0.131867 1.02773e-21)
(1.1557 0.128484 -6.82215e-22)
(1.1602 0.125014 -1.76263e-21)
(1.16457 0.121463 7.08417e-22)
(1.1688 0.117831 5.95868e-22)
(1.1729 0.114134 1.24384e-22)
(1.1769 0.110368 -2.27162e-22)
(1.1808 0.106527 1.4916e-22)
(1.08677 0.150866 -1.91499e-22)
(1.09293 0.149055 1.62651e-22)
(1.09858 0.147033 -1.31962e-21)
(1.10372 0.144859 -8.20777e-22)
(1.10864 0.142593 -2.66916e-22)
(1.11353 0.140245 2.36975e-21)
(1.11839 0.137803 2.01796e-22)
(1.12319 0.13526 -1.93734e-21)
(1.12786 0.132621 -8.85416e-22)
(1.13241 0.129895 1.90883e-22)
(1.13685 0.127087 1.70607e-23)
(1.14118 0.1242 -1.95704e-22)
(1.1454 0.121237 -3.12195e-22)
(1.14952 0.118202 4.94122e-22)
(1.15353 0.115097 3.97102e-22)
(1.15743 0.111928 -2.8634e-22)
(1.16122 0.108694 2.88216e-23)
(1.16489 0.105407 -3.03728e-22)
(1.16849 0.102064 2.91076e-23)
(1.17199 0.0986621 1.30335e-24)
(1.08845 0.138397 -1.40305e-23)
(1.09378 0.136657 -6.33444e-23)
(1.09859 0.134752 5.36876e-22)
(1.10303 0.132729 -9.17595e-23)
(1.10735 0.130631 -1.87021e-21)
(1.11166 0.128467 -3.1876e-22)
(1.11594 0.126228 -5.00211e-22)
(1.12014 0.12391 4.03031e-22)
(1.12426 0.121516 -8.03486e-22)
(1.12827 0.119051 -8.35192e-22)
(1.1322 0.11652 -2.79097e-22)
(1.13604 0.113927 -3.92043e-22)
(1.13979 0.111273 1.63603e-21)
(1.14345 0.108561 -8.67235e-22)
(1.14703 0.105794 -6.39482e-22)
(1.15051 0.102975 2.46778e-22)
(1.1539 0.100106 4.63754e-22)
(1.1572 0.0971923 5.9548e-22)
(1.16043 0.0942341 3.88092e-22)
(1.16357 0.0912297 -3.33113e-23)
(1.08926 0.126582 3.67742e-22)
(1.09387 0.124935 -2.46712e-23)
(1.09796 0.123163 -6.58332e-22)
(1.1018 0.1213 1.62368e-22)
(1.1056 0.119376 1.30294e-21)
(1.10939 0.117398 -1.11271e-22)
(1.11316 0.115361 5.2046e-22)
(1.11685 0.113262 -1.53794e-22)
(1.12048 0.111102 1.13588e-21)
(1.12403 0.108886 -7.56362e-22)
(1.1275 0.106617 9.89424e-22)
(1.13091 0.104299 6.61991e-22)
(1.13424 0.101932 -1.01397e-21)
(1.1375 0.0995203 5.63552e-22)
(1.14069 0.0970646 5.93587e-22)
(1.1438 0.0945676 -1.1816e-21)
(1.14684 0.0920312 2.65102e-22)
(1.14981 0.0894576 -4.57866e-22)
(1.15271 0.086851 -1.86113e-22)
(1.15554 0.0842089 7.56765e-23)
(1.0893 0.115416 -2.12765e-22)
(1.09329 0.11388 -3.0685e-22)
(1.09679 0.112248 2.64024e-22)
(1.10011 0.110549 -4.7343e-22)
(1.10345 0.1088 2.6762e-22)
(1.1068 0.107007 -1.09326e-21)
(1.11011 0.105166 7.80065e-22)
(1.11337 0.103277 2.21383e-22)
(1.11657 0.10134 -4.0247e-22)
(1.1197 0.099359 1.46015e-22)
(1.12279 0.0973362 -5.17951e-22)
(1.12581 0.095274 9.38063e-22)
(1.12878 0.0931743 -8.105e-22)
(1.13169 0.0910389 -1.28041e-23)
(1.13454 0.0888696 -3.8413e-22)
(1.13733 0.0866685 2.91893e-22)
(1.14005 0.0844372 -5.97555e-22)
(1.14272 0.0821783 1.9705e-22)
(1.14534 0.0798878 1.40933e-22)
(1.14789 0.0775706 -6.58741e-23)
(1.0887 0.104886 6.93808e-23)
(1.09216 0.10347 4.80874e-22)
(1.09515 0.101983 1.26198e-22)
(1.09804 0.100446 1.40418e-22)
(1.10097 0.0988698 -4.46701e-22)
(1.10393 0.0972566 2.8166e-22)
(1.10686 0.0956056 -5.28198e-22)
(1.10973 0.0939164 3.39614e-22)
(1.11256 0.0921899 -6.89933e-23)
(1.11535 0.0904285 2.34529e-22)
(1.11809 0.0886344 3.22209e-22)
(1.12079 0.0868095 -4.35194e-22)
(1.12344 0.0849555 -4.6529e-22)
(1.12604 0.0830741 -2.38894e-22)
(1.12859 0.0811668 1.83593e-22)
(1.1311 0.0792357 4.20019e-22)
(1.13355 0.0772819 5.30312e-22)
(1.13595 0.0753085 -9.01372e-23)
(1.1383 0.0733091 -1.60207e-22)
(1.14061 0.0712866 -5.6956e-23)
(1.08755 0.0949699 -1.38468e-23)
(1.09055 0.0936795 -4.47726e-22)
(1.09313 0.0923378 5.50237e-22)
(1.09565 0.090959 4.95257e-22)
(1.09824 0.0895491 3.27488e-22)
(1.10086 0.0881088 6.71035e-23)
(1.10345 0.0866381 -1.37725e-23)
(1.106 0.0851373 -3.2534e-22)
(1.10851 0.0836076 5.18014e-23)
(1.11099 0.0820506 -3.1254e-22)
(1.11344 0.0804681 -1.58397e-22)
(1.11585 0.0788616 -3.85405e-22)
(1.11822 0.0772325 -5.69041e-23)
(1.12056 0.0755823 2.21463e-23)
(1.12286 0.0739123 3.90085e-22)
(1.12511 0.0722239 -4.24352e-22)
(1.12733 0.0705183 -4.60411e-22)
(1.12949 0.0687963 -1.49613e-22)
(1.13161 0.0670611 2.23818e-22)
(1.1337 0.0653098 6.51854e-23)
(1.08594 0.0856394 2.33571e-22)
(1.08856 0.0844764 6.12522e-23)
(1.0908 0.0832762 -2.74123e-22)
(1.09301 0.0820496 -1.49466e-22)
(1.09531 0.0807983 8.40088e-23)
(1.09764 0.0795221 4.22454e-22)
(1.09994 0.0782212 2.54916e-22)
(1.10221 0.0768967 -2.29946e-22)
(1.10446 0.0755498 -2.53065e-22)
(1.10667 0.0741818 -1.21931e-22)
(1.10886 0.072794 8.35513e-22)
(1.11102 0.0713876 4.97108e-22)
(1.11316 0.0699639 2.54855e-22)
(1.11526 0.0685241 -2.24336e-22)
(1.11733 0.0670695 -8.37065e-23)
(1.11937 0.0656007 -2.18118e-22)
(1.12138 0.0641195 -1.19548e-22)
(1.12334 0.0626258 1.90215e-23)
(1.12527 0.0611236 -8.52891e-23)
(1.12717 0.0596135 -3.68642e-23)
(1.08398 0.076861 -1.70518e-22)
(1.08627 0.0758237 1.00451e-22)
(1.08824 0.0747598 -5.73439e-24)
(1.0902 0.0736773 -1.14111e-22)
(1.09224 0.0725756 -3.72398e-22)
(1.09432 0.0714533 -3.20327e-22)
(1.09639 0.0703111 2.22228e-22)
(1.09842 0.0691504 2.95893e-22)
(1.10043 0.0679724 6.08896e-22)
(1.10242 0.0667782 2.81562e-23)
(1.10439 0.0655688 -4.25447e-22)
(1.10634 0.0643453 -3.90327e-22)
(1.10827 0.0631088 5.00406e-22)
(1.11017 0.0618605 1.49981e-22)
(1.11205 0.0606013 -7.84427e-23)
(1.1139 0.0593324 -5.59953e-23)
(1.11572 0.0580549 2.14749e-22)
(1.11752 0.0567696 -1.12137e-23)
(1.11928 0.0554785 -1.44293e-23)
(1.12101 0.0541821 3.61628e-23)
(1.08174 0.0685962 -7.37299e-23)
(1.08377 0.0676805 -5.4306e-23)
(1.08551 0.0667461 5.97243e-23)
(1.08727 0.0657989 1.40531e-22)
(1.0891 0.0648366 2.97964e-23)
(1.09097 0.0638577 -2.65667e-22)
(1.09282 0.0628626 -2.09355e-22)
(1.09466 0.0618531 3.64347e-22)
(1.09647 0.0608303 -8.00072e-24)
(1.09827 0.0597952 5.67048e-22)
(1.10006 0.0587486 4.11997e-23)
(1.10183 0.0576915 -1.08712e-22)
(1.10358 0.0566249 -3.67057e-22)
(1.10531 0.0555497 -4.61131e-23)
(1.10702 0.054467 -7.35005e-23)
(1.10871 0.0533776 3.09896e-22)
(1.11038 0.0522826 -2.54106e-22)
(1.11202 0.0511827 1.23398e-22)
(1.11363 0.0500794 -3.94113e-23)
(1.11523 0.0489731 -1.75823e-23)
(1.07931 0.0608023 1.3121e-22)
(1.08112 0.0600027 -7.99458e-23)
(1.08269 0.05919 -7.23914e-23)
(1.08428 0.0583687 -5.19472e-23)
(1.08594 0.0575357 9.78859e-23)
(1.08763 0.0566891 1.06751e-22)
(1.08931 0.0558296 2.56005e-22)
(1.09098 0.0549589 -5.37031e-22)
(1.09263 0.054078 -4.52443e-22)
(1.09427 0.0531878 -6.7853e-23)
(1.09589 0.0522891 1.52084e-22)
(1.09751 0.0513827 1.87399e-22)
(1.09911 0.0504694 2.03712e-23)
(1.1007 0.0495502 1.07256e-22)
(1.10227 0.0486259 -1.48531e-22)
(1.10382 0.0476973 -5.41281e-23)
(1.10535 0.0467653 1.03326e-22)
(1.10686 0.0458305 -1.82912e-23)
(1.10835 0.0448942 -1.23085e-23)
(1.10982 0.0439567 1.77799e-23)
(1.07678 0.0534336 -7.55226e-23)
(1.07841 0.0527434 1.33122e-22)
(1.07984 0.0520441 7.93839e-23)
(1.0813 0.0513391 9.45341e-24)
(1.08281 0.050625 -1.15835e-22)
(1.08436 0.0499001 1.90251e-23)
(1.08589 0.0491649 3.47987e-23)
(1.08742 0.0484209 1.65218e-22)
(1.08893 0.0476692 3.60716e-22)
(1.09044 0.0469106 -1.03169e-23)
(1.09193 0.0461458 -7.94475e-23)
(1.09342 0.0453754 5.79e-23)
(1.09489 0.0446003 6.98598e-23)
(1.09636 0.0438211 -1.18715e-22)
(1.0978 0.0430388 1.27397e-23)
(1.09923 0.0422538 1.39049e-22)
(1.10065 0.0414671 -9.64183e-23)
(1.10205 0.0406793 3.94983e-24)
(1.10343 0.0398911 6.12902e-23)
(1.10479 0.0391031 2.26396e-24)
(1.07422 0.0464409 3.90996e-23)
(1.0757 0.045853 -7.73789e-23)
(1.07703 0.0452587 -7.59329e-23)
(1.07838 0.0446606 6.3185e-23)
(1.07978 0.0440557 -1.29845e-22)
(1.0812 0.0434421 4.08454e-23)
(1.08262 0.0428204 -4.30033e-23)
(1.08403 0.0421918 9.85147e-23)
(1.08543 0.0415575 -1.1606e-22)
(1.08683 0.0409181 -1.01349e-22)
(1.08821 0.0402742 -1.9982e-22)
(1.08959 0.0396265 -3.29398e-23)
(1.09096 0.0389755 1.64493e-22)
(1.09232 0.038322 -1.30773e-22)
(1.09366 0.0376666 8.91672e-23)
(1.09499 0.03701 -3.31191e-23)
(1.09631 0.0363527 5.31261e-23)
(1.09761 0.0356953 1.31157e-22)
(1.0989 0.0350385 -7.11158e-23)
(1.10017 0.0343827 -2.03668e-24)
(1.07171 0.0397722 2.52098e-24)
(1.07308 0.0392793 4.48968e-24)
(1.07433 0.0387819 3.42453e-23)
(1.0756 0.0382819 1.12994e-22)
(1.0769 0.0377768 8.71093e-23)
(1.07823 0.037265 -3.91999e-23)
(1.07955 0.0367467 -1.11101e-22)
(1.08086 0.0362232 1.15021e-23)
(1.08217 0.0356954 -1.77799e-22)
(1.08347 0.0351639 6.00666e-23)
(1.08477 0.0346293 1.69999e-22)
(1.08606 0.0340921 -4.28152e-23)
(1.08734 0.0335529 6.76526e-23)
(1.08861 0.0330121 -4.93855e-23)
(1.08987 0.0324705 2.03966e-24)
(1.09111 0.0319284 4.09761e-23)
(1.09234 0.0313865 -1.56159e-23)
(1.09356 0.0308451 6.44424e-24)
(1.09477 0.0303049 -3.41152e-23)
(1.09596 0.0297661 3.23573e-24)
(1.06932 0.0333721 6.71235e-24)
(1.0706 0.0329671 2.36317e-23)
(1.0718 0.032559 2.33736e-24)
(1.073 0.0321492 -6.9349e-23)
(1.07423 0.0317355 -2.59713e-23)
(1.07548 0.0313166 6.83523e-23)
(1.07673 0.0308928 -1.17436e-23)
(1.07797 0.030465 -1.04096e-23)
(1.0792 0.0300341 1.28818e-22)
(1.08043 0.0296007 -8.33376e-23)
(1.08165 0.029165 2.05687e-22)
(1.08286 0.0287277 -3.49208e-23)
(1.08407 0.0282892 2.17823e-24)
(1.08527 0.02785 9.75712e-24)
(1.08645 0.0274105 -1.1972e-22)
(1.08763 0.0269712 4.98782e-24)
(1.08879 0.0265325 -2.56359e-23)
(1.08994 0.0260947 -1.52806e-23)
(1.09108 0.0256583 3.20307e-23)
(1.0922 0.0252236 -2.94743e-24)
(1.06714 0.0271811 -3.25422e-24)
(1.06835 0.0268578 -1.32537e-23)
(1.0695 0.0265321 3.2113e-24)
(1.07066 0.0262055 -1.79162e-23)
(1.07184 0.0258759 -2.2976e-24)
(1.07302 0.0255424 -5.07546e-23)
(1.07421 0.0252052 -4.31099e-23)
(1.07539 0.0248651 9.31092e-24)
(1.07656 0.0245228 2.44998e-23)
(1.07773 0.0241788 -1.5992e-23)
(1.07889 0.0238333 -1.39043e-23)
(1.08005 0.0234869 -1.87426e-22)
(1.0812 0.0231399 -3.30826e-23)
(1.08233 0.0227926 1.20471e-22)
(1.08346 0.0224454 5.16918e-24)
(1.08458 0.0220987 6.35972e-23)
(1.08568 0.0217529 -5.63437e-23)
(1.08677 0.0214081 1.6874e-23)
(1.08785 0.0210648 -1.77421e-23)
(1.08892 0.0207231 6.3093e-24)
(1.06523 0.0211343 2.82866e-24)
(1.06639 0.0208872 3.10295e-24)
(1.06752 0.0206385 -2.23984e-24)
(1.06864 0.0203891 2.98126e-25)
(1.06978 0.0201376 -5.41127e-24)
(1.07092 0.0198833 5.16533e-23)
(1.07206 0.0196264 4.45705e-23)
(1.07319 0.0193675 3.65984e-23)
(1.07432 0.019107 -9.27144e-23)
(1.07544 0.0188455 -1.38717e-23)
(1.07656 0.0185832 1.40744e-22)
(1.07767 0.0183204 -6.07721e-24)
(1.07877 0.0180574 -1.06831e-22)
(1.07986 0.0177945 4.28277e-23)
(1.08094 0.017532 1.14636e-23)
(1.08201 0.0172701 4.51327e-25)
(1.08306 0.0170091 5.79353e-23)
(1.08411 0.0167492 -1.99753e-23)
(1.08514 0.0164906 -2.23345e-23)
(1.08616 0.0162335 4.68217e-24)
(1.06368 0.0151594 1.45554e-24)
(1.06481 0.0149845 2.94443e-24)
(1.06591 0.0148085 1.56968e-24)
(1.06702 0.014632 -8.23586e-24)
(1.06813 0.0144541 -2.13438e-23)
(1.06924 0.0142743 -3.20454e-23)
(1.07034 0.0140927 7.27077e-23)
(1.07144 0.0139097 -8.13421e-23)
(1.07254 0.0137258 -1.25608e-23)
(1.07362 0.0135412 -1.18589e-23)
(1.07471 0.0133563 4.16186e-23)
(1.07578 0.0131711 8.11224e-23)
(1.07684 0.0129859 -8.64386e-23)
(1.0779 0.012801 -1.87666e-23)
(1.07894 0.0126165 9.45138e-24)
(1.07998 0.0124327 2.75114e-23)
(1.081 0.0122497 -6.9283e-23)
(1.082 0.0120676 1.81795e-23)
(1.083 0.0118866 -1.17946e-23)
(1.08398 0.0117069 3.53479e-24)
(1.06256 0.00917455 -6.29629e-24)
(1.06367 0.00906912 -5.60412e-25)
(1.06477 0.00896312 5.47928e-25)
(1.06586 0.00885709 -7.96295e-24)
(1.06695 0.00875052 1.16776e-24)
(1.06804 0.00864307 7.39068e-24)
(1.06913 0.00853481 -4.30995e-24)
(1.0702 0.008426 -3.49962e-23)
(1.07128 0.00831686 -2.34111e-23)
(1.07234 0.00820756 2.94631e-24)
(1.0734 0.00809822 1.08495e-23)
(1.07445 0.00798894 -4.64992e-24)
(1.07549 0.00787984 -4.10223e-24)
(1.07651 0.00777101 4.34158e-23)
(1.07753 0.00766254 -1.01581e-23)
(1.07854 0.00755451 4.25191e-23)
(1.07953 0.00744698 -2.84453e-23)
(1.08051 0.00734001 -1.52947e-23)
(1.08148 0.00723366 2.15217e-24)
(1.08244 0.00712795 4.08602e-24)
(1.06195 0.00308365 3.87985e-24)
(1.06306 0.00304623 -4.10933e-24)
(1.06417 0.00300782 2.01561e-24)
(1.06526 0.00296889 3.97831e-24)
(1.06635 0.0029295 1.46414e-23)
(1.06743 0.0028897 9.5891e-24)
(1.06851 0.00284967 6.99201e-24)
(1.06958 0.00280963 -6.85412e-23)
(1.07064 0.0027698 8.33148e-23)
(1.07169 0.00273031 -9.93186e-23)
(1.07274 0.0026913 5.80278e-23)
(1.07377 0.00265286 -1.37368e-23)
(1.0748 0.00261506 -1.87015e-23)
(1.07581 0.00257796 -2.86706e-23)
(1.07681 0.00254159 2.03858e-23)
(1.0778 0.00250597 -2.12011e-23)
(1.07878 0.00247109 2.19259e-23)
(1.07974 0.00243693 4.22447e-23)
(1.08069 0.00240344 -2.04378e-23)
(1.08162 0.00237055 -5.74652e-25)
(0.998469 0.00432328 0)
(0.998977 0.00927206 0)
(0.992832 0.0165117 0)
(0.989886 0.0212374 0)
(0.98056 0.0305254 0)
(0.975264 0.0380214 0)
(0.963343 0.0526937 0)
(0.957179 0.0655828 0)
(0.944051 0.0887289 0)
(0.939832 0.108883 0)
(0.92823 0.14366 0)
(0.930929 0.170917 0)
(0.925664 0.221394 0)
(0.943717 0.249535 0)
(0.95569 0.329431 0)
(0.998401 0.00448986 0)
(0.999206 0.0096053 0)
(0.993072 0.0172216 0)
(0.990666 0.0221148 0)
(0.981539 0.0318358 0)
(0.977136 0.0394625 0)
(0.965753 0.0545586 0)
(0.96107 0.0673293 0)
(0.949054 0.0907541 0)
(0.947189 0.110062 0)
(0.937597 0.144833 0)
(0.943657 0.169615 0)
(0.94171 0.219627 0)
(0.963376 0.2418 0)
(0.975704 0.311638 0)
(0.998354 0.0046616 0)
(0.999428 0.00994681 0)
(0.993385 0.0179843 0)
(0.991512 0.0230605 0)
(0.982711 0.033277 0)
(0.979184 0.0410431 0)
(0.968533 0.0566283 0)
(0.965221 0.0692241 0)
(0.954587 0.0929401 0)
(0.954668 0.111122 0)
(0.947419 0.145598 0)
(0.955686 0.167173 0)
(0.956985 0.215015 0)
(0.979342 0.231261 0)
(0.992969 0.290563 0)
(0.998339 0.00483053 0)
(0.999626 0.0102786 0)
(0.993772 0.0187296 0)
(0.992386 0.0239664 0)
(0.984064 0.0346492 0)
(0.981336 0.0425065 0)
(0.971647 0.0585208 0)
(0.969529 0.0708538 0)
(0.960584 0.094747 0)
(0.962178 0.111714 0)
(0.957512 0.145583 0)
(0.967096 0.164218 0)
(0.971255 0.208962 0)
(0.993222 0.221464 0)
(1.00831 0.272481 0)
(0.998366 0.00499414 0)
(0.999788 0.010589 0)
(0.994239 0.019443 0)
(0.99326 0.0248046 0)
(0.985582 0.0359204 0)
(0.983543 0.043796 0)
(0.975039 0.0601605 0)
(0.973918 0.0721085 0)
(0.966894 0.0960067 0)
(0.969668 0.111683 0)
(0.967592 0.14455 0)
(0.978039 0.160668 0)
(0.984516 0.201839 0)
(1.00591 0.212022 0)
(1.0219 0.25627 0)
(0.998441 0.00515146 0)
(0.999906 0.0108723 0)
(0.994786 0.0201215 0)
(0.994122 0.0255689 0)
(0.987247 0.0370881 0)
(0.985783 0.0449084 0)
(0.978635 0.0615403 0)
(0.978359 0.0729992 0)
(0.973336 0.0966969 0)
(0.977101 0.111071 0)
(0.977385 0.142508 0)
(0.988513 0.156529 0)
(0.996758 0.193843 0)
(1.0175 0.202286 0)
(1.03387 0.240584 0)
(0.998565 0.00530103 0)
(0.999984 0.0111244 0)
(0.995407 0.0207572 0)
(0.994975 0.026251 0)
(0.989029 0.0381347 0)
(0.988058 0.0458357 0)
(0.982353 0.062629 0)
(0.982838 0.0735384 0)
(0.979752 0.0967879 0)
(0.984419 0.109937 0)
(0.986721 0.139538 0)
(0.998391 0.151843 0)
(1.00796 0.185175 0)
(1.02787 0.19213 0)
(1.0443 0.225114 0)
(0.998731 0.00544051 0)
(1.00003 0.0113416 0)
(0.996089 0.0213377 0)
(0.995833 0.0268418 0)
(0.990894 0.0390325 0)
(0.990376 0.0465682 0)
(0.986121 0.0633817 0)
(0.987336 0.0737289 0)
(0.986031 0.0962512 0)
(0.99153 0.108306 0)
(0.995516 0.13574 0)
(1.00753 0.146624 0)
(1.01808 0.176033 0)
(1.03698 0.18168 0)
(1.05328 0.209975 0)
(0.998927 0.00556658 0)
(1.00007 0.0115213 0)
(0.996811 0.0218476 0)
(0.996711 0.0273347 0)
(0.992805 0.0397509 0)
(0.992741 0.0470989 0)
(0.989877 0.0637592 0)
(0.991814 0.0735695 0)
(0.9921 0.0950858 0)
(0.998331 0.106181 0)
(1.00371 0.131233 0)
(1.01585 0.140893 0)
(1.02708 0.166592 0)
(1.04487 0.171086 0)
(1.06085 0.195279 0)
(0.999136 0.00567476 0)
(1.0001 0.0116625 0)
(0.997554 0.022269 0)
(0.997621 0.0277255 0)
(0.994732 0.0402604 0)
(0.995142 0.0474211 0)
(0.99358 0.0637357 0)
(0.996216 0.0730537 0)
(0.997909 0.0933208 0)
(1.00474 0.103562 0)
(1.01126 0.126143 0)
(1.02331 0.1347 0)
(1.03497 0.156987 0)
(1.05158 0.160471 0)
(1.06709 0.181074 0)
(0.999344 0.00575952 0)
(1.00016 0.0117655 0)
(0.998301 0.0225832 0)
(0.998566 0.0280098 0)
(0.996652 0.0405351 0)
(0.997557 0.0475253 0)
(0.997196 0.0633006 0)
(1.00049 0.0721708 0)
(1.00341 0.091005 0)
(1.01069 0.10046 0)
(1.01811 0.120587 0)
(1.02991 0.128121 0)
(1.04175 0.147322 0)
(1.05718 0.149932 0)
(1.07207 0.167385 0)
(0.999535 0.00581473 0)
(1.00025 0.0118311 0)
(0.999039 0.0227712 0)
(0.999543 0.0281812 0)
(0.998548 0.0405552 0)
(0.999957 0.0473979 0)
(1.00069 0.0624572 0)
(1.00457 0.0709095 0)
(1.00856 0.0881965 0)
(1.01614 0.0968986 0)
(1.02424 0.114668 0)
(1.03568 0.121241 0)
(1.04746 0.137678 0)
(1.06173 0.13955 0)
(1.0759 0.154244 0)
(0.999702 0.00583417 0)
(1.00037 0.0118598 0)
(0.999761 0.0228165 0)
(1.00054 0.0282305 0)
(1.0004 0.0403089 0)
(1.00231 0.0470221 0)
(1.00404 0.0612205 0)
(1.00843 0.0692626 0)
(1.0133 0.0849548 0)
(1.02108 0.0929147 0)
(1.02961 0.108472 0)
(1.04062 0.114148 0)
(1.05217 0.128126 0)
(1.06531 0.129391 0)
(1.07866 0.14168 0)
(0.999839 0.00581223 0)
(1.00052 0.0118503 0)
(1.00046 0.022706 0)
(1.00154 0.0281447 0)
(1.0022 0.0397922 0)
(1.00459 0.0463804 0)
(1.0072 0.0596128 0)
(1.01202 0.0672314 0)
(1.01761 0.0813372 0)
(1.02548 0.0885581 0)
(1.03425 0.102074 0)
(1.04477 0.106925 0)
(1.05593 0.11873 0)
(1.068 0.119507 0)
(1.08048 0.129714 0)
(0.999948 0.00574449 0)
(1.00068 0.011799 0)
(1.00113 0.0224318 0)
(1.00252 0.027908 0)
(1.00392 0.0390082 0)
(1.00676 0.0454572 0)
(1.01014 0.0576601 0)
(1.01532 0.0648271 0)
(1.02145 0.0773963 0)
(1.02932 0.0838848 0)
(1.03816 0.0955414 0)
(1.04816 0.0996428 0)
(1.05883 0.109545 0)
(1.06987 0.109937 0)
(1.08146 0.118357 0)
(1.00003 0.00562828 0)
(1.00086 0.0116992 0)
(1.00177 0.0219912 0)
(1.00348 0.0275027 0)
(1.00554 0.037965 0)
(1.00879 0.0442417 0)
(1.01282 0.0553892 0)
(1.0183 0.0620705 0)
(1.02482 0.073181 0)
(1.03262 0.078953 0)
(1.04138 0.0889337 0)
(1.05083 0.0923657 0)
(1.06094 0.100612 0)
(1.07101 0.10071 0)
(1.0817 0.107609 0)
(1.00009 0.00546301 0)
(1.00104 0.0115415 0)
(1.00238 0.0213868 0)
(1.00439 0.0269112 0)
(1.00704 0.0366731 0)
(1.01068 0.04273 0)
(1.01524 0.052826 0)
(1.02094 0.0589903 0)
(1.0277 0.0687366 0)
(1.03536 0.0738194 0)
(1.04393 0.082304 0)
(1.05282 0.0851458 0)
(1.06233 0.0919661 0)
(1.0715 0.0918456 0)
(1.08131 0.0974588 0)
(1.00012 0.00525014 0)
(1.00121 0.0113143 0)
(1.00293 0.0206248 0)
(1.00525 0.0261187 0)
(1.00841 0.0351439 0)
(1.01238 0.040926 0)
(1.01736 0.0499953 0)
(1.02322 0.0556204 0)
(1.0301 0.0641055 0)
(1.03758 0.0685367 0)
(1.04587 0.0756978 0)
(1.05421 0.0780258 0)
(1.06308 0.0836271 0)
(1.07143 0.0833519 0)
(1.08039 0.0878878 0)
(1.00015 0.00499296 0)
(1.00136 0.011005 0)
(1.00343 0.0197132 0)
(1.00604 0.0251153 0)
(1.00963 0.0333879 0)
(1.0139 0.0388406 0)
(1.01919 0.0469217 0)
(1.02515 0.0519969 0)
(1.03205 0.0593272 0)
(1.0393 0.0631521 0)
(1.04725 0.0691521 0)
(1.05504 0.0710384 0)
(1.06329 0.0756063 0)
(1.07088 0.0752292 0)
(1.07903 0.0788691 0)
(1.00015 0.00469597 0)
(1.0015 0.0106014 0)
(1.00387 0.0186601 0)
(1.00676 0.0238973 0)
(1.0107 0.0314147 0)
(1.01521 0.0364898 0)
(1.02073 0.0436291 0)
(1.02672 0.0481559 0)
(1.03355 0.0544372 0)
(1.04055 0.0577062 0)
(1.04812 0.0626957 0)
(1.05539 0.0642071 0)
(1.06303 0.0679055 0)
(1.06993 0.0674693 0)
(1.07732 0.0703694 0)
(1.00015 0.00436418 0)
(1.00162 0.0100937 0)
(1.00425 0.0174719 0)
(1.00739 0.0224669 0)
(1.01161 0.0292342 0)
(1.01632 0.0338927 0)
(1.02197 0.0401413 0)
(1.02796 0.0441312 0)
(1.03466 0.0494668 0)
(1.04138 0.0522323 0)
(1.04855 0.0563484 0)
(1.05534 0.0575456 0)
(1.06238 0.0605175 0)
(1.06867 0.0600568 0)
(1.07536 0.06235 0)
(1.00014 0.00400236 0)
(1.00173 0.00947537 0)
(1.00457 0.0161531 0)
(1.00794 0.0208314 0)
(1.01237 0.0268566 0)
(1.01723 0.0310696 0)
(1.02294 0.0364809 0)
(1.02888 0.0399532 0)
(1.03541 0.0444415 0)
(1.04185 0.0467559 0)
(1.04862 0.0501218 0)
(1.05494 0.0510589 0)
(1.06143 0.0534273 0)
(1.06718 0.052969 0)
(1.07323 0.0547677 0)
(1.00013 0.00361447 0)
(1.00181 0.00874346 0)
(1.00483 0.0147067 0)
(1.0084 0.0190008 0)
(1.01298 0.0242934 0)
(1.01795 0.0280407 0)
(1.02367 0.0326682 0)
(1.02953 0.0356477 0)
(1.03585 0.0393802 0)
(1.04201 0.041294 0)
(1.04838 0.0440184 0)
(1.05428 0.0447429 0)
(1.06026 0.0466125 0)
(1.06554 0.0461771 0)
(1.07101 0.0475749 0)
(1.00012 0.00320332 0)
(1.00188 0.00789864 0)
(1.00502 0.0131345 0)
(1.00877 0.0169861 0)
(1.01345 0.021556 0)
(1.01849 0.0248246 0)
(1.02417 0.0287204 0)
(1.02993 0.0312344 0)
(1.03603 0.0342947 0)
(1.04192 0.0358549 0)
(1.04791 0.0380323 0)
(1.05345 0.0385848 0)
(1.05896 0.0400435 0)
(1.06383 0.0396463 0)
(1.06878 0.0407201 0)
(1.0001 0.00277055 0)
(1.00194 0.0069443 0)
(1.00517 0.0114387 0)
(1.00906 0.014798 0)
(1.0138 0.0186553 0)
(1.01888 0.021437 0)
(1.02449 0.0246498 0)
(1.03014 0.0267263 0)
(1.03601 0.029189 0)
(1.04166 0.0304376 0)
(1.0473 0.0321486 0)
(1.0525 0.0325632 0)
(1.0576 0.0336835 0)
(1.06212 0.0333352 0)
(1.06663 0.0341477 0)
(1.00009 0.00231672 0)
(1.00199 0.00588556 0)
(1.00527 0.00962109 0)
(1.00927 0.0124461 0)
(1.01404 0.0156 0)
(1.01915 0.0178899 0)
(1.02466 0.0204634 0)
(1.0302 0.0221284 0)
(1.03586 0.0240577 0)
(1.04128 0.0250312 0)
(1.04661 0.026343 0)
(1.05153 0.0266473 0)
(1.05628 0.0274882 0)
(1.06051 0.0271962 0)
(1.06464 0.0277973 0)
(1.00007 0.00184153 0)
(1.00202 0.00472827 0)
(1.00534 0.00768379 0)
(1.00942 0.0099379 0)
(1.0142 0.0123962 0)
(1.01931 0.0141903 0)
(1.02473 0.0161609 0)
(1.03016 0.017437 0)
(1.03562 0.0188859 0)
(1.04085 0.0196142 0)
(1.04592 0.020581 0)
(1.05061 0.0207967 0)
(1.05507 0.0214048 0)
(1.05907 0.0211736 0)
(1.06288 0.0216025 0)
(1.00006 0.00134421 0)
(1.00204 0.00347811 0)
(1.00538 0.00562841 0)
(1.00952 0.00727836 0)
(1.0143 0.00904509 0)
(1.01939 0.0103391 0)
(1.02473 0.0117345 0)
(1.03007 0.0126383 0)
(1.03537 0.0136477 0)
(1.04044 0.0141537 0)
(1.04531 0.0148168 0)
(1.04982 0.01496 0)
(1.05404 0.0153704 0)
(1.05787 0.0152028 0)
(1.06144 0.0154885 0)
(1.00005 0.000823967 0)
(1.00206 0.00214089 0)
(1.0054 0.00345643 0)
(1.00958 0.00446938 0)
(1.01435 0.0055418 0)
(1.01943 0.0063282 0)
(1.0247 0.00716552 0)
(1.02997 0.00770705 0)
(1.03515 0.00830494 0)
(1.04012 0.00860343 0)
(1.04484 0.00899153 0)
(1.04922 0.00907301 0)
(1.05328 0.00931025 0)
(1.05699 0.00920807 0)
(1.06039 0.00937129 0)
(1.00005 0.000279037 0)
(1.00207 0.000725615 0)
(1.00541 0.00117079 0)
(1.00961 0.00151375 0)
(1.01437 0.0018756 0)
(1.01944 0.00214056 0)
(1.02468 0.00242129 0)
(1.02991 0.00260203 0)
(1.03503 0.00280097 0)
(1.03993 0.00289939 0)
(1.04457 0.00302786 0)
(1.04889 0.00305366 0)
(1.05287 0.00313207 0)
(1.05651 0.00309663 0)
(1.05982 0.00315084 0)
(0.999154 0.0010785 -6.83155e-23)
(0.997467 0.00219803 4.8e-23)
(0.99216 0.00225997 -1.16205e-22)
(0.985605 0.00177804 -7.83076e-23)
(0.976371 0.000941703 8.63543e-23)
(0.965402 -3.50662e-05 1.60565e-22)
(0.951678 -0.000705373 1.10341e-22)
(0.935706 -0.00146427 1.28095e-22)
(0.916443 -0.00154651 1.91605e-22)
(0.894353 -0.00175044 1.69533e-22)
(0.868131 -0.000942195 1.20224e-22)
(0.838439 -0.000259132 9.34819e-23)
(0.803699 0.00148927 -4.17076e-22)
(0.764575 0.00298865 4.76985e-22)
(0.719819 0.00593274 -4.28181e-23)
(0.999154 0.00125899 4.12694e-22)
(0.997471 0.002551 -6.55232e-23)
(0.992178 0.00305124 6.95027e-23)
(0.985644 0.0027972 5.59676e-22)
(0.976417 0.00257581 -3.55823e-22)
(0.965489 0.00195272 -5.47307e-22)
(0.951767 0.00221496 2.13573e-22)
(0.935846 0.00211947 1.1129e-22)
(0.916589 0.00347298 -3.70186e-22)
(0.894616 0.00446979 -5.59286e-22)
(0.868494 0.00744482 7.01542e-22)
(0.838968 0.0100629 -9.33543e-22)
(0.80439 0.0151308 1.13408e-21)
(0.765569 0.0194464 -6.44042e-22)
(0.721121 0.0276777 -1.81953e-22)
(0.999148 0.00143901 -7.87885e-22)
(0.997485 0.00290823 3.01293e-23)
(0.992193 0.0038279 -5.69332e-22)
(0.985701 0.00380319 -1.58912e-22)
(0.976467 0.00420902 4.96946e-22)
(0.965612 0.00394611 9.16192e-24)
(0.951895 0.0051496 -2.26284e-22)
(0.936087 0.00573157 -3.34381e-22)
(0.916891 0.00854144 3.92696e-22)
(0.895094 0.0108077 -1.78491e-22)
(0.869125 0.0158832 -2.02168e-21)
(0.839924 0.0204068 -4.90115e-22)
(0.80567 0.0287664 1.84045e-21)
(0.767423 0.0358592 1.99727e-22)
(0.723605 0.0493423 2.16287e-21)
(0.999138 0.00161811 1.04511e-21)
(0.997506 0.00327033 -2.22778e-22)
(0.992204 0.00458756 9.97421e-22)
(0.985778 0.00480048 -2.80943e-22)
(0.976531 0.00583518 -9.16353e-22)
(0.965779 0.00598165 -2.4152e-22)
(0.952071 0.00811954 2.56964e-22)
(0.936419 0.00940117 -3.64432e-23)
(0.917307 0.0136056 1.48789e-21)
(0.895771 0.0170311 -3.82035e-22)
(0.870032 0.0242411 -1.23621e-21)
(0.841307 0.0306479 2.12542e-21)
(0.807542 0.0422872 -1.33935e-21)
(0.770139 0.0521127 3.80145e-21)
(0.727271 0.0708004 -6.03971e-21)
(0.999122 0.00179624 -3.50528e-22)
(0.997534 0.00362831 -5.27048e-22)
(0.992213 0.00536579 1.71938e-22)
(0.985874 0.00579563 2.71999e-22)
(0.976609 0.00745 1.03393e-21)
(0.965988 0.00799672 4.88694e-22)
(0.952291 0.0110535 2.73956e-22)
(0.936843 0.0130186 -1.26803e-22)
(0.917839 0.0186215 -7.61338e-23)
(0.896648 0.0231982 1.34629e-21)
(0.871215 0.0325354 -7.14634e-22)
(0.843117 0.0407899 2.05758e-21)
(0.810002 0.0556745 -3.41484e-21)
(0.773712 0.0681621 1.8387e-21)
(0.732113 0.0919764 4.37328e-21)
(0.999102 0.00197289 -5.64326e-22)
(0.997572 0.00398591 1.70081e-21)
(0.99222 0.00615289 -1.27892e-21)
(0.985986 0.00679027 1.61861e-21)
(0.9767 0.00905292 -9.53269e-22)
(0.966237 0.00999831 1.23098e-21)
(0.952554 0.0139643 -2.75503e-22)
(0.937357 0.0166134 -6.16844e-22)
(0.918487 0.0236032 3.63481e-23)
(0.897724 0.0293162 1.45649e-21)
(0.872669 0.0407627 -2.98638e-21)
(0.84535 0.0508163 2.65956e-21)
(0.813043 0.068899 -6.07394e-21)
(0.778135 0.0839578 2.41826e-21)
(0.73812 0.112793 1.94427e-21)
(0.999078 0.00214779 7.27981e-22)
(0.997617 0.00434402 -1.42271e-21)
(0.992226 0.00691568 5.11986e-22)
(0.986114 0.00778747 -1.52369e-21)
(0.976804 0.0106431 9.06426e-22)
(0.966525 0.011994 -6.89033e-22)
(0.95286 0.0168546 2.73411e-23)
(0.937961 0.0201881 7.88718e-22)
(0.919248 0.0285489 1.82544e-21)
(0.898997 0.0353772 -5.18314e-21)
(0.874391 0.0489083 2.34249e-21)
(0.848 0.0607026 1.74331e-21)
(0.816657 0.0819258 -1.29361e-21)
(0.7834 0.0994459 -1.29995e-21)
(0.745277 0.133166 2.35765e-23)
(0.99905 0.00232068 1.11601e-21)
(0.99767 0.0047024 6.12204e-22)
(0.992233 0.00766711 -2.36657e-22)
(0.986259 0.00879192 2.94215e-22)
(0.976923 0.0122199 -1.50842e-21)
(0.966852 0.0139834 1.77045e-22)
(0.95321 0.0197208 6.59632e-22)
(0.938652 0.0237388 -2.48023e-21)
(0.92012 0.0334514 -9.50638e-24)
(0.900465 0.0413727 1.63601e-21)
(0.876375 0.0569591 -3.13332e-21)
(0.851061 0.0704275 1.57657e-21)
(0.820836 0.094723 2.73553e-21)
(0.789495 0.114574 1.25536e-21)
(0.753566 0.153014 1.16215e-21)
(0.999019 0.00249133 -9.99838e-22)
(0.997728 0.00506078 -2.05734e-22)
(0.992241 0.00840506 -1.4643e-21)
(0.98642 0.00980023 -2.72269e-21)
(0.977056 0.0137821 9.45402e-22)
(0.967215 0.0159655 1.49008e-21)
(0.953604 0.0225598 -4.67712e-22)
(0.93943 0.0272642 1.36975e-21)
(0.921101 0.0383052 3.43186e-21)
(0.902125 0.0472969 -4.82282e-21)
(0.878615 0.0649035 2.32286e-22)
(0.854528 0.0799715 3.34122e-21)
(0.825571 0.10726 5.53943e-22)
(0.796407 0.12929 -5.8375e-21)
(0.762965 0.172254 2.75395e-21)
(0.998985 0.00265962 -1.06949e-21)
(0.997793 0.00541966 -6.24345e-24)
(0.992254 0.00909276 4.74016e-23)
(0.986596 0.0108071 2.34093e-21)
(0.977204 0.0153281 1.80008e-22)
(0.967613 0.0179395 -1.20991e-21)
(0.954041 0.0253693 -8.54222e-22)
(0.940292 0.0307639 -1.01472e-21)
(0.922191 0.0431047 -1.25575e-21)
(0.903975 0.0531454 1.97474e-21)
(0.881105 0.0727296 4.73139e-21)
(0.858396 0.0893156 -4.71537e-21)
(0.830851 0.119507 -6.10882e-21)
(0.804119 0.143543 2.89719e-21)
(0.773449 0.190803 9.19594e-21)
(0.998948 0.00282536 1.07978e-21)
(0.997858 0.00577976 -2.2135e-21)
(0.99227 0.00980538 7.09899e-22)
(0.986792 0.0118105 -1.77486e-21)
(0.977369 0.0168564 -3.55831e-22)
(0.968045 0.0199048 2.99919e-22)
(0.954523 0.0281471 8.8006e-22)
(0.941236 0.0342373 5.85688e-22)
(0.923387 0.0478444 -9.43431e-22)
(0.906012 0.0589146 3.2866e-22)
(0.883841 0.0804253 -1.03713e-21)
(0.862658 0.0984421 6.61922e-21)
(0.836666 0.131435 -9.60572e-21)
(0.812613 0.157281 4.86179e-21)
(0.784988 0.208581 3.2492e-21)
(0.99891 0.00298852 -3.98401e-22)
(0.997932 0.00613829 4.16762e-21)
(0.99229 0.0105681 1.45105e-21)
(0.986998 0.0128135 -1.21107e-21)
(0.977551 0.018366 2.75307e-21)
(0.96851 0.0218609 1.47046e-21)
(0.955052 0.0308912 -3.50641e-22)
(0.942261 0.037684 -1.08645e-21)
(0.924692 0.0525186 -7.56722e-22)
(0.908234 0.0646021 2.94847e-22)
(0.886819 0.0879777 -5.96055e-21)
(0.86731 0.107334 2.28377e-21)
(0.843004 0.143015 6.61755e-21)
(0.821871 0.17045 -4.05947e-21)
(0.797551 0.225509 1.2414e-21)
(0.998869 0.00314892 7.39527e-23)
(0.998014 0.00649524 5.05506e-24)
(0.992315 0.0112986 -3.30548e-22)
(0.987217 0.0138131 1.03264e-21)
(0.977751 0.0198561 -1.36353e-21)
(0.969007 0.0238066 -9.24746e-22)
(0.955628 0.0335996 -2.93162e-21)
(0.943364 0.0411034 6.71781e-22)
(0.926106 0.0571219 5.78952e-21)
(0.910639 0.0702064 -7.10402e-21)
(0.890037 0.0953732 4.46365e-21)
(0.87235 0.115978 3.67228e-21)
(0.849853 0.154218 8.70973e-22)
(0.831872 0.182993 -5.06981e-21)
(0.811106 0.24151 7.89837e-21)
(0.998827 0.00330622 4.72123e-22)
(0.998102 0.00685042 -1.88732e-21)
(0.992345 0.0120074 -2.39159e-22)
(0.987448 0.0148064 -3.33944e-22)
(0.977971 0.021326 1.35253e-21)
(0.969537 0.0257411 -5.58828e-22)
(0.956256 0.036271 1.84133e-21)
(0.944548 0.0444948 2.49094e-22)
(0.927635 0.0616491 -4.37299e-21)
(0.913227 0.0757268 6.961e-21)
(0.893494 0.102597 -5.72598e-21)
(0.877776 0.12436 -6.27688e-21)
(0.857202 0.165015 7.5569e-21)
(0.8426 0.194852 -1.06057e-21)
(0.825623 0.256514 6.79377e-21)
(0.998783 0.00346066 4.64085e-22)
(0.998197 0.00719712 -6.17557e-22)
(0.992381 0.0127037 9.61773e-22)
(0.987695 0.0157935 -9.24547e-22)
(0.978211 0.0227755 1.4189e-21)
(0.970103 0.0276633 -9.90229e-22)
(0.956939 0.0389049 -4.40808e-23)
(0.945815 0.047858 -5.38125e-21)
(0.929287 0.0660969 7.11397e-21)
(0.916 0.0811641 -7.48418e-21)
(0.8972 0.109634 6.09918e-21)
(0.883591 0.132471 -1.36411e-21)
(0.86504 0.17537 -6.77128e-21)
(0.854042 0.20596 1.34219e-21)
(0.841074 0.270453 7.99535e-21)
(0.998737 0.00361248 -1.32904e-21)
(0.998298 0.00754084 -1.95299e-22)
(0.992424 0.0133877 5.47459e-22)
(0.987959 0.0167728 8.14291e-22)
(0.978474 0.0242028 -9.47276e-22)
(0.970711 0.0295702 9.57056e-22)
(0.957684 0.0414984 6.02266e-22)
(0.947175 0.0511893 1.40131e-21)
(0.931075 0.0704595 -7.06976e-21)
(0.91897 0.0865156 9.54299e-22)
(0.901169 0.116466 4.24824e-21)
(0.889806 0.140303 -4.05643e-21)
(0.873362 0.18524 -2.2914e-21)
(0.866201 0.216236 3.28898e-21)
(0.857449 0.28326 -1.44824e-21)
(0.998689 0.00375884 2.33958e-22)
(0.998407 0.00790136 -1.55558e-21)
(0.992473 0.0140589 -1.19012e-21)
(0.988244 0.0177409 -1.32544e-21)
(0.978764 0.0256032 9.01362e-22)
(0.97137 0.0314536 -4.51789e-22)
(0.9585 0.0440415 -1.78207e-21)
(0.948645 0.0544737 3.29831e-21)
(0.93302 0.0747193 -1.02105e-21)
(0.922162 0.0917626 6.27789e-21)
(0.905433 0.123063 -2.19692e-21)
(0.896447 0.147843 -1.10072e-21)
(0.882178 0.194576 -2.2413e-21)
(0.879101 0.225595 9.11506e-21)
(0.874763 0.29489 8.16235e-22)
(0.99864 0.00389513 1.12668e-21)
(0.998523 0.00827027 5.9026e-22)
(0.992528 0.0147222 1.32744e-21)
(0.988556 0.0187055 -4.87662e-22)
(0.979086 0.0269882 -2.02694e-22)
(0.972096 0.0333272 -4.51761e-22)
(0.959404 0.0465534 1.86222e-21)
(0.950259 0.0577326 -3.56138e-21)
(0.935157 0.0789042 3.2017e-21)
(0.925627 0.0969375 1.11233e-21)
(0.910055 0.129454 1.71927e-21)
(0.903581 0.155148 -1.88035e-21)
(0.891537 0.203383 -6.16014e-21)
(0.892839 0.23402 1.11157e-20)
(0.893106 0.305577 -1.22316e-20)
(0.99859 0.00403741 -9.32816e-22)
(0.998649 0.00863602 1.30132e-22)
(0.992596 0.0153903 4.79674e-22)
(0.988903 0.019697 -1.06531e-21)
(0.979455 0.028407 1.83021e-21)
(0.972916 0.0352714 -1.02486e-21)
(0.960426 0.049144 -1.61171e-21)
(0.952076 0.0611178 1.87356e-21)
(0.937549 0.0831902 -3.38658e-21)
(0.929477 0.102246 4.11803e-21)
(0.915157 0.135799 -5.9055e-21)
(0.911367 0.162366 5.99881e-21)
(0.901597 0.211499 1.79428e-21)
(0.907738 0.24144 -7.30608e-21)
(0.912734 0.315416 1.68433e-21)
(0.998537 0.00418123 1.37556e-22)
(0.998787 0.00897956 -4.16884e-23)
(0.992685 0.016016 2.71203e-22)
(0.989306 0.0206276 2.10279e-22)
(0.979898 0.0297313 -4.31274e-22)
(0.97388 0.0370972 1.24387e-21)
(0.961629 0.0515564 1.90601e-21)
(0.954206 0.0642776 -4.28938e-21)
(0.940321 0.0871155 2.63891e-21)
(0.933928 0.107066 -1.8362e-21)
(0.920964 0.141282 -3.84615e-21)
(0.920157 0.168409 1.3148e-21)
(0.912815 0.217423 5.35359e-21)
(0.924744 0.246524 1.46768e-21)
(0.934847 0.320886 -3.58589e-21)
)
;

boundaryField
{
    inlet
    {
        type            uniformFixedValue;
        uniformValue    constant (1 0 0);
        value           uniform (1 0 0);
    }
    outlet
    {
        type            pressureInletOutletVelocity;
        value           nonuniform 0();
    }
    cylinder
    {
        type            fixedValue;
        value           uniform (0 0 0);
    }
    top
    {
        type            symmetryPlane;
    }
    bottom
    {
        type            symmetryPlane;
    }
    defaultFaces
    {
        type            empty;
    }
    procBoundary2to0
    {
        type            processor;
        value           nonuniform List<vector> 
26
(
(0.0189165 0.0156385 1.69527e-21)
(0.0851534 0.0268777 -4.66288e-21)
(0.185803 0.0277116 -5.28512e-21)
(0.185803 0.0277116 -5.28512e-21)
(0.280718 -0.0267938 -5.07227e-21)
(0.366395 -0.0247238 4.46489e-21)
(0.442745 -0.0226607 2.23497e-21)
(0.510609 -0.0208906 -3.56702e-21)
(0.571002 -0.0193833 -4.14856e-21)
(0.624721 -0.0180786 6.12686e-22)
(0.672494 -0.0169336 -1.72561e-21)
(0.999148 0.000898115 -6.78528e-23)
(0.997472 0.00183923 6.66263e-23)
(0.99214 0.00146001 -8.63264e-23)
(0.985584 0.000748619 -1.23484e-22)
(0.976335 -0.000704563 1.1641e-22)
(0.965356 -0.00208355 1.86428e-22)
(0.951633 -0.00369622 1.3037e-22)
(0.935649 -0.00515011 -7.9392e-23)
(0.91639 -0.00660768 3.18203e-22)
(0.894288 -0.00792224 5.89741e-23)
(0.868069 -0.00931596 1.52555e-22)
(0.83835 -0.010585 2.15251e-22)
(0.803614 -0.0121735 -3.26945e-24)
(0.764452 -0.0135111 -1.58158e-22)
(0.719723 -0.0158639 -2.6698e-23)
)
;
    }
    procBoundary2to3
    {
        type            processor;
        value           nonuniform List<vector> 
50
(
(-0.0147233 0.0127837 -3.16114e-20)
(0.00267366 0.0129916 2.18841e-20)
(0.00267366 0.0129916 2.18841e-20)
(0.0908103 -0.000602819 -2.32301e-21)
(0.123117 -0.00840455 8.4485e-20)
(0.123117 -0.00840455 8.4485e-20)
(0.332364 -0.020742 -3.50806e-20)
(0.332364 -0.020742 -3.50806e-20)
(0.63941 -0.0131302 3.13177e-20)
(0.63941 -0.0131302 3.13177e-20)
(0.887457 0.00384595 -1.04186e-19)
(1.16485 0.0397674 -1.74842e-20)
(1.16485 0.0397674 -1.74842e-20)
(1.3248 0.0710171 -4.42395e-20)
(1.3248 0.0710171 -4.42395e-20)
(1.38158 0.0917839 3.30458e-20)
(1.38158 0.0917839 3.30458e-20)
(1.38134 0.0829525 -1.4119e-20)
(1.36564 0.099485 -4.99144e-21)
(1.36564 0.099485 -4.99144e-21)
(1.34977 0.097316 9.82275e-21)
(1.33221 0.0947596 1.37222e-21)
(1.31427 0.0920587 -1.25653e-20)
(1.29675 0.0889795 4.87344e-21)
(1.28008 0.0856452 3.29929e-22)
(1.26443 0.0822581 1.14379e-21)
(1.24974 0.0788866 -4.54181e-21)
(1.23592 0.0755256 -1.36526e-21)
(1.22287 0.0721733 3.51283e-21)
(1.21056 0.0688355 1.61685e-21)
(1.19895 0.0655162 -1.14789e-22)
(1.18802 0.0622114 1.12244e-21)
(1.17774 0.0589169 -1.98966e-21)
(1.16809 0.0556267 -2.20781e-21)
(1.16809 0.0556267 -2.20781e-21)
(1.16083 0.0501471 -4.74693e-22)
(1.15223 0.0471713 6.51939e-22)
(1.14419 0.0441352 -1.33746e-21)
(1.13669 0.0410358 6.00101e-22)
(1.12973 0.037871 1.04264e-22)
(1.12327 0.0346392 -2.48808e-22)
(1.11732 0.0313396 -4.30456e-23)
(1.11187 0.0279717 5.07023e-22)
(1.10694 0.0245341 -7.22576e-23)
(1.10254 0.021025 -1.51975e-22)
(1.09872 0.0174372 -2.75235e-22)
(1.0955 0.0137682 8.57701e-23)
(1.09295 0.0099899 1.96938e-22)
(1.09114 0.00611125 1.74056e-22)
(1.09014 0.00206392 9.64832e-23)
)
;
    }
}


// ************************************************************************* //
