/*--------------------------------*- C++ -*----------------------------------*\
  =========                 |
  \\      /  F ield         | OpenFOAM: The Open Source CFD Toolbox
   \\    /   O peration     | Website:  https://openfoam.org
    \\  /    A nd           | Version:  7
     \\/     M anipulation  |
\*---------------------------------------------------------------------------*/
FoamFile
{
    version     2.0;
    format      ascii;
    class       surfaceScalarField;
    location    "340";
    object      phi;
}
// * * * * * * * * * * * * * * * * * * * * * * * * * * * * * * * * * * * * * //

dimensions      [0 3 -1 0 0 0 0];

internalField   nonuniform List<scalar> 
4136
(
-0.000984873
0.00050009
-0.00300932
0.00103112
0.00126771
-0.000985034
0.00148512
-0.00301003
0.00305612
-0.00552679
0.00378447
-0.00825018
0.00406978
-0.0110868
0.00420645
-0.0140299
0.00432636
-0.0170943
0.00446174
-0.0202975
0.00461649
-0.0236557
0.00478938
0.00497914
-0.0271846
-0.000980907
0.00246603
-0.00300021
0.00507541
-0.00551188
0.00629615
-0.0082309
0.0067888
-0.0110634
0.00703897
-0.0140024
0.0072653
-0.0170625
0.00752187
-0.0202613
0.00781525
-0.023615
0.00814313
0.00850407
-0.0271399
-0.000972498
0.00343853
-0.00297986
0.00708278
-0.00548063
0.00879692
-0.00819018
0.00949835
-0.0110138
0.00986258
-0.0139438
0.0101953
-0.0169947
0.0105728
-0.020184
0.0110045
-0.023528
0.0114871
0.0120186
-0.0270426
-0.000959824
0.00439835
-0.00294902
0.00907197
-0.00543306
0.011281
-0.00812803
0.0121933
-0.0109379
0.0126725
-0.0138541
0.0131115
-0.016891
0.0136097
-0.0200658
0.0141793
-0.0233949
0.0148163
0.0155174
-0.0268936
-0.000942908
0.00534126
-0.00290769
0.0110368
-0.00536918
0.0137425
-0.00804445
0.0148686
-0.0108358
0.0154638
-0.0137335
0.0160092
-0.0167514
0.0166276
-0.0199067
0.0173346
-0.0232158
0.0181253
0.0189949
-0.0266933
-0.000921784
0.00626304
-0.00285591
0.0129709
-0.005289
0.0161755
-0.00793947
0.0175191
-0.0107075
0.0182319
-0.0135819
0.0188836
-0.0165761
0.0196217
-0.0197068
0.0204653
-0.0229907
0.0214092
0.0224457
-0.0264415
-0.000896495
0.00715954
-0.00279373
0.0148681
-0.00519255
0.0185744
-0.00781309
0.0201396
-0.0105531
0.0209718
-0.0133995
0.02173
-0.016365
0.0225873
-0.0194664
0.0235667
-0.0227199
0.0246628
0.0258643
-0.0261386
-0.00086709
0.00802663
-0.0027212
0.0167222
-0.00507986
0.020933
-0.00766533
0.0227251
-0.0103725
0.023679
-0.0131862
0.0245437
-0.0161184
0.0255194
-0.0191854
0.0266338
-0.0224037
0.027881
0.0292455
-0.0257848
-0.000833634
0.00886026
-0.00263838
0.018527
-0.00495095
0.0232456
-0.00749622
0.0252703
-0.0101659
0.0263487
-0.0129422
0.0273201
-0.0158363
0.0284135
-0.0188643
0.0296617
-0.0220422
0.0310589
0.0325839
-0.0253806
-0.000796198
0.00965646
-0.00254534
0.0202761
-0.00480586
0.0255061
-0.00730576
0.0277702
-0.00993318
0.0289761
-0.0126676
0.0300545
-0.015519
0.0312649
-0.0185031
0.0326458
-0.0216359
0.0341917
0.0358747
-0.0249266
-0.000754871
0.0104113
-0.00244218
0.0219634
-0.00464465
0.0277086
-0.00709399
0.0302196
-0.00967452
0.0315566
-0.0123624
0.0327424
-0.0151665
0.034069
-0.0181022
0.0355815
-0.0211853
0.0372748
0.0391129
-0.0244235
-0.000709751
0.0111211
-0.002329
0.0235827
-0.00446735
0.0298469
-0.00686094
0.0326132
-0.00938993
0.0340856
-0.0120269
0.0353793
-0.0147792
0.0368214
-0.0176619
0.0384643
-0.0206909
0.0403037
0.0422942
-0.0238722
-0.000660956
0.011782
-0.00220594
0.0251277
-0.00427406
0.0319151
-0.00660663
0.0349457
-0.00907946
0.0365584
-0.011661
0.0379609
-0.0143571
0.0395174
-0.0171824
0.0412896
-0.0201533
0.0432746
0.0454148
-0.0232739
-0.000608619
0.0123907
-0.00207315
0.0265922
-0.00406485
0.0339067
-0.00633111
0.037212
-0.00874319
0.0389705
-0.011265
0.0404827
-0.0139004
0.0421528
-0.0166639
0.0440531
-0.0195729
0.0461836
0.048472
-0.0226301
-0.000552894
0.0129436
-0.00193082
0.0279701
-0.00383984
0.0358158
-0.00603443
0.0394066
-0.00838116
0.0413172
-0.010839
0.0429405
-0.0134093
0.0447231
-0.0161063
0.0467501
-0.01895
0.0490274
0.0514643
-0.0219424
-0.000493954
0.0134375
-0.00177916
0.0292553
-0.00359916
0.0376358
-0.00571666
0.0415241
-0.00799344
0.043594
-0.0103831
0.0453301
-0.0128841
0.0472242
-0.0155096
0.0493755
-0.0182844
0.0518022
0.054393
-0.0212132
-0.000431994
0.0138695
-0.00161845
0.0304418
-0.00334298
0.0393603
-0.00537788
0.043559
-0.0075801
0.0457962
-0.00989739
0.0476474
-0.0123251
0.0496519
-0.014873
0.0519234
-0.017573
0.0545023
0.0572644
-0.0204444
-0.000367231
0.0142367
-0.00144899
0.0315235
-0.00307152
0.0409828
-0.00501822
0.0455057
-0.00714126
0.0479193
-0.00938223
0.0498884
-0.0117336
0.0520033
-0.0141993
0.0543891
-0.0168154
0.0571184
0.0600908
-0.0196417
-0.000299905
0.0145366
-0.00127117
0.0324948
-0.00278501
0.0424967
-0.00463781
0.0473585
-0.006677
0.0499585
-0.00883711
0.0520485
-0.0111081
0.0542743
-0.0134843
0.0567653
-0.015983
0.059617
0.062898
-0.0187902
-0.000230288
0.0147669
-0.00108541
0.0333499
-0.00248373
0.043895
-0.00423686
0.0491116
-0.00618769
0.0519093
-0.00826284
0.0541236
-0.0104521
0.0564635
-0.012755
0.0590682
-0.015128
0.0619901
0.0657257
-0.0179558
-0.000158745
0.0149257
-0.000892182
0.0340834
-0.00216798
0.0451708
-0.00381563
0.0507593
-0.00567361
0.0537673
-0.00765956
0.0561096
-0.00975831
0.0585623
-0.0119833
0.0612932
-0.0143419
0.0643487
0.0680078
-0.0166241
-8.60153e-05
0.0150117
-0.000691841
0.0346892
-0.00183807
0.046317
-0.00337439
0.0522956
-0.00513485
0.0555278
-0.00702777
0.0580025
-0.00903
0.0605645
-0.0111512
0.0634144
-0.0133913
0.0665888
0.0703575
-0.015741
-1.55205e-05
0.0150272
-0.00048408
0.0351577
-0.00149447
0.0473274
-0.00291361
0.0537147
-0.00457175
0.0571859
-0.0063684
0.0597991
-0.00827232
0.0624684
-0.0102908
0.0654328
-0.0124398
0.0687379
0.0726141
-0.0146965
6.4709e-05
0.0149625
-0.000266518
0.035489
-0.00113797
0.0481989
-0.00243391
0.0550107
-0.00398491
0.0587369
-0.00568246
0.0614967
-0.0074876
0.0642736
-0.00940505
0.0673503
-0.0114519
0.0707847
0.0747582
-0.0135959
0.000141963
0.0148205
-1.97781e-05
0.0356507
-0.000770551
0.0489496
-0.00193524
0.0561753
-0.00337485
0.0601765
-0.00497047
0.0630923
-0.00667518
0.0659783
-0.00849018
0.0691653
-0.010431
0.0727255
0.0767934
-0.0124663
0.00021263
0.0146079
0.000175273
0.0356881
-0.000395685
0.0495206
-0.00141796
0.0571976
-0.00274267
0.0615012
-0.00423276
0.0645824
-0.00583453
0.06758
-0.00754468
0.0708754
-0.00937708
0.0745579
0.0787242
-0.0113079
0.000282129
0.0143258
0.00039211
0.0355781
1.76532e-05
0.049895
-0.000884673
0.0580999
-0.00208894
0.0627055
-0.00346954
0.065963
-0.00496591
0.0690764
-0.00656895
0.0724785
-0.00828981
0.0762788
0.0805453
-0.0101108
0.000351174
0.0139746
0.000610821
0.0353184
0.00038528
0.0501206
-0.000342107
0.0588273
-0.00141381
0.0637772
-0.00268148
0.0672307
-0.00406988
0.0704648
-0.0055636
0.0739722
-0.00717031
0.0778855
0.0822496
-0.0088747
0.000417987
0.0135566
0.000830361
0.0349061
0.00078368
0.0501673
0.000219096
0.0593919
-0.000718776
0.0647151
-0.00186946
0.0683814
-0.00314695
0.0717423
-0.00452907
0.0753543
-0.0060197
0.0793761
0.0838335
-0.00760358
0.000481719
0.0130749
0.00104942
0.0343384
0.00118778
0.0500289
0.000790248
0.0597894
-7.35301e-06
0.0655127
-0.00103408
0.0694081
-0.00219776
0.072906
-0.00346586
0.0766224
-0.00483916
0.0807494
0.0852945
-0.00630013
0.000541534
0.0125334
0.00126511
0.0336148
0.00159438
0.0496996
0.00137571
0.0600081
0.000728486
0.0661599
-0.000177829
0.0703144
-0.00122343
0.0739516
-0.00237461
0.0777736
-0.00363017
0.082005
0.0866306
-0.00496625
0.000596448
0.0119369
0.00147463
0.0327366
0.00200108
0.0491732
0.00197007
0.0600391
0.00147932
0.0666506
0.000705875
0.0710879
-0.000228015
0.0748855
-0.00125684
0.0788024
-0.00239355
0.0831417
0.0878414
-0.00360439
0.000645528
0.0112914
0.00167539
0.0317067
0.00240453
0.048444
0.00257057
0.0598731
0.00224551
0.0669757
0.00160923
0.0717241
0.00079933
0.0756954
-0.0001245
0.0797262
-0.00112689
0.0841441
0.0889343
-0.00221973
0.000687935
0.0106034
0.00186466
0.03053
0.0028009
0.0475078
0.003174
0.0595
0.0030245
0.0671252
0.00253184
0.0722168
0.00184842
0.0763788
0.00105484
0.0805198
0.000181023
0.0850179
0.0899368
-0.000821487
0.000722919
0.00988053
0.00203959
0.0292133
0.00318594
0.0463615
0.00377634
0.0589096
0.00381335
0.0670882
0.00347202
0.0725581
0.00291807
0.0769327
0.00224438
0.0811935
0.00147905
0.0857833
0.0907968
0.000618995
0.000749832
0.0091307
0.00219722
0.027766
0.0035549
0.0450038
0.00437277
0.0580917
0.00460835
0.0668526
0.00442717
0.0727393
0.00400708
0.0773528
0.00345632
0.0817443
0.00282055
0.086419
0.0914998
0.00211759
0.000768162
0.00836254
0.00233428
0.0261998
0.0039025
0.0434356
0.00495766
0.0570366
0.00540498
0.0664053
0.00539441
0.0727499
0.00511437
0.0776329
0.00469089
0.0821677
0.00418303
0.0869269
0.092071
0.00361184
0.000777586
0.00758495
0.00244771
0.0245297
0.00422299
0.0416603
0.0055245
0.0557351
0.00619778
0.065732
0.00637007
0.0725776
0.00623746
0.0777655
0.00594409
0.0824611
0.00556167
0.0873093
0.0925166
0.00511603
0.000778
0.00680695
0.00253481
0.0227729
0.00451021
0.0396849
0.00606576
0.0541795
0.00698012
0.0648176
0.00734944
0.0722083
0.00737304
0.0777419
0.00721293
0.0826212
0.00695597
0.0875663
0.0928372
0.00663538
0.000769501
0.00603745
0.00259319
0.0209492
0.00475769
0.0375204
0.00657293
0.0523643
0.00774405
0.0636465
0.00832663
0.0716257
0.00851737
0.0775511
0.00849539
0.0826432
0.00836547
0.0876962
0.0930333
0.00816939
0.000752403
0.00528505
0.00262098
0.0190806
0.00495883
0.0351825
0.00703645
0.0502866
0.00848016
0.0622028
0.00929442
0.0708114
0.00966595
0.0771796
0.00978911
0.08252
0.00978871
0.0876966
0.0931055
0.00971651
0.000727242
0.00455781
0.00261705
0.0171908
0.00510724
0.0326923
0.00744588
0.047948
0.00917743
0.0604712
0.010244
0.0697449
0.010813
0.0766105
0.0110908
0.0822423
0.0112236
0.0875638
0.0930531
0.011276
0.000694766
0.00386304
0.00258119
0.0153044
0.00519708
0.0300764
0.00779007
0.045355
0.00982315
0.0584382
0.0111644
0.0684036
0.0119512
0.0758238
0.0123961
0.0817974
0.0126676
0.0872923
0.0928744
0.0128463
0.000655923
0.00320712
0.00251422
0.0134461
0.0052236
0.027367
0.00805755
0.0425211
0.0104029
0.0560928
0.0120427
0.0667637
0.013071
0.0747955
0.0136993
0.0811692
0.0141174
0.0868741
0.0925668
0.014425
0.000611824
0.00259529
0.00241809
0.0116399
0.00518367
0.0246015
0.008237
0.0394678
0.0109007
0.0534292
0.0128632
0.0648012
0.0141606
0.0734981
0.0149929
0.0803369
0.015569
0.086298
0.0921264
0.0160095
0.000563691
0.0020316
0.0022958
0.00990774
0.00507637
0.0218209
0.00831805
0.0362261
0.0112992
0.050448
0.0136076
0.0624928
0.015205
0.0719007
0.0162671
0.0792748
0.0170168
0.0855484
0.0915465
0.0175966
0.000512803
0.0015188
0.0021513
0.00826925
0.00490345
0.0190687
0.00829226
0.0328373
0.0115808
0.0471595
0.0142548
0.0598187
0.016186
0.0699696
0.0175092
0.0779516
0.0184533
0.0846043
0.0908173
0.0191824
0.000460419
0.00105838
0.00198917
0.00674049
0.00466961
0.0163883
0.00815425
0.0293526
0.0117277
0.043586
0.0147815
0.056765
0.0170814
0.0676697
0.0187028
0.0763302
0.0198684
0.0834387
0.0207616
0.000407702
0.000650677
0.00181437
0.00533383
0.00438235
0.0138203
0.00790296
0.025832
0.0117244
0.0397645
0.0151623
0.053327
0.017865
0.0649671
0.0198268
0.0743684
0.000355644
0.000295033
0.00163179
0.00405768
0.00405149
0.0114006
0.00754269
0.0223408
0.0115587
0.0357486
0.0153713
0.0495144
0.0185065
0.061832
0.000305028
-9.99461e-06
0.00144597
0.00291673
0.00368835
0.00915826
0.00708368
0.0189455
0.0112242
0.031608
0.0153839
0.00025644
-0.000266434
0.00126086
0.00191231
0.00330478
0.00711435
0.00654184
0.0157084
0.000210115
-0.000476549
0.00107976
0.00104266
0.00291225
0.00528186
0.000166339
-0.000642888
0.000905458
0.000303545
0.000125421
-0.000768309
-0.000311677
8.7879e-05
-0.000856188
0.0344302
-0.000650263
0.00157536
0.0334877
-0.00285969
0.00380223
0.0325206
-0.00564636
0.00661349
0.0315344
-0.00724958
0.00823573
0.0305204
-0.00972521
0.0107392
0.0294714
-0.0110281
0.0120772
0.0283741
-0.0135598
0.014657
0.0272201
-0.0149261
0.0160801
0.026
-0.0177842
0.0190044
0.0247143
-0.019337
0.0206227
0.0233727
-0.02265
0.0239915
0.021999
-0.0242013
0.025575
0.0206318
-0.0280558
0.029423
0.0194062
-0.0290302
0.0302558
-0.0339215
0.035372
0.0345574
0.000147704
0.0337312
-0.00203347
0.0328688
-0.00478397
0.0319782
-0.00635904
0.0310487
-0.00879564
0.0300775
-0.0100569
0.0290473
-0.0125297
0.0279575
-0.0138363
0.0267898
-0.0166166
0.025558
-0.0181052
0.0242488
-0.0213408
0.0229136
-0.0228662
0.0215188
-0.0266609
0.0202519
-0.0277633
-0.0324598
0.0346794
0.000823632
0.0339665
-0.00132052
0.0332055
-0.00402303
0.0324101
-0.0055636
0.0315645
-0.00795006
0.0306731
-0.00916552
0.0297122
-0.0115688
0.0286892
-0.0128133
0.0275762
-0.0155035
0.0263975
-0.0169265
0.0251202
-0.0200634
0.0238165
-0.0215625
0.0224089
-0.0252532
0.021107
-0.0264615
-0.0309945
0.0347958
0.00138312
0.0341912
-0.000715883
0.0335274
-0.00335922
0.0328233
-0.00485947
0.0320584
-0.00718521
0.031244
-0.00835108
0.03035
-0.0106748
0.0293919
-0.0118552
0.0283318
-0.0144434
0.0272054
-0.0158001
0.0259603
-0.0188183
0.024687
-0.0202892
0.0232768
-0.0238431
0.0219447
-0.0251293
-0.0294942
0.0349064
0.00183206
0.0344048
-0.000214297
0.0338333
-0.00278771
0.0332161
-0.00424228
0.032528
-0.00649708
0.0317869
-0.00760997
0.0309563
-0.00984426
0.0300602
-0.010959
0.0290504
-0.0134337
0.0279738
-0.0147235
0.0267603
-0.0176048
0.0255143
-0.0190431
0.0241074
-0.0224362
0.0227485
-0.0237705
-0.0279588
0.0350109
0.00217648
0.0346069
0.000189754
0.0341228
-0.0023036
0.033588
-0.00370756
0.0329725
-0.00588157
0.032301
-0.00693846
0.0315305
-0.00907371
0.030693
-0.0101215
0.0297307
-0.0124714
0.0287007
-0.0136935
0.027518
-0.0164222
0.0262958
-0.0178209
0.0248951
-0.0210355
0.0235139
-0.0223893
-0.0263873
0.0351092
0.00242257
0.034797
0.000501983
0.0343952
-0.00190181
0.0339384
-0.00325068
0.0333912
-0.00533441
0.0327854
-0.00633268
0.0320712
-0.00835952
0.0312889
-0.00933925
0.0303713
-0.0115537
0.0293843
-0.0127065
0.0282314
-0.0152693
0.0270301
-0.0166196
0.0256366
-0.019642
0.0242369
-0.0209896
-0.0247804
0.0352011
0.0025768
0.0349751
0.000728006
0.0346502
-0.00157695
0.0342664
-0.00286688
0.0337832
-0.00485118
0.033239
-0.00578852
0.0325775
-0.00769798
0.0318466
-0.00860842
0.0309707
-0.0106778
0.0300231
-0.0117588
0.0288987
-0.0141449
0.0277158
-0.0154367
0.0263298
-0.018256
0.0249144
-0.0195743
-0.0231399
0.0352865
0.00264568
0.0351407
0.000873778
0.0348874
-0.00132361
0.0345717
-0.00255118
0.0341478
-0.00442733
0.033661
-0.00530175
0.0330483
-0.00708528
0.032365
-0.00792514
0.031528
-0.00984075
0.030616
-0.0108469
0.0295185
-0.0130474
0.0283518
-0.01427
0.0269728
-0.016877
0.0255441
-0.0181455
-0.021468
0.0353652
0.00263584
0.0352936
0.000945377
0.0351062
-0.00113624
0.0348535
-0.00229851
0.0344844
-0.00405824
0.0340507
-0.00486795
0.033483
-0.00651762
0.0328432
-0.00728539
0.0320421
-0.00903963
0.0311622
-0.00996698
0.0300897
-0.0119749
0.0289373
-0.0131176
0.0275646
-0.0155042
0.0261241
-0.0167051
-0.0197673
0.0354371
0.00255406
0.0354335
0.000949003
0.0353064
-0.0010092
0.0351116
-0.00210365
0.0347926
-0.00373924
0.0344073
-0.00448263
0.0338808
-0.00599115
0.0332805
-0.00668509
0.0325123
-0.00827145
0.0316609
-0.00911557
0.0306112
-0.0109252
0.0294714
-0.0119778
0.028104
-0.0141369
0.0266531
-0.0152542
-0.0180408
0.0355022
0.00240723
0.0355602
0.000890981
0.0354878
-0.000936758
0.0353454
-0.00196125
0.0350717
-0.0034656
0.0347303
-0.00414117
0.0342411
-0.005502
0.0336761
-0.00612013
0.0329378
-0.00753315
0.0321115
-0.00828924
0.0310824
-0.00989608
0.0299534
-0.0108488
0.0285905
-0.012774
0.0271302
-0.0137939
-0.0162913
0.0355602
0.00220233
0.0356735
0.000777756
0.0356498
-0.000913143
0.0355545
-0.0018659
0.0353214
-0.00323253
0.0350191
-0.00383887
0.0345634
-0.00504623
0.0340296
-0.00558639
0.0333181
-0.00682157
0.0325135
-0.0074847
0.0315025
-0.00888511
0.0303828
-0.00972897
0.0290234
-0.0114146
0.0275545
-0.012325
-0.0145216
0.0356112
0.00194644
0.0357731
0.000615876
0.0357925
-0.000932513
0.0357386
-0.00181204
0.0355413
-0.00303522
0.0352734
-0.00357099
0.0348471
-0.00461988
0.0343405
-0.0050798
0.0336524
-0.0061335
0.0328665
-0.0066988
0.0318712
-0.00788983
0.0307591
-0.00861683
0.0294023
-0.0100578
0.0279256
-0.0108483
-0.0127346
0.0356551
0.00164671
0.035859
0.000411979
0.0359154
-0.000988973
0.0358974
-0.00179406
0.035731
-0.00286879
0.0354928
-0.00333272
0.0350918
-0.00421892
0.0346083
-0.0045963
0.0339404
-0.00546563
0.0331701
-0.00592848
0.032188
-0.00690774
0.031082
-0.0075108
0.0297271
-0.00870285
0.0282432
-0.00936446
-0.0109329
0.0356917
0.00131035
0.0359309
0.000172788
0.0360185
-0.00107658
0.0360307
-0.00180628
0.0358903
-0.00272834
0.0356768
-0.00311924
0.0352972
-0.00383928
0.0348327
-0.00413188
0.0341817
-0.00481462
0.033424
-0.00517078
0.0324527
-0.00593638
0.0313513
-0.00640943
0.0299974
-0.00734898
0.0285072
-0.00787427
-0.00911893
0.0357211
0.000944594
0.0359887
-9.48581e-05
0.0361016
-0.0011894
0.0361382
-0.00184295
0.0360188
-0.00260893
0.0358253
-0.00292569
0.0354628
-0.00347684
0.0350135
-0.00368258
0.034376
-0.00417706
0.033628
-0.00442282
0.0326649
-0.0049733
0.0315668
-0.00531132
0.0302133
-0.00599551
0.0287176
-0.00637851
-0.00729501
0.0357432
0.000556755
0.0360325
-0.000384141
0.0361644
-0.00132137
0.0362198
-0.0018983
0.0361164
-0.00250556
0.0359379
-0.0027472
0.0355885
-0.00312742
0.0351504
-0.00324448
0.0345229
-0.00354952
0.0337818
-0.00368178
0.0328247
-0.00401611
0.0317284
-0.00421511
0.0303748
-0.00464188
0.0288743
-0.00487799
-0.0054633
0.0357579
0.000154158
0.036062
-0.000688188
0.0362071
-0.00146644
0.0362753
-0.0019665
0.0361829
-0.00241323
0.0360146
-0.00257891
0.035674
-0.00278682
0.0352432
-0.00281368
0.0346223
-0.00292856
0.0338854
-0.00294485
0.0329318
-0.00306255
0.0318363
-0.00311961
0.030482
-0.00328757
0.0289774
-0.00337339
-0.00362587
0.0357654
0.0360772
0.0362294
0.0363046
0.0362182
0.0360553
0.0357192
0.0352919
0.034674
0.0339384
0.032986
0.0318902
0.030535
0.0290272
0.202027
-0.000223291
0.202584
-0.00055729
0.203426
-0.00084163
0.204434
-0.00100758
0.205571
-0.00113691
0.206751
-0.00118004
0.207951
-0.00119997
0.209112
-0.00116134
0.210229
-0.00111662
0.211264
-0.00103529
0.212226
-0.000962549
0.213093
-0.00086661
0.213883
-0.000789864
0.214578
-0.000695307
-0.000626311
0.215204
0.192597
-0.000436191
0.193127
-0.00108725
0.193928
-0.00164261
0.194888
-0.00196765
0.195974
-0.00222342
0.197105
-0.00231057
0.198259
-0.00235387
0.199379
-0.00228121
0.200459
-0.00219717
0.201463
-0.00203935
0.202399
-0.00189872
0.203243
-0.00171065
0.204015
-0.00156091
0.204694
-0.0013746
-0.00124057
0.205308
0.183606
-0.000638981
0.184105
-0.00158536
0.184866
-0.00240384
0.18578
-0.00288182
0.186823
-0.00326625
0.187912
-0.00339946
0.189031
-0.00347287
0.190121
-0.00337134
0.191179
-0.00325562
0.192166
-0.00302618
0.193091
-0.00282387
0.193927
-0.00254669
0.194695
-0.00232832
0.195371
-0.00205132
-0.00185454
0.195985
0.175036
-0.00083197
0.1755
-0.00204995
0.176222
-0.00312535
0.17709
-0.00375043
0.178092
-0.00426818
0.179144
-0.00445069
0.180234
-0.00456367
0.181303
-0.00443977
0.182349
-0.00430216
0.18333
-0.00400655
0.184256
-0.00374995
0.185095
-0.00338635
0.185871
-0.00310401
0.186556
-0.00273635
-0.00247974
0.187181
0.166865
-0.00101539
0.167294
-0.00247918
0.167975
-0.00380672
0.168797
-0.00457264
0.169759
-0.00523013
0.170774
-0.00546574
0.171841
-0.00563012
0.172893
-0.00549137
0.173934
-0.0053438
0.174916
-0.00498807
0.175852
-0.00468601
0.176704
-0.00423856
0.177498
-0.00389767
0.1782
-0.0034387
-0.00312545
0.178846
0.159075
-0.0011893
0.159467
-0.00287107
0.160107
-0.00444727
0.160881
-0.0053466
0.161802
-0.00615147
0.162781
-0.00644389
0.163824
-0.00667361
0.164861
-0.00652829
0.165902
-0.00638486
0.16689
-0.00597572
0.167842
-0.00563869
0.168714
-0.00511012
0.169533
-0.00471715
0.17026
-0.00416574
-0.00379955
0.170935
0.151648
-0.00135352
0.152
-0.00322379
0.152599
-0.00504619
0.153322
-0.00606952
0.154201
-0.00703031
0.15514
-0.00738262
0.15616
-0.00769347
0.157182
-0.00755028
0.158224
-0.00742727
0.159221
-0.00697211
0.160194
-0.00661255
0.16109
-0.00600595
0.161942
-0.0055687
0.162699
-0.00492348
-0.00450885
0.163409
0.144566
-0.00150755
0.144879
-0.00353592
0.145435
-0.00560267
0.146104
-0.00673793
0.146937
-0.00786388
0.147832
-0.00827798
0.148826
-0.00868737
0.149831
-0.00855506
0.150875
-0.00847092
0.15188
-0.0079778
0.152878
-0.00761032
0.153802
-0.00692931
0.15469
-0.00645721
0.155483
-0.00571681
-0.00525931
0.156234
0.137814
-0.00165051
0.138085
-0.00380684
0.138599
-0.00611586
0.139209
-0.00734799
0.139994
-0.00864899
0.140841
-0.00912494
0.141805
-0.00965166
0.142788
-0.00953857
0.143831
-0.00951388
0.144845
-0.00899147
0.145868
-0.00863306
0.14682
-0.00788193
0.14775
-0.00738636
0.148582
-0.00654957
-0.00605611
0.149379
0.131376
-0.00178112
0.131606
-0.004037
0.132075
-0.00658467
0.132623
-0.007896
0.133356
-0.00938226
0.134149
-0.00991779
0.135079
-0.0105817
0.136036
-0.0104952
0.137074
-0.0105526
0.138093
-0.0100101
0.13914
-0.00968028
0.140122
-0.00886412
0.141095
-0.00835865
0.14197
-0.00742467
-0.00690372
0.142817
0.125235
-0.00189781
0.125427
-0.00422806
0.125849
-0.0070076
0.126332
-0.00837901
0.127011
-0.0100603
0.127743
-0.0106505
0.128634
-0.0114722
0.129557
-0.0114183
0.130586
-0.0115823
0.131605
-0.011029
0.132675
-0.01075
0.133686
-0.00987483
0.134703
-0.00937549
0.135622
-0.0083441
-0.00780594
0.136524
0.119379
-0.00199886
0.119534
-0.00438284
0.119909
-0.00738264
0.120326
-0.00879538
0.120945
-0.0106798
0.121612
-0.0113171
0.122457
-0.0123175
0.123339
-0.0123
0.124353
-0.012597
0.125367
-0.0120424
0.126456
-0.011839
0.127492
-0.0109116
0.128554
-0.0104372
0.129519
-0.00930894
-0.0087659
0.130479
0.113794
-0.00208268
0.113917
-0.00450501
0.114241
-0.00770731
0.114591
-0.00914517
0.115149
-0.0112374
0.115744
-0.0119125
0.116538
-0.0131115
0.11737
-0.0131321
0.118363
-0.0135896
0.119363
-0.0130428
0.120467
-0.0129424
0.121526
-0.0119709
0.122632
-0.0115429
0.123642
-0.0103194
-0.00978605
0.124662
0.108468
-0.00214804
0.108562
-0.00459869
0.108834
-0.00797898
0.109119
-0.00943034
0.109611
-0.0117292
0.110131
-0.0124329
0.110868
-0.0138482
0.111642
-0.013906
0.112605
-0.0145528
0.113584
-0.0140219
0.114696
-0.0140544
0.115772
-0.0130476
0.11692
-0.0126906
0.117975
-0.0113747
-0.0108682
0.119058
0.103389
-0.0021943
0.103458
-0.00466791
0.103675
-0.00819536
0.103899
-0.00965445
0.104321
-0.0121515
0.104764
-0.0128762
0.105437
-0.014521
0.106145
-0.0146139
0.10707
-0.0154782
0.108019
-0.0149703
0.109132
-0.0151678
0.11022
-0.0141356
0.111407
-0.0138772
0.112505
-0.0124731
-0.0120133
0.11365
0.0985461
-0.00222156
0.0985943
-0.00471617
0.0987541
-0.0083551
0.0989218
-0.00982218
0.0992709
-0.0125006
0.0996372
-0.0132425
0.100239
-0.0151231
0.100874
-0.0152488
0.101753
-0.0163573
0.102661
-0.0158778
0.103767
-0.0162744
0.104859
-0.0152273
0.10608
-0.0150982
0.107219
-0.013612
-0.0132216
0.108427
0.0939292
-0.00223074
0.0939592
-0.00474612
0.0940624
-0.00845827
0.0941789
-0.00993869
0.0944514
-0.0127732
0.0947429
-0.013534
0.095267
-0.0156472
0.0958239
-0.0158057
0.0966469
-0.0171803
0.0975031
-0.016734
0.0985939
-0.0173651
0.0996806
-0.0163141
0.10093
-0.016348
0.102106
-0.0147878
-0.0144925
0.103377
0.0895287
-0.00222343
0.089542
-0.00475943
0.0895904
-0.00850665
0.0896606
-0.0100089
0.0898546
-0.0129672
0.0900748
-0.0137542
0.0905136
-0.016086
0.0909896
-0.0162816
0.0917463
-0.017937
0.0925412
-0.0175289
0.093606
-0.0184298
0.0946775
-0.0173856
0.0959492
-0.0176196
0.0971572
-0.0159958
-0.0158244
0.098489
0.0853349
-0.00220178
0.0853324
-0.0047569
0.0853295
-0.00850369
0.0853576
-0.010037
0.0854728
-0.0130824
0.0856262
-0.0139077
0.0859731
-0.0164329
0.0863676
-0.0166762
0.0870464
-0.0186158
0.0877713
-0.0182538
0.0887988
-0.0194573
0.0898438
-0.0184306
0.0911295
-0.0189053
0.0923637
-0.01723
-0.0172146
0.093754
0.0813387
-0.00216825
0.0813205
-0.00473863
0.0812711
-0.00845439
0.0812604
-0.0100263
0.0812987
-0.0131207
0.0813899
-0.0139988
0.0816396
-0.0166825
0.0819542
-0.0169908
0.0825426
-0.0192042
0.0831909
-0.0189021
0.0841682
-0.0204346
0.0851745
-0.019437
0.0864655
-0.0201963
0.0877185
-0.018483
-0.0186599
0.0891638
0.077531
-0.00212537
0.0774967
-0.00470433
0.0774071
-0.00836476
0.0773596
-0.00997881
0.0773256
-0.0130866
0.0773582
-0.0140315
0.077508
-0.0168324
0.0777453
-0.0172281
0.0782309
-0.0196899
0.0787985
-0.0194698
0.0797102
-0.0213462
0.0806661
-0.020393
0.0819527
-0.0214829
0.0832153
-0.0197455
-0.0201559
0.0847113
0.073903
-0.00207547
0.0738524
-0.00465381
0.0737289
-0.00824121
0.0736462
-0.0098961
0.0735462
-0.0129867
0.073523
-0.0140082
0.0735736
-0.016883
0.0737361
-0.0173906
0.0741077
-0.0200615
0.0745933
-0.0199554
0.0754211
-0.022174
0.0763166
-0.0212885
0.0775874
-0.0227537
0.078849
-0.0210071
-0.0216981
0.0803911
0.0704459
-0.00202057
0.0703794
-0.00458727
0.0702282
-0.00808998
0.0701113
-0.00977921
0.0699536
-0.012829
0.0698759
-0.0139304
0.0698318
-0.0168389
0.0699212
-0.01748
0.0701709
-0.0203111
0.0705746
-0.0203591
0.0712981
-0.0228975
0.0721258
-0.0221163
0.0733661
-0.0239939
0.0746153
-0.0222563
-0.0232825
0.0761996
0.0671515
-0.00196214
0.0670698
-0.00450557
0.0668964
-0.00791658
0.0667468
-0.00962962
0.0665401
-0.0126224
0.0664089
-0.0137991
0.0662781
-0.0167081
0.0662942
-0.0174962
0.0664191
-0.020436
0.0667409
-0.0206808
0.0673396
-0.0234962
0.0680958
-0.0228725
0.069285
-0.0251831
0.0705096
-0.0234808
-0.0249096
0.0721367
0.0640117
-0.0019012
0.0639164
-0.0044102
0.0637253
-0.00772554
0.0635454
-0.00944972
0.0632978
-0.0123747
0.0631144
-0.0136157
0.0629071
-0.0165009
0.0628486
-0.0174376
0.0628524
-0.0204398
0.0630896
-0.0209181
0.0635465
-0.0239531
0.0642309
-0.0235568
0.065341
-0.0262932
0.066527
-0.0246669
-0.0265878
0.0682053
0.061019
-0.00183836
0.060912
-0.00430319
0.0607068
-0.00752036
0.0605001
-0.009243
0.0602185
-0.0120932
0.0599859
-0.0133831
0.0597128
-0.0162278
0.0595785
-0.0173034
0.0594701
-0.0203314
0.059617
-0.021065
0.0599221
-0.0242582
0.0605351
-0.0241699
0.0615334
-0.0272915
0.062669
-0.0258025
-0.0283231
0.0644043
0.0581663
-0.001774
0.0580499
-0.00418679
0.0578333
-0.00730383
0.0576041
-0.00901373
0.0572943
-0.0117834
0.0570176
-0.0131063
0.0566881
-0.0158984
0.0564796
-0.0170949
0.0562707
-0.0201224
0.0563193
-0.0211136
0.0564707
-0.0244096
0.0570066
-0.0247057
0.057863
-0.0281479
0.0589532
-0.0268927
-0.0300872
0.0607173
0.0554469
-0.00170842
0.0553234
-0.00406329
0.055098
-0.00707845
0.0548509
-0.00876661
0.0545182
-0.0114507
0.0542038
-0.0127918
0.0538266
-0.0155211
0.0535484
-0.0168168
0.0532507
-0.0198247
0.0531943
-0.0210572
0.0531959
-0.0244113
0.0536317
-0.0251415
0.0543163
-0.0288325
0.0554111
-0.0279875
-0.0317952
0.0571191
0.0528548
-0.00164194
0.0527264
-0.00393487
0.0524947
-0.00684677
0.0522345
-0.00850643
0.0518839
-0.0111001
0.0515392
-0.0124472
0.0511219
-0.0151038
0.0507818
-0.0164767
0.0504048
-0.0194477
0.0502415
-0.0208939
0.0500976
-0.0242674
0.0503966
-0.0254405
0.0508482
-0.0292841
0.0520261
-0.0291654
-0.0334249
0.0536558
0.0503844
0.0502517
0.0500185
0.0497478
0.0493869
0.0490169
0.0485701
0.0481735
0.0477302
0.0474591
0.0471832
0.0473177
0.0474566
0.0485469
0.050494
0.213647
0.00155787
0.21215
0.00149631
0.210725
0.00142501
0.209374
0.0013511
0.208099
0.00127471
0.206903
0.00119598
0.205788
0.00111504
0.204756
0.001032
0.203809
0.00094699
0.202949
0.000860133
0.202178
0.000771569
0.201496
0.000681434
0.200906
0.000589872
0.200409
0.000497028
0.200006
0.00040305
0.199698
0.00030809
0.199486
0.000212306
0.19937
0.000115858
0.199351
1.89798e-05
-7.84824e-05
0.19943
0.20382
0.00304632
0.20239
0.00292546
0.20103
0.00278545
0.199741
0.00264033
0.198525
0.00249041
0.197385
0.00233597
0.196323
0.00217726
0.19534
0.00201449
0.194439
0.00184791
0.193622
0.00167777
0.192889
0.00150434
0.192243
0.00132789
0.191684
0.0011487
0.191214
0.000967047
0.190834
0.000783228
0.190544
0.000597535
0.190346
0.000410266
0.19024
0.000221725
0.190227
3.22786e-05
-0.000158
0.190307
0.194566
0.00446587
0.193203
0.00428843
0.191906
0.00408217
0.190678
0.0038684
0.189521
0.00364768
0.188436
0.00342045
0.187427
0.00318703
0.186493
0.00294775
0.185638
0.00270295
0.184863
0.002453
0.184169
0.00219829
0.183558
0.00193922
0.18303
0.00167619
0.182588
0.00140962
0.182231
0.00113993
0.181961
0.000867531
0.181778
0.000592878
0.181684
0.000316411
0.181677
3.87281e-05
-0.000240308
0.18176
0.18583
0.00581765
0.184531
0.00558659
0.183297
0.00531651
0.182129
0.00503658
0.181029
0.00474771
0.179999
0.00445049
0.17904
0.00414534
0.178156
0.00383262
0.177346
0.00351279
0.176612
0.00318632
0.175957
0.00285373
0.175381
0.00251553
0.174885
0.00217225
0.17447
0.00182441
0.174137
0.00147255
0.173887
0.00111724
0.173721
0.000759039
0.173639
0.000398518
0.173641
3.65035e-05
-0.000327345
0.173728
0.177561
0.00710265
0.176326
0.00682109
0.175153
0.00648957
0.174044
0.00614588
0.173
0.00579139
0.172024
0.0054269
0.171116
0.00505284
0.170279
0.00466964
0.169514
0.00427782
0.168823
0.00387799
0.168206
0.00347075
0.167664
0.00305674
0.1672
0.00263659
0.166813
0.00221094
0.166506
0.00178046
0.166277
0.00134582
0.166128
0.000907694
0.16606
0.000466798
0.166072
2.42981e-05
-0.000420843
0.166166
0.169716
0.00832161
0.168544
0.00799276
0.167431
0.00760214
0.16638
0.00719702
0.165392
0.00677939
0.164469
0.00635024
0.163612
0.00591003
0.162822
0.0054592
0.162102
0.00499833
0.161451
0.00452814
0.160873
0.00404935
0.160367
0.0035627
0.159935
0.00306892
0.159577
0.00256876
0.159294
0.00206299
0.159088
0.00155239
0.158958
0.00103775
0.158904
0.000519898
0.158928
1.25456e-06
-0.000522469
0.159029
0.162255
0.00947501
0.161146
0.0091021
0.160093
0.00865472
0.1591
0.00819048
0.158167
0.00771212
0.157297
0.00722088
0.156489
0.00671719
0.155747
0.00620148
0.155071
0.00567441
0.154462
0.00513677
0.153922
0.00458943
0.153452
0.0040332
0.153052
0.00346891
0.152723
0.00289742
0.152467
0.0023196
0.152283
0.00173632
0.152172
0.0011485
0.152135
0.000557088
0.152172
-3.62902e-05
-0.000633463
0.152283
0.155146
0.010563
0.154099
0.0101493
0.153106
0.00964747
0.15217
0.00912641
0.151292
0.00858972
0.150474
0.00803891
0.149717
0.00747437
0.149022
0.00689648
0.148391
0.00630596
0.147824
0.00570372
0.147322
0.0050907
0.146888
0.00446783
0.146521
0.00383604
0.146222
0.00319625
0.145992
0.00254944
0.145832
0.00189658
0.145742
0.00123869
0.145722
0.000576822
0.145773
-8.76555e-05
-0.000755587
0.145895
0.148357
0.0115855
0.147372
0.0111342
0.146439
0.0105803
0.145561
0.0100047
0.144738
0.00941211
0.143973
0.00880423
0.143266
0.00818141
0.142618
0.00754399
0.142032
0.00689273
0.141507
0.00622864
0.141045
0.00555277
0.140646
0.00486613
0.140313
0.00416973
0.140044
0.00346458
0.139842
0.00275174
0.139706
0.00203229
0.139638
0.00130734
0.139636
0.000578065
0.139703
-0.000154437
-0.00089023
0.139838
0.141861
0.0125422
0.140939
0.0120563
0.140066
0.0114527
0.139246
0.0108251
0.138479
0.010179
0.137767
0.00951651
0.13711
0.00883798
0.13651
0.00814365
0.135969
0.00743432
0.135486
0.0067111
0.135064
0.00597514
0.134703
0.00522753
0.134403
0.00446934
0.134166
0.00370169
0.133992
0.00292571
0.133882
0.00214256
0.133836
0.00135344
0.133854
0.000559701
0.133937
-0.000237964
-0.00103878
0.134086
0.135634
0.0134325
0.134776
0.0129148
0.133964
0.0122641
0.133202
0.0115869
0.132492
0.0108898
0.131833
0.0101753
0.131227
0.0094436
0.130676
0.00869496
0.13018
0.00793021
0.12974
0.00715056
0.129358
0.00635723
0.129034
0.0055514
0.12877
0.0047342
0.128564
0.00390683
0.12842
0.0030705
0.128336
0.00222646
0.128313
0.00137601
0.128352
0.000520655
0.128454
-0.000339487
-0.00120258
0.128618
0.129656
0.0142556
0.128862
0.0137088
0.128112
0.0130136
0.12741
0.0122895
0.126756
0.011544
0.126151
0.0107799
0.125597
0.00999765
0.125095
0.00919731
0.124645
0.00837981
0.124249
0.0075464
0.123908
0.00669841
0.123622
0.00583706
0.123393
0.00496359
0.123221
0.00407924
0.123106
0.0031853
0.123049
0.00228311
0.123051
0.00137406
0.123112
0.000459925
0.123232
-0.000460179
-0.00138289
0.123413
0.123907
0.0150105
0.123179
0.0144372
0.122492
0.0137001
0.12185
0.012932
0.121253
0.0121407
0.120704
0.0113297
0.120202
0.0104994
0.119749
0.00965002
0.119346
0.00878242
0.118995
0.00789795
0.118695
0.00699799
0.118449
0.00608383
0.118255
0.00515677
0.118116
0.00421813
0.118032
0.00326929
0.118004
0.00231164
0.118031
0.00134669
0.118115
0.000376636
0.118256
-0.000601135
-0.0015809
0.118454
0.118372
0.0156962
0.117711
0.0150984
0.117088
0.0143225
0.116507
0.0135133
0.115969
0.0126791
0.115475
0.0118238
0.115026
0.0109481
0.114624
0.0100523
0.114269
0.00913732
0.113962
0.00820451
0.113705
0.00725528
0.113498
0.006291
0.113341
0.00531303
0.113237
0.00432279
0.113184
0.0033217
0.113185
0.00231125
0.113238
0.00129303
0.113345
0.00027009
0.113507
-0.000763408
-0.00179775
0.113724
0.113035
0.0163114
0.112442
0.015691
0.111886
0.0148793
0.111366
0.0140324
0.110887
0.0131582
0.11045
0.0122613
0.110055
0.0113428
0.109704
0.0104034
0.109398
0.00944375
0.109137
0.00846534
0.108923
0.00746956
0.108756
0.00645784
0.108637
0.00543164
0.108567
0.00439243
0.108547
0.00334174
0.108577
0.00228118
0.108658
0.00121255
0.108788
0.000140053
0.108973
-0.000948119
-0.0020346
0.10921
0.107884
0.0168548
0.107362
0.0162134
0.106872
0.0153693
0.106416
0.0144882
0.105997
0.013577
0.105617
0.0126411
0.105277
0.0116827
0.104978
0.0107023
0.104721
0.00970096
0.104507
0.00867976
0.104336
0.00764019
0.10421
0.00658375
0.10413
0.00551198
0.104096
0.00442638
0.104109
0.00332848
0.10417
0.00221984
0.10428
0.00110254
0.104431
-1.0491e-05
0.10464
-0.00115672
-0.0022919
0.104897
0.102907
0.017325
0.102456
0.0166639
0.102035
0.0157909
0.101644
0.0148795
0.101286
0.0139344
0.100965
0.0129624
0.100681
0.0119667
0.100435
0.0109484
0.100228
0.00990814
0.10006
0.00884704
0.0999341
0.00776651
0.0998497
0.00666818
0.0998079
0.00555371
0.0998096
0.00442468
0.0998554
0.00328277
0.0999454
0.00212976
0.10008
0.000967952
0.10027
-0.00020012
0.100499
-0.00138645
-0.00256974
0.100777
0.0980934
0.0177206
0.0977166
0.0170407
0.0973649
0.0161426
0.0970395
0.0152049
0.0967447
0.0142292
0.0964832
0.0132238
0.0962562
0.0121937
0.096064
0.0111405
0.0959077
0.0100644
0.0957884
0.00896637
0.0957072
0.00784774
0.095665
0.00671035
0.0956628
0.00555594
0.0957013
0.00438617
0.0957813
0.00320275
0.0959035
0.00200755
0.0960681
0.000803397
0.0962802
-0.000412224
0.0965348
-0.00164112
-0.00286924
0.0968343
0.0934344
0.0180402
0.0931329
0.0173422
0.0928525
0.016423
0.0925942
0.0154632
0.0923632
0.0144602
0.0921628
0.0134242
0.0919938
0.0123627
0.0918566
0.0112777
0.0917521
0.010169
0.0916815
0.00903691
0.0916462
0.00788309
0.091647
0.0067095
0.091685
0.005518
0.0917608
0.00431029
0.0918755
0.00308814
0.0920294
0.00185358
0.0922223
0.000610538
0.0924607
-0.000650595
0.0927401
-0.00192052
-0.00319095
0.0930618
0.0889216
0.0182823
0.0886971
0.0175668
0.0884892
0.0166309
0.0882992
0.0156532
0.0881334
0.014626
0.0879954
0.0135623
0.0878856
0.0124725
0.0878042
0.0113591
0.0877523
0.0102208
0.0877314
0.00905781
0.0877428
0.00787177
0.0877873
0.00666495
0.087866
0.0054393
0.0879798
0.00419654
0.0881294
0.00293852
0.0883154
0.00166759
0.0885363
0.000389597
0.088802
-0.000916237
0.0891063
-0.00222488
-0.00353498
0.0894503
0.084548
0.0184456
0.0844016
0.0177132
0.0842674
0.0167651
0.0841468
0.0157737
0.0840476
0.0147252
0.0839733
0.0136366
0.0839238
0.012522
0.0838993
0.0113836
0.083901
0.0102191
0.0839306
0.00902817
0.0839894
0.00781298
0.0840783
0.00657602
0.0841984
0.00531923
0.0843506
0.00404433
0.084536
0.00275317
0.084755
0.00144859
0.0850028
0.00014177
0.0852966
-0.00120999
0.0856258
-0.00255414
-0.00390121
0.085992
0.0803079
0.0185289
0.0802404
0.0177806
0.0801803
0.0168253
0.0801303
0.0158237
0.0800991
0.0147564
0.0800898
0.0136459
0.0801017
0.0125102
0.0801349
0.0113504
0.0801913
0.0101628
0.0802724
0.00894702
0.0803795
0.00770591
0.0805134
0.0064421
0.0806752
0.00515743
0.080866
0.00385359
0.0810866
0.00253248
0.0813374
0.00119784
0.0816198
-0.00014064
0.0819405
-0.00153064
0.0822937
-0.00290743
-0.00428881
0.0826813
0.0761973
0.0185312
0.0762086
0.0177693
0.0762225
0.0168114
0.0762439
0.0158023
0.0762823
0.014718
0.0763392
0.013589
0.0764132
0.0124361
0.0765052
0.0112584
0.0766173
0.0100507
0.076751
0.00881329
0.0769073
0.00754959
0.0770871
0.00626233
0.0772913
0.00495324
0.0775207
0.00362413
0.0777758
0.00227737
0.0780559
0.000917742
0.078379
-0.000463715
0.0787249
-0.0018765
0.0791026
-0.00328515
-0.00469851
0.0795123
0.0722149
0.018453
0.0723031
0.0176811
0.0723898
0.0167247
0.0724833
0.0157088
0.0725924
0.0146089
0.0727163
0.0134651
0.0728532
0.0122992
0.0730048
0.0111068
0.0731737
0.00988179
0.0733612
0.00862586
0.0735678
0.00734299
0.0737945
0.00603564
0.0740423
0.00470541
0.0743122
0.00335418
0.0746048
0.00198482
0.0749178
0.000604721
0.0752699
-0.00081578
0.0756452
-0.00225185
0.0760475
-0.00368746
-0.00512932
0.0764783
0.0683613
0.0182969
0.0685221
0.0175204
0.0686795
0.0165673
0.0688455
0.0155428
0.0690259
0.0144285
0.0692167
0.0132742
0.0694168
0.0120992
0.0696291
0.0108945
0.0698561
0.00965486
0.0700982
0.00838368
0.0703562
0.00708504
0.070631
0.00576085
0.0709236
0.00441277
0.0712351
0.00304272
0.0715651
0.00165481
0.0719089
0.000260945
0.0722932
-0.0012001
0.0726972
-0.00265586
0.0731244
-0.00411462
-0.0055817
0.0735767
0.064635
0.0180662
0.0648634
0.017292
0.0650895
0.0163412
0.065328
0.0153042
0.0655793
0.0141773
0.0658364
0.0130172
0.0660998
0.0118357
0.0663737
0.0106205
0.0666596
0.00936894
0.0669575
0.00808583
0.0672677
0.00677478
0.0675915
0.00543708
0.0679298
0.0040745
0.0682837
0.00268879
0.0686527
0.00128584
0.069032
-0.000118368
0.0694486
-0.00161668
0.0698801
-0.00308735
0.0703316
-0.00456612
-0.00605569
0.0708056
0.0610257
0.0177577
0.0613206
0.0169971
0.0616155
0.0160464
0.0619277
0.014992
0.0622487
0.0138563
0.0625706
0.0126953
0.0628976
0.0115087
0.0632339
0.0102843
0.0635795
0.00902333
0.063934
0.00773138
0.0642979
0.00641087
0.0646719
0.0050631
0.065056
0.00369034
0.0654494
0.00229537
0.0658483
0.000887029
0.0662919
-0.00056196
0.0667347
-0.00205954
0.0671954
-0.003548
0.0676736
-0.00504435
-0.00655238
0.0681703
0.0575151
0.0173618
0.0578787
0.0166335
0.0582485
0.0156766
0.0586384
0.0146022
0.0590284
0.0134662
0.0594152
0.0123084
0.0598069
0.011117
0.0602061
0.00988507
0.0606118
0.00861766
0.0610239
0.00731926
0.0614434
0.00599137
0.0618705
0.00463596
0.0623051
0.00325575
0.0627437
0.00185675
0.0631854
0.000445341
0.0636688
-0.00104534
0.0641521
-0.00254279
0.0646447
-0.00404062
0.065151
-0.00555071
-0.00707384
0.0656725
0.0541077
0.0169099
0.0545241
0.016217
0.0549758
0.0152249
0.0554436
0.0141343
0.0559026
0.0130072
0.0563587
0.0118524
0.0568191
0.0106566
0.0572841
0.00942007
0.0577533
0.00814848
0.0582275
0.00684505
0.0587077
0.00551115
0.0591948
0.00414881
0.0596911
0.00275952
0.0601957
0.00135215
0.0606552
-1.41889e-05
0.0611874
-0.00157757
0.0617098
-0.00306511
0.0622373
-0.00456816
0.0627734
-0.00608679
-0.00761831
0.0633179
0.0507798
0.0512558
0.0517842
0.0523227
0.0528636
0.0534081
0.0539539
0.0544993
0.0550442
0.0555891
0.056134
0.0566784
0.0572182
0.0577489
0.0583537
0.0588937
0.0594404
0.0599883
0.0605369
0.061088
0.199606
-0.000176009
0.199879
-0.000273551
0.20025
-0.000370963
0.200718
-0.000468081
0.201283
-0.000564735
0.201944
-0.000660768
0.2027
-0.000756012
0.20355
-0.000850309
-0.000943495
0.190479
-0.000348512
0.190745
-0.000539054
0.191103
-0.00072931
0.191554
-0.000918968
0.192097
-0.00110771
0.192731
-0.00129521
0.193456
-0.00148117
0.194271
-0.00166527
-0.0018472
0.181931
-0.000519571
0.18219
-0.000798847
0.182539
-0.00107769
0.182975
-0.00135563
0.1835
-0.00163222
0.184112
-0.00190699
0.18481
-0.00217948
0.185594
-0.00244925
-0.00271584
0.1739
-0.000691399
0.174157
-0.00105544
0.174498
-0.0014189
0.174924
-0.00178117
0.175433
-0.00214165
0.176026
-0.00249976
0.176701
-0.00285491
0.177459
-0.0032065
-0.00355396
0.16634
-0.000865968
0.166596
-0.00131104
0.166932
-0.00175537
0.167349
-0.00219824
0.167847
-0.00263893
0.168424
-0.00307671
0.16908
-0.00351086
0.169814
-0.00394069
-0.00436547
0.159208
-0.00104508
0.159465
-0.00156766
0.159799
-0.00208936
0.16021
-0.00260933
0.160698
-0.00312674
0.161262
-0.00364074
0.161901
-0.00415051
0.162616
-0.0046552
-0.005154
0.152469
-0.00123033
0.152728
-0.00182711
0.153062
-0.00242288
0.153469
-0.00301669
0.15395
-0.00360756
0.154504
-0.00419456
0.15513
-0.00477675
0.155828
-0.00535317
-0.00592289
0.146088
-0.00142351
0.146353
-0.00209134
0.146688
-0.00275804
0.147094
-0.00342255
0.14757
-0.0040838
0.148116
-0.00474076
0.148732
-0.00539235
0.149416
-0.00603755
-0.0066753
0.140041
-0.00162619
0.140311
-0.00236206
0.14065
-0.00309672
0.141056
-0.00382899
0.14153
-0.00455772
0.142071
-0.00528175
0.142679
-0.00599994
0.143352
-0.00671114
-0.00741421
0.1343
-0.0018399
0.134579
-0.00264096
0.134923
-0.00344075
0.135332
-0.00423799
0.135805
-0.00503144
0.136343
-0.00581985
0.136945
-0.00660197
0.137611
-0.00737658
-0.00814243
0.128844
-0.0020661
0.129132
-0.00292963
0.129484
-0.00379186
0.129897
-0.00465142
0.130373
-0.00550698
0.13091
-0.0063572
0.131509
-0.00720076
0.132168
-0.00803634
0.123653
-0.00230618
0.123953
-0.00322957
0.124313
-0.00415165
0.124732
-0.00507101
0.125211
-0.0059862
0.12575
-0.00689583
0.126348
-0.00779847
-0.00869274
0.118709
-0.00256141
0.119021
-0.00354214
0.119391
-0.00452162
0.119819
-0.00549835
0.120303
-0.00647083
0.120845
-0.00743756
0.121444
-0.00839707
-0.00934789
0.113996
-0.00283298
0.114322
-0.00386859
0.114704
-0.00490309
0.11514
-0.00593489
0.115632
-0.0069624
0.116178
-0.00798406
0.116779
-0.00899834
-0.0100037
0.109499
-0.00312198
0.10984
-0.00421004
0.110234
-0.00529725
0.110681
-0.00638186
0.111181
-0.00746224
0.111734
-0.00853675
0.112339
-0.0096038
-0.0106618
0.105204
-0.00342911
0.105561
-0.00456746
0.105969
-0.00570513
0.106428
-0.00684037
0.106937
-0.00797151
0.107497
-0.00909685
0.108108
-0.0102148
-0.0113235
0.101103
-0.00375465
0.101476
-0.00494096
0.101898
-0.00612696
0.102369
-0.00731082
0.102888
-0.00849077
0.103456
-0.00966508
0.104073
-0.010832
-0.0119899
0.0971792
-0.00409954
0.0975699
-0.00533162
0.0980067
-0.00656376
0.09849
-0.00779411
0.0990201
-0.00902085
0.0995972
-0.0102422
0.100222
-0.0114564
-0.0126618
0.0934263
-0.00446409
0.0938343
-0.0057396
0.0942862
-0.0070157
0.0947825
-0.00829044
0.0953237
-0.00956197
0.09591
-0.0108285
0.0965417
-0.0120882
-0.0133393
0.0898347
-0.0048484
0.09026
-0.00616497
0.0907271
-0.00748277
0.0912365
-0.00879978
0.0917886
-0.0101141
0.092384
-0.0114239
0.0930231
-0.0127273
-0.0140226
0.0863961
-0.00525248
0.0868388
-0.00660769
0.0873209
-0.00796486
0.0878431
-0.00932191
0.0884059
-0.0106769
0.08901
-0.012028
0.0896561
-0.0133734
-0.0147111
0.0831044
-0.00567557
0.0835638
-0.0070671
0.0840603
-0.00846133
0.0845946
-0.00985621
0.0851675
-0.0112498
0.0857798
-0.0126403
0.0864322
-0.0140258
-0.0154045
0.0799544
-0.00611772
0.0804301
-0.00754273
0.0809402
-0.00897148
0.0814858
-0.0104018
0.0820679
-0.0118319
0.0826873
-0.0132597
0.0833451
-0.0146836
-0.0161016
0.0769389
-0.0065783
0.0774303
-0.00803416
0.0779537
-0.00949484
0.0785101
-0.0109582
0.0791007
-0.0124225
0.0797266
-0.0138856
0.0803891
-0.0153461
-0.0168019
0.0740558
-0.00705736
0.0745628
-0.00854111
0.0750989
-0.0100309
0.0756655
-0.0115249
0.0762641
-0.013021
0.076896
-0.0145175
0.0775626
-0.0160127
-0.0175047
0.0713032
-0.007555
0.0718257
-0.00906363
0.0723746
-0.0105798
0.0729513
-0.0121016
0.0735573
-0.0136271
0.0741942
-0.0151544
0.0748634
-0.0166819
-0.0182075
0.068687
-0.00807168
0.0692252
-0.00960188
0.0697865
-0.0111411
0.0703721
-0.0126872
0.0709832
-0.0142382
0.0716211
-0.0157923
0.0722866
-0.0173474
-0.0189015
0.0662097
-0.0086089
0.0667637
-0.0101558
0.0673354
-0.0117128
0.0679258
-0.0132776
0.0685355
-0.014848
0.0691651
-0.0164219
0.0698149
-0.0179972
-0.0195714
0.0638711
-0.00916215
0.0644337
-0.0107184
0.0650064
-0.0122855
0.0655899
-0.0138611
0.0661846
-0.0154427
0.0667906
-0.0170279
0.0674073
-0.0186139
-0.0201975
0.0616423
0.0621999
0.0627606
0.0633245
0.0638913
0.0644601
0.0650286
)
;

boundaryField
{
    inlet
    {
        type            calculated;
        value           nonuniform List<scalar> 
50
(
-0.0353553
-0.0353553
-0.0353553
-0.0353553
-0.0353553
-0.0353553
-0.0353553
-0.0353553
-0.0353553
-0.0353553
-0.0353553
-0.0353553
-0.0353553
-0.0353553
-0.0353553
-0.0353553
-0.0353553
-0.0353553
-0.0353553
-0.0353553
-0.201804
-0.192384
-0.183404
-0.174843
-0.166681
-0.158901
-0.151483
-0.144412
-0.137671
-0.131245
-0.125119
-0.119278
-0.113711
-0.108403
-0.103343
-0.0985188
-0.0939201
-0.089536
-0.0853566
-0.0813723
-0.0775739
-0.0739529
-0.0705008
-0.06721
-0.0640727
-0.0610819
-0.0582306
-0.0555125
-0.0529213
-0.050451
)
;
    }
    outlet
    {
        type            calculated;
        value           nonuniform 0();
    }
    cylinder
    {
        type            calculated;
        value           uniform 0;
    }
    top
    {
        type            symmetryPlane;
        value           nonuniform 0();
    }
    bottom
    {
        type            symmetryPlane;
        value           uniform 0;
    }
    defaultFaces
    {
        type            empty;
        value           nonuniform 0();
    }
    procBoundary0to1
    {
        type            processor;
        value           nonuniform List<scalar> 
50
(
0.0899241
0.0212487
0.0820167
0.020855
0.0720198
0.0453547
0.0189723
0.0582436
0.0107229
0.027427
0.00593758
0.0126831
0.00252139
0.00366593
0.000740643
0.000588245
-0.000812043
5.4573e-05
-0.000910761
0.204494
0.195175
0.186463
0.178297
0.170625
0.163404
0.156597
0.150169
0.144091
0.138339
0.132889
-0.00886262
0.127004
0.122099
0.117435
0.112997
0.10877
0.10474
0.100893
0.0972193
0.0937063
0.0903446
0.0871256
0.0840422
0.0810894
0.0782655
0.0755662
0.0729807
0.0704847
0.0680335
0.0655926
)
;
    }
    procBoundary0to2
    {
        type            processor;
        value           nonuniform List<scalar> 
26
(
0.000484783
0.000993318
0.00124834
-0.00552536
-0.0013464
-0.00136981
-0.00138327
-0.00139735
-0.00141332
-0.00143118
-0.00145018
-0.00025586
-0.00100008
-0.00161855
-0.00204171
-0.00232689
-0.00241595
-0.00245079
-0.0023863
-0.00231076
-0.00220923
-0.00211016
-0.00202374
-0.00193241
-0.0018656
-0.00178326
)
;
    }
}


// ************************************************************************* //
