/*--------------------------------*- C++ -*----------------------------------*\
  =========                 |
  \\      /  F ield         | OpenFOAM: The Open Source CFD Toolbox
   \\    /   O peration     | Website:  https://openfoam.org
    \\  /    A nd           | Version:  7
     \\/     M anipulation  |
\*---------------------------------------------------------------------------*/
FoamFile
{
    version     2.0;
    format      ascii;
    class       volVectorField;
    location    "80";
    object      U;
}
// * * * * * * * * * * * * * * * * * * * * * * * * * * * * * * * * * * * * * //

dimensions      [0 1 -1 0 0 0 0];

internalField   nonuniform List<vector> 
2125
(
(1.30096 -0.216012 -7.38252e-21)
(1.26144 -0.203475 -2.12231e-20)
(1.29394 -0.205387 -3.60237e-21)
(1.14245 -0.168045 1.47253e-20)
(1.23477 -0.189237 -1.6856e-21)
(1.28164 -0.193976 1.80322e-20)
(0.705176 -0.0755461 4.09077e-20)
(0.916071 -0.115057 -8.56336e-20)
(1.08465 -0.14886 1.74616e-20)
(1.19864 -0.173909 -1.35735e-20)
(1.26238 -0.181507 -1.90377e-20)
(0.404576 -0.0316632 8.44581e-21)
(0.615598 -0.0598528 -6.91513e-20)
(0.83003 -0.0955036 4.69296e-20)
(1.01525 -0.129165 -3.65569e-20)
(1.15145 -0.157468 3.63596e-20)
(1.23413 -0.167713 -1.62164e-21)
(0.17573 -0.015471 -3.12289e-22)
(0.331837 -0.0261641 2.82178e-20)
(0.526395 -0.0472486 1.52973e-21)
(0.737597 -0.0776457 -3.77128e-20)
(0.934487 -0.109407 -1.07422e-21)
(1.09189 -0.140048 -1.58586e-20)
(1.19457 -0.152367 1.87258e-20)
(0.0408408 -0.0165344 5.34842e-21)
(0.13136 -0.0176004 1.50103e-20)
(0.265586 -0.0235436 -2.53629e-20)
(0.440353 -0.0379773 5.93662e-20)
(0.641709 -0.062219 -2.91818e-22)
(0.843629 -0.0902346 -4.95286e-21)
(1.0193 -0.122005 -3.08177e-20)
(1.14128 -0.135405 -4.27752e-21)
(0.0198753 -0.0212616 4.16041e-21)
(0.0933477 -0.0210063 -1.08223e-20)
(0.206656 -0.0233453 -1.25415e-20)
(0.359893 -0.0320009 -8.12264e-21)
(0.545841 -0.0498302 -5.89204e-21)
(0.745179 -0.0724501 7.32624e-21)
(0.934167 -0.103975 2.96553e-20)
(1.07222 -0.116967 2.19623e-20)
(-0.0229708 -0.0233736 2.29876e-20)
(0.00292681 -0.0261035 -5.28836e-20)
(0.0613982 -0.0252593 2.94626e-20)
(0.15538 -0.0250444 2.55825e-20)
(0.286805 -0.0290101 -6.43303e-20)
(0.453484 -0.0407819 1.7355e-20)
(0.642709 -0.0568931 -9.54453e-22)
(0.838537 -0.0867973 1.24737e-20)
(0.985803 -0.0978286 -2.45384e-20)
(-0.0181751 -0.0144122 6.48184e-20)
(-0.0276716 -0.026891 -1.78859e-20)
(-0.0104509 -0.0308391 2.59608e-20)
(0.0350558 -0.0299705 1.62526e-20)
(0.111669 -0.0280999 -8.9279e-21)
(0.222142 -0.0284921 2.06952e-20)
(0.367589 -0.0349703 -8.57646e-21)
(0.540389 -0.0443074 4.80241e-20)
(0.73587 -0.07134 -7.6275e-20)
(0.883396 -0.0791549 -2.61189e-20)
(-0.0180413 -0.0153913 -1.90838e-20)
(-0.0308256 -0.0300042 7.13567e-20)
(-0.0207161 -0.0352861 -5.60648e-20)
(0.0137627 -0.034797 -1.64219e-21)
(0.0751146 -0.0319903 -2.577e-20)
(0.166265 -0.0298189 2.79392e-20)
(0.29017 -0.0319223 3.01167e-20)
(0.442275 -0.0352141 -1.48962e-20)
(0.631128 -0.0578425 1.26093e-20)
(0.763846 -0.0644516 1.52356e-20)
(-0.017605 -0.0161782 3.86991e-21)
(-0.0326939 -0.0326688 -1.9645e-20)
(-0.0283175 -0.0392965 2.42959e-20)
(-0.00308836 -0.0394441 -2.27513e-20)
(0.045101 -0.0362381 -2.76129e-20)
(0.118983 -0.032331 -1.22764e-20)
(0.22222 -0.0309409 -4.55275e-20)
(0.351978 -0.0296559 2.78997e-20)
(0.527402 -0.0441494 5.01445e-20)
(0.63717 -0.0661239 -1.54811e-20)
(-0.016932 -0.0167742 1.2035e-20)
(-0.0335126 -0.0348574 9.24294e-21)
(-0.0336774 -0.0427536 -2.18798e-21)
(-0.0161092 -0.0436685 -3.94e-20)
(0.0209004 -0.0404301 4.08039e-20)
(0.0797192 -0.0354101 4.54121e-20)
(0.163941 -0.0312952 1.54885e-20)
(0.272147 -0.0268423 -2.47441e-21)
(0.422751 -0.0279381 -5.28229e-20)
(0.544047 -0.0647549 1.69481e-20)
(-0.0160828 -0.0171788 -3.6303e-20)
(-0.033489 -0.036548 -4.6498e-21)
(-0.0371761 -0.0455707 9.70733e-21)
(-0.0258838 -0.0472809 3.06816e-21)
(0.00175075 -0.044234 1.23113e-20)
(0.0476796 -0.0385424 -7.29091e-20)
(0.115033 -0.0323576 4.32591e-20)
(0.203836 -0.0255027 -5.11343e-20)
(0.326942 -0.0160544 3.67302e-20)
(0.458277 -0.0495181 4.30528e-20)
(-0.0151059 -0.0173979 1.60003e-20)
(-0.0327925 -0.0377266 -1.02382e-20)
(-0.0391523 -0.0476886 4.5511e-21)
(-0.0329486 -0.0501457 -2.13516e-20)
(-0.0130908 -0.047408 2.81728e-21)
(0.0219816 -0.0413549 -5.57372e-21)
(0.0748379 -0.0336905 -2.70636e-20)
(0.146691 -0.0248628 1.41787e-20)
(0.244503 -0.00982966 2.70151e-20)
(0.373267 -0.033125 -3.93129e-20)
(-0.0140355 -0.0174319 -2.19962e-20)
(-0.0315685 -0.038387 -3.22633e-20)
(-0.0399036 -0.0490752 2.53064e-20)
(-0.0377825 -0.0521796 2.44399e-20)
(-0.0243164 -0.0497975 -5.98225e-20)
(0.00172825 -0.0436074 5.89706e-20)
(0.0424059 -0.0349919 -6.52514e-20)
(0.0995721 -0.024678 1.79569e-20)
(0.175849 -0.00777827 -1.89698e-20)
(0.291322 -0.0214351 -2.96106e-20)
(-0.0128999 -0.0172811 1.13005e-20)
(-0.0299424 -0.0385301 2.58373e-20)
(-0.0396845 -0.0497172 6.45768e-21)
(-0.0408055 -0.0533454 7.03204e-21)
(-0.032551 -0.0513233 -2.97923e-22)
(-0.0139351 -0.0451688 1.03221e-20)
(0.0166748 -0.0360632 2.01477e-20)
(0.0612897 -0.0248825 3.74998e-20)
(0.12007 -0.00818178 -3.66336e-20)
(0.217315 -0.0146672 1.30977e-20)
(-0.0117236 -0.0169461 -2.73547e-20)
(-0.0280209 -0.0381643 5.76775e-22)
(-0.0387132 -0.0496179 8.74672e-21)
(-0.0423834 -0.0536391 -1.55953e-20)
(-0.0383486 -0.0519642 3.05228e-20)
(-0.0257925 -0.0459904 -7.15066e-20)
(-0.00340242 -0.0367953 3.78153e-20)
(0.0307182 -0.0254038 -3.46324e-20)
(0.0756276 -0.00993585 6.58047e-20)
(0.154058 -0.0120148 1.68589e-20)
(-0.0105286 -0.0164284 1.44357e-20)
(-0.0258962 -0.037302 -2.9225e-20)
(-0.0371785 -0.0487965 -8.79659e-21)
(-0.0428333 -0.0530806 1.28977e-20)
(-0.0421986 -0.0517371 2.15542e-20)
(-0.0345545 -0.0460725 3.45856e-21)
(-0.0188202 -0.0371352 -1.27435e-20)
(0.00670278 -0.0261168 2.9071e-20)
(0.0406569 -0.0124158 -1.62813e-20)
(0.102003 -0.0124588 -1.98766e-21)
(-0.00933512 -0.01573 3.94227e-20)
(-0.0236487 -0.0359589 1.08357e-20)
(-0.0352447 -0.0472806 2.01705e-21)
(-0.0424322 -0.0517054 -2.84358e-20)
(-0.0445304 -0.0506784 2.52226e-20)
(-0.04086 -0.0454359 8.2622e-21)
(-0.0304953 -0.0370422 4.1178e-21)
(-0.0119265 -0.0268239 -9.06876e-21)
(0.0132647 -0.0151977 1.0181e-20)
(0.0601626 -0.0147217 1.69956e-20)
(-0.00816224 -0.0148543 -2.95108e-20)
(-0.0213502 -0.0341529 1.62511e-20)
(-0.0330547 -0.0451025 -1.78641e-21)
(-0.0414201 -0.0495555 4.07772e-20)
(-0.045719 -0.0488292 -4.43896e-20)
(-0.045272 -0.0441011 1.45596e-20)
(-0.0392369 -0.0364637 -9.00242e-21)
(-0.0263272 -0.0273203 -7.92213e-21)
(-0.00827193 -0.0179318 -2.38219e-20)
(0.0269622 -0.0174942 9.00998e-21)
(-0.00702814 -0.0138058 1.26885e-20)
(-0.0190644 -0.0319044 -3.216e-20)
(-0.0307326 -0.0422969 -1.80744e-20)
(-0.040003 -0.0466747 -2.82378e-20)
(-0.0460846 -0.0462301 7.53809e-21)
(-0.0482705 -0.0420815 -2.48756e-21)
(-0.0457642 -0.0353393 -2.31419e-20)
(-0.0375753 -0.0274462 -4.84782e-21)
(-0.0252781 -0.0202193 -4.20058e-22)
(0.000749082 -0.0197705 1.05453e-20)
(-0.0059502 -0.0125899 2.27578e-20)
(-0.0168487 -0.0292352 2.29249e-21)
(-0.0283856 -0.0389004 9.73046e-21)
(-0.0383549 -0.043107 4.27057e-20)
(-0.0458947 -0.0429186 4.2155e-20)
(-0.0502577 -0.0393829 -7.34905e-21)
(-0.0506869 -0.0336006 1.86494e-20)
(-0.0464707 -0.0270065 -1.18228e-20)
(-0.0386794 -0.021586 -6.94952e-21)
(-0.0201785 -0.0212094 -1.58021e-20)
(-0.00494492 -0.0112139 -2.96759e-20)
(-0.0147539 -0.0261699 2.47855e-20)
(-0.0261047 -0.0349515 1.25702e-20)
(-0.0366194 -0.0388969 -2.42339e-20)
(-0.0453649 -0.0389317 -2.73216e-20)
(-0.0515504 -0.0360129 8.71218e-21)
(-0.0544528 -0.0311952 7.74344e-22)
(-0.0535516 -0.0258451 3.70019e-20)
(-0.0494303 -0.021832 2.19996e-20)
(-0.0373689 -0.0218429 -8.87103e-21)
(-0.0040279 -0.00968638 1.6234e-20)
(-0.0128245 -0.0227359 -7.16525e-21)
(-0.0239656 -0.0304917 -2.56818e-20)
(-0.0349115 -0.0340916 1.0943e-20)
(-0.0446625 -0.0343097 -4.48883e-22)
(-0.0523881 -0.0319886 -3.56084e-20)
(-0.0573931 -0.0281002 -2.00772e-21)
(-0.0592811 -0.0238963 -3.4315e-20)
(-0.0583311 -0.0210256 -1.53029e-20)
(-0.0516816 -0.0215272 2.54061e-20)
(-0.00321366 -0.00801871 -2.01817e-20)
(-0.0110995 -0.0189649 -1.80786e-21)
(-0.0220303 -0.025567 -1.25718e-21)
(-0.0333204 -0.028743 -2.32618e-20)
(-0.0439123 -0.0290993 3.45566e-21)
(-0.0529425 -0.0273405 2.18546e-20)
(-0.0597394 -0.0243216 -1.13976e-20)
(-0.0639876 -0.0211459 1.84454e-20)
(-0.0658087 -0.0192058 8.25492e-21)
(-0.0635929 -0.0200833 -9.17041e-21)
(-0.00251555 -0.00622489 1.27028e-20)
(-0.00961197 -0.0148939 2.44818e-20)
(-0.0203478 -0.0202293 -5.51005e-21)
(-0.0319126 -0.0229094 1.13767e-20)
(-0.0432024 -0.0233566 7.50705e-21)
(-0.0533287 -0.0221149 -1.84739e-20)
(-0.0616403 -0.019894 4.56294e-21)
(-0.0678736 -0.0176246 -4.86273e-21)
(-0.0720802 -0.0164408 6.21972e-21)
(-0.0734462 -0.0175654 -1.24797e-20)
(-0.0019454 -0.00432229 -4.14267e-21)
(-0.00838936 -0.0105656 -1.59841e-20)
(-0.0189557 -0.0145373 2.23633e-20)
(-0.0307355 -0.0166567 -1.12334e-20)
(-0.0425913 -0.0171479 5.23914e-21)
(-0.0536182 -0.0163744 1.56383e-20)
(-0.0631823 -0.0148783 -1.33364e-20)
(-0.0710527 -0.013404 -3.25169e-21)
(-0.077258 -0.0128422 3.28361e-22)
(-0.0814742 -0.0141309 1.48322e-20)
(-0.00151328 -0.00233177 -1.29194e-21)
(-0.00745352 -0.00602915 -4.89016e-21)
(-0.0178816 -0.00855662 -1.98833e-20)
(-0.0298206 -0.0100589 3.90669e-21)
(-0.0421142 -0.0105496 3.21805e-21)
(-0.0538497 -0.0101965 -1.27492e-21)
(-0.0644082 -0.00935744 -3.80141e-22)
(-0.0735795 -0.00858358 -5.2424e-21)
(-0.0813916 -0.00854403 7.35503e-21)
(-0.0878159 -0.00994895 4.94859e-21)
(-0.00122706 -0.000277674 3.31505e-21)
(-0.00682054 -0.0013397 5.93405e-21)
(-0.0171438 -0.00236005 1.51259e-20)
(-0.029187 -0.0031979 -7.78765e-21)
(-0.0417895 -0.00364796 -6.69006e-21)
(-0.0540397 -0.00367126 -2.4929e-22)
(-0.0653325 -0.00343047 1.27928e-20)
(-0.075471 -0.0032808 6.07187e-21)
(-0.084492 -0.00368995 -5.17681e-21)
(-0.0925428 -0.00518099 -5.9166e-21)
(-0.00109199 0.00181257 -5.56997e-22)
(-0.00650061 0.00344204 1.21397e-21)
(-0.0167528 0.00397355 -2.85219e-21)
(-0.0288433 0.00383797 2.02919e-21)
(-0.0416229 0.00346322 1.81359e-21)
(-0.0541897 0.00310141 1.28456e-21)
(-0.065952 0.0027919 -2.58721e-21)
(-0.0767217 0.00237612 -1.04996e-20)
(-0.0865476 0.00157262 -1.61329e-21)
(-0.09568 1.96267e-05 3.14453e-21)
(-0.00111039 0.00390911 8.6594e-22)
(-0.00649787 0.00825109 -2.176e-21)
(-0.0167115 0.0103604 -1.75081e-21)
(-0.0287905 0.0109549 1.22922e-21)
(-0.0416121 0.0106839 -1.69321e-21)
(-0.0542924 0.0100144 -8.02832e-22)
(-0.0662538 0.00919106 8.42863e-22)
(-0.0773142 0.00825219 4.16029e-21)
(-0.0875339 0.00709407 -1.45794e-21)
(-0.0972199 0.00550442 1.47898e-21)
(1.13503 -0.00434671 -1.77334e-22)
(1.13664 -0.00433433 4.7138e-22)
(1.13823 -0.00432121 -4.76306e-22)
(1.13981 -0.00430713 1.54115e-22)
(1.14137 -0.00429201 3.96512e-22)
(1.14291 -0.00427544 8.59981e-24)
(1.14443 -0.00425785 -1.88434e-22)
(1.14593 -0.0042376 -3.20695e-22)
(1.14742 -0.00421837 2.14486e-22)
(1.14888 -0.00419016 -9.48749e-23)
(1.15033 -0.00417829 6.88859e-23)
(1.13609 -0.0128534 -1.33158e-22)
(1.13774 -0.0127974 -4.16345e-23)
(1.13936 -0.012741 1.01617e-22)
(1.14097 -0.0126837 2.42816e-22)
(1.14255 -0.0126259 -1.61118e-23)
(1.14412 -0.0125665 -6.32296e-23)
(1.14567 -0.0125071 -8.79352e-23)
(1.1472 -0.0124432 2.79029e-22)
(1.1487 -0.012386 7.29607e-23)
(1.15018 -0.0123055 -7.23749e-23)
(1.15165 -0.012279 -1.23828e-22)
(1.13796 -0.0210802 -2.22793e-22)
(1.13966 -0.020991 8.96125e-24)
(1.14134 -0.0209017 1.90061e-23)
(1.143 -0.0208117 5.32284e-22)
(1.14464 -0.0207212 -7.22215e-22)
(1.14626 -0.0206289 1.85946e-22)
(1.14786 -0.0205371 2.02299e-22)
(1.14944 -0.0204382 1.18504e-22)
(1.15101 -0.0203509 -1.19908e-22)
(1.15254 -0.0202251 -6.60696e-24)
(1.15408 -0.0201896 8.22259e-24)
(1.14056 -0.0291687 2.50658e-22)
(1.14233 -0.0290441 -1.60071e-22)
(1.14409 -0.0289197 4.34809e-22)
(1.14583 -0.0287948 -1.83103e-22)
(1.14755 -0.0286697 -9.09661e-23)
(1.14925 -0.0285424 -4.90663e-22)
(1.15093 -0.0284168 1.4987e-23)
(1.15259 -0.0282818 1.69085e-23)
(1.15424 -0.0281642 1.57987e-22)
(1.15586 -0.0279936 -1.19637e-22)
(1.15749 -0.0279507 1.83492e-22)
(1.14377 -0.0371359 2.01363e-22)
(1.14564 -0.0369767 -1.5613e-22)
(1.1475 -0.0368183 -9.47268e-23)
(1.14933 -0.03666 -6.99324e-23)
(1.15116 -0.0365023 2.11714e-22)
(1.15296 -0.0363427 3.42595e-22)
(1.15474 -0.0361861 -2.36323e-24)
(1.15651 -0.0360184 2.95626e-22)
(1.15826 -0.0358746 -1.13936e-22)
(1.15998 -0.0356625 6.53074e-22)
(1.16174 -0.0356184 -3.30878e-22)
(1.14752 -0.0450578 -1.95241e-22)
(1.14951 -0.044864 2.42069e-22)
(1.15148 -0.0446718 -1.72456e-22)
(1.15343 -0.0444805 -5.71939e-22)
(1.15537 -0.0442908 5.66978e-23)
(1.15729 -0.0440996 -4.20729e-22)
(1.1592 -0.0439134 2.13466e-22)
(1.16109 -0.0437141 7.00556e-22)
(1.16297 -0.0435465 -1.19349e-22)
(1.16481 -0.0432946 -6.52854e-22)
(1.16672 -0.0432537 -2.00003e-22)
(1.15173 -0.0529596 4.99971e-23)
(1.15384 -0.0527301 -1.86713e-22)
(1.15594 -0.0525035 5.53745e-22)
(1.15803 -0.0522787 2.60719e-22)
(1.1601 -0.0520569 1.14208e-22)
(1.16216 -0.0518342 1.88192e-22)
(1.16421 -0.0516192 -5.13158e-22)
(1.16623 -0.0513891 -1.05612e-21)
(1.16826 -0.0511998 -4.51975e-22)
(1.17024 -0.0509087 4.21511e-23)
(1.17232 -0.0508756 1.17096e-22)
(1.15632 -0.0608745 3.42397e-22)
(1.15858 -0.0606076 2.63627e-22)
(1.16083 -0.0603449 3.12974e-22)
(1.16306 -0.0600854 -6.73384e-22)
(1.16528 -0.0598307 7.80867e-22)
(1.16749 -0.0595758 -2.2893e-22)
(1.16969 -0.0593319 7.90001e-22)
(1.17187 -0.0590708 -4.27374e-22)
(1.17406 -0.058861 6.95892e-22)
(1.17619 -0.0585305 9.53667e-22)
(1.17845 -0.058509 3.70544e-22)
(1.16125 -0.068816 2.659e-22)
(1.16366 -0.068509 1.9518e-23)
(1.16607 -0.0682078 -9.67826e-22)
(1.16846 -0.0679112 3.46706e-22)
(1.17084 -0.0676214 -1.69324e-22)
(1.17321 -0.0673327 -1.07881e-22)
(1.17557 -0.0670585 5.81978e-22)
(1.17792 -0.066765 -4.88369e-23)
(1.18028 -0.0665347 -6.61097e-22)
(1.18257 -0.0661631 -1.35117e-21)
(1.18504 -0.0661554 1.14409e-22)
(1.16647 -0.0767969 -4.61712e-22)
(1.16904 -0.0764455 1.50685e-22)
(1.17161 -0.0761018 1.14848e-21)
(1.17417 -0.0757644 7.26354e-22)
(1.17672 -0.0754362 -8.88607e-22)
(1.17926 -0.07511 -4.03708e-22)
(1.1818 -0.0748029 -4.5125e-22)
(1.18431 -0.0744738 2.57631e-22)
(1.18686 -0.0742215 5.03616e-22)
(1.18933 -0.0738055 7.88409e-22)
(1.192 -0.0738119 -2.73693e-22)
(1.17192 -0.0848212 9.07607e-23)
(1.17467 -0.0844195 -1.20865e-21)
(1.17741 -0.0840274 -2.80395e-23)
(1.18015 -0.0836434 -1.02019e-21)
(1.18288 -0.0832713 6.17114e-22)
(1.1856 -0.0829025 9.70483e-22)
(1.18832 -0.0825575 -1.3648e-22)
(1.19101 -0.0821878 -7.3658e-22)
(1.19374 -0.0819096 -3.71604e-22)
(1.19639 -0.0814439 4.58549e-22)
(1.19928 -0.081462 -4.14389e-22)
(1.17465 -0.0933558 5.4176e-22)
(1.17759 -0.0928853 7.48377e-22)
(1.18052 -0.0924254 5.03543e-24)
(1.18345 -0.0919772 -1.38812e-21)
(1.18637 -0.0915391 -7.64289e-22)
(1.18928 -0.0911157 -6.91673e-22)
(1.19218 -0.0906968 1.08686e-21)
(1.19509 -0.0903071 1.52795e-21)
(1.19797 -0.0898895 5.86817e-22)
(1.20089 -0.089579 7.681e-23)
(1.20372 -0.0890564 -7.26296e-22)
(1.20682 -0.0890801 1.58184e-21)
(1.18032 -0.101523 -3.45861e-22)
(1.18345 -0.100983 -1.44693e-21)
(1.18657 -0.100454 2.71127e-22)
(1.18968 -0.0999401 5.65554e-22)
(1.19279 -0.0994377 6.01574e-22)
(1.19589 -0.098953 -7.52575e-22)
(1.19898 -0.098474 -1.44126e-21)
(1.20208 -0.0980298 -3.42327e-22)
(1.20514 -0.0975543 6.70072e-22)
(1.20826 -0.0972023 1.52704e-21)
(1.21128 -0.0966129 -4.24448e-22)
(1.21459 -0.0966317 -2.15355e-21)
(1.18616 -0.109723 8.83023e-22)
(1.18948 -0.109099 2.85126e-22)
(1.1928 -0.10849 5.9061e-22)
(1.1961 -0.107897 -1.10751e-22)
(1.1994 -0.107318 -6.86562e-22)
(1.20269 -0.106759 6.40789e-23)
(1.20597 -0.106207 -1.93854e-22)
(1.20925 -0.105696 -1.29235e-21)
(1.21251 -0.10515 -2.29601e-21)
(1.21581 -0.104743 -3.05802e-21)
(1.21902 -0.104074 3.14052e-21)
(1.22255 -0.104073 9.38902e-23)
(1.19216 -0.117943 1.26266e-21)
(1.19568 -0.117221 -5.11247e-22)
(1.19919 -0.116515 -4.37944e-22)
(1.20269 -0.115827 1.24646e-22)
(1.20618 -0.115154 7.5878e-22)
(1.20967 -0.114506 1.41077e-21)
(1.21314 -0.113865 -8.74292e-22)
(1.21661 -0.11327 1.66463e-21)
(1.22004 -0.112637 -6.14532e-22)
(1.22354 -0.112159 -7.17116e-22)
(1.22693 -0.111396 -3.433e-21)
(1.23067 -0.111353 -6.79239e-22)
(1.19832 -0.126158 -1.00232e-21)
(1.20205 -0.125319 8.36696e-22)
(1.20576 -0.124498 1.51133e-21)
(1.20945 -0.123697 8.45237e-22)
(1.21314 -0.122913 -4.76334e-22)
(1.21681 -0.122156 -2.11769e-21)
(1.22046 -0.121407 3.39173e-21)
(1.22412 -0.120709 -9.63855e-22)
(1.22773 -0.119969 2.18103e-21)
(1.23141 -0.119399 -1.48784e-21)
(1.23498 -0.118524 2.27072e-21)
(1.23892 -0.118413 2.11192e-21)
(1.20465 -0.134357 -1.41731e-22)
(1.20858 -0.133379 -1.07905e-21)
(1.21249 -0.13242 -1.42816e-21)
(1.21638 -0.131483 2.78807e-22)
(1.22025 -0.130565 2.49136e-21)
(1.22411 -0.129675 -1.43754e-21)
(1.22795 -0.128795 3.08002e-22)
(1.23178 -0.127969 -4.86928e-21)
(1.23557 -0.1271 -7.6506e-22)
(1.23942 -0.126412 3.62665e-21)
(1.24317 -0.125403 3.44956e-23)
(1.24731 -0.125193 -4.1297e-21)
(1.21115 -0.1425 7.13752e-23)
(1.21529 -0.141357 4.06324e-22)
(1.21939 -0.140235 1.42625e-21)
(1.22348 -0.139136 -1.12962e-21)
(1.22754 -0.138058 -2.59129e-21)
(1.23158 -0.13701 1.30526e-21)
(1.2356 -0.135975 9.78773e-22)
(1.2396 -0.134996 7.03985e-21)
(1.24357 -0.133975 3.99527e-22)
(1.24758 -0.133139 -3.40269e-21)
(1.25151 -0.131976 5.81806e-22)
(1.25585 -0.131628 -7.64472e-22)
(1.21784 -0.150566 -2.5634e-22)
(1.22218 -0.149231 2.56101e-22)
(1.22649 -0.147918 -3.58561e-22)
(1.23076 -0.146627 1.73243e-21)
(1.23501 -0.145361 4.75785e-21)
(1.23922 -0.144122 4.90271e-21)
(1.24342 -0.142903 -7.5422e-21)
(1.24759 -0.141738 1.08901e-21)
(1.25173 -0.140541 4.05384e-21)
(1.25592 -0.139523 8.41852e-21)
(1.26002 -0.138189 -1.39287e-21)
(1.26457 -0.137654 2.14812e-21)
(1.22475 -0.158523 9.69099e-22)
(1.22929 -0.156961 6.20733e-22)
(1.2338 -0.155426 -2.23815e-21)
(1.23826 -0.153912 -1.4498e-21)
(1.2427 -0.152431 -1.8563e-21)
(1.24709 -0.150969 3.09526e-22)
(1.25147 -0.149541 4.45513e-21)
(1.2558 -0.148146 -3.86703e-21)
(1.26013 -0.146748 -2.08568e-21)
(1.26446 -0.145494 -8.73877e-21)
(1.26877 -0.143976 2.5361e-21)
(1.27348 -0.143177 9.57762e-21)
(1.2319 -0.166331 1.82932e-21)
(1.23665 -0.164505 -5.58868e-22)
(1.24136 -0.162712 1.30451e-21)
(1.246 -0.160937 7.54321e-22)
(1.25065 -0.159211 -4.97067e-21)
(1.25521 -0.157493 -9.36554e-21)
(1.25983 -0.155842 6.67352e-21)
(1.26429 -0.154177 5.6859e-22)
(1.26887 -0.152572 -3.94171e-21)
(1.27324 -0.150994 8.27406e-21)
(1.27778 -0.14928 4.3809e-21)
(1.28245 -0.148059 -2.68863e-21)
(1.23937 -0.173969 -5.88761e-22)
(1.24433 -0.171845 -1.14977e-21)
(1.24926 -0.169758 -8.41528e-22)
(1.25408 -0.16768 -1.50707e-21)
(1.25895 -0.165667 -2.99215e-21)
(1.26363 -0.163634 4.43073e-21)
(1.26851 -0.161724 -1.19458e-20)
(1.27301 -0.159716 -6.8141e-21)
(1.27793 -0.157905 3.58848e-21)
(1.2821 -0.155876 -8.32893e-21)
(1.28694 -0.153981 -8.98338e-21)
(1.29092 -0.152041 -1.17643e-20)
(1.24722 -0.181391 -3.11927e-21)
(1.2524 -0.178935 2.25418e-21)
(1.25758 -0.176526 2.22756e-21)
(1.2626 -0.174125 -1.34835e-21)
(1.26774 -0.171796 1.60574e-21)
(1.27248 -0.169398 5.85665e-21)
(1.27761 -0.167164 1.7219e-20)
(1.28184 -0.164674 1.44643e-20)
(1.28704 -0.162577 -9.49952e-21)
(1.29034 -0.159838 6.86935e-21)
(1.29546 -0.157759 1.26624e-21)
(1.29735 -0.154586 8.3981e-21)
(1.25554 -0.188548 1.14748e-21)
(1.26094 -0.185707 -5.1078e-21)
(1.26634 -0.182916 -8.58477e-21)
(1.27153 -0.180144 -5.81816e-21)
(1.27688 -0.17745 1.58419e-20)
(1.28161 -0.174661 -7.10056e-21)
(1.28691 -0.172048 -1.36448e-20)
(1.29047 -0.168975 -8.37368e-21)
(1.29567 -0.166447 3.67829e-21)
(1.29677 -0.162603 1.85195e-21)
(1.30175 -0.160184 -7.79992e-21)
(1.29883 -0.154911 -7.51052e-21)
(1.26449 -0.195422 2.99899e-22)
(1.27007 -0.192121 1.08276e-21)
(1.27557 -0.188845 5.2676e-21)
(1.28072 -0.185578 -1.68014e-22)
(1.28594 -0.182348 -5.62022e-21)
(1.29024 -0.179022 -9.3932e-21)
(1.2952 -0.175828 2.37855e-21)
(1.2974 -0.172069 -1.4926e-22)
(1.302 -0.168895 9.08444e-21)
(1.29915 -0.163651 3.31183e-21)
(1.3031 -0.160593 9.76238e-21)
(1.29093 -0.152122 5.95446e-22)
(1.27399 -0.201911 3.42169e-21)
(1.27962 -0.198075 2.084e-22)
(1.285 -0.194224 1.42309e-20)
(1.28983 -0.190343 1.16596e-20)
(1.29439 -0.186377 -1.03622e-20)
(1.29754 -0.182261 4.3053e-21)
(1.30089 -0.178038 -3.65266e-21)
(1.30029 -0.173225 3.38919e-21)
(1.30233 -0.168729 -4.8134e-21)
(1.29309 -0.16179 4.64994e-21)
(1.29412 -0.157469 -1.14111e-20)
(1.26689 -0.144954 1.3766e-20)
(1.28356 -0.207695 -6.96688e-21)
(1.28886 -0.203195 5.17371e-21)
(1.29365 -0.198664 -1.2042e-20)
(1.29763 -0.194073 5.16374e-21)
(1.30078 -0.18928 1.94029e-20)
(1.30199 -0.184238 4.93723e-21)
(1.30216 -0.178675 8.44949e-21)
(1.29706 -0.172423 -3.03816e-21)
(1.29297 -0.165589 5.42471e-22)
(1.27376 -0.156462 -8.39234e-21)
(1.26718 -0.14929 1.51514e-20)
(1.21818 -0.132555 -7.90334e-21)
(1.29235 -0.212394 1.96383e-21)
(1.29663 -0.206985 -9.61939e-21)
(1.29996 -0.201512 6.68729e-22)
(1.30198 -0.195922 -1.73553e-20)
(1.30231 -0.190042 -1.12819e-20)
(1.29994 -0.183795 -6.20104e-21)
(1.29471 -0.17672 -5.06146e-23)
(1.28308 -0.168848 -5.17273e-21)
(1.26879 -0.159325 1.62599e-20)
(1.23676 -0.148099 5.04377e-21)
(1.21517 -0.136375 -1.08064e-20)
(1.13847 -0.116933 -4.03521e-21)
(1.29933 -0.215853 6.34683e-21)
(1.30172 -0.209209 1.87685e-21)
(1.30238 -0.202358 -7.31064e-21)
(1.30071 -0.195186 1.2982e-20)
(1.29589 -0.187509 -1.421e-20)
(1.28676 -0.179179 -4.80269e-21)
(1.27213 -0.169822 2.84964e-21)
(1.24954 -0.159513 -1.96186e-21)
(1.21953 -0.147293 -2.11836e-20)
(1.17227 -0.134411 -2.04015e-20)
(1.12828 -0.118765 7.16098e-21)
(1.02454 -0.101696 -7.35683e-21)
(1.30313 -0.217652 -1.99981e-21)
(1.30247 -0.209449 -8.92134e-22)
(1.29886 -0.200785 3.93999e-21)
(1.29125 -0.191463 -8.07314e-21)
(1.27831 -0.181251 2.05108e-20)
(1.25836 -0.16992 1.58205e-20)
(1.22944 -0.15724 -1.02738e-20)
(1.18945 -0.143217 1.19809e-20)
(1.13682 -0.127659 1.25475e-20)
(1.06829 -0.112032 5.55043e-21)
(0.993518 -0.0947028 2.25892e-21)
(0.872723 -0.0856829 1.98797e-20)
(1.15394 -0.0040229 0)
(1.15949 -0.00373217 0)
(1.16495 -0.00340732 0)
(1.17005 -0.00304154 0)
(1.17489 -0.0026477 0)
(1.17909 -0.00221605 0)
(1.18287 -0.00175682 0)
(1.18567 -0.0012702 0)
(1.18794 -0.000761615 0)
(1.1888 -0.000259762 0)
(1.18917 0.000247791 0)
(1.18764 0.000677111 0)
(1.18608 0.00108716 0)
(1.18207 0.00130063 0)
(1.17941 0.00147362 0)
(1.17364 0.00130626 0)
(1.17197 0.00113413 0)
(1.16618 0.000567764 0)
(1.16848 0.000142858 0)
(1.16446 -0.000413184 0)
(1.17182 -0.000628278 0)
(1.16847 -0.000301684 0)
(1.17537 0.000313447 0)
(1.16594 0.00195354 0)
(1.16034 0.00254577 0)
(1.14256 0.00395949 0)
(1.1234 0.00258264 0)
(1.11655 0.0028434 0)
(1.09245 -0.000778383 0)
(1.12598 -0.00298149 0)
(1.15532 -0.0118315 0)
(1.16095 -0.0109806 0)
(1.16647 -0.0100264 0)
(1.17161 -0.00895056 0)
(1.17649 -0.00779055 0)
(1.18072 -0.00651635 0)
(1.18451 -0.00515884 0)
(1.18732 -0.00371704 0)
(1.18956 -0.00220905 0)
(1.19038 -0.000717224 0)
(1.19064 0.000792608 0)
(1.18899 0.00207489 0)
(1.18724 0.00329806 0)
(1.18303 0.00393839 0)
(1.18009 0.00445299 0)
(1.17408 0.00394438 0)
(1.17217 0.00342086 0)
(1.16623 0.00168975 0)
(1.1686 0.000403215 0)
(1.16468 -0.00131965 0)
(1.17257 -0.00197327 0)
(1.16961 -0.0010415 0)
(1.17714 0.00086842 0)
(1.16763 0.00578466 0)
(1.16185 0.00763777 0)
(1.14327 0.0118521 0)
(1.12345 0.00775428 0)
(1.11609 0.00861021 0)
(1.09068 -0.00238293 0)
(1.12614 -0.00897565 0)
(1.15788 -0.0194552 0)
(1.16366 -0.0180503 0)
(1.16929 -0.0164752 0)
(1.17453 -0.0147001 0)
(1.17947 -0.0127876 0)
(1.18377 -0.0106835 0)
(1.18758 -0.00844271 0)
(1.19041 -0.00605482 0)
(1.19259 -0.00355983 0)
(1.19334 -0.00107716 0)
(1.19341 0.00142971 0)
(1.19154 0.0035797 0)
(1.18941 0.00561561 0)
(1.18481 0.0067012 0)
(1.18135 0.00754726 0)
(1.17486 0.0066844 0)
(1.17251 0.00577241 0)
(1.16626 0.00278882 0)
(1.16875 0.000581628 0)
(1.16504 -0.00245899 0)
(1.17394 -0.00359228 0)
(1.17174 -0.00214015 0)
(1.18051 0.00124693 0)
(1.17085 0.00950555 0)
(1.16472 0.0128157 0)
(1.14458 0.0198132 0)
(1.12355 0.0130128 0)
(1.11514 0.0146685 0)
(1.08724 -0.00415628 0)
(1.12642 -0.0151416 0)
(1.16147 -0.0269264 0)
(1.16748 -0.0249661 0)
(1.17327 -0.0227718 0)
(1.17863 -0.0203008 0)
(1.18366 -0.0176423 0)
(1.18805 -0.0147118 0)
(1.1919 -0.0115945 0)
(1.19476 -0.0082563 0)
(1.19686 -0.00477473 0)
(1.19751 -0.00127942 0)
(1.19731 0.00223546 0)
(1.19513 0.00529631 0)
(1.19247 0.00815854 0)
(1.18731 0.0097325 0)
(1.18307 0.0108931 0)
(1.1759 0.00965751 0)
(1.17287 0.00827789 0)
(1.16617 0.00389457 0)
(1.1688 0.000645318 0)
(1.16541 -0.00395575 0)
(1.17579 -0.00566287 0)
(1.17476 -0.00378399 0)
(1.18537 0.00138075 0)
(1.17548 0.0131711 0)
(1.16884 0.0182503 0)
(1.14638 0.0280496 0)
(1.12372 0.0185207 0)
(1.11366 0.0212844 0)
(1.08215 -0.00622331 0)
(1.12671 -0.0216915 0)
(1.16596 -0.034301 0)
(1.17225 -0.0317783 0)
(1.17822 -0.0289603 0)
(1.18374 -0.0257918 0)
(1.18888 -0.0223883 0)
(1.19339 -0.0186297 0)
(1.1973 -0.0146355 0)
(1.20021 -0.0103339 0)
(1.20222 -0.00585485 0)
(1.20275 -0.00130915 0)
(1.20221 0.00324232 0)
(1.19965 0.00728353 0)
(1.1963 0.0110041 0)
(1.19042 0.0131362 0)
(1.18515 0.014595 0)
(1.17707 0.012971 0)
(1.17312 0.0110128 0)
(1.16584 0.00503758 0)
(1.16862 0.000567998 0)
(1.16563 -0.00591906 0)
(1.17798 -0.00835137 0)
(1.17859 -0.00615591 0)
(1.19166 0.00120981 0)
(1.18145 0.0168111 0)
(1.17413 0.0241017 0)
(1.14856 0.0366983 0)
(1.12398 0.024439 0)
(1.11152 0.0286855 0)
(1.07537 -0.00867109 0)
(1.12693 -0.0287993 0)
(1.17122 -0.0416338 0)
(1.17783 -0.0385344 0)
(1.18403 -0.0350804 0)
(1.18972 -0.0312081 0)
(1.195 -0.0270554 0)
(1.19965 -0.0224636 0)
(1.20363 -0.0175861 0)
(1.2066 -0.0123026 0)
(1.20853 -0.00680427 0)
(1.20893 -0.00115675 0)
(1.20802 0.00447587 0)
(1.205 0.00959095 0)
(1.20082 0.0142195 0)
(1.19405 0.0170073 0)
(1.1875 0.0187471 0)
(1.17829 0.0167298 0)
(1.17314 0.0140471 0)
(1.16513 0.00625904 0)
(1.16804 0.00033315 0)
(1.16554 -0.00844121 0)
(1.18035 -0.0118195 0)
(1.18316 -0.00943108 0)
(1.19936 0.00068099 0)
(1.18871 0.0204547 0)
(1.18054 0.0305226 0)
(1.151 0.0458467 0)
(1.12436 0.0309311 0)
(1.10863 0.0370544 0)
(1.06684 -0.0115658 0)
(1.12697 -0.0366098 0)
(1.17715 -0.0489412 0)
(1.18412 -0.0452484 0)
(1.19055 -0.0411435 0)
(1.19644 -0.0365621 0)
(1.20188 -0.0316552 0)
(1.20669 -0.0262281 0)
(1.21076 -0.0204595 0)
(1.21382 -0.0141761 0)
(1.21567 -0.00763321 0)
(1.21595 -0.000824305 0)
(1.21463 0.00595106 0)
(1.21109 0.0122531 0)
(1.20596 0.0178584 0)
(1.19812 0.0214267 0)
(1.19003 0.0234304 0)
(1.17945 0.021035 0)
(1.1728 0.0174453 0)
(1.16391 0.0076046 0)
(1.16689 -8.59159e-05 0)
(1.16496 -0.0115937 0)
(1.18274 -0.0162333 0)
(1.18845 -0.0137856 0)
(1.20846 -0.000263517 0)
(1.19726 0.0241301 0)
(1.18802 0.0376571 0)
(1.1536 0.0555372 0)
(1.12493 0.0381591 0)
(1.10484 0.0465352 0)
(1.05648 -0.0149591 0)
(1.12673 -0.0452459 0)
(1.18364 -0.056244 0)
(1.191 -0.051937 0)
(1.19768 -0.0471629 0)
(1.20377 -0.0418685 0)
(1.20937 -0.0362029 0)
(1.21437 -0.0299434 0)
(1.21856 -0.0232755 0)
(1.22173 -0.0159805 0)
(1.22353 -0.00835667 0)
(1.2237 -0.000341065 0)
(1.22197 0.00765785 0)
(1.21785 0.0152841 0)
(1.21166 0.0219611 0)
(1.20258 0.0264638 0)
(1.19267 0.0287181 0)
(1.18046 0.0259819 0)
(1.17197 0.02127 0)
(1.16203 0.00913273 0)
(1.16499 -0.000682098 0)
(1.16371 -0.0154337 0)
(1.18501 -0.0217675 0)
(1.19441 -0.0193841 0)
(1.219 -0.00164529 0)
(1.20711 0.0278732 0)
(1.19652 0.0456402 0)
(1.15627 0.0657743 0)
(1.12574 0.0462785 0)
(1.10002 0.0572468 0)
(1.04425 -0.0188756 0)
(1.12608 -0.0548079 0)
(1.19061 -0.0635411 0)
(1.19839 -0.0585967 0)
(1.20531 -0.0531349 0)
(1.2116 -0.0471285 0)
(1.21737 -0.0407038 0)
(1.22257 -0.0336234 0)
(1.22691 -0.0260521 0)
(1.23022 -0.0177399 0)
(1.23201 -0.00900301 0)
(1.23209 0.000293581 0)
(1.22998 0.00960117 0)
(1.22524 0.0186914 0)
(1.21788 0.0265615 0)
(1.20737 0.0321773 0)
(1.19536 0.0346777 0)
(1.18125 0.0316627 0)
(1.17055 0.0255825 0)
(1.15938 0.01091 0)
(1.16218 -0.00142708 0)
(1.16158 -0.0200047 0)
(1.18698 -0.0286006 0)
(1.20107 -0.0264056 0)
(1.23101 -0.0034857 0)
(1.21826 0.0317264 0)
(1.20596 0.0545956 0)
(1.15893 0.0765293 0)
(1.12684 0.0554328 0)
(1.09404 0.0692875 0)
(1.03016 -0.0233084 0)
(1.12482 -0.0653689 0)
(1.198 -0.0708262 0)
(1.20619 -0.0652186 0)
(1.21334 -0.0590515 0)
(1.21982 -0.0523394 0)
(1.22576 -0.045162 0)
(1.23118 -0.0372813 0)
(1.2357 -0.0288107 0)
(1.23919 -0.0194849 0)
(1.24103 -0.00960559 0)
(1.24107 0.00103944 0)
(1.23859 0.011764 0)
(1.23321 0.0224696 0)
(1.22461 0.0316869 0)
(1.21245 0.0386144 0)
(1.19807 0.0413725 0)
(1.18175 0.0381624 0)
(1.16843 0.0304416 0)
(1.15583 0.0130082 0)
(1.1583 -0.00230679 0)
(1.15837 -0.0253316 0)
(1.18849 -0.0369286 0)
(1.20843 -0.0350385 0)
(1.24456 -0.00579695 0)
(1.23076 0.0357438 0)
(1.21627 0.0646339 0)
(1.16155 0.0877505 0)
(1.12823 0.0657424 0)
(1.08683 0.0827271 0)
(1.01436 -0.0282192 0)
(1.12256 -0.0769547 0)
(1.20572 -0.07808 0)
(1.21432 -0.071781 0)
(1.22167 -0.0648949 0)
(1.22831 -0.0574906 0)
(1.23441 -0.0495761 0)
(1.24008 -0.0409273 0)
(1.2448 -0.0315706 0)
(1.24853 -0.0212525 0)
(1.25049 -0.0101998 0)
(1.25055 0.00182615 0)
(1.24778 0.0141038 0)
(1.24174 0.0265971 0)
(1.23183 0.0373573 0)
(1.21781 0.0458118 0)
(1.20077 0.0488631 0)
(1.1819 0.045556 0)
(1.16555 0.0359068 0)
(1.1513 0.0155021 0)
(1.15321 -0.00328125 0)
(1.15388 -0.0314281 0)
(1.18936 -0.0469541 0)
(1.21655 -0.0454659 0)
(1.25971 -0.00860519 0)
(1.24461 0.0399914 0)
(1.2273 0.0758452 0)
(1.16421 0.0993917 0)
(1.12972 0.0772835 0)
(1.07851 0.097579 0)
(0.997164 -0.0335024 0)
(1.11845 -0.0894969 0)
(1.21373 -0.0852745 0)
(1.22272 -0.0782542 0)
(1.23021 -0.0706411 0)
(1.23699 -0.062566 0)
(1.24324 -0.0539419 0)
(1.24916 -0.0445685 0)
(1.25412 -0.0343526 0)
(1.25815 -0.0230799 0)
(1.26029 -0.0108347 0)
(1.26048 0.00261255 0)
(1.25751 0.0165885 0)
(1.25082 0.0310482 0)
(1.23955 0.0435879 0)
(1.22343 0.0537961 0)
(1.20344 0.0572055 0)
(1.18166 0.0539079 0)
(1.16183 0.0420367 0)
(1.1457 0.0184685 0)
(1.14676 -0.00429313 0)
(1.14792 -0.0382905 0)
(1.18941 -0.0588795 0)
(1.22544 -0.0578797 0)
(1.27651 -0.0119272 0)
(1.25985 0.0445493 0)
(1.23884 0.0882807 0)
(1.16713 0.111445 0)
(1.13082 0.090067 0)
(1.06953 0.113761 0)
(0.979143 -0.0389113 0)
(1.11086 -0.102757 0)
(1.22198 -0.0923729 0)
(1.23131 -0.0846002 0)
(1.23888 -0.0762605 0)
(1.24575 -0.0675449 0)
(1.25213 -0.0582517 0)
(1.25831 -0.0482086 0)
(1.26355 -0.0371778 0)
(1.26794 -0.0250062 0)
(1.27038 -0.011561 0)
(1.2708 0.00333702 0)
(1.26775 0.0191705 0)
(1.26044 0.0357874 0)
(1.24778 0.050389 0)
(1.2293 0.0625852 0)
(1.20609 0.0664516 0)
(1.18098 0.0632694 0)
(1.15727 0.048888 0)
(1.13896 0.0219826 0)
(1.13883 -0.00527024 0)
(1.14032 -0.0458958 0)
(1.18844 -0.0729082 0)
(1.23499 -0.0724675 0)
(1.2949 -0.0157066 0)
(1.2764 0.0495281 0)
(1.25059 0.101934 0)
(1.17072 0.123968 0)
(1.13067 0.104031 0)
(1.06079 0.131048 0)
(0.96107 -0.0439712 0)
(1.09746 -0.116245 0)
(1.23042 -0.0993294 0)
(1.24003 -0.0907736 0)
(1.24761 -0.0817189 0)
(1.2545 -0.0724025 0)
(1.26099 -0.0624942 0)
(1.26745 -0.0518472 0)
(1.27299 -0.0400668 0)
(1.27781 -0.0270713 0)
(1.28066 -0.0124359 0)
(1.28146 0.00393369 0)
(1.27848 0.0217947 0)
(1.27061 0.0407735 0)
(1.25654 0.0577659 0)
(1.23543 0.0721881 0)
(1.20875 0.0766511 0)
(1.17981 0.0736731 0)
(1.15188 0.0565208 0)
(1.13101 0.0261148 0)
(1.1293 -0.00613587 0)
(1.13102 -0.0542097 0)
(1.18617 -0.0892002 0)
(1.24479 -0.089382 0)
(1.31456 -0.019968 0)
(1.29401 0.0550291 0)
(1.26217 0.116716 0)
(1.17547 0.137098 0)
(1.12813 0.119028 0)
(1.05357 0.149058 0)
(0.943781 -0.0478568 0)
(1.07579 -0.129164 0)
(1.23902 -0.106092 0)
(1.24882 -0.0967248 0)
(1.2563 -0.08698 0)
(1.26316 -0.0771123 0)
(1.26973 -0.0666553 0)
(1.27648 -0.0554804 0)
(1.28234 -0.0430406 0)
(1.2877 -0.0293149 0)
(1.29108 -0.0135207 0)
(1.29245 0.00433251 0)
(1.28971 0.0243983 0)
(1.28137 0.0459623 0)
(1.26586 0.0657194 0)
(1.24184 0.0826073 0)
(1.21143 0.0878489 0)
(1.17812 0.0851343 0)
(1.14575 0.0649902 0)
(1.12171 0.0309483 0)
(1.11804 -0.00681877 0)
(1.12008 -0.0631716 0)
(1.1821 -0.107797 0)
(1.25361 -0.108716 0)
(1.33446 -0.0247691 0)
(1.31202 0.0611115 0)
(1.27313 0.132432 0)
(1.18171 0.151047 0)
(1.12215 0.134833 0)
(1.04909 0.167304 0)
(0.92785 -0.0494821 0)
(1.04437 -0.140506 0)
(1.24775 -0.1126 0)
(1.25764 -0.102401 0)
(1.26491 -0.0920077 0)
(1.27167 -0.0816468 0)
(1.27829 -0.0707172 0)
(1.28532 -0.0591013 0)
(1.29154 -0.0461201 0)
(1.2975 -0.0317759 0)
(1.30156 -0.0148784 0)
(1.30371 0.00446165 0)
(1.30141 0.0269107 0)
(1.29273 0.0513087 0)
(1.27574 0.0742464 0)
(1.24854 0.09384 0)
(1.21412 0.100088 0)
(1.17586 0.0976428 0)
(1.13895 0.0743626 0)
(1.11091 0.0365731 0)
(1.10492 -0.00729097 0)
(1.10766 -0.072656 0)
(1.17516 -0.128475 0)
(1.25883 -0.130463 0)
(1.35247 -0.0302392 0)
(1.32905 0.0677107 0)
(1.2829 0.148782 0)
(1.18934 0.166041 0)
(1.11216 0.151167 0)
(1.04798 0.185283 0)
(0.913212 -0.047824 0)
(1.0035 -0.149307 0)
(1.2566 -0.118792 0)
(1.26645 -0.107752 0)
(1.27339 -0.09677 0)
(1.27998 -0.0859787 0)
(1.28663 -0.0746591 0)
(1.29391 -0.062701 0)
(1.30048 -0.049323 0)
(1.30714 -0.0344888 0)
(1.31201 -0.0165707 0)
(1.31516 0.00425212 0)
(1.3135 0.0292577 0)
(1.30466 0.0567692 0)
(1.2861 0.083338 0)
(1.25551 0.105878 0)
(1.21675 0.113409 0)
(1.17295 0.111163 0)
(1.13154 0.0847146 0)
(1.09836 0.0430928 0)
(1.0898 -0.00756454 0)
(1.0938 -0.0823723 0)
(1.16335 -0.15053 0)
(1.25599 -0.154419 0)
(1.36489 -0.0367795 0)
(1.34286 0.0744925 0)
(1.29077 0.165341 0)
(1.19768 0.18223 0)
(1.09835 0.167713 0)
(1.04997 0.202584 0)
(0.899067 -0.0421825 0)
(0.955296 -0.154917 0)
(1.26558 -0.124601 0)
(1.27523 -0.112732 0)
(1.28171 -0.101239 0)
(1.28805 -0.090078 0)
(1.29468 -0.0784518 0)
(1.30213 -0.0662633 0)
(1.30903 -0.0526553 0)
(1.31639 -0.0374721 0)
(1.32219 -0.0186503 0)
(1.32652 0.00364258 0)
(1.32569 0.0313655 0)
(1.31691 0.0623034 0)
(1.29669 0.0929738 0)
(1.26257 0.118709 0)
(1.2191 0.127831 0)
(1.1693 0.125638 0)
(1.12338 0.0961315 0)
(1.0838 0.0506031 0)
(1.0726 -0.00765328 0)
(1.07776 -0.0917391 0)
(1.1435 -0.172633 0)
(1.23921 -0.180076 0)
(1.36674 -0.044944 0)
(1.35038 0.0808139 0)
(1.29576 0.18156 0)
(1.2055 0.199597 0)
(1.0816 0.184144 0)
(1.05396 0.218987 0)
(0.884255 -0.0323732 0)
(0.902928 -0.157149 0)
(1.2747 -0.129959 0)
(1.28395 -0.117307 0)
(1.28983 -0.105387 0)
(1.29579 -0.0938995 0)
(1.30227 -0.0820453 0)
(1.3097 -0.0697468 0)
(1.31679 -0.0560892 0)
(1.32474 -0.0407054 0)
(1.33145 -0.0211354 0)
(1.33706 0.0025838 0)
(1.33725 0.0331561 0)
(1.32879 0.0678619 0)
(1.30689 0.103107 0)
(1.26926 0.132302 0)
(1.2207 0.143343 0)
(1.16471 0.141 0)
(1.11404 0.108699 0)
(1.06705 0.0591436 0)
(1.05316 -0.007458 0)
(1.05746 -0.0998002 0)
(1.11178 -0.192981 0)
(1.20291 -0.206666 0)
(1.35287 -0.0554727 0)
(1.34822 0.0857398 0)
(1.29671 0.196776 0)
(1.21127 0.217917 0)
(1.06322 0.200149 0)
(1.05845 0.234499 0)
(0.867825 -0.0186652 0)
(0.849724 -0.156237 0)
(1.28394 -0.134774 0)
(1.29248 -0.121431 0)
(1.29753 -0.109154 0)
(1.30287 -0.0973508 0)
(1.30889 -0.0853364 0)
(1.31588 -0.0730488 0)
(1.3228 -0.0595224 0)
(1.33095 -0.0440982 0)
(1.33835 -0.0239749 0)
(1.34518 0.00107326 0)
(1.34656 0.0345402 0)
(1.33881 0.0733552 0)
(1.31545 0.11363 0)
(1.27461 0.146579 0)
(1.22078 0.159861 0)
(1.15878 0.157182 0)
(1.10276 0.122459 0)
(1.04808 0.0686889 0)
(1.03098 -0.00657006 0)
(1.02945 -0.105305 0)
(1.06489 -0.209804 0)
(1.14433 -0.233414 0)
(1.31981 -0.069217 0)
(1.33363 0.0881468 0)
(1.29246 0.210261 0)
(1.21357 0.236762 0)
(1.04453 0.215455 0)
(1.06196 0.249293 0)
(0.849417 -0.00162126 0)
(0.798479 -0.152683 0)
(1.29301 -0.138914 0)
(1.30036 -0.12502 0)
(1.30416 -0.112404 0)
(1.30835 -0.100246 0)
(1.31326 -0.0881201 0)
(1.31902 -0.0759524 0)
(1.32501 -0.0627294 0)
(1.33261 -0.0474474 0)
(1.34018 -0.027039 0)
(1.34796 -0.000798305 0)
(1.35078 0.0354348 0)
(1.34437 0.078619 0)
(1.32029 0.124326 0)
(1.277 0.161368 0)
(1.21816 0.177199 0)
(1.15075 0.174108 0)
(1.08857 0.137368 0)
(1.02691 0.0791849 0)
(1.00484 -0.00418099 0)
(0.989953 -0.106998 0)
(1.00165 -0.222005 0)
(1.06513 -0.259782 0)
(1.26725 -0.0867722 0)
(1.30538 0.086987 0)
(1.28215 0.22131 0)
(1.21133 0.255568 0)
(1.0266 0.22984 0)
(1.06335 0.263609 0)
(0.829265 0.0182191 0)
(0.751157 -0.147101 0)
(1.30105 -0.142158 0)
(1.30638 -0.127883 0)
(1.30817 -0.114846 0)
(1.31023 -0.102244 0)
(1.31284 -0.0900312 0)
(1.31606 -0.0780729 0)
(1.31988 -0.0653233 0)
(1.3257 -0.0504161 0)
(1.33264 -0.0301128 0)
(1.34096 -0.00300568 0)
(1.34566 0.0357218 0)
(1.34173 0.0833867 0)
(1.31843 0.134832 0)
(1.27417 0.176348 0)
(1.21133 0.195044 0)
(1.13952 0.191665 0)
(1.07053 0.153254 0)
(1.00337 0.0906489 0)
(0.972788 0.000686325 0)
(0.936638 -0.104005 0)
(0.923782 -0.229497 0)
(0.970827 -0.285538 0)
(1.19802 -0.108271 0)
(1.26411 0.0815568 0)
(1.26549 0.229364 0)
(1.20398 0.273734 0)
(1.01007 0.243127 0)
(1.06194 0.277672 0)
(0.807972 0.0401575 0)
(0.708865 -0.14011 0)
(1.30613 -0.144088 0)
(1.30813 -0.129614 0)
(1.30658 -0.11596 0)
(1.30489 -0.1028 0)
(1.30339 -0.0905107 0)
(1.30223 -0.0788457 0)
(1.30215 -0.0667673 0)
(1.30469 -0.0525734 0)
(1.31006 -0.0329317 0)
(1.31865 -0.00558333 0)
(1.32611 0.0351649 0)
(1.32642 0.0872335 0)
(1.30637 0.14461 0)
(1.26347 0.191023 0)
(1.19857 0.212959 0)
(1.1237 0.209654 0)
(1.04795 0.169837 0)
(0.976861 0.103243 0)
(0.93267 0.00920766 0)
(0.869832 -0.0961266 0)
(0.835361 -0.233012 0)
(0.868522 -0.310639 0)
(1.11695 -0.133385 0)
(1.212 0.0716155 0)
(1.24278 0.234094 0)
(1.19151 0.290712 0)
(0.995201 0.255184 0)
(1.0575 0.291642 0)
(0.78626 0.0633676 0)
(0.672074 -0.132253 0)
(1.30467 -0.144079 0)
(1.30145 -0.129534 0)
(1.29461 -0.114979 0)
(1.28688 -0.101184 0)
(1.27893 -0.0888483 0)
(1.27128 -0.0776078 0)
(1.26549 -0.0664923 0)
(1.26342 -0.0535223 0)
(1.26666 -0.0353117 0)
(1.27579 -0.0086079 0)
(1.28749 0.0333831 0)
(1.29445 0.089562 0)
(1.28086 0.152959 0)
(1.24243 0.204738 0)
(1.17823 0.230406 0)
(1.10193 0.227764 0)
(1.02046 0.186783 0)
(0.946372 0.117251 0)
(0.883111 0.022058 0)
(0.792308 -0.0838812 0)
(0.74144 -0.233643 0)
(0.764639 -0.335102 0)
(1.0293 -0.161451 0)
(1.15209 0.0573556 0)
(1.21483 0.235424 0)
(1.17432 0.306068 0)
(0.981921 0.265926 0)
(1.0501 0.305604 0)
(0.764793 0.0872015 0)
(0.640813 -0.123982 0)
(1.29119 -0.141376 0)
(1.28031 -0.126683 0)
(1.26567 -0.110965 0)
(1.24926 -0.0965957 0)
(1.23257 -0.084348 0)
(1.21674 -0.0738178 0)
(1.20415 -0.0641436 0)
(1.19714 -0.0531274 0)
(1.19867 -0.0373168 0)
(1.20952 -0.0123725 0)
(1.22751 0.0298764 0)
(1.24377 0.0897041 0)
(1.24001 0.159122 0)
(1.20944 0.216771 0)
(1.1491 0.246815 0)
(1.07327 0.24558 0)
(0.987998 0.203787 0)
(0.910713 0.132985 0)
(0.82413 0.0390553 0)
(0.708252 -0.0683162 0)
(0.646861 -0.232503 0)
(0.664092 -0.358946 0)
(0.939848 -0.191628 0)
(1.08763 0.0392945 0)
(1.18269 0.233508 0)
(1.15311 0.319511 0)
(0.969995 0.27532 0)
(1.04001 0.319578 0)
(0.744094 0.111062 0)
(0.614852 -0.115652 0)
(1.25839 -0.134969 0)
(1.23719 -0.119868 0)
(1.21221 -0.103017 0)
(1.18497 -0.0884245 0)
(1.15838 -0.0766548 0)
(1.13426 -0.0674079 0)
(1.11555 -0.0599007 0)
(1.10501 -0.0517543 0)
(1.10661 -0.0393908 0)
(1.12122 -0.0173566 0)
(1.14769 0.0241428 0)
(1.17537 0.0871191 0)
(1.18406 0.162484 0)
(1.16426 0.226491 0)
(1.1108 0.26166 0)
(1.0374 0.26265 0)
(0.950688 0.220627 0)
(0.869004 0.150645 0)
(0.757152 0.0596399 0)
(0.62201 -0.0507121 0)
(0.555745 -0.230514 0)
(0.570465 -0.382094 0)
(0.852447 -0.223059 0)
(1.02162 0.0181413 0)
(1.1475 0.228666 0)
(1.1287 0.330891 0)
(0.959116 0.283379 0)
(1.02761 0.333532 0)
(0.724531 0.134484 0)
(0.593817 -0.107531 0)
(1.1978 -0.123806 0)
(1.16431 -0.108062 0)
(1.12756 -0.0907293 0)
(1.08937 -0.0767207 0)
(1.05438 -0.0662081 0)
(1.02448 -0.0591174 0)
(1.00262 -0.0546475 0)
(0.991676 -0.0502835 0)
(0.996141 -0.042269 0)
(1.01677 -0.0240546 0)
(1.05328 0.0158831 0)
(1.09331 0.0816099 0)
(1.11551 0.162802 0)
(1.10821 0.233543 0)
(1.06383 0.27456 0)
(0.994739 0.278568 0)
(0.908822 0.237184 0)
(0.821013 0.170235 0)
(0.684529 0.0828417 0)
(0.537392 -0.0323316 0)
(0.471404 -0.228214 0)
(0.486347 -0.40423 0)
(0.769743 -0.254937 0)
(0.956499 -0.00529305 0)
(1.11033 0.221337 0)
(1.10199 0.340176 0)
(0.948976 0.290162 0)
(1.01331 0.347399 0)
(0.706326 0.157118 0)
(0.577251 -0.0998038 0)
(1.10185 -0.107691 0)
(1.05586 -0.09104 0)
(1.00901 -0.0747902 0)
(0.963671 -0.062709 0)
(0.925214 -0.0545186 0)
(0.894525 -0.050452 0)
(0.874013 -0.0496748 0)
(0.866434 -0.0496699 0)
(0.876445 -0.0465106 0)
(0.904634 -0.0326672 0)
(0.951555 0.00520809 0)
(1.00345 0.0733377 0)
(1.0385 0.160173 0)
(1.04378 0.237917 0)
(1.00953 0.285361 0)
(0.946312 0.293065 0)
(0.862836 0.253412 0)
(0.767223 0.191537 0)
(0.608952 0.107527 0)
(0.457502 -0.0143203 0)
(0.396384 -0.225688 0)
(0.413361 -0.424909 0)
(0.692964 -0.286634 0)
(0.894078 -0.0302634 0)
(1.07212 0.212015 0)
(1.07378 0.347436 0)
(0.939312 0.29576 0)
(0.997475 0.361097 0)
(0.689586 0.178702 0)
(0.564657 -0.0925672 0)
(0.966841 -0.086336 0)
(0.911337 -0.0696674 0)
(0.861614 -0.0573643 0)
(0.817304 -0.0488219 0)
(0.782473 -0.0437621 0)
(0.756485 -0.0430675 0)
(0.741381 -0.0460523 0)
(0.739966 -0.0504247 0)
(0.756977 -0.0521399 0)
(0.79295 -0.0429926 0)
(0.849377 -0.00753333 0)
(0.911849 0.0623597 0)
(0.957972 0.154293 0)
(0.974291 0.239244 0)
(0.949934 0.293804 0)
(0.893573 0.305934 0)
(0.81334 0.269282 0)
(0.708668 0.214259 0)
(0.532981 0.132979 0)
(0.384798 0.00205662 0)
(0.332566 -0.2232 0)
(0.351985 -0.444416 0)
(0.622249 -0.317861 0)
(0.835539 -0.0565563 0)
(1.03368 0.200852 0)
(1.04483 0.352813 0)
(0.929912 0.300277 0)
(0.980451 0.374551 0)
(0.674314 0.199099 0)
(0.555519 -0.0858543 0)
(0.792463 -0.0584838 0)
(0.739235 -0.0474466 0)
(0.700255 -0.042039 0)
(0.666321 -0.0375549 0)
(0.640774 -0.0355661 0)
(0.622879 -0.0381445 0)
(0.615187 -0.0447842 0)
(0.62084 -0.0534749 0)
(0.644643 -0.0600258 0)
(0.687314 -0.0555623 0)
(0.751562 -0.022979 0)
(0.823614 0.04875 0)
(0.879506 0.145501 0)
(0.9045 0.23707 0)
(0.888409 0.298855 0)
(0.838861 0.31676 0)
(0.761319 0.28532 0)
(0.646601 0.238891 0)
(0.458589 0.159076 0)
(0.321027 0.0191025 0)
(0.281167 -0.22325 0)
(0.301624 -0.46474 0)
(0.55767 -0.34851 0)
(0.781476 -0.0837348 0)
(0.996029 0.187944 0)
(1.0159 0.355978 0)
(0.920593 0.303809 0)
(0.962599 0.387606 0)
(0.660353 0.218271 0)
(0.549331 -0.0798669 0)
(0.606835 -0.047135 8.29144e-21)
(0.590851 -0.0366301 -1.70682e-21)
(0.571221 -0.0334794 2.59463e-21)
(0.549172 -0.0307454 -8.51532e-21)
(0.532413 -0.0311583 4.0403e-21)
(0.521556 -0.0369478 -4.18506e-21)
(0.519951 -0.047484 -2.06092e-21)
(0.530939 -0.0605164 5.34341e-21)
(0.559304 -0.0712699 1.6724e-22)
(0.606022 -0.0695744 -5.42313e-21)
(0.675238 -0.0358757 6.6936e-22)
(0.755405 0.0412293 7.82265e-21)
(0.820254 0.148016 1.78968e-21)
(0.851011 0.24836 -8.37521e-21)
(0.838598 0.315417 2.05809e-22)
(0.791622 0.334789 6.24952e-22)
(0.712905 0.304633 1.32208e-21)
(0.588682 0.261856 3.01772e-22)
(0.397061 0.177263 -1.93752e-22)
(0.275118 0.0245094 3.37352e-22)
(0.248248 -0.23039 -1.45365e-22)
(0.267619 -0.483921 -1.2216e-23)
(0.509019 -0.372811 2.68663e-22)
(0.73913 -0.103046 -4.99355e-22)
(0.966042 0.181574 1.36659e-21)
(0.991722 0.360883 -5.1514e-22)
(0.912233 0.307439 1.44182e-23)
(0.94607 0.399382 8.62125e-24)
(0.64875 0.233062 3.85541e-23)
(0.54613 -0.0759119 2.02148e-23)
(0.482292 -0.0478887 2.19061e-21)
(0.46892 -0.0336455 -6.01336e-21)
(0.460757 -0.0297324 2.83829e-21)
(0.448121 -0.0279031 3.83824e-21)
(0.439272 -0.0298359 -1.56436e-21)
(0.43508 -0.0375885 3.72943e-21)
(0.439471 -0.0502746 -4.72788e-21)
(0.455784 -0.0653555 -1.01886e-21)
(0.488588 -0.0774883 3.59408e-21)
(0.538718 -0.0757883 -1.48136e-21)
(0.610726 -0.0401881 3.55033e-21)
(0.696002 0.0398924 2.6442e-21)
(0.768196 0.150396 -5.77276e-21)
(0.804467 0.253406 3.87592e-22)
(0.795812 0.321802 8.19046e-22)
(0.751186 0.34156 -3.08459e-21)
(0.670951 0.313604 1.46399e-21)
(0.539166 0.274964 -4.23551e-22)
(0.34699 0.186854 -1.63145e-22)
(0.240643 0.0223299 3.35992e-22)
(0.227097 -0.239464 -1.64389e-22)
(0.247197 -0.495943 5.457e-22)
(0.477258 -0.385655 6.3107e-23)
(0.706756 -0.114943 1.62218e-22)
(0.941374 0.176306 -1.63817e-21)
(0.971975 0.363283 -8.90422e-24)
(0.905278 0.309248 -5.02429e-23)
(0.931866 0.408338 3.83915e-23)
(0.640016 0.244485 -2.20945e-22)
(0.544681 -0.0729518 -3.72096e-23)
(0.38433 -0.0457939 -9.10849e-22)
(0.366944 -0.0322515 1.79774e-21)
(0.364784 -0.0281994 5.47094e-21)
(0.358423 -0.0271048 -4.56833e-21)
(0.35587 -0.0303053 6.74835e-21)
(0.357418 -0.0397183 9.26304e-22)
(0.367219 -0.0542186 -5.69031e-21)
(0.388293 -0.0711032 5.51661e-21)
(0.424764 -0.0844608 -1.93183e-22)
(0.477046 -0.0827982 4.17902e-22)
(0.549626 -0.0458942 -4.663e-21)
(0.636854 0.0377644 3.44116e-21)
(0.71422 0.151409 1.12749e-21)
(0.75549 0.256678 -1.07632e-21)
(0.750864 0.326061 -1.18864e-21)
(0.708706 0.346422 2.69491e-22)
(0.626506 0.321535 1.21813e-21)
(0.487748 0.287036 -1.5166e-22)
(0.298273 0.194276 2.83923e-23)
(0.210849 0.0188847 -1.26896e-22)
(0.212074 -0.248882 5.65966e-23)
(0.230751 -0.507842 1.06701e-22)
(0.4491 -0.398783 -7.77979e-22)
(0.675781 -0.127163 1.36491e-21)
(0.916217 0.170423 -5.35075e-22)
(0.952014 0.364657 4.29469e-22)
(0.898066 0.310549 9.55055e-23)
(0.916867 0.417105 -5.77936e-23)
(0.632022 0.255435 2.20267e-22)
(0.544335 -0.0702401 3.82584e-23)
(0.301778 -0.0425294 3.85932e-22)
(0.281593 -0.0306045 1.79898e-21)
(0.282906 -0.0273922 -1.00038e-20)
(0.280428 -0.0272541 6.44326e-21)
(0.282561 -0.0317964 -4.23805e-21)
(0.288661 -0.0429085 4.07421e-21)
(0.302874 -0.0592291 -2.12203e-21)
(0.327671 -0.0778701 -8.72204e-23)
(0.366655 -0.0923301 3.789e-21)
(0.419821 -0.0905691 1.93056e-21)
(0.491394 -0.0522613 -6.83724e-22)
(0.578313 0.0343033 1.30462e-21)
(0.658918 0.151332 -5.3973e-21)
(0.704493 0.259662 5.09082e-21)
(0.703991 0.330838 -4.73198e-21)
(0.66423 0.352605 -5.37467e-22)
(0.579655 0.331377 1.80431e-21)
(0.434896 0.300398 -1.46824e-22)
(0.25197 0.201143 1.24486e-23)
(0.186338 0.0141176 -1.16367e-22)
(0.202502 -0.258488 -1.04365e-22)
(0.21748 -0.519263 -1.90526e-22)
(0.422762 -0.412099 7.99935e-22)
(0.645713 -0.14024 -3.89594e-22)
(0.890664 0.163895 7.19363e-22)
(0.931955 0.365471 -7.79631e-22)
(0.890544 0.31179 1.05775e-22)
(0.901086 0.426036 2.18963e-24)
(0.62474 0.265996 -6.99495e-23)
(0.544999 -0.0677463 4.75853e-23)
(0.23081 -0.0403843 5.56266e-22)
(0.210042 -0.0292809 2.89064e-21)
(0.213706 -0.0272608 4.12535e-21)
(0.21345 -0.0282176 -2.54249e-21)
(0.218865 -0.0341622 -2.51748e-21)
(0.228251 -0.0469477 -6.1989e-22)
(0.245667 -0.0650031 8.99705e-22)
(0.272926 -0.0851985 -4.28279e-21)
(0.313133 -0.100479 3.34859e-21)
(0.366002 -0.0983619 1.78099e-21)
(0.435452 -0.0586321 2.51412e-23)
(0.520513 0.0303182 1.89235e-21)
(0.602737 0.150456 -1.08877e-20)
(0.65186 0.262012 2.41679e-21)
(0.655436 0.335461 -7.88751e-22)
(0.617826 0.359425 -1.20403e-21)
(0.530573 0.342455 2.83976e-22)
(0.381221 0.3143 7.08724e-23)
(0.209151 0.20683 1.01501e-22)
(0.167354 0.00769831 -1.75816e-23)
(0.198031 -0.268224 1.92107e-22)
(0.207552 -0.529909 -3.13341e-22)
(0.397842 -0.425172 -1.50628e-21)
(0.6163 -0.153781 1.33862e-21)
(0.864809 0.156766 -9.01424e-22)
(0.91192 0.365699 3.52285e-22)
(0.882662 0.312978 -1.05958e-22)
(0.884544 0.435115 -3.71507e-24)
(0.618121 0.276104 -1.01858e-22)
(0.546582 -0.0654751 -2.0699e-23)
(0.170007 -0.0393286 -3.16438e-21)
(0.150116 -0.0283169 6.03927e-22)
(0.155441 -0.0276767 1.92674e-21)
(0.156258 -0.0298003 3.32616e-21)
(0.163772 -0.0372108 -3.83595e-21)
(0.17521 -0.0516209 3.52864e-22)
(0.194567 -0.0712865 -7.38882e-23)
(0.222979 -0.0928258 -5.11918e-21)
(0.263163 -0.108687 7.42525e-21)
(0.314707 -0.10604 -9.71789e-21)
(0.381289 -0.0649583 1.07604e-21)
(0.463488 0.0260556 3.89032e-21)
(0.546011 0.148881 3.3569e-21)
(0.597927 0.263545 -1.91006e-21)
(0.605424 0.339524 1.84782e-21)
(0.569598 0.366387 -6.6373e-22)
(0.47956 0.354185 -1.39287e-22)
(0.327506 0.327962 3.04703e-22)
(0.170868 0.210702 2.3657e-23)
(0.153912 -0.000423059 5.0255e-23)
(0.198352 -0.27794 -2.79888e-22)
(0.201136 -0.539588 5.39544e-22)
(0.374302 -0.437869 5.72902e-22)
(0.587443 -0.167652 6.29976e-23)
(0.83875 0.149037 9.18253e-22)
(0.892022 0.36525 2.54661e-22)
(0.874376 0.314067 1.72836e-22)
(0.867273 0.444242 -5.92189e-23)
(0.612115 0.285678 3.72336e-22)
(0.548996 -0.0634373 -6.51577e-23)
(0.118462 -0.038919 -4.77396e-21)
(0.100029 -0.0276217 2.3906e-21)
(0.106354 -0.0284626 -2.79667e-21)
(0.107414 -0.0317751 6.48457e-22)
(0.116023 -0.0407009 -3.16435e-21)
(0.128371 -0.0566767 2.41767e-21)
(0.148461 -0.0778248 4.49788e-21)
(0.176807 -0.100516 1.54932e-22)
(0.215872 -0.11677 -9.7476e-22)
(0.265255 -0.113495 -1.08272e-21)
(0.328491 -0.0711596 5.26392e-21)
(0.40723 0.021558 -5.35187e-21)
(0.489025 0.146669 -3.77652e-22)
(0.543029 0.264324 8.73642e-22)
(0.554177 0.343108 8.25656e-22)
(0.519693 0.373558 7.83379e-22)
(0.427028 0.366444 2.12565e-22)
(0.274657 0.34097 -3.18891e-22)
(0.138023 0.212447 -2.7587e-23)
(0.145847 -0.0102117 1.04136e-22)
(0.203081 -0.287499 -1.40925e-22)
(0.198347 -0.548122 -3.78061e-22)
(0.352235 -0.450052 -1.13899e-21)
(0.559154 -0.181819 4.30462e-22)
(0.812609 0.140697 1.18679e-21)
(0.872374 0.364098 2.72644e-22)
(0.865647 0.31507 -8.40251e-23)
(0.849311 0.453351 4.95525e-24)
(0.606673 0.294654 -3.28895e-22)
(0.552155 -0.0616409 -7.14838e-24)
(0.0751835 -0.0387299 1.38899e-21)
(0.0582081 -0.0271095 -4.36309e-21)
(0.0648195 -0.029467 5.60841e-21)
(0.0654838 -0.0339457 -6.90239e-21)
(0.0743279 -0.0444028 -2.74062e-21)
(0.086572 -0.061864 8.80028e-21)
(0.106323 -0.0843668 -7.57709e-21)
(0.133556 -0.108038 3.15855e-21)
(0.170612 -0.124546 -5.47556e-21)
(0.217194 -0.120617 8.5076e-21)
(0.276782 -0.0771722 -2.61688e-23)
(0.351732 0.0168733 -3.42976e-21)
(0.432038 0.143888 -1.51241e-21)
(0.487502 0.264424 1.41817e-21)
(0.501929 0.346324 4.09612e-24)
(0.468318 0.381035 -6.34586e-22)
(0.373509 0.379114 4.81048e-23)
(0.223664 0.352946 -5.54665e-22)
(0.111293 0.211862 1.56777e-23)
(0.142857 -0.0215362 -1.07794e-22)
(0.211751 -0.296784 -2.6893e-22)
(0.199237 -0.555356 1.88238e-23)
(0.331811 -0.461568 1.81918e-21)
(0.531543 -0.196229 -1.64337e-21)
(0.786534 0.131738 -2.14125e-22)
(0.853082 0.362257 -2.66696e-22)
(0.85644 0.316023 -7.40475e-23)
(0.830704 0.462407 -1.31348e-23)
(0.601752 0.302982 7.81471e-23)
(0.555977 -0.0600918 6.07838e-23)
(0.0390305 -0.0384382 1.07359e-21)
(0.0232379 -0.0266351 -7.25406e-21)
(0.0294032 -0.0305597 2.3888e-21)
(0.0291735 -0.03613 4.57749e-21)
(0.0375118 -0.0481112 -1.04142e-22)
(0.0487978 -0.0669527 5.08896e-23)
(0.0673174 -0.0906866 3.52262e-21)
(0.0925996 -0.115196 8.87192e-22)
(0.126971 -0.131871 -2.70919e-21)
(0.170281 -0.127327 -1.95247e-21)
(0.22603 -0.0829699 2.47721e-21)
(0.297027 0.0120449 -6.95389e-22)
(0.375297 0.140602 -2.30388e-21)
(0.431668 0.263898 2.77042e-21)
(0.448916 0.349232 -6.46899e-22)
(0.415762 0.388807 -5.7091e-22)
(0.319653 0.391958 1.02833e-21)
(0.175563 0.363465 1.15327e-23)
(0.0910947 0.208792 -3.46343e-22)
(0.144535 -0.0342114 -2.28686e-22)
(0.223837 -0.305707 3.68821e-22)
(0.20379 -0.56117 8.62326e-22)
(0.313242 -0.472262 -2.02698e-21)
(0.5048 -0.21082 8.4845e-22)
(0.760703 0.122156 -6.88052e-22)
(0.83425 0.359749 1.15267e-24)
(0.846725 0.316967 -3.91528e-22)
(0.811505 0.471375 -1.53116e-22)
(0.597313 0.310615 3.87984e-23)
(0.560381 -0.058795 -7.84007e-24)
(0.00880099 -0.0378775 2.39629e-21)
(-0.00612612 -0.0259583 -6.06264e-21)
(-0.00110309 -0.03164 1.58687e-21)
(-0.00259997 -0.0381451 4.93494e-21)
(0.00460511 -0.0516482 -7.48459e-21)
(0.0142554 -0.0717499 -2.78428e-21)
(0.0308487 -0.0965966 3.87724e-21)
(0.0535589 -0.12183 -1.55328e-21)
(0.0847665 -0.138639 1.11528e-21)
(0.124471 -0.133576 -1.33905e-23)
(0.176251 -0.0885405 9.18144e-22)
(0.243214 0.00711352 -1.7193e-21)
(0.31905 0.136864 -7.5784e-22)
(0.375843 0.262801 -1.19103e-21)
(0.395395 0.351877 -2.20297e-22)
(0.362408 0.396811 1.92195e-21)
(0.266225 0.404671 -9.08799e-22)
(0.13139 0.372104 3.3649e-23)
(0.077567 0.20316 2.37689e-22)
(0.150397 -0.0480202 -1.21582e-22)
(0.238801 -0.314207 8.42709e-23)
(0.21191 -0.565483 1.31278e-22)
(0.296764 -0.481983 7.98763e-22)
(0.479186 -0.225521 -1.4341e-22)
(0.735323 0.111957 -3.24224e-22)
(0.815975 0.356599 -4.69003e-22)
(0.836476 0.317937 6.48542e-22)
(0.791774 0.480216 2.23042e-22)
(0.593323 0.31751 -2.25334e-22)
(0.565293 -0.057754 2.32273e-24)
(-0.0166061 -0.0368139 -5.71659e-23)
(-0.0309358 -0.0250819 -2.67873e-21)
(-0.0276748 -0.0324911 3.74188e-21)
(-0.0306759 -0.039836 -1.0506e-22)
(-0.0251238 -0.0548215 -3.16697e-21)
(-0.0176014 -0.07611 2.9812e-21)
(-0.00343493 -0.101957 7.45912e-22)
(0.0162796 -0.127824 8.09865e-22)
(0.0440097 -0.144774 -2.25084e-22)
(0.0798827 -0.139326 -3.27867e-21)
(0.127597 -0.0938748 1.64667e-21)
(0.190464 0.002217 -3.78205e-22)
(0.263561 0.13272 -8.72171e-23)
(0.320333 0.261192 3.22838e-21)
(0.341656 0.354303 -2.56384e-21)
(0.308747 0.404941 -1.86944e-22)
(0.214086 0.416918 -4.95931e-22)
(0.0921209 0.378482 -5.28004e-23)
(0.0705721 0.194985 1.11298e-22)
(0.159915 -0.0627182 2.16533e-22)
(0.25612 -0.322249 -1.26235e-22)
(0.223423 -0.568252 -3.37929e-22)
(0.282615 -0.490599 -4.02988e-22)
(0.455006 -0.240263 -3.9975e-22)
(0.710621 0.101153 8.69254e-22)
(0.798343 0.352843 -2.20914e-22)
(0.825671 0.31897 -1.24145e-22)
(0.771577 0.48889 -8.71363e-23)
(0.589753 0.323626 8.36557e-23)
(0.570641 -0.0569712 3.45092e-24)
(-0.0380241 -0.0348961 2.24607e-21)
(-0.0520434 -0.0241912 -2.6632e-21)
(-0.0509914 -0.0328768 -1.13402e-21)
(-0.0556763 -0.0411361 7.29959e-22)
(-0.0521674 -0.0574723 1.73337e-21)
(-0.0470948 -0.0798569 -1.42633e-21)
(-0.0356689 -0.106659 -6.10603e-22)
(-0.0192045 -0.133103 2.71251e-21)
(0.00486826 -0.150227 -4.42811e-22)
(0.0367653 -0.144545 5.06035e-22)
(0.0803445 -0.0989705 2.76477e-22)
(0.139022 -0.00283039 -8.88277e-22)
(0.209102 0.128216 1.24369e-21)
(0.265458 0.259131 -4.50318e-21)
(0.288044 0.356537 1.43186e-21)
(0.255379 0.413054 1.386e-21)
(0.164156 0.428354 1.97709e-22)
(0.0586247 0.38228 -5.91977e-22)
(0.0697203 0.184387 5.71413e-22)
(0.172549 -0.0780561 -4.95356e-22)
(0.275313 -0.329827 4.38837e-22)
(0.238093 -0.569475 -3.38364e-22)
(0.271032 -0.497993 -2.12883e-22)
(0.432582 -0.254971 2.59941e-22)
(0.686835 0.0897673 -2.4902e-22)
(0.781433 0.348526 1.01151e-21)
(0.814292 0.320102 -3.09618e-22)
(0.750986 0.497354 2.15802e-22)
(0.586575 0.328931 1.37251e-22)
(0.576358 -0.0564475 6.17693e-24)
(-0.0560444 -0.0320924 -2.67464e-21)
(-0.0701207 -0.0231795 9.14207e-22)
(-0.0715099 -0.0327069 -9.69616e-22)
(-0.0780161 -0.0419873 -6.97375e-22)
(-0.0767812 -0.059514 1.15835e-21)
(-0.0743475 -0.0828857 -2.21155e-21)
(-0.0658301 -0.110599 9.28408e-22)
(-0.0527203 -0.137626 1.35171e-21)
(-0.0323742 -0.154972 1.82309e-21)
(-0.00453717 -0.149229 -1.9973e-21)
(0.0348127 -0.103791 -2.57158e-21)
(0.0892082 -0.00818674 2.98148e-22)
(0.156028 0.12339 -6.30239e-22)
(0.211562 0.256674 8.88446e-22)
(0.234986 0.358579 8.12084e-22)
(0.203013 0.420966 -8.28167e-22)
(0.117378 0.438661 1.76454e-22)
(0.0316029 0.383246 6.21633e-22)
(0.0744181 0.171608 -4.8921e-22)
(0.187774 -0.0937997 6.26594e-22)
(0.295955 -0.336957 2.69368e-22)
(0.255627 -0.569186 5.60278e-22)
(0.262237 -0.504077 1.31904e-22)
(0.412213 -0.269569 -3.98719e-22)
(0.664204 0.0778377 -1.9205e-22)
(0.765307 0.343706 -1.98481e-22)
(0.802327 0.321371 1.35209e-22)
(0.730082 0.50557 -1.30318e-22)
(0.583764 0.333396 -9.25967e-23)
(0.582383 -0.0561825 -5.68888e-23)
(-0.0711542 -0.0286104 2.03455e-21)
(-0.0856251 -0.021838 -1.301e-21)
(-0.0895253 -0.031946 7.43291e-22)
(-0.0979215 -0.0422894 8.88478e-22)
(-0.0990666 -0.0608701 -9.10402e-22)
(-0.099334 -0.0851813 -1.50033e-21)
(-0.093766 -0.113726 7.7765e-22)
(-0.0840031 -0.141348 -7.36205e-22)
(-0.0673622 -0.159006 1.98673e-21)
(-0.0436118 -0.15344 -1.29273e-21)
(-0.00858636 -0.108283 -7.92564e-22)
(0.0414038 -0.0135633 -5.65818e-23)
(0.104725 0.118308 5.25702e-21)
(0.15904 0.253867 -1.747e-21)
(0.182998 0.360402 3.45513e-22)
(0.152441 0.428461 -1.0728e-21)
(0.07463 0.447322 8.76367e-23)
(0.0114933 0.381378 -4.19042e-22)
(0.0839478 0.156996 1.6168e-22)
(0.205112 -0.109742 -7.24937e-22)
(0.317677 -0.343673 -4.32284e-22)
(0.275699 -0.567452 3.80179e-22)
(0.256436 -0.508787 -2.93663e-22)
(0.394141 -0.283979 -1.59288e-22)
(0.642948 0.0654115 -7.81587e-22)
(0.750011 0.33845 1.20744e-22)
(0.789766 0.322811 -3.22042e-22)
(0.708953 0.513498 1.8931e-22)
(0.581292 0.336998 1.21109e-22)
(0.588665 -0.0561751 8.08814e-23)
(-0.0837235 -0.0245704 -9.63382e-22)
(-0.0988387 -0.0200628 -1.21982e-21)
(-0.105192 -0.030569 -9.90648e-22)
(-0.115477 -0.0419827 4.16723e-21)
(-0.119003 -0.061502 -3.10439e-21)
(-0.121928 -0.0867102 2.66609e-21)
(-0.119247 -0.116041 -2.29473e-22)
(-0.112736 -0.144254 2.14041e-21)
(-0.0997175 -0.162307 -3.97688e-22)
(-0.0799927 -0.157094 -2.41385e-21)
(-0.0493557 -0.112497 7.80905e-22)
(-0.00394571 -0.0189014 -1.04641e-21)
(0.0556127 0.11303 -2.28622e-21)
(0.108343 0.25075 1.50729e-21)
(0.132691 0.36194 -3.69808e-22)
(0.104483 0.435314 -3.09321e-22)
(0.0367479 0.45387 -2.45575e-22)
(-0.00150665 0.376738 5.53028e-23)
(0.097544 0.140941 2.60775e-22)
(0.224147 -0.12571 6.01157e-22)
(0.340168 -0.350021 6.89391e-22)
(0.297965 -0.564372 -3.76428e-22)
(0.253818 -0.512083 -5.74583e-23)
(0.378518 -0.298117 2.37713e-22)
(0.623255 0.0525453 2.45551e-22)
(0.735572 0.332834 1.15268e-22)
(0.776604 0.324456 3.43964e-22)
(0.687694 0.521098 -1.58545e-22)
(0.579133 0.339721 -1.31319e-22)
(0.595157 -0.0564228 -1.00862e-22)
(-0.0940024 -0.0200281 -2.02325e-21)
(-0.109914 -0.0178073 -1.85553e-21)
(-0.118558 -0.0285688 1.00402e-21)
(-0.130668 -0.0410437 -1.61362e-21)
(-0.136485 -0.0613984 1.37029e-21)
(-0.141941 -0.0874656 -1.58434e-21)
(-0.142005 -0.117557 1.38675e-21)
(-0.138578 -0.146373 -1.75762e-22)
(-0.129025 -0.164877 -6.35902e-22)
(-0.113241 -0.160114 -1.16124e-21)
(-0.0870345 -0.116429 2.76797e-23)
(-0.0463241 -0.0241746 1.23346e-21)
(0.00919493 0.107512 1.19695e-22)
(0.0599978 0.247349 7.03498e-22)
(0.0847536 0.363098 7.92794e-22)
(0.05997 0.441247 -1.90186e-22)
(0.00448268 0.458181 3.40036e-22)
(-0.0074513 0.369357 -3.13759e-22)
(0.114489 0.123815 1.06619e-24)
(0.244549 -0.14156 -3.61643e-22)
(0.363177 -0.356054 7.27087e-23)
(0.322078 -0.560071 -5.04655e-22)
(0.25454 -0.513947 1.89555e-22)
(0.36539 -0.311897 6.04219e-23)
(0.605265 0.0393006 2.47938e-22)
(0.721993 0.326943 -1.27636e-22)
(0.762844 0.326335 -1.22235e-23)
(0.666409 0.528333 -2.32928e-22)
(0.577262 0.341553 6.50311e-23)
(0.601824 -0.0569232 6.72517e-23)
(-0.10214 -0.0150278 2.55797e-21)
(-0.11891 -0.0150583 -1.72494e-21)
(-0.129595 -0.0259603 5.75668e-22)
(-0.143412 -0.0394728 -7.76917e-22)
(-0.15136 -0.0605711 1.67986e-21)
(-0.159157 -0.0874665 -8.47036e-23)
(-0.161764 -0.118307 -1.04956e-21)
(-0.161192 -0.147746 9.93229e-22)
(-0.154889 -0.166764 5.18412e-22)
(-0.142901 -0.162571 -4.41867e-22)
(-0.12112 -0.119974 2.09107e-22)
(-0.085238 -0.0292627 -7.90561e-22)
(-0.0339896 0.101794 1.7835e-22)
(0.0146227 0.243597 2.88559e-22)
(0.0399195 0.363796 -2.7937e-22)
(0.0197172 0.445996 -5.62864e-22)
(-0.0215467 0.460145 -5.42033e-22)
(-0.006657 0.359445 -7.11206e-23)
(0.134164 0.10597 1.01785e-22)
(0.266086 -0.157181 4.00257e-22)
(0.386505 -0.361827 -4.75366e-22)
(0.347701 -0.554692 -8.1758e-23)
(0.25872 -0.514379 1.21846e-22)
(0.354697 -0.325228 1.42735e-22)
(0.589051 0.0257405 -9.44791e-23)
(0.709254 0.320864 1.46519e-22)
(0.748491 0.328473 -2.28852e-23)
(0.645209 0.535165 5.41691e-23)
(0.575653 0.34249 -3.61155e-23)
(0.608641 -0.0576733 -1.17514e-23)
(-0.108209 -0.00961846 -1.76076e-21)
(-0.125818 -0.0118326 1.65682e-21)
(-0.138228 -0.022778 -1.37327e-21)
(-0.153589 -0.0372897 1.1621e-21)
(-0.163449 -0.0590506 9.4545e-22)
(-0.173354 -0.0867491 -1.52873e-21)
(-0.178257 -0.118336 1.26657e-21)
(-0.180264 -0.148426 4.15054e-22)
(-0.176944 -0.16802 -9.05415e-22)
(-0.168545 -0.164509 1.04958e-22)
(-0.151113 -0.123143 8.25901e-23)
(-0.120156 -0.0341427 -9.81983e-23)
(-0.0733987 0.0960033 1.89165e-22)
(-0.0271475 0.23943 -3.19993e-22)
(-0.00104253 0.363842 -5.76725e-23)
(-0.015518 0.449344 6.12158e-22)
(-0.0408794 0.459638 -1.0469e-23)
(0.000339507 0.347308 -4.65291e-23)
(0.156083 0.0877409 -1.13502e-22)
(0.288627 -0.172483 1.80159e-23)
(0.410006 -0.36739 2.30281e-22)
(0.374515 -0.548397 5.13689e-23)
(0.266419 -0.513391 -1.068e-22)
(0.346295 -0.33801 1.74752e-23)
(0.574614 0.0119259 -2.11971e-22)
(0.697307 0.314685 -2.6755e-22)
(0.733557 0.330888 9.81033e-23)
(0.624212 0.541561 1.1797e-22)
(0.574287 0.342532 5.18677e-24)
(0.615592 -0.0586704 -3.77047e-23)
(-0.112227 -0.00385781 -2.45474e-22)
(-0.130591 -0.00817289 1.89067e-22)
(-0.144356 -0.0190737 3.58221e-22)
(-0.161063 -0.0345305 -4.75815e-22)
(-0.172573 -0.0568825 -3.24237e-22)
(-0.184317 -0.0853619 3.13246e-22)
(-0.191237 -0.1177 -5.52863e-22)
(-0.195518 -0.14848 3.91966e-22)
(-0.194873 -0.168714 9.54599e-23)
(-0.189792 -0.165978 1.99999e-22)
(-0.176559 -0.125963 -3.51801e-22)
(-0.150547 -0.0388325 7.57957e-22)
(-0.108444 0.090182 -2.53337e-22)
(-0.0646615 0.234923 -1.8117e-22)
(-0.0373985 0.363034 -1.92296e-23)
(-0.0450672 0.451119 -7.17656e-23)
(-0.0532366 0.456654 -5.94368e-23)
(0.0128393 0.3333 3.79241e-23)
(0.179909 0.0694239 -5.84927e-23)
(0.312135 -0.187392 -2.23652e-22)
(0.433583 -0.372789 1.94901e-22)
(0.402225 -0.541358 -3.07925e-23)
(0.277622 -0.511006 4.5268e-23)
(0.340002 -0.350136 -1.55367e-22)
(0.561879 -0.00208744 9.65599e-23)
(0.68608 0.308491 2.03863e-22)
(0.718065 0.333592 -6.96016e-24)
(0.603542 0.547485 -1.02479e-22)
(0.573149 0.341686 3.68999e-25)
(0.622675 -0.059912 5.57548e-23)
(-0.114174 0.00218485 9.45045e-23)
(-0.133157 -0.00414328 -7.63728e-24)
(-0.147868 -0.0149132 -2.43308e-22)
(-0.16569 -0.0312445 4.54032e-23)
(-0.178559 -0.0541236 7.34875e-23)
(-0.191851 -0.0833619 -2.02206e-22)
(-0.200491 -0.116466 8.64828e-23)
(-0.206719 -0.147978 8.78126e-23)
(-0.208413 -0.168919 -1.57425e-22)
(-0.206326 -0.167037 2.08846e-22)
(-0.197055 -0.128465 -3.27138e-22)
(-0.175917 -0.0433311 7.60407e-23)
(-0.138547 0.0843104 5.8909e-23)
(-0.0972751 0.23004 5.9711e-23)
(-0.0684687 0.361296 -1.19367e-22)
(-0.0683992 0.451203 4.83606e-23)
(-0.058537 0.451298 8.13119e-23)
(0.0300597 0.317796 1.89335e-23)
(0.205439 0.0512653 8.85975e-23)
(0.33665 -0.201841 1.03949e-22)
(0.457186 -0.378054 -1.11421e-23)
(0.430558 -0.533753 -4.95569e-23)
(0.292227 -0.507254 1.87686e-23)
(0.335642 -0.361493 -5.04904e-23)
(0.550697 -0.0162413 -2.89508e-23)
(0.675476 0.302361 -1.71564e-23)
(0.702043 0.33659 1.62373e-23)
)
;

boundaryField
{
    inlet
    {
        type            uniformFixedValue;
        uniformValue    constant (1 0 0);
        value           nonuniform 0();
    }
    outlet
    {
        type            pressureInletOutletVelocity;
        value           nonuniform List<vector> 
49
(
(0.54613 -0.0759119 2.02148e-23)
(0.544681 -0.0729518 -3.72096e-23)
(0.544335 -0.0702401 3.82584e-23)
(0.544999 -0.0677463 4.75853e-23)
(0.546582 -0.0654751 -2.0699e-23)
(0.548996 -0.0634373 -6.51577e-23)
(0.552155 -0.0616409 -7.14838e-24)
(0.555977 -0.0600918 6.07838e-23)
(0.560381 -0.058795 -7.84007e-24)
(0.565293 -0.057754 2.32273e-24)
(0.570641 -0.0569712 3.45092e-24)
(0.576358 -0.0564475 6.17693e-24)
(0.582383 -0.0561825 -5.68888e-23)
(0.588665 -0.0561751 8.08814e-23)
(0.595157 -0.0564228 -1.00862e-22)
(0.601824 -0.0569232 6.72517e-23)
(0.608641 -0.0576733 -1.17514e-23)
(0.615592 -0.0586704 -3.77047e-23)
(0.622675 -0.059912 5.57548e-23)
(1.12598 -0.00298149 0)
(1.12614 -0.00897565 0)
(1.12642 -0.0151416 0)
(1.12671 -0.0216915 0)
(1.12693 -0.0287993 0)
(1.12697 -0.0366098 0)
(1.12673 -0.0452459 0)
(1.12608 -0.0548079 0)
(1.12482 -0.0653689 0)
(1.12256 -0.0769547 0)
(1.11845 -0.0894969 0)
(1.11086 -0.102757 0)
(1.09746 -0.116245 0)
(1.07579 -0.129164 0)
(1.04437 -0.140506 0)
(1.0035 -0.149307 0)
(0.955296 -0.154917 0)
(0.902928 -0.157149 0)
(0.849724 -0.156237 0)
(0.798479 -0.152683 0)
(0.751157 -0.147101 0)
(0.708865 -0.14011 0)
(0.672074 -0.132253 0)
(0.640813 -0.123982 0)
(0.614852 -0.115652 0)
(0.593817 -0.107531 0)
(0.577251 -0.0998038 0)
(0.564657 -0.0925672 0)
(0.555519 -0.0858543 0)
(0.549331 -0.0798669 0)
)
;
    }
    cylinder
    {
        type            fixedValue;
        value           uniform (0 0 0);
    }
    top
    {
        type            symmetryPlane;
    }
    bottom
    {
        type            symmetryPlane;
    }
    defaultFaces
    {
        type            empty;
    }
    procBoundary1to0
    {
        type            processor;
        value           nonuniform List<vector> 
50
(
(1.30402 -0.226091 8.57412e-21)
(1.28027 -0.216746 -2.30729e-20)
(1.28027 -0.216746 -2.30729e-20)
(1.18921 -0.186461 3.61095e-20)
(1.18921 -0.186461 3.61095e-20)
(0.792355 -0.0938666 -2.1752e-20)
(0.993637 -0.135599 -6.34368e-20)
(0.993637 -0.135599 -6.34368e-20)
(0.482443 -0.0403634 5.10582e-21)
(0.482443 -0.0403634 5.10582e-21)
(0.226527 -0.0150773 1.97408e-20)
(0.226527 -0.0150773 1.97408e-20)
(0.0662303 -0.0121857 -5.13939e-21)
(0.0662303 -0.0121857 -5.13939e-21)
(-0.00777087 -0.0153991 -1.236e-20)
(-0.0164379 -0.0195145 3.85608e-20)
(-0.0164379 -0.0195145 3.85608e-20)
(-0.017921 -0.0132366 9.41603e-21)
(-0.017921 -0.0132366 9.41603e-21)
(1.13341 -0.00435852 4.60705e-23)
(1.13444 -0.012909 5.31131e-24)
(1.13625 -0.0211694 -2.20824e-22)
(1.13877 -0.0292936 3.35064e-23)
(1.14189 -0.037296 4.54996e-22)
(1.14552 -0.0452533 7.95984e-23)
(1.1496 -0.0531918 1.01837e-22)
(1.15406 -0.0611454 4.57152e-23)
(1.15883 -0.0691285 -1.00664e-22)
(1.16388 -0.0771553 -3.10628e-22)
(1.16916 -0.0852318 1.85912e-22)
(1.16916 -0.0852318 1.85912e-22)
(1.17171 -0.093837 -7.01814e-22)
(1.17719 -0.102076 -3.11917e-22)
(1.18283 -0.110361 1.15053e-22)
(1.18863 -0.118681 6.43078e-22)
(1.19459 -0.127013 1.01688e-21)
(1.2007 -0.135354 1.27567e-21)
(1.207 -0.143662 -2.02526e-21)
(1.21347 -0.151921 3.83835e-22)
(1.22016 -0.160105 -1.2394e-21)
(1.2271 -0.168177 8.91339e-22)
(1.23434 -0.176113 -2.02618e-21)
(1.24194 -0.183874 1.09993e-21)
(1.25003 -0.191424 2.08203e-21)
(1.25874 -0.198753 -7.80113e-22)
(1.2681 -0.205766 -1.39262e-21)
(1.27783 -0.21221 4.74647e-22)
(1.28731 -0.217792 1.08074e-21)
(1.29563 -0.22238 -4.05345e-21)
(1.30159 -0.225554 -2.12107e-21)
)
;
    }
    procBoundary1to3
    {
        type            processor;
        value           nonuniform List<vector> 
41
(
(-0.00128132 0.00598062 7.01565e-22)
(-0.00681028 0.0130198 -2.01393e-21)
(-0.0170165 0.0167136 -2.34836e-21)
(-0.029023 0.0180556 2.33411e-21)
(-0.0417485 0.01791 -2.14756e-21)
(-0.0543357 0.016956 -1.14497e-21)
(-0.0662206 0.0156433 1.95566e-21)
(-0.077226 0.0142081 2.42649e-21)
(-0.0874205 0.0127229 -3.99259e-22)
(-0.0971321 0.0111256 1.1716e-21)
(-0.114004 0.0084271 -8.83787e-23)
(-0.133435 0.000175377 2.55374e-23)
(-0.148654 -0.0103734 1.18166e-22)
(-0.167334 -0.0274921 -1.1988e-22)
(-0.181246 -0.0508399 3.06294e-23)
(-0.195777 -0.0808105 1.03185e-22)
(-0.205829 -0.114697 2.39245e-23)
(-0.213676 -0.146995 -5.69758e-23)
(-0.217362 -0.168712 -5.4061e-23)
(-0.217904 -0.167751 -5.79611e-23)
(-0.212278 -0.130688 1.66787e-23)
(-0.195839 -0.0476528 -1.17966e-22)
(-0.163183 0.0783757 7.21128e-23)
(-0.124397 0.224731 -2.54542e-23)
(-0.0936733 0.358551 -1.69583e-23)
(-0.0851454 0.449518 -1.39831e-23)
(-0.0569086 0.443782 9.28385e-23)
(0.051218 0.301162 1.65218e-22)
(0.232569 0.033456 1.27773e-23)
(0.362268 -0.215757 7.57771e-23)
(0.4808 -0.383196 -2.62375e-23)
(0.45927 -0.525757 -1.36866e-23)
(0.310041 -0.502175 -5.9851e-24)
(0.333101 -0.371963 -2.22586e-23)
(0.540855 -0.0304828 -2.82679e-23)
(0.665379 0.296365 -1.77497e-23)
(0.685534 0.339874 9.73721e-24)
(0.583326 0.552908 -4.86868e-23)
(0.572235 0.339964 3.6882e-25)
(0.629897 -0.061396 1.03616e-23)
(0.583326 0.552908 -4.86868e-23)
)
;
    }
}


// ************************************************************************* //
