/*--------------------------------*- C++ -*----------------------------------*\
  =========                 |
  \\      /  F ield         | OpenFOAM: The Open Source CFD Toolbox
   \\    /   O peration     | Website:  https://openfoam.org
    \\  /    A nd           | Version:  7
     \\/     M anipulation  |
\*---------------------------------------------------------------------------*/
FoamFile
{
    version     2.0;
    format      ascii;
    class       volScalarField;
    location    "150";
    object      p;
}
// * * * * * * * * * * * * * * * * * * * * * * * * * * * * * * * * * * * * * //

dimensions      [0 2 -2 0 0 0 0];

internalField   nonuniform List<scalar> 
8500
(
-0.418717
-0.421536
-0.422639
-0.424005
-0.426045
-0.428831
-0.432315
-0.436379
-0.440707
-0.445273
-0.409254
-0.412311
-0.413296
-0.414268
-0.415582
-0.417257
-0.419197
-0.421231
-0.422919
-0.424189
-0.400142
-0.403364
-0.404221
-0.404804
-0.405406
-0.405989
-0.406405
-0.406433
-0.40551
-0.403456
-0.391475
-0.394802
-0.395525
-0.395736
-0.395657
-0.395192
-0.39414
-0.392238
-0.388822
-0.383518
-0.383329
-0.38671
-0.387303
-0.387166
-0.38645
-0.385001
-0.382562
-0.378845
-0.373132
-0.364728
-0.375763
-0.379161
-0.379631
-0.379176
-0.377872
-0.375511
-0.371786
-0.366388
-0.358624
-0.347324
-0.368823
-0.372214
-0.372568
-0.371825
-0.369986
-0.366791
-0.361885
-0.354949
-0.345404
-0.331424
-0.362547
-0.365915
-0.366163
-0.365158
-0.362836
-0.358884
-0.352903
-0.344565
-0.333515
-0.317034
-0.356965
-0.360303
-0.360451
-0.35921
-0.35645
-0.351818
-0.344868
-0.335249
-0.322946
-0.304054
-0.352108
-0.355411
-0.355463
-0.354006
-0.350853
-0.345615
-0.337805
-0.327013
-0.313682
-0.292323
-0.348005
-0.351265
-0.351224
-0.349568
-0.346065
-0.3403
-0.33175
-0.319908
-0.30578
-0.281731
-0.344687
-0.34789
-0.347752
-0.345913
-0.342106
-0.335899
-0.326747
-0.314027
-0.299415
-0.272986
-0.342183
-0.345302
-0.345063
-0.343056
-0.338992
-0.332433
-0.322832
-0.309444
-0.294688
-0.265468
-0.340519
-0.343514
-0.343163
-0.341004
-0.336733
-0.329913
-0.320003
-0.306126
-0.291183
-0.259769
-0.339712
-0.342524
-0.342048
-0.33975
-0.335321
-0.328327
-0.318239
-0.304173
-0.289105
-0.255709
-0.339765
-0.342321
-0.341697
-0.339266
-0.334721
-0.327631
-0.317459
-0.3035
-0.288201
-0.253349
-0.340663
-0.342876
-0.342074
-0.339505
-0.334868
-0.327737
-0.317531
-0.303855
-0.288106
-0.252629
-0.342375
-0.344148
-0.343124
-0.340395
-0.335667
-0.328512
-0.318303
-0.305009
-0.28825
-0.253076
-0.344854
-0.346085
-0.344781
-0.341851
-0.337007
-0.329814
-0.319583
-0.30674
-0.288336
-0.254709
-0.348043
-0.34863
-0.346975
-0.343781
-0.338768
-0.331495
-0.321197
-0.308738
-0.288697
-0.261125
-0.351884
-0.351727
-0.349641
-0.346105
-0.340848
-0.333428
-0.323005
-0.310582
-0.289821
-0.276094
-0.356325
-0.35533
-0.352732
-0.348764
-0.34318
-0.335522
-0.3249
-0.312148
-0.291886
-0.278291
-0.361333
-0.359413
-0.356221
-0.351733
-0.345732
-0.33773
-0.3268
-0.313482
-0.293656
-0.278319
-0.36689
-0.363977
-0.36011
-0.355022
-0.348516
-0.340049
-0.328659
-0.314623
-0.294837
-0.277795
-0.373007
-0.369034
-0.36443
-0.358672
-0.351568
-0.3425
-0.330467
-0.31553
-0.295418
-0.276634
-0.379709
-0.374618
-0.369229
-0.362741
-0.354937
-0.34511
-0.332219
-0.316161
-0.295361
-0.275062
-0.387035
-0.38077
-0.374567
-0.367293
-0.358669
-0.347895
-0.333889
-0.316466
-0.294702
-0.273056
-0.395023
-0.387536
-0.380498
-0.372376
-0.362788
-0.350846
-0.335426
-0.316399
-0.293479
-0.27064
-0.4037
-0.39495
-0.387063
-0.378014
-0.367289
-0.353908
-0.336753
-0.315921
-0.29173
-0.267807
-0.413077
-0.403029
-0.394277
-0.384199
-0.372129
-0.356985
-0.337785
-0.314997
-0.289485
-0.264555
-0.423134
-0.411765
-0.402121
-0.390882
-0.377212
-0.359949
-0.33843
-0.313594
-0.286754
-0.260871
-0.433816
-0.421118
-0.410537
-0.397974
-0.382392
-0.362647
-0.338599
-0.311679
-0.283536
-0.256737
-0.445033
-0.431011
-0.419428
-0.405337
-0.387483
-0.364921
-0.338202
-0.309211
-0.27981
-0.252127
-0.45665
-0.441326
-0.428651
-0.412785
-0.392268
-0.36661
-0.337152
-0.306142
-0.275546
-0.247008
-0.468495
-0.451902
-0.438023
-0.420082
-0.396516
-0.367561
-0.33536
-0.30242
-0.270701
-0.241344
-0.480349
-0.462538
-0.447312
-0.426957
-0.399991
-0.367622
-0.332738
-0.297983
-0.265225
-0.235093
-0.491956
-0.472988
-0.456248
-0.433113
-0.402466
-0.366652
-0.329196
-0.292766
-0.259061
-0.228212
-0.503026
-0.48297
-0.464518
-0.438243
-0.403723
-0.364516
-0.324646
-0.286698
-0.252152
-0.22066
-0.513234
-0.492171
-0.471786
-0.442045
-0.403557
-0.361087
-0.318999
-0.27971
-0.244438
-0.212398
-0.522238
-0.500253
-0.477698
-0.44423
-0.401784
-0.356249
-0.312172
-0.271733
-0.235864
-0.20339
-0.529679
-0.506861
-0.481899
-0.44453
-0.398237
-0.349895
-0.304084
-0.262702
-0.226379
-0.193608
-0.535194
-0.511633
-0.484048
-0.442705
-0.39277
-0.341928
-0.294663
-0.252556
-0.215942
-0.183036
-0.53843
-0.514215
-0.483831
-0.438547
-0.385258
-0.332265
-0.28384
-0.24124
-0.204521
-0.171665
-0.53905
-0.514264
-0.480969
-0.431881
-0.375601
-0.320836
-0.271559
-0.228701
-0.192073
-0.159456
-0.536744
-0.511471
-0.475227
-0.422573
-0.363723
-0.307591
-0.257778
-0.214901
-0.178537
-0.146264
-0.531237
-0.505559
-0.466417
-0.410524
-0.349574
-0.292496
-0.242475
-0.199828
-0.163869
-0.131837
-0.522299
-0.496306
-0.454401
-0.395675
-0.333128
-0.275534
-0.225638
-0.183494
-0.148124
-0.11613
-0.509749
-0.483541
-0.439084
-0.378002
-0.314383
-0.256704
-0.207264
-0.165906
-0.131384
-0.0998973
-0.49346
-0.467153
-0.420425
-0.357517
-0.293365
-0.236025
-0.187384
-0.147112
-0.113466
-0.0831567
-0.473363
-0.447088
-0.398428
-0.334268
-0.270124
-0.213547
-0.166088
-0.127129
-0.0945193
-0.0657052
-0.449444
-0.423349
-0.373155
-0.308343
-0.24473
-0.189362
-0.143411
-0.105974
-0.0746552
-0.0475077
-0.421745
-0.396005
-0.344737
-0.279862
-0.217259
-0.163541
-0.119402
-0.0837294
-0.0539413
-0.0286181
-0.390364
-0.365185
-0.313368
-0.248912
-0.18782
-0.136167
-0.0941538
-0.0604822
-0.0324469
-0.00913396
-0.355459
-0.331091
-0.279165
-0.215515
-0.156638
-0.107378
-0.0677753
-0.036328
-0.0102538
0.0108346
-0.317252
-0.293992
-0.241959
-0.18014
-0.123825
-0.0773163
-0.0403906
-0.0113685
0.0125548
0.0312013
-0.275963
-0.25413
-0.20203
-0.142968
-0.0895912
-0.0461404
-0.012136
0.01429
0.0358931
0.051876
-0.231784
-0.211302
-0.160413
-0.104184
-0.0541293
-0.0140201
0.0168534
0.0405472
0.05962
0.0725267
-0.185048
-0.166187
-0.117237
-0.064061
-0.0176463
0.0188736
0.0464603
0.0673175
0.0834576
0.092351
-0.136384
-0.119012
-0.0726268
-0.0228728
0.0196316
0.0523662
0.0765752
0.0944947
0.107071
0.110784
-0.0859562
-0.0703016
-0.0268547
0.0191052
0.0574659
0.0862696
0.107037
0.121842
0.130355
0.129512
-0.0341803
-0.0204863
0.0197375
0.0615868
0.0956112
0.120375
0.137597
0.148967
0.153294
0.153288
0.0184988
0.0300336
0.0667852
0.104275
0.133818
0.154455
0.16799
0.175744
0.176775
0.177148
0.071636
0.0808517
0.113919
0.146865
0.171828
0.188281
0.198044
0.202233
0.200451
0.199721
0.124783
0.131555
0.160769
0.18905
0.209382
0.221622
0.227584
0.228311
0.223894
0.221322
0.177489
0.18173
0.20697
0.230522
0.246218
0.254257
0.256441
0.2538
0.246763
0.241943
0.229308
0.230962
0.252162
0.270978
0.282079
0.285969
0.284435
0.27852
0.268869
0.261612
0.279799
0.278847
0.295993
0.310122
0.316714
0.316543
0.311386
0.302295
0.29006
0.280289
0.328535
0.32499
0.338122
0.347664
0.349877
0.345775
0.337115
0.324965
0.310209
0.297914
0.3751
0.36901
0.378221
0.383329
0.381335
0.373463
0.361452
0.34638
0.329194
0.314415
0.419098
0.410545
0.415978
0.416852
0.410862
0.399418
0.384234
0.366401
0.346904
0.329715
0.460153
0.449251
0.451098
0.447984
0.438248
0.423457
0.405306
0.384896
0.36323
0.343739
0.497915
0.484809
0.483307
0.476492
0.463294
0.445414
0.424525
0.401742
0.37807
0.356418
0.53206
0.516923
0.51235
0.502162
0.485817
0.465133
0.441759
0.416827
0.39133
0.367684
0.562291
0.545325
0.537999
0.524798
0.505652
0.482472
0.456888
0.430047
0.402922
0.377478
0.588346
0.569776
0.560048
0.544228
0.522651
0.497305
0.469805
0.441311
0.412771
0.385747
0.609994
0.590066
0.578317
0.560299
0.536683
0.509521
0.480415
0.450537
0.420808
0.392447
0.627039
0.60602
0.592656
0.572883
0.54764
0.519028
0.48864
0.457656
0.426976
0.397539
0.639323
0.617492
0.602939
0.581874
0.555432
0.52575
0.494414
0.462614
0.431229
0.400996
0.646723
0.624372
0.609073
0.587192
0.55999
0.529627
0.497688
0.465368
0.433532
0.402795
0.649154
0.626584
0.610992
0.588783
0.561267
0.530621
0.498428
0.465888
0.433859
0.402914
0.646573
0.624087
0.608662
0.586615
0.559239
0.528709
0.496616
0.464159
0.432197
0.401348
0.638973
0.616875
0.602076
0.580686
0.553901
0.523889
0.49225
0.46018
0.428546
0.398093
0.626386
0.604978
0.59126
0.571016
0.545272
0.516177
0.485344
0.453962
0.422918
0.393162
0.608884
0.588459
0.576269
0.557652
0.533392
0.505607
0.475926
0.445532
0.415334
0.386567
0.586578
0.567418
0.557189
0.540667
0.518323
0.492233
0.464044
0.434929
0.405826
0.378324
0.559615
0.541987
0.534132
0.520157
0.500149
0.476124
0.449756
0.422206
0.394439
0.368461
0.528179
0.512334
0.507243
0.496243
0.478971
0.45737
0.433139
0.407429
0.381228
0.357016
0.49249
0.478657
0.47669
0.46907
0.454915
0.436075
0.414283
0.390676
0.366258
0.344031
0.452802
0.441185
0.442672
0.438804
0.428122
0.412362
0.393292
0.372036
0.349605
0.329557
0.409401
0.400178
0.40541
0.405635
0.398753
0.386368
0.370283
0.35161
0.331354
0.313653
0.362603
0.355922
0.365149
0.36977
0.366986
0.358245
0.345384
0.329509
0.311596
0.296384
0.312752
0.308731
0.322159
0.331438
0.333014
0.328157
0.318738
0.305852
0.290433
0.277819
0.260219
0.25894
0.276728
0.290881
0.297047
0.296283
0.290495
0.280771
0.267969
0.258031
0.205395
0.20691
0.229164
0.248362
0.259305
0.262812
0.260818
0.254403
0.244315
0.23709
0.148693
0.153015
0.179792
0.204153
0.22002
0.22794
0.229877
0.226898
0.219588
0.215061
0.0905409
0.0976504
0.12895
0.158542
0.179437
0.191875
0.197849
0.198419
0.193913
0.19199
0.0313803
0.0412206
0.0769893
0.111824
0.137806
0.154828
0.164917
0.169147
0.167448
0.167895
-0.028338
-0.0158592
0.0242712
0.0643037
0.0953871
0.117017
0.131257
0.139268
0.140395
0.142712
-0.0881578
-0.0731691
-0.0288365
0.0162904
0.0524425
0.0786669
0.0970367
0.108965
0.113144
0.116459
-0.147621
-0.130288
-0.0819605
-0.0319047
0.009238
0.0400128
0.0624299
0.0783585
0.086203
0.088803
-0.206272
-0.1868
-0.134725
-0.0799719
-0.0339652
0.00129189
0.0276096
0.0473364
0.0599046
0.0613094
-0.263656
-0.24229
-0.186755
-0.127607
-0.076912
-0.0372613
-0.00713786
0.0160201
0.0331859
0.0398724
-0.319339
-0.296334
-0.237691
-0.174514
-0.119351
-0.0754301
-0.0415362
-0.0151265
0.00606238
0.0188173
-0.372998
-0.348458
-0.287222
-0.220409
-0.161035
-0.113022
-0.075417
-0.0458307
-0.0213295
-0.0039447
-0.424194
-0.398294
-0.335159
-0.265013
-0.201728
-0.149857
-0.108678
-0.0759956
-0.0486224
-0.0277284
-0.472481
-0.445171
-0.38151
-0.308033
-0.241214
-0.185763
-0.141207
-0.10555
-0.0755225
-0.0515804
-0.517581
-0.488994
-0.425568
-0.349187
-0.279298
-0.220562
-0.172866
-0.134398
-0.101884
-0.0751298
-0.559265
-0.529749
-0.466369
-0.388507
-0.315783
-0.254082
-0.203514
-0.162428
-0.127619
-0.0982894
-0.597293
-0.567172
-0.504083
-0.42551
-0.350428
-0.28617
-0.233017
-0.189535
-0.152638
-0.12097
-0.631452
-0.600998
-0.538759
-0.459791
-0.383157
-0.316692
-0.261256
-0.215618
-0.176853
-0.143052
-0.661592
-0.631026
-0.570208
-0.49141
-0.413743
-0.345512
-0.288129
-0.240585
-0.200185
-0.164427
-0.687618
-0.657124
-0.598232
-0.520275
-0.442082
-0.372569
-0.313547
-0.264351
-0.222578
-0.185014
-0.70949
-0.679225
-0.622705
-0.546257
-0.468105
-0.397783
-0.337493
-0.28684
-0.243967
-0.20478
-0.727225
-0.697325
-0.643566
-0.569266
-0.491744
-0.421067
-0.359916
-0.308079
-0.264219
-0.223792
-0.740898
-0.711477
-0.660805
-0.589252
-0.512955
-0.442379
-0.38073
-0.328025
-0.283172
-0.242313
-0.750638
-0.721794
-0.674461
-0.606204
-0.531715
-0.461707
-0.399914
-0.346647
-0.301104
-0.260146
-0.756632
-0.728446
-0.684622
-0.620143
-0.548027
-0.479059
-0.417483
-0.363951
-0.317936
-0.276652
-0.759116
-0.731655
-0.691424
-0.631123
-0.561916
-0.494458
-0.433459
-0.379934
-0.333606
-0.291906
-0.758375
-0.7317
-0.695049
-0.639233
-0.573432
-0.507941
-0.447871
-0.394617
-0.348166
-0.306172
-0.754727
-0.728902
-0.695726
-0.644599
-0.582645
-0.519563
-0.460771
-0.408051
-0.361694
-0.319615
-0.748524
-0.723611
-0.693727
-0.647383
-0.589651
-0.529393
-0.472221
-0.420301
-0.37425
-0.332296
-0.740133
-0.7162
-0.689366
-0.647782
-0.594564
-0.537514
-0.482297
-0.431438
-0.385884
-0.344247
-0.729935
-0.707048
-0.682985
-0.646024
-0.597518
-0.544019
-0.491078
-0.441534
-0.396654
-0.355499
-0.718308
-0.69653
-0.674949
-0.642364
-0.598664
-0.549007
-0.498649
-0.450668
-0.406629
-0.366101
-0.705618
-0.68501
-0.665626
-0.63708
-0.59817
-0.552587
-0.505095
-0.458923
-0.415888
-0.376114
-0.692212
-0.672828
-0.655378
-0.630469
-0.596217
-0.554867
-0.510503
-0.466384
-0.424515
-0.385611
-0.678407
-0.660296
-0.644541
-0.622834
-0.593001
-0.555963
-0.514958
-0.473134
-0.432597
-0.394674
-0.664488
-0.647687
-0.633419
-0.614479
-0.588726
-0.555993
-0.518541
-0.479254
-0.440223
-0.403391
-0.650698
-0.635235
-0.622274
-0.605695
-0.583608
-0.555076
-0.521327
-0.484816
-0.447478
-0.411854
-0.637242
-0.623134
-0.611323
-0.596741
-0.577865
-0.553337
-0.523388
-0.489887
-0.454446
-0.420159
-0.624287
-0.611531
-0.600735
-0.587838
-0.571713
-0.550906
-0.524787
-0.494521
-0.4612
-0.428408
-0.611962
-0.600539
-0.590644
-0.579161
-0.565356
-0.547921
-0.525589
-0.498765
-0.467807
-0.436703
-0.600369
-0.590233
-0.581143
-0.570841
-0.55898
-0.544526
-0.525859
-0.502654
-0.47432
-0.445154
-0.58959
-0.580665
-0.572298
-0.562973
-0.552737
-0.540875
-0.525674
-0.506217
-0.480777
-0.453864
-0.579685
-0.571869
-0.56415
-0.555633
-0.546751
-0.537121
-0.525123
-0.50948
-0.48719
-0.462961
-0.5707
-0.563867
-0.556728
-0.548885
-0.541126
-0.533416
-0.524319
-0.512471
-0.493573
-0.472515
-0.56267
-0.55667
-0.55005
-0.542783
-0.53596
-0.5299
-0.523394
-0.515234
-0.499885
-0.482736
-0.555605
-0.550279
-0.544127
-0.537376
-0.531349
-0.52671
-0.522495
-0.517814
-0.506158
-0.493452
-0.549493
-0.544678
-0.538954
-0.532697
-0.527386
-0.523977
-0.52177
-0.520284
-0.512351
-0.504907
-0.544284
-0.539827
-0.53451
-0.528757
-0.524139
-0.52182
-0.521364
-0.522741
-0.518452
-0.515745
-0.539892
-0.535654
-0.53074
-0.525535
-0.521636
-0.520327
-0.521441
-0.525118
-0.525599
-0.520301
-0.536189
-0.532061
-0.527558
-0.522961
-0.519847
-0.519526
-0.522118
-0.527456
-0.533383
-0.526964
-0.533015
-0.528919
-0.524847
-0.520929
-0.518683
-0.519378
-0.523402
-0.529934
-0.540685
-0.534729
-0.530182
-0.52608
-0.522464
-0.519291
-0.517995
-0.519762
-0.525171
-0.532694
-0.54716
-0.542032
-0.527494
-0.523387
-0.520251
-0.517874
-0.51759
-0.52048
-0.527202
-0.535725
-0.552762
-0.54882
-0.524751
-0.520677
-0.518042
-0.516489
-0.517245
-0.521276
-0.529211
-0.538834
-0.557403
-0.555382
-0.521768
-0.517796
-0.515675
-0.514943
-0.516723
-0.521862
-0.530881
-0.541676
-0.560955
-0.561623
-0.518379
-0.514598
-0.512993
-0.513051
-0.515791
-0.521949
-0.531902
-0.543856
-0.563278
-0.567093
-0.514445
-0.510956
-0.509857
-0.510643
-0.514238
-0.521273
-0.531985
-0.544954
-0.56422
-0.571238
-0.509857
-0.506761
-0.506144
-0.507571
-0.511883
-0.519615
-0.530891
-0.544656
-0.56362
-0.573575
-0.50454
-0.501929
-0.501757
-0.50372
-0.508586
-0.516809
-0.528442
-0.54273
-0.561322
-0.573755
-0.498455
-0.496406
-0.496631
-0.499011
-0.504255
-0.512752
-0.524519
-0.539038
-0.557203
-0.571549
-0.491601
-0.490167
-0.490732
-0.493403
-0.498847
-0.5074
-0.519072
-0.533517
-0.551181
-0.566812
-0.48401
-0.483223
-0.484064
-0.486901
-0.492367
-0.500763
-0.512107
-0.526179
-0.54321
-0.559455
-0.47575
-0.475616
-0.476664
-0.479548
-0.484872
-0.492909
-0.503689
-0.517102
-0.533268
-0.549489
-0.466916
-0.467418
-0.468605
-0.471427
-0.476457
-0.483945
-0.493938
-0.506391
-0.521266
-0.537089
-0.457626
-0.458724
-0.459992
-0.462652
-0.467255
-0.474027
-0.483019
-0.494218
-0.507535
-0.52223
-0.448017
-0.449655
-0.450946
-0.453361
-0.457427
-0.463339
-0.471144
-0.480828
-0.492283
-0.505159
-0.438233
-0.440342
-0.441608
-0.443713
-0.447155
-0.452093
-0.458556
-0.466508
-0.475806
-0.486301
-0.42842
-0.430924
-0.432123
-0.433873
-0.43663
-0.440515
-0.445523
-0.451581
-0.458476
-0.466158
-0.454192
-0.455721
-0.442564
-0.405498
-0.367506
-0.357283
-0.380698
-0.399968
-0.366837
-0.288086
-0.210577
-0.156848
-0.132766
-0.126574
-0.148305
-0.162268
-0.144358
-0.108161
-0.0934095
-0.0745559
-0.0715948
-0.0646816
-0.0706101
-0.0827597
-0.0810214
-0.0463405
-0.0420015
-0.0538104
-0.0464899
-0.00186315
-0.428926
-0.427293
-0.41479
-0.383968
-0.358213
-0.362368
-0.397612
-0.421901
-0.385776
-0.30131
-0.217613
-0.158475
-0.130401
-0.12072
-0.139707
-0.151707
-0.136224
-0.104535
-0.092726
-0.075023
-0.0731866
-0.0672443
-0.0729314
-0.0837447
-0.0816979
-0.0466912
-0.0419959
-0.0540576
-0.0464156
-0.0016841
-0.404338
-0.399366
-0.387468
-0.362483
-0.348367
-0.365974
-0.412222
-0.440979
-0.402506
-0.312947
-0.223757
-0.159784
-0.127931
-0.114968
-0.131133
-0.141093
-0.12781
-0.100766
-0.091931
-0.075501
-0.0748839
-0.0699325
-0.0752557
-0.0846811
-0.0823063
-0.0470337
-0.0419836
-0.0543286
-0.0463725
-0.0015098
-0.381007
-0.372609
-0.361252
-0.341591
-0.338138
-0.367825
-0.424091
-0.456903
-0.416884
-0.322994
-0.229046
-0.16083
-0.125428
-0.109419
-0.122702
-0.130579
-0.119185
-0.0968713
-0.0910196
-0.075988
-0.0766782
-0.0727317
-0.0775673
-0.0855635
-0.082841
-0.0473649
-0.0419643
-0.0546239
-0.0463626
-0.00134122
-0.359404
-0.347561
-0.336703
-0.321728
-0.32772
-0.367735
-0.432832
-0.469491
-0.428822
-0.331472
-0.233525
-0.161665
-0.122961
-0.104161
-0.114528
-0.120313
-0.110429
-0.0928735
-0.0899876
-0.0764803
-0.0785589
-0.0756258
-0.0798513
-0.0863872
-0.0832964
-0.0476812
-0.0419376
-0.0549435
-0.0463868
-0.00117934
-0.339832
-0.324595
-0.31423
-0.303203
-0.317082
-0.365758
-0.438253
-0.478727
-0.438288
-0.338418
-0.237245
-0.162336
-0.120586
-0.099256
-0.106716
-0.110432
-0.101633
-0.0887989
-0.0888323
-0.076972
-0.0805133
-0.0785968
-0.0820938
-0.087148
-0.0836679
-0.047979
-0.0419026
-0.0552873
-0.0464457
-0.00102513
-0.322431
-0.303892
-0.294065
-0.286467
-0.306104
-0.361889
-0.440356
-0.484765
-0.445289
-0.343888
-0.240265
-0.162884
-0.118355
-0.0947491
-0.0993598
-0.101057
-0.0929026
-0.0846779
-0.087552
-0.0774553
-0.0825266
-0.0816252
-0.0842817
-0.0878423
-0.0839511
-0.0482547
-0.0418586
-0.0556545
-0.0465389
-0.000879572
-0.307207
-0.28547
-0.276286
-0.271349
-0.295228
-0.356218
-0.439292
-0.487446
-0.44987
-0.347949
-0.242643
-0.163342
-0.11631
-0.0906639
-0.0925327
-0.09229
-0.0843543
-0.0805447
-0.086147
-0.0779202
-0.0845827
-0.08469
-0.0864029
-0.0884674
-0.0841427
-0.0485044
-0.0418048
-0.056044
-0.0466649
-0.00074369
-0.294086
-0.269324
-0.260972
-0.257768
-0.284558
-0.348943
-0.435342
-0.487068
-0.452121
-0.350677
-0.244438
-0.163739
-0.114484
-0.0870076
-0.086289
-0.0842113
-0.0761114
-0.0764382
-0.084619
-0.0783547
-0.0866638
-0.0877691
-0.088446
-0.0890208
-0.0842395
-0.0487245
-0.0417401
-0.0564542
-0.0468218
-0.000618516
-0.283079
-0.255882
-0.247379
-0.245853
-0.274173
-0.340344
-0.428877
-0.483914
-0.45217
-0.352152
-0.245708
-0.164095
-0.1129
-0.0837739
-0.0806588
-0.0768754
-0.0682947
-0.0724008
-0.0829715
-0.0787448
-0.0887514
-0.0908397
-0.0904002
-0.0895006
-0.0842394
-0.0489114
-0.0416637
-0.056883
-0.0470066
-0.000505116
-0.274233
-0.244313
-0.2358
-0.235485
-0.264199
-0.330743
-0.420323
-0.478315
-0.450174
-0.352454
-0.246507
-0.164427
-0.111576
-0.0809475
-0.0756485
-0.0703136
-0.0610126
-0.0684767
-0.0812096
-0.0790751
-0.0908263
-0.0938784
-0.0922558
-0.0899054
-0.0841408
-0.0490618
-0.0415747
-0.0573278
-0.0472155
-0.000404581
-0.266782
-0.23471
-0.226024
-0.226539
-0.254774
-0.32048
-0.410124
-0.47062
-0.446328
-0.351662
-0.246891
-0.164751
-0.110527
-0.0785103
-0.0712437
-0.0645345
-0.0543513
-0.0647129
-0.0793403
-0.0793289
-0.0928694
-0.096862
-0.094004
-0.0902342
-0.0839427
-0.0491726
-0.0414726
-0.0577857
-0.0474437
-0.000318029
-0.261018
-0.226976
-0.217819
-0.218929
-0.246025
-0.309886
-0.398712
-0.461189
-0.440839
-0.349868
-0.246922
-0.16509
-0.109768
-0.0764442
-0.0674128
-0.0595255
-0.0483975
-0.0611562
-0.0773721
-0.0794885
-0.0948617
-0.0997679
-0.0956367
-0.090486
-0.0836446
-0.0492407
-0.0413564
-0.0582535
-0.0476856
-0.000246606
-0.256965
-0.221039
-0.211045
-0.212576
-0.238055
-0.299254
-0.386481
-0.450358
-0.433897
-0.347177
-0.246653
-0.165449
-0.109291
-0.0747209
-0.0641052
-0.0552461
-0.0431266
-0.0578529
-0.0753143
-0.0795352
-0.0967852
-0.102574
-0.0971461
-0.0906603
-0.0832467
-0.0492621
-0.0412248
-0.0587269
-0.0479348
-0.000191483
-0.254622
-0.216865
-0.205625
-0.207405
-0.23093
-0.288819
-0.373761
-0.438428
-0.425675
-0.343659
-0.246064
-0.165764
-0.10903
-0.0732837
-0.0612507
-0.0516204
-0.0385457
-0.0548464
-0.0731768
-0.07945
-0.0986228
-0.105259
-0.098526
-0.0907567
-0.0827503
-0.0492321
-0.0410762
-0.0591988
-0.0481837
-0.000153852
-0.25386
-0.214461
-0.201524
-0.203342
-0.224684
-0.278756
-0.360797
-0.425673
-0.416359
-0.339349
-0.245085
-0.165947
-0.108914
-0.0720861
-0.0587917
-0.0485654
-0.0346459
-0.0521648
-0.0709687
-0.0792131
-0.100358
-0.107807
-0.0997741
-0.0907749
-0.0821578
-0.0491499
-0.0409108
-0.0596619
-0.0484235
-0.000134914
-0.254473
-0.213797
-0.198726
-0.200309
-0.219324
-0.269204
-0.347752
-0.412285
-0.406196
-0.334471
-0.243966
-0.166258
-0.109151
-0.0712473
-0.0567637
-0.0460825
-0.0314017
-0.0498169
-0.0686958
-0.0788044
-0.101976
-0.110199
-0.100879
-0.0907106
-0.0814688
-0.0490272
-0.0407313
-0.0601224
-0.0486448
-0.000135832
-0.255903
-0.214648
-0.197242
-0.198199
-0.21478
-0.260212
-0.33475
-0.398043
-0.395313
-0.329627
-0.243542
-0.167445
-0.11029
-0.07107
-0.0552709
-0.0442469
-0.0288595
-0.0478791
-0.066363
-0.078203
-0.103461
-0.112384
-0.101782
-0.0905545
-0.0806782
-0.0488786
-0.0405353
-0.0606075
-0.0488391
-0.000157904
-0.256978
-0.216696
-0.197228
-0.196991
-0.210896
-0.25143
-0.32141
-0.382545
-0.383201
-0.324506
-0.243452
-0.169042
-0.111875
-0.071247
-0.0540502
-0.0427154
-0.0269373
-0.0465807
-0.0640233
-0.0773776
-0.104813
-0.114292
-0.102432
-0.0903254
-0.0797964
-0.0486562
-0.0403007
-0.0610851
-0.0489988
-0.000203491
-0.260881
-0.22098
-0.198413
-0.197021
-0.208595
-0.244147
-0.308344
-0.368225
-0.369614
-0.315577
-0.238811
-0.166674
-0.110488
-0.0697488
-0.0520271
-0.0401588
-0.0247825
-0.0452265
-0.0615467
-0.0763458
-0.105961
-0.116348
-0.103226
-0.0901286
-0.0788886
-0.0481743
-0.0399965
-0.0612853
-0.049076
-0.000271623
-0.246609
-0.218191
-0.198079
-0.197328
-0.208245
-0.241564
-0.30362
-0.357883
-0.355948
-0.301369
-0.227343
-0.158564
-0.104648
-0.0654581
-0.0486284
-0.0355694
-0.0205348
-0.0392144
-0.0555441
-0.0739221
-0.108425
-0.121318
-0.105567
-0.0899978
-0.0779367
-0.0472565
-0.0395536
-0.0608191
-0.0489922
-0.000350891
-0.241263
-0.216983
-0.199227
-0.198689
-0.209298
-0.238916
-0.291844
-0.33684
-0.331686
-0.28023
-0.212351
-0.149004
-0.0988108
-0.0617661
-0.0452156
-0.0316053
-0.0189323
-0.0376563
-0.0525869
-0.072507
-0.109842
-0.124479
-0.106606
-0.088123
-0.0758717
-0.0460634
-0.0391707
-0.0604602
-0.0498293
-0.000366287
-0.235574
-0.215098
-0.199402
-0.199205
-0.209428
-0.235069
-0.278451
-0.313716
-0.306431
-0.259476
-0.198034
-0.139938
-0.0931236
-0.0580254
-0.0419111
-0.0279044
-0.0175127
-0.0361628
-0.0510763
-0.0718418
-0.110429
-0.126478
-0.106948
-0.0857754
-0.0734085
-0.044705
-0.0386726
-0.0600752
-0.0509236
-0.000269266
-0.229204
-0.212013
-0.198011
-0.197866
-0.207285
-0.228912
-0.263003
-0.289623
-0.281041
-0.238872
-0.183776
-0.130855
-0.0873862
-0.0542611
-0.0386632
-0.0243708
-0.0159385
-0.0342022
-0.0490866
-0.0708229
-0.110494
-0.128147
-0.106775
-0.0830834
-0.0704248
-0.0431118
-0.0380294
-0.0596026
-0.0519286
-0.000100934
-0.221139
-0.207285
-0.194818
-0.194407
-0.202678
-0.219483
-0.246096
-0.265441
-0.256182
-0.218887
-0.169898
-0.121923
-0.0816438
-0.0504588
-0.0354217
-0.0209089
-0.0141569
-0.0319135
-0.0462486
-0.0690363
-0.109999
-0.129209
-0.105883
-0.079934
-0.0668904
-0.041245
-0.0372056
-0.0589959
-0.0527906
0.000110864
-0.211107
-0.200838
-0.189909
-0.189072
-0.196081
-0.209302
-0.228748
-0.242097
-0.232585
-0.199882
-0.156521
-0.113168
-0.0759184
-0.0466134
-0.0321402
-0.0174506
-0.0120377
-0.0292349
-0.0426232
-0.0663993
-0.108585
-0.129216
-0.104104
-0.0762757
-0.0627765
-0.0390599
-0.0361595
-0.0581936
-0.0535022
0.000364351
-0.199684
-0.192882
-0.183548
-0.182272
-0.187968
-0.198062
-0.211684
-0.220234
-0.210664
-0.182046
-0.143743
-0.104645
-0.0702463
-0.0427217
-0.0287739
-0.013922
-0.00943657
-0.0260084
-0.03817
-0.0627318
-0.105842
-0.127845
-0.101303
-0.0720767
-0.0580682
-0.0365105
-0.0348416
-0.057116
-0.0540024
0.000666004
-0.187411
-0.183692
-0.176013
-0.174393
-0.178763
-0.186269
-0.19535
-0.20013
-0.190565
-0.165456
-0.131618
-0.0963835
-0.0646537
-0.038783
-0.0252825
-0.0102477
-0.00620952
-0.0220005
-0.0326633
-0.0576763
-0.101496
-0.124815
-0.0973567
-0.0673133
-0.0527657
-0.0335485
-0.0331929
-0.0556602
-0.0541786
0.00101778
-0.17468
-0.173571
-0.16755
-0.165753
-0.168889
-0.174276
-0.179929
-0.181796
-0.172262
-0.150106
-0.120167
-0.0884078
-0.0591647
-0.0348022
-0.0216371
-0.00635555
-0.00220045
-0.0168729
-0.0257359
-0.0508322
-0.0953855
-0.119871
-0.092172
-0.0619762
-0.0468892
-0.0301262
-0.0311446
-0.0536968
-0.0538872
0.00141453
-0.161831
-0.16281
-0.158369
-0.156568
-0.158645
-0.162327
-0.165433
-0.165105
-0.155639
-0.135946
-0.109393
-0.0807359
-0.0538002
-0.0307906
-0.0178259
-0.0021891
0.00274458
-0.0102085
-0.0169554
-0.0418876
-0.0874335
-0.112824
-0.0856936
-0.0560749
-0.0404828
-0.0262004
-0.0286196
-0.0510722
-0.0529624
0.00184476
-0.149093
-0.151658
-0.148655
-0.147
-0.148226
-0.150565
-0.151808
-0.14988
-0.140541
-0.122904
-0.0992838
-0.073383
-0.0485794
-0.0267688
-0.0138589
0.00227173
0.00873162
-0.00153033
-0.00593056
-0.0307066
-0.0776955
-0.103572
-0.0779161
-0.0496397
-0.0336157
-0.0217382
-0.025534
-0.0476134
-0.0512184
0.00229071
-0.136611
-0.14033
-0.138583
-0.137188
-0.137779
-0.139074
-0.138987
-0.135945
-0.126808
-0.110902
-0.0898224
-0.0663634
-0.0435182
-0.0227702
-0.00977056
0.00698649
0.0157363
0.00955716
0.00751391
-0.0174644
-0.0663962
-0.0920812
-0.0689141
-0.0427251
-0.0263806
-0.0167257
-0.0218021
-0.0431391
-0.0484542
0.00272793
-0.124496
-0.129008
-0.12832
-0.127256
-0.127413
-0.12792
-0.12691
-0.123145
-0.11429
-0.0998636
-0.0809852
-0.0596918
-0.0386287
-0.0188433
-0.0056238
0.0118383
0.0234832
0.0229078
0.0230036
-0.00286472
-0.0538985
-0.0788572
-0.0588609
-0.0354123
-0.0188892
-0.0111771
-0.0173453
-0.037476
-0.0444659
0.00312566
-0.112836
-0.117848
-0.118023
-0.11732
-0.117218
-0.117155
-0.115533
-0.111348
-0.102853
-0.0897153
-0.0727462
-0.0533824
-0.0339233
-0.0150453
-0.00151515
0.0166329
0.031378
0.0371375
0.0391125
0.011757
-0.0405551
-0.0642039
-0.0480142
-0.0278097
-0.0112703
-0.00513891
-0.0121046
-0.0304885
-0.0390724
0.00345047
-0.101699
-0.106977
-0.107836
-0.107487
-0.107272
-0.106824
-0.104826
-0.100454
-0.0923827
-0.0803894
-0.0650786
-0.0474464
-0.0294221
-0.0114332
0.00242972
0.0211242
0.0386088
0.0498663
0.0534296
0.0248605
-0.0265985
-0.0486575
-0.0367236
-0.0200499
-0.00366949
0.00130537
-0.00605684
-0.0221153
-0.0321554
0.00367416
-0.0911384
-0.0965014
-0.0978887
-0.0978547
-0.0976459
-0.0969633
-0.0947679
-0.090379
-0.0827802
-0.0718233
-0.0579585
-0.0418905
-0.025157
-0.00805875
0.0060724
0.0250428
0.0444118
0.0590767
0.0638009
0.0354908
-0.0123571
-0.0329918
-0.0254225
-0.0122836
0.0037582
0.00802667
0.000759468
-0.0124189
-0.0237112
0.00378625
-0.0811938
-0.0865071
-0.088299
-0.0886577
-0.0884145
-0.0876046
-0.0853431
-0.0810618
-0.073965
-0.0639601
-0.0513663
-0.0367178
-0.0211673
-0.00496842
0.00928118
0.0281157
0.0482599
0.0637723
0.0693787
0.0434619
0.00136076
-0.0181629
-0.014575
-0.00467309
0.0108592
0.0148453
0.00821414
-0.00163184
-0.0139101
0.00380373
-0.0718925
-0.077053
-0.0791225
-0.0797326
-0.0796056
-0.0787699
-0.0765403
-0.0724529
-0.0658724
-0.0567493
-0.0452867
-0.03193
-0.0174892
-0.00220471
0.011949
0.0301582
0.0497213
0.0646923
0.0707641
0.0488741
0.0134474
-0.00499406
-0.004573
0.00261754
0.0174865
0.0215321
0.0160455
0.00998448
-0.00314389
0.00376447
-0.0632516
-0.0681878
-0.0704386
-0.0712689
-0.0712727
-0.0704794
-0.0683517
-0.0645148
-0.0584522
-0.0501481
-0.039707
-0.0275283
-0.0141474
0.000199262
0.01402
0.0311903
0.0493781
0.0631649
0.0691652
0.0518655
0.0231262
0.00604437
0.00434411
0.00943621
0.0234958
0.0278211
0.0238476
0.0214974
0.00797385
0.00370795
-0.0552808
-0.0599474
-0.062305
-0.0633187
-0.0634581
-0.0627514
-0.0607721
-0.057219
-0.0516657
-0.044122
-0.0346143
-0.0235131
-0.0111537
0.0022298
0.0154961
0.0313569
0.0477996
0.0602709
0.065791
0.0528232
0.0302499
0.0149201
0.0120803
0.0156611
0.0287556
0.0334317
0.0311224
0.0319029
0.0185865
0.00375718
-0.0479841
-0.0523563
-0.0547632
-0.055924
-0.056197
-0.0556025
-0.0537993
-0.0505449
-0.0454841
-0.038644
-0.0299955
-0.0198827
-0.00850825
0.00389486
0.016431
0.0308701
0.0454864
0.0567102
0.0616159
0.0523395
0.0351518
0.0218707
0.018633
0.0212099
0.03319
0.0381239
0.0373547
0.040288
0.0277414
0.00412424
-0.0413613
-0.0454308
-0.0478443
-0.0491198
-0.0495185
-0.0490479
-0.0474334
-0.0444786
-0.0398865
-0.0336939
-0.0258374
-0.0166318
-0.00620106
0.00522202
0.0169162
0.0299489
0.0428267
0.0529169
0.0572922
0.0509774
0.0383015
0.0272065
0.0240571
0.0260236
0.0367868
0.0417712
0.0421426
0.0460123
0.0346612
0.00502888
-0.0354109
-0.0391824
-0.041572
-0.042934
-0.043447
-0.0431023
-0.0416775
-0.0390125
-0.0348591
-0.0292573
-0.0221277
-0.0137524
-0.00421438
0.00625391
0.0170575
0.0287745
0.0400988
0.0491714
0.0531939
0.0491744
0.040141
0.0312263
0.0284425
0.0300753
0.0395544
0.0443662
0.0452946
0.0488323
0.0390103
0.00656015
-0.0301316
-0.0336204
-0.0359658
-0.0373908
-0.0380044
-0.0377806
-0.0365381
-0.0341446
-0.0303942
-0.0253253
-0.0188559
-0.0112341
-0.00252525
0.0070396
0.0169597
0.027489
0.0374817
0.0456618
0.0495051
0.0472367
0.0410488
0.0341926
0.0319032
0.0333822
0.041548
0.0460208
0.0469382
0.0492696
0.0410081
0.00852812
-0.0255248
-0.0287539
-0.0310435
-0.0325125
-0.0332125
-0.0331001
-0.0320257
-0.0298792
-0.0264909
-0.0218949
-0.0160149
-0.0090662
-0.00110954
0.00762715
0.0167164
0.0262054
0.035094
0.0425116
0.0462996
0.0453641
0.0413352
0.0363242
0.0345653
0.0360011
0.0428792
0.0469063
0.0474715
0.0482634
0.0412276
0.0105125
-0.0215973
-0.0245965
-0.0268259
-0.0283243
-0.0290959
-0.0290821
-0.028157
-0.0262276
-0.0231555
-0.0189688
-0.0136023
-0.0072403
5.45214e-05
0.00805908
0.0164052
0.0250115
0.0330159
0.0397984
0.0435991
0.0436802
0.0412455
0.0377994
0.0365563
0.0380047
0.043701
0.0472125
0.0473447
0.0466701
0.0403233
0.0121416
-0.0183626
-0.0211674
-0.0233388
-0.0248561
-0.0256852
-0.0257547
-0.024956
-0.0232095
-0.0204028
-0.0165579
-0.0116216
-0.00575236
0.000984043
0.00837031
0.0160852
0.0239721
0.0312925
0.0375717
0.0414073
0.0422559
0.0409666
0.0387729
0.0379987
0.0394687
0.0441661
0.0471381
0.0469046
0.04504
0.0388764
0.013255
-0.0158478
-0.0184981
-0.020619
-0.0221471
-0.02302
-0.0231557
-0.0224575
-0.0208558
-0.0182581
-0.0146822
-0.0100852
-0.00460534
0.00168927
0.00858682
0.0158016
0.0231359
0.0299539
0.0358595
0.0397273
0.0411341
0.0406374
0.039374
0.0389967
0.0404733
0.0444003
0.046878
0.0463747
0.0436579
0.0373497
0.0138958
-0.0140958
-0.0166373
-0.0187209
-0.0202551
-0.0211568
-0.0213391
-0.020712
-0.0192123
-0.0167616
-0.0133748
-0.00901678
-0.00381157
0.00217151
0.00872497
0.0155882
0.0225421
0.0290254
0.0346824
0.0385714
0.0403478
0.040357
0.039711
0.0396276
0.0410947
0.0444999
0.0465987
0.0459082
0.0426591
0.0360935
0.0142044
-0.0131623
-0.0156491
-0.0177127
-0.0192504
-0.020169
-0.0203775
-0.0197883
-0.0183434
-0.0159706
-0.0126846
-0.00845379
-0.00339476
0.00242239
0.00879318
0.0154703
0.0222249
0.0285373
0.0340671
0.0379683
0.0399328
0.0401965
0.0398594
0.0399402
0.041389
0.0445302
0.0464206
0.0456328
0.042124
0.0353669
0.0143226
-0.180702
-0.189425
-0.197534
-0.205049
-0.211992
-0.218384
-0.224244
-0.22959
-0.234433
-0.238781
-0.242634
-0.245994
-0.248867
-0.251277
-0.25328
-0.255047
-0.25672
-0.259369
-0.262263
-0.27314
-0.164578
-0.172813
-0.180529
-0.187745
-0.194478
-0.200745
-0.206558
-0.211929
-0.216869
-0.22139
-0.22551
-0.229262
-0.232695
-0.235933
-0.23907
-0.242529
-0.246094
-0.251415
-0.254995
-0.265826
-0.149587
-0.157303
-0.16459
-0.17147
-0.177959
-0.184074
-0.189832
-0.195251
-0.200351
-0.205162
-0.209719
-0.214082
-0.21829
-0.222474
-0.226533
-0.230819
-0.234382
-0.23895
-0.240576
-0.248831
-0.135683
-0.142921
-0.149816
-0.156385
-0.162645
-0.168613
-0.174306
-0.179746
-0.184955
-0.189959
-0.194775
-0.199439
-0.203903
-0.208235
-0.212148
-0.216032
-0.218948
-0.222969
-0.225144
-0.232597
-0.122856
-0.129643
-0.136156
-0.142408
-0.148413
-0.154186
-0.15974
-0.165092
-0.170251
-0.175228
-0.18001
-0.184611
-0.188955
-0.193143
-0.196964
-0.20094
-0.204403
-0.208948
-0.212255
-0.218653
-0.111016
-0.117363
-0.12349
-0.129405
-0.135119
-0.140643
-0.145985
-0.151155
-0.156154
-0.16099
-0.165652
-0.170172
-0.174516
-0.178825
-0.182959
-0.187284
-0.191214
-0.195631
-0.19913
-0.204517
-0.100069
-0.105988
-0.111728
-0.117295
-0.122697
-0.127943
-0.13304
-0.137996
-0.142814
-0.147512
-0.152089
-0.156586
-0.160979
-0.165349
-0.169554
-0.173769
-0.177631
-0.181709
-0.185447
-0.190466
-0.0899297
-0.0954392
-0.100802
-0.106023
-0.111111
-0.116073
-0.120916
-0.12565
-0.130281
-0.134822
-0.139274
-0.143655
-0.147935
-0.152147
-0.156214
-0.160259
-0.164157
-0.168224
-0.172253
-0.177041
-0.0805351
-0.0856566
-0.0906556
-0.0955407
-0.100318
-0.104994
-0.109574
-0.114068
-0.118478
-0.122812
-0.127069
-0.131256
-0.135363
-0.139422
-0.143415
-0.147411
-0.151356
-0.155355
-0.159384
-0.163916
-0.0718484
-0.0765982
-0.0812463
-0.085802
-0.0902703
-0.094656
-0.098964
-0.1032
-0.107367
-0.111472
-0.115517
-0.119514
-0.123464
-0.127385
-0.13127
-0.135133
-0.138955
-0.142781
-0.146706
-0.15105
-0.0638205
-0.0682143
-0.0725251
-0.0767603
-0.0809242
-0.0850207
-0.0890538
-0.0930285
-0.0969495
-0.100823
-0.104653
-0.108447
-0.112205
-0.115934
-0.11963
-0.123301
-0.126961
-0.130637
-0.134441
-0.138591
-0.0563822
-0.0604415
-0.0644332
-0.0683625
-0.072233
-0.076048
-0.0798115
-0.0835277
-0.0872008
-0.090835
-0.094434
-0.0980013
-0.10154
-0.105054
-0.10855
-0.112034
-0.115524
-0.119026
-0.122646
-0.126557
-0.0495032
-0.0532472
-0.0569365
-0.060574
-0.0641625
-0.0677048
-0.0712044
-0.0746645
-0.0780884
-0.0814796
-0.0848416
-0.0881781
-0.0914935
-0.0947918
-0.0980792
-0.101356
-0.104639
-0.107929
-0.111328
-0.11498
-0.0431323
-0.046583
-0.0499886
-0.0533502
-0.0566702
-0.0599511
-0.0631955
-0.0664063
-0.0695863
-0.0727385
-0.0758663
-0.0789728
-0.0820617
-0.0851353
-0.0881988
-0.0912524
-0.0943123
-0.0973801
-0.100549
-0.103928
-0.0372331
-0.0404164
-0.0435568
-0.0466586
-0.0497246
-0.0527569
-0.0557574
-0.0587283
-0.0616721
-0.0645912
-0.0674884
-0.0703661
-0.0732274
-0.0760744
-0.0789122
-0.0817413
-0.0845764
-0.0874163
-0.0903435
-0.0934435
-0.03179
-0.0347198
-0.0376118
-0.0404698
-0.0432964
-0.0460932
-0.0488616
-0.0516033
-0.0543201
-0.0570141
-0.0596875
-0.0623424
-0.0649816
-0.0676068
-0.0702224
-0.0728284
-0.0754374
-0.078047
-0.0807305
-0.0835532
-0.0267777
-0.0294688
-0.0321281
-0.0347578
-0.0373594
-0.0399341
-0.0424829
-0.045007
-0.0475079
-0.0499871
-0.0524463
-0.0548873
-0.0573122
-0.0597224
-0.0621215
-0.0645092
-0.0668967
-0.0692808
-0.0717256
-0.0742798
-0.0221558
-0.0246285
-0.0270734
-0.0294918
-0.0318845
-0.0342522
-0.0365957
-0.0389157
-0.0412134
-0.0434898
-0.0457462
-0.047984
-0.0502048
-0.0524096
-0.0546015
-0.0567801
-0.0589549
-0.0611222
-0.0633373
-0.0656357
-0.0179083
-0.0201809
-0.0224286
-0.0246518
-0.0268512
-0.0290269
-0.0311794
-0.0333092
-0.0354171
-0.0375036
-0.0395699
-0.0416167
-0.0436454
-0.0456568
-0.0476532
-0.0496341
-0.0516075
-0.0535695
-0.0555672
-0.0576258
-0.0140167
-0.0161066
-0.0181736
-0.0202178
-0.0222394
-0.0242384
-0.0262148
-0.0281689
-0.0301011
-0.0320117
-0.0339015
-0.0357709
-0.037621
-0.0394521
-0.0412662
-0.0430627
-0.0448481
-0.0466186
-0.0484138
-0.0502509
-0.0104666
-0.0123907
-0.0142934
-0.0161747
-0.0180341
-0.0198715
-0.0216868
-0.0234798
-0.0252507
-0.0269998
-0.0287273
-0.0304335
-0.0321191
-0.0337844
-0.0354306
-0.0370572
-0.0386695
-0.0402639
-0.041873
-0.0435081
-0.00724539
-0.00901968
-0.0107739
-0.0125079
-0.0142207
-0.0159117
-0.0175808
-0.0192277
-0.0208524
-0.0224548
-0.0240349
-0.0255928
-0.0271289
-0.0286433
-0.030137
-0.0316093
-0.0330643
-0.0344989
-0.0359394
-0.0373928
-0.00433906
-0.00598289
-0.00760674
-0.00920955
-0.0107911
-0.0123512
-0.0138893
-0.0154052
-0.0168985
-0.018369
-0.0198166
-0.0212413
-0.0226431
-0.024022
-0.0253787
-0.0267125
-0.0280266
-0.0293183
-0.0306083
-0.0319005
-0.00176103
-0.00328652
-0.00479233
-0.00627775
-0.00774243
-0.00918591
-0.0106076
-0.012007
-0.0133836
-0.0147371
-0.0160672
-0.0173738
-0.0186567
-0.0199159
-0.0211515
-0.0223632
-0.023553
-0.0247188
-0.0258768
-0.027028
0.000498053
-0.000923804
-0.00232675
-0.00370994
-0.00507271
-0.00641442
-0.00773438
-0.00903202
-0.0103068
-0.0115582
-0.012786
-0.0139898
-0.0151693
-0.0163243
-0.017455
-0.0185608
-0.0196433
-0.0207006
-0.0217448
-0.0227752
0.00243437
0.00110062
-0.000214648
-0.00151052
-0.00278622
-0.00404101
-0.00527419
-0.00648508
-0.00767309
-0.0088377
-0.00997845
-0.0110949
-0.0121868
-0.0132538
-0.0142958
-0.0153123
-0.0163044
-0.0172703
-0.0182191
-0.0191487
0.00403826
0.0027777
0.00153535
0.000312085
-0.000891271
-0.00207395
-0.00323521
-0.00437436
-0.00549077
-0.00658386
-0.00765312
-0.00869808
-0.00971836
-0.0107136
-0.0116835
-0.0126276
-0.0135467
-0.0144391
-0.0153113
-0.01616
0.00528648
0.00408374
0.00289898
0.0017331
0.0005869
-0.000538846
-0.00164341
-0.00272609
-0.00378625
-0.0048233
-0.0058367
-0.00682595
-0.00779063
-0.0087303
-0.00964472
-0.0105334
-0.0113966
-0.0122332
-0.0130473
-0.0138352
0.00617012
0.00500942
0.00386633
0.00274165
0.00163619
0.000550709
-0.000514053
-0.00155741
-0.00257873
-0.00357739
-0.00455283
-0.00550453
-0.00643201
-0.0073348
-0.00821255
-0.00906473
-0.00989144
-0.0106915
-0.0114676
-0.0122154
0.00661461
0.00548167
0.00436631
0.00326929
0.00219123
0.00113274
9.44317e-05
-0.000923127
-0.00191938
-0.00289381
-0.00384593
-0.00477527
-0.00568141
-0.00656392
-0.00742247
-0.00825657
-0.00906625
-0.00985038
-0.010611
-0.0113434
0.122108
0.103291
0.0855226
0.068009
0.049648
0.0311085
0.012965
-0.00474224
-0.0220315
-0.0388313
-0.0550676
-0.0707105
-0.0857485
-0.100175
-0.113959
-0.127125
-0.139343
-0.150699
-0.161346
-0.171345
0.113968
0.0954726
0.0769369
0.0604259
0.0437703
0.0267983
0.0102381
-0.00575188
-0.0212889
-0.036384
-0.050982
-0.0650538
-0.0785629
-0.0914205
-0.103368
-0.115075
-0.126217
-0.13667
-0.146514
-0.155813
0.104767
0.0871959
0.0688874
0.0534439
0.0386581
0.0234948
0.00854496
-0.005828
-0.0197198
-0.0332114
-0.0462633
-0.058819
-0.0708312
-0.0822604
-0.0931137
-0.103877
-0.114117
-0.123737
-0.132818
-0.141428
0.0950479
0.0788039
0.0615371
0.0472922
0.0342082
0.020796
0.00738054
-0.00554389
-0.0179736
-0.0300264
-0.0417065
-0.0529656
-0.0637723
-0.0741161
-0.0840043
-0.0936141
-0.102901
-0.111734
-0.120113
-0.128086
0.0856951
0.0710111
0.0551676
0.0421467
0.0305184
0.0186758
0.00668864
-0.00492919
-0.0160705
-0.0268485
-0.0373107
-0.0474299
-0.0571839
-0.0665672
-0.0755712
-0.0840986
-0.0925043
-0.100631
-0.108383
-0.115778
0.0771463
0.0640125
0.0497125
0.0378859
0.0274984
0.0170267
0.00635233
-0.00406937
-0.0140623
-0.0237083
-0.0330781
-0.0421649
-0.0509431
-0.0593976
-0.0675211
-0.0753077
-0.0829865
-0.0904388
-0.0975844
-0.104431
0.0695068
0.0577971
0.0450414
0.0343774
0.0250728
0.0157917
0.00630668
-0.0030188
-0.0119814
-0.0206233
-0.0290192
-0.0371798
-0.0450864
-0.0527273
-0.0601085
-0.067238
-0.0742702
-0.0810862
-0.0876422
-0.0939594
0.0627668
0.052336
0.041058
0.0315144
0.0231749
0.0149265
0.00650246
-0.00182683
-0.00986362
-0.0176171
-0.0251531
-0.0324924
-0.0396202
-0.0465164
-0.053176
-0.0596259
-0.0661369
-0.0724101
-0.0784362
-0.0842661
0.0568896
0.0476074
0.037699
0.0292112
0.0217404
0.0143901
0.00690188
-0.000531351
-0.00773642
-0.0147019
-0.0214803
-0.0281007
-0.0345626
-0.0408657
-0.0470136
-0.0529984
-0.0586687
-0.0643129
-0.0698692
-0.0752777
0.0518267
0.0435779
0.0349093
0.0273929
0.0207047
0.0141394
0.00747221
0.000838269
-0.00562062
-0.0118829
-0.0179864
-0.0239578
-0.0297983
-0.0355003
-0.0410551
-0.0464533
-0.0516853
-0.0568726
-0.0619866
-0.0669821
0.0475172
0.0401968
0.0326315
0.0259917
0.0200065
0.0141312
0.00818367
0.00225894
-0.00353196
-0.00916475
-0.0146649
-0.020054
-0.0253353
-0.0305038
-0.0355548
-0.0404875
-0.045297
-0.0500546
-0.0547417
-0.0593325
0.0438916
0.0374018
0.0308063
0.0249469
0.0195908
0.0143245
0.0090087
0.00371118
-0.00148388
-0.00655401
-0.0115157
-0.0163857
-0.0211681
-0.0258601
-0.0304582
-0.034962
-0.0393713
-0.0437343
-0.0480313
-0.0522477
0.0408778
0.0351272
0.029376
0.0242046
0.0194097
0.0146823
0.00992193
0.00517794
0.000512708
-0.00405507
-0.00853568
-0.0129413
-0.0172754
-0.0215368
-0.0257238
-0.0298383
-0.033883
-0.0378899
-0.0418314
-0.0457003
0.0384049
0.0333091
0.028287
0.0237177
0.0194218
0.0151722
0.0109006
0.00664435
0.00244874
-0.00167186
-0.0057237
-0.00971475
-0.0136468
-0.0175172
-0.0213213
-0.0250588
-0.0287405
-0.0324514
-0.0360817
-0.0396348
0.0364052
0.0318872
0.0274909
0.0234454
0.019592
0.0157663
0.0119254
0.00809881
0.00431874
0.000595388
-0.00307546
-0.00669964
-0.0102798
-0.0138166
-0.0173114
-0.0207634
-0.0241633
-0.0274481
-0.0307327
-0.0340031
0.034816
0.0308057
0.0269445
0.0233526
0.0198907
0.0164413
0.0129806
0.00953288
0.00612101
0.0027519
-0.000577048
-0.00386919
-0.00712535
-0.0103443
-0.0135239
-0.016661
-0.0197517
-0.0227918
-0.0258161
-0.0288202
0.0335796
0.0300141
0.026609
0.0234088
0.0202922
0.0171766
0.0140519
0.0109386
0.00785289
0.0047994
0.00177654
-0.00121738
-0.00418229
-0.00711693
-0.01002
-0.01289
-0.0157258
-0.0185233
-0.0213
-0.0240537
0.0326438
0.0294668
0.0264495
0.0235868
0.0207739
0.0179539
0.0151259
0.0123074
0.00951014
0.0067369
0.00398672
0.00125897
-0.00144575
-0.00412615
-0.00678098
-0.00940894
-0.0120088
-0.0145784
-0.0171279
-0.019655
0.0319614
0.0291227
0.0264347
0.0238619
0.0213154
0.0187566
0.0161902
0.0136313
0.0110886
0.00856363
0.00605593
0.00356554
0.00109346
-0.00135892
-0.00379031
-0.00619948
-0.00858532
-0.0109466
-0.0132891
-0.0156107
0.0314903
0.0289451
0.026536
0.0242118
0.0218982
0.0195693
0.017233
0.0149024
0.0125839
0.0102784
0.00798588
0.00570668
0.00344212
0.00119365
-0.00103739
-0.00324976
-0.00544236
-0.00761417
-0.00976887
-0.0119038
0.0311923
0.0289008
0.0267276
0.024616
0.022505
0.0203778
0.0182434
0.0161129
0.0139913
0.0118794
0.00977706
0.00768522
0.00560522
0.00353858
0.00148663
-0.000549416
-0.00256845
-0.00456949
-0.00655493
-0.00852124
0.0310333
0.02896
0.0269855
0.0250551
0.0231197
0.0211683
0.01921
0.0172543
0.015305
0.0133629
0.0114281
0.00950172
0.00758525
0.00568025
0.00378816
0.00191024
4.75362e-05
-0.00179963
-0.00363429
-0.00545035
0.0309826
0.0290955
0.0272877
0.0255109
0.0237264
0.0219273
0.0201218
0.0183176
0.016518
0.0147238
0.0129353
0.0111537
0.00938044
0.00761706
0.00586495
0.00412551
0.00240018
0.00069092
-0.00100097
-0.00267765
0.0310123
0.0292826
0.0276136
0.0259659
0.02431
0.0226415
0.0209671
0.0192933
0.0176228
0.0159565
0.0142949
0.0126393
0.010991
0.00935169
0.00772264
0.00610521
0.00450082
0.00291113
0.00134009
-0.000217802
0.0310973
0.0294985
0.0279437
0.0264031
0.0248553
0.023297
0.0217338
0.0201707
0.0186101
0.017053
0.0155001
0.0139527
0.0124121
0.0108799
0.0093574
0.00784592
0.00634685
0.00486163
0.0033924
0.00193744
0.0312143
0.029722
0.028259
0.0268054
0.0253463
0.0238793
0.0224083
0.0209372
0.0194683
0.0180025
0.0165409
0.0150845
0.0136348
0.0121932
0.0107609
0.00933935
0.00792976
0.00653348
0.00515214
0.00378539
0.0313421
0.029933
0.0285411
0.0271556
0.0257667
0.0243724
0.0229753
0.0215783
0.0201835
0.0187919
0.0174046
0.0160227
0.0146476
0.0132805
0.0119227
0.0105755
0.00924
0.00791755
0.0066094
0.00531593
0.0314611
0.0301123
0.0287717
0.027436
0.0260991
0.0247591
0.0234176
0.0220767
0.0207381
0.0194032
0.018073
0.0167485
0.0154311
0.0141219
0.0128221
0.011533
0.0102557
0.00899137
0.00774139
0.00650611
0.0315535
0.0302416
0.0289325
0.0276284
0.0263256
0.0250222
0.0237187
0.0224167
0.0211178
0.0198233
0.018534
0.0172512
0.0159758
0.014709
0.0134518
0.0122054
0.0109708
0.00974901
0.00854094
0.00734761
0.0316069
0.0303075
0.0290071
0.0277112
0.0264186
0.0251276
0.0238382
0.0225519
0.02127
0.0199937
0.0187242
0.0174625
0.0162094
0.014966
0.0137334
0.0125124
0.0113041
0.0101094
0.00892932
0.00776418
0.131083
0.133984
0.13768
0.144438
0.15136
0.160819
0.169792
0.180517
0.18933
0.19848
0.202904
0.20554
0.19843
0.186478
0.15349
0.130671
0.133463
0.136995
0.143415
0.149934
0.158735
0.1669
0.176449
0.18385
0.191067
0.193373
0.193073
0.183491
0.167496
0.13816
0.130192
0.132864
0.1362
0.142241
0.148297
0.156377
0.163658
0.171971
0.177926
0.183252
0.183629
0.180867
0.169832
0.152437
0.126696
0.129645
0.132178
0.135304
0.14093
0.146496
0.153801
0.160173
0.167198
0.171742
0.17519
0.173864
0.168967
0.157099
0.13913
0.115275
0.129023
0.131402
0.134308
0.139486
0.144544
0.151032
0.156491
0.162202
0.165401
0.16704
0.164239
0.157545
0.145105
0.126881
0.104157
0.128323
0.130532
0.133208
0.137905
0.142438
0.148072
0.152623
0.157014
0.158944
0.15889
0.154819
0.146684
0.133813
0.115666
0.0939974
0.12754
0.129561
0.131998
0.136185
0.140178
0.14493
0.14858
0.151669
0.152408
0.150815
0.145649
0.136424
0.12327
0.105516
0.084989
0.12667
0.128486
0.130675
0.134325
0.137767
0.141619
0.144383
0.146209
0.145837
0.142888
0.136784
0.126793
0.113525
0.0963885
0.077062
0.125709
0.127302
0.129238
0.132327
0.13521
0.138156
0.140052
0.140684
0.139281
0.135172
0.128285
0.11781
0.104596
0.0882091
0.0701025
0.124654
0.126007
0.127684
0.130197
0.132513
0.134565
0.135614
0.13514
0.132789
0.127723
0.120202
0.109481
0.0964715
0.0809079
0.0640197
0.123503
0.124602
0.126012
0.127943
0.129686
0.130872
0.131098
0.129624
0.126412
0.120582
0.112579
0.101799
0.0891242
0.0744258
0.0587388
0.122254
0.123088
0.124224
0.125576
0.12674
0.127102
0.126536
0.124178
0.1202
0.113782
0.105446
0.0947547
0.082519
0.068707
0.0541895
0.120907
0.12147
0.122321
0.123109
0.123691
0.123284
0.121963
0.11884
0.1142
0.107351
0.0988207
0.0883327
0.0766149
0.0636946
0.0503023
0.119461
0.119753
0.12031
0.120556
0.120559
0.119446
0.117419
0.113644
0.108453
0.101307
0.09271
0.0825143
0.0713679
0.0593299
0.0470092
0.117921
0.117948
0.118197
0.117934
0.117366
0.115614
0.112941
0.108622
0.102992
0.0956662
0.087111
0.0772753
0.0667315
0.0555538
0.0442449
0.11629
0.116065
0.115996
0.11526
0.114138
0.111817
0.108566
0.103804
0.0978434
0.0904377
0.0820134
0.0725866
0.062659
0.0523089
0.0419478
0.114575
0.114116
0.113723
0.112552
0.110906
0.108081
0.104329
0.0992146
0.0930255
0.0856247
0.0774014
0.0684159
0.0591033
0.0495402
0.0400603
0.112788
0.112118
0.111397
0.109829
0.107699
0.104434
0.100262
0.094878
0.0885503
0.0812249
0.0732551
0.0647282
0.0560183
0.0471959
0.0385293
0.110942
0.110086
0.109042
0.107114
0.104547
0.100905
0.09639
0.0908132
0.0844244
0.077231
0.0695516
0.0614882
0.0533592
0.0452273
0.0373064
0.109055
0.108038
0.106685
0.104433
0.10148
0.0975201
0.0927381
0.0870358
0.0806501
0.0736317
0.0662659
0.05866
0.0510831
0.0435891
0.0363473
0.107149
0.105996
0.104355
0.101811
0.0985273
0.0943071
0.0893262
0.0835571
0.077226
0.070413
0.0633718
0.0562089
0.0491498
0.0422398
0.0356119
0.10525
0.103983
0.102082
0.09928
0.0957189
0.0912917
0.0861718
0.0803854
0.0741482
0.0675593
0.060843
0.0541011
0.0475213
0.0411411
0.0350638
0.103389
0.102028
0.0998987
0.0968719
0.0930836
0.0884984
0.0832906
0.0775266
0.0714109
0.0650541
0.0586539
0.0523052
0.046163
0.0402581
0.03467
0.101599
0.100161
0.0978388
0.0946206
0.0906509
0.085951
0.0806972
0.0749849
0.0690077
0.0628815
0.0567805
0.0507918
0.0450431
0.0395593
0.0344009
0.0999188
0.0984177
0.0959379
0.0925618
0.0884515
0.0836732
0.0784057
0.0727645
0.0669324
0.0610267
0.0552011
0.049535
0.0441333
0.0390163
0.0342296
0.0983905
0.0968392
0.0942342
0.0907327
0.086517
0.0816898
0.0764313
0.0708707
0.0651809
0.0594776
0.0538973
0.0485122
0.0434089
0.0386041
0.0341318
0.0970598
0.0954694
0.0927694
0.0891727
0.0848817
0.0800273
0.0747914
0.0693119
0.0637523
0.0582258
0.0528547
0.0477051
0.0428492
0.0383011
0.0340858
0.0959768
0.0943575
0.091589
0.0879243
0.0835826
0.0787164
0.0735082
0.0681011
0.0626513
0.0572687
0.0520647
0.0471006
0.0424381
0.0380891
0.0340725
0.0951959
0.093557
0.0907432
0.0870346
0.082662
0.077793
0.07261
0.0672588
0.0618901
0.0566112
0.0515259
0.0466925
0.0421652
0.0379551
0.0340761
0.0947751
0.0931263
0.0902887
0.0865577
0.08217
0.0773016
0.072134
0.066815
0.0614909
0.0562683
0.0512463
0.0464822
0.0420263
0.0378898
0.0340846
0.131551
0.134814
0.138562
0.146352
0.154106
0.165819
0.177896
0.193837
0.210571
0.231318
0.253487
0.279289
0.306888
0.337997
0.370177
0.131772
0.135045
0.138812
0.146624
0.154409
0.166151
0.178265
0.194246
0.210895
0.231764
0.254
0.279958
0.307394
0.338391
0.370361
0.131968
0.135245
0.13903
0.146855
0.154665
0.166422
0.178555
0.194507
0.211673
0.23211
0.254156
0.27992
0.307134
0.337799
0.36923
0.132137
0.135415
0.139216
0.147047
0.154876
0.166637
0.178738
0.19474
0.211678
0.232127
0.253988
0.279469
0.306233
0.336326
0.366858
0.132279
0.135556
0.139372
0.1472
0.155042
0.166801
0.178884
0.19476
0.211597
0.231936
0.253492
0.278573
0.304685
0.333973
0.363251
0.132396
0.135666
0.139497
0.147314
0.155163
0.166899
0.178969
0.194747
0.211386
0.231524
0.252667
0.277229
0.302493
0.330747
0.35842
0.132486
0.135747
0.139591
0.14739
0.155241
0.166906
0.178955
0.194625
0.211019
0.230891
0.25152
0.275445
0.299665
0.326661
0.35238
0.132549
0.135799
0.139654
0.147429
0.155285
0.166827
0.178845
0.194386
0.210499
0.230041
0.250057
0.273229
0.296212
0.321732
0.345155
0.132587
0.135822
0.139687
0.14743
0.155286
0.166912
0.178653
0.194036
0.20983
0.228979
0.248285
0.270591
0.292147
0.315978
0.33677
0.1326
0.135817
0.13969
0.147399
0.155177
0.166742
0.178387
0.193579
0.209015
0.227709
0.246211
0.267538
0.287482
0.309422
0.327257
0.132586
0.135785
0.139665
0.147339
0.155115
0.166531
0.178049
0.193017
0.208058
0.226236
0.243844
0.264083
0.282231
0.302087
0.316652
0.132548
0.135725
0.13961
0.147238
0.154968
0.166269
0.177639
0.192352
0.206962
0.224563
0.241193
0.260236
0.276411
0.294001
0.304996
0.132485
0.135639
0.139528
0.147095
0.154802
0.165959
0.17716
0.191589
0.205732
0.222696
0.238268
0.256006
0.27004
0.285193
0.292332
0.132397
0.135528
0.13942
0.1469
0.154584
0.165596
0.176613
0.19073
0.204372
0.22064
0.23508
0.251404
0.263137
0.275696
0.278705
0.132286
0.135392
0.139282
0.146696
0.154316
0.165183
0.176
0.189778
0.202889
0.2184
0.231639
0.24644
0.255724
0.265542
0.264157
0.132151
0.135235
0.139091
0.146505
0.154009
0.164721
0.175323
0.188736
0.201283
0.215981
0.227957
0.241124
0.247829
0.254761
0.248725
0.131993
0.135056
0.138951
0.146215
0.153664
0.16421
0.174581
0.187603
0.199555
0.213383
0.224038
0.23546
0.239481
0.243386
0.232436
0.131813
0.134851
0.13871
0.14591
0.153292
0.163664
0.173792
0.186403
0.197733
0.210639
0.219918
0.229483
0.230731
0.231447
0.215316
0.131611
0.134628
0.138471
0.145602
0.152913
0.163118
0.173002
0.185199
0.195883
0.207827
0.215652
0.223233
0.221584
0.2189
0.197235
0.13139
0.134379
0.138182
0.14521
0.152415
0.162403
0.171987
0.183694
0.193655
0.204531
0.210831
0.21628
0.211795
0.205517
0.17777
0.122068
0.124614
0.127625
0.133392
0.139076
0.147067
0.154311
0.163248
0.169901
0.177151
0.17898
0.17985
0.169401
0.157386
0.120535
0.122743
0.12534
0.128421
0.134353
0.140221
0.148537
0.1562
0.165784
0.173325
0.181859
0.185426
0.18869
0.181307
0.173405
0.143639
0.123393
0.126033
0.129165
0.135231
0.141248
0.149837
0.157865
0.168016
0.17637
0.186078
0.191322
0.196847
0.192666
0.188419
0.164989
0.12403
0.126711
0.129893
0.136097
0.142263
0.151128
0.159514
0.170223
0.179359
0.19019
0.197031
0.204676
0.203593
0.202799
0.185167
0.124649
0.127376
0.130605
0.136946
0.143258
0.152393
0.161126
0.172373
0.182263
0.194164
0.202549
0.212191
0.214129
0.216638
0.204445
0.125247
0.128025
0.131296
0.137771
0.144221
0.153616
0.162682
0.174441
0.185055
0.197965
0.207842
0.219362
0.22422
0.229894
0.222846
0.125825
0.128636
0.131966
0.13857
0.145152
0.154797
0.16418
0.176424
0.187731
0.201589
0.212899
0.226179
0.233826
0.242528
0.240339
0.126383
0.129242
0.132612
0.139342
0.14605
0.155932
0.165619
0.17832
0.190289
0.205034
0.217708
0.232634
0.242919
0.254505
0.25689
0.126922
0.129825
0.133233
0.140085
0.146913
0.157021
0.166997
0.180126
0.192724
0.208292
0.22226
0.238719
0.251476
0.26579
0.272463
0.127438
0.130384
0.133829
0.140799
0.14774
0.158062
0.16831
0.181838
0.19503
0.21136
0.226541
0.244424
0.259477
0.276349
0.287012
0.127933
0.130919
0.134399
0.141481
0.148529
0.159051
0.169557
0.183454
0.197203
0.214232
0.230543
0.249738
0.266904
0.286153
0.300496
0.128404
0.131429
0.134943
0.142132
0.14928
0.159988
0.170736
0.18497
0.199238
0.216905
0.234255
0.254652
0.273743
0.295174
0.312874
0.128853
0.131915
0.135461
0.142748
0.14999
0.16087
0.171843
0.186384
0.201128
0.219373
0.237669
0.259155
0.279978
0.303388
0.324111
0.129277
0.132375
0.13595
0.14333
0.150659
0.161697
0.172876
0.187695
0.202871
0.221633
0.240778
0.263237
0.285598
0.310772
0.334175
0.129678
0.132809
0.136412
0.143875
0.151286
0.162466
0.173834
0.188899
0.204461
0.22368
0.243575
0.26689
0.29059
0.317309
0.343041
0.130053
0.133213
0.136846
0.144384
0.151869
0.163177
0.174714
0.189996
0.205894
0.225512
0.246053
0.270104
0.294947
0.322982
0.350687
0.130404
0.13359
0.13725
0.144856
0.152408
0.163828
0.175514
0.190984
0.207167
0.227124
0.248208
0.272872
0.298658
0.32778
0.357097
0.130729
0.133941
0.137624
0.145289
0.152902
0.164418
0.176234
0.191862
0.208276
0.228514
0.250038
0.275189
0.301718
0.331691
0.362259
0.131029
0.134262
0.137968
0.145684
0.153351
0.164949
0.176873
0.192632
0.209222
0.229683
0.251542
0.277052
0.304126
0.334714
0.366173
0.131303
0.134553
0.138281
0.146038
0.153753
0.165418
0.177431
0.193297
0.210004
0.230628
0.252704
0.27844
0.305869
0.336838
0.368834
0.0657129
0.0636302
0.0600558
0.0553929
0.0499878
0.0441071
0.0379879
0.0318214
0.025777
0.0199783
0.0145226
0.00946204
0.00483049
0.000625956
-0.00315913
0.0662498
0.0641697
0.0606042
0.0559438
0.0505293
0.0446184
0.0384504
0.0322165
0.0260917
0.0202015
0.0146486
0.00948654
0.00475387
0.000448002
-0.00343751
0.0672485
0.0651748
0.0616272
0.0569747
0.0515452
0.0455826
0.0393274
0.0329718
0.0266991
0.0206389
0.014903
0.00954943
0.00462485
0.000126988
-0.00394774
0.0686395
0.0665771
0.0630606
0.0584267
0.0529851
0.0469588
0.0405896
0.0340697
0.0275929
0.0212945
0.0152998
0.00967309
0.0044734
-0.000300939
-0.0046496
0.0703586
0.0683147
0.0648482
0.0602504
0.0548078
0.0487158
0.0422176
0.0355024
0.0287771
0.0221823
0.0158614
0.00988657
0.00433363
-0.000798182
-0.00550277
0.0723474
0.0703316
0.0669395
0.0624017
0.056978
0.0508286
0.0441988
0.0372699
0.0302631
0.0233236
0.016617
0.0102247
0.00424409
-0.00132419
-0.00646575
0.0745521
0.0725769
0.0692889
0.0648401
0.0594635
0.0532761
0.0465251
0.0393769
0.0320675
0.0247449
0.0176008
0.0107269
0.00424739
-0.00183538
-0.00749532
0.0769237
0.0750044
0.0718539
0.0675271
0.0622341
0.0560387
0.0491907
0.0418302
0.0342101
0.0264762
0.0188513
0.0114369
0.00438994
-0.00228493
-0.00854578
0.0794175
0.0775725
0.0745949
0.0704255
0.0652605
0.0590977
0.0521896
0.0446375
0.0367115
0.0285495
0.0204095
0.0124015
0.00472176
-0.00262257
-0.00956826
0.0819928
0.0802438
0.0774744
0.0734995
0.0685137
0.0624331
0.055515
0.0478049
0.0395922
0.0309977
0.0223185
0.0136706
0.00529628
-0.00279442
-0.0105103
0.0846133
0.0829847
0.0804561
0.076714
0.0719641
0.0660237
0.0591572
0.0513359
0.0428709
0.0338528
0.0246225
0.0152959
0.00617005
-0.00274299
-0.0113157
0.0872469
0.0857656
0.0835052
0.0800357
0.075582
0.0698458
0.0631036
0.0552306
0.0465636
0.0371455
0.0273651
0.0173309
0.00740238
-0.00240722
-0.0119241
0.0898659
0.0885597
0.0865885
0.083433
0.0793362
0.0738734
0.0673372
0.0594842
0.0506817
0.040903
0.0305893
0.0198295
0.00905487
-0.00172272
-0.012271
0.092447
0.0913429
0.0896748
0.0868767
0.0831948
0.0780786
0.0718363
0.0640867
0.0552321
0.0451486
0.0343353
0.0228453
0.0111908
-0.000622014
-0.0122881
0.0949708
0.0940934
0.0927358
0.0903399
0.0871249
0.0824315
0.0765747
0.0690227
0.0602148
0.0498998
0.0386401
0.0264307
0.0138743
0.000965081
-0.011903
0.0974219
0.0967916
0.0957465
0.0937979
0.0910932
0.0869017
0.0815206
0.0742716
0.065623
0.0551674
0.0435358
0.0306356
0.0171698
0.00311097
-0.0110396
0.0997884
0.0994199
0.098686
0.0972276
0.0950668
0.0914577
0.086638
0.0798077
0.0714412
0.060955
0.0490486
0.0355057
0.0211408
0.00588973
-0.00961863
0.102061
0.101963
0.101537
0.100607
0.0990149
0.096068
0.0918869
0.085601
0.0776447
0.0672585
0.0551971
0.0410817
0.0258493
0.00937631
-0.00755834
0.104234
0.104408
0.104287
0.103916
0.102909
0.1007
0.0972251
0.0916173
0.0841993
0.0740662
0.0619903
0.0473974
0.031355
0.0136453
-0.00477508
0.106302
0.106746
0.106926
0.107136
0.106725
0.105322
0.10261
0.0978181
0.0910619
0.0813595
0.0694253
0.0544797
0.0377134
0.0187687
-0.00118456
0.108262
0.108969
0.109446
0.11025
0.11044
0.109899
0.108
0.10416
0.0981821
0.0891122
0.0774853
0.0623492
0.0449745
0.0248143
0.00329643
0.110115
0.111072
0.111843
0.113242
0.114038
0.114401
0.113355
0.110597
0.105505
0.0972893
0.086139
0.0710216
0.0531803
0.0318457
0.00874857
0.111859
0.113053
0.114115
0.116102
0.117503
0.118796
0.118641
0.117074
0.112972
0.105845
0.0953407
0.0805069
0.0623625
0.0399295
0.0152538
0.113495
0.114912
0.11626
0.118821
0.120825
0.123057
0.123824
0.123539
0.120527
0.11472
0.105033
0.0908046
0.0725357
0.0491457
0.0229114
0.115027
0.116651
0.118279
0.121392
0.123993
0.127159
0.128875
0.129934
0.128112
0.123842
0.115151
0.101898
0.0836823
0.0595825
0.0318506
0.116455
0.118272
0.120172
0.123813
0.127002
0.131084
0.133769
0.136208
0.135674
0.133129
0.125631
0.113754
0.0957408
0.0712885
0.0421481
0.117785
0.119779
0.121942
0.126084
0.129849
0.13482
0.138488
0.142317
0.143169
0.142494
0.136417
0.126324
0.108636
0.0842122
0.0535587
0.119019
0.121176
0.123592
0.128207
0.132532
0.138358
0.143015
0.148221
0.150545
0.151828
0.147436
0.139508
0.122393
0.0983431
0.0652552
0.120162
0.122466
0.12512
0.130174
0.135034
0.141669
0.147301
0.153843
0.157698
0.160978
0.158553
0.153175
0.137322
0.114507
0.076887
0.121218
0.123655
0.126518
0.131971
0.137311
0.144699
0.151244
0.159084
0.164473
0.169838
0.169658
0.167431
0.154104
0.135576
0.0930501
-0.00557285
-0.0068266
-0.00806706
-0.00929116
-0.0105014
-0.0116993
-0.012884
-0.0140538
-0.0152071
-0.0163425
-0.0174588
-0.0185551
-0.0196303
-0.0206832
-0.0217129
-0.0227183
-0.0236986
-0.0246528
-0.0255801
-0.0264794
-0.0059158
-0.0071871
-0.00843514
-0.0096674
-0.0108899
-0.0121032
-0.013305
-0.0144927
-0.0156648
-0.01682
-0.0179573
-0.0190755
-0.0201735
-0.0212498
-0.0223035
-0.0233335
-0.0243385
-0.0253178
-0.0262702
-0.0271951
-0.00655287
-0.00787002
-0.00914619
-0.0104082
-0.0116672
-0.0129213
-0.0141651
-0.0153949
-0.0166089
-0.0178062
-0.018986
-0.0201469
-0.0212874
-0.0224063
-0.0235021
-0.0245739
-0.0256202
-0.0266401
-0.0276324
-0.0285957
-0.0074426
-0.00883285
-0.0101551
-0.011464
-0.0127786
-0.0140937
-0.0153991
-0.0166896
-0.0179637
-0.0192209
-0.0204606
-0.0216813
-0.0228814
-0.0240594
-0.025214
-0.0263439
-0.0274477
-0.0285243
-0.0295723
-0.0305904
-0.00854264
-0.0100329
-0.0114195
-0.0127931
-0.0141834
-0.0155803
-0.0169682
-0.0183395
-0.0196931
-0.0210294
-0.0223479
-0.023647
-0.0249252
-0.0261806
-0.027412
-0.0286182
-0.0297981
-0.0309504
-0.0320738
-0.0331593
-0.0098113
-0.0114293
-0.0129001
-0.0143577
-0.0158445
-0.0173451
-0.0188368
-0.0203095
-0.0217624
-0.0231971
-0.0246133
-0.0260094
-0.0273832
-0.028733
-0.0300571
-0.0313541
-0.0326226
-0.0338611
-0.0350687
-0.0362513
-0.0112063
-0.0129818
-0.0145588
-0.0161216
-0.0177278
-0.0193555
-0.0209739
-0.02257
-0.024144
-0.0256983
-0.0272333
-0.0287472
-0.0302375
-0.0317024
-0.0331403
-0.0345498
-0.0359297
-0.0372787
-0.0385957
-0.0398806
-0.0126835
-0.0146487
-0.0163575
-0.0180495
-0.0198001
-0.0215803
-0.0233502
-0.0250937
-0.0268119
-0.0285088
-0.0301851
-0.0318388
-0.0334672
-0.0350683
-0.0366405
-0.0381824
-0.0396927
-0.0411702
-0.0426136
-0.0440226
-0.0141958
-0.0163862
-0.0182569
-0.0201059
-0.0220286
-0.023989
-0.0259373
-0.0278543
-0.0297422
-0.0316067
-0.0334488
-0.0352662
-0.0370561
-0.0388163
-0.0405452
-0.0422414
-0.0439037
-0.0455307
-0.0471212
-0.0486752
-0.0156928
-0.018148
-0.0202161
-0.0222543
-0.0243802
-0.0265512
-0.0287074
-0.0308266
-0.0329124
-0.034972
-0.0370068
-0.0390143
-0.0409913
-0.0429356
-0.0448456
-0.04672
-0.0485577
-0.0503572
-0.0521174
-0.0538386
-0.0171199
-0.0198842
-0.0221921
-0.0244571
-0.0268209
-0.0292358
-0.0316324
-0.0339857
-0.0363007
-0.0385858
-0.040843
-0.0430694
-0.0452616
-0.0474173
-0.0495352
-0.051614
-0.0536525
-0.0556495
-0.0576038
-0.0595164
-0.0184186
-0.0215414
-0.0241397
-0.0266752
-0.0293157
-0.0320109
-0.0346837
-0.0373065
-0.0398854
-0.04243
-0.0449423
-0.0474192
-0.0498573
-0.0522546
-0.0546095
-0.0569212
-0.0591883
-0.0614097
-0.0635843
-0.0657143
-0.0195254
-0.0230624
-0.0260108
-0.0288677
-0.0318279
-0.0348433
-0.0378319
-0.0407638
-0.0436453
-0.0464867
-0.0492901
-0.0520524
-0.0547702
-0.0574418
-0.0600657
-0.0626412
-0.0651671
-0.0676422
-0.0700653
-0.0724408
-0.0203726
-0.0243856
-0.0277549
-0.030992
-0.0343194
-0.0376986
-0.0410467
-0.0443317
-0.0475591
-0.0507387
-0.0538728
-0.0569586
-0.0599932
-0.0629748
-0.0659026
-0.0687756
-0.0715928
-0.0743531
-0.0770547
-0.0797058
-0.0208876
-0.0254457
-0.0293186
-0.033003
-0.0367499
-0.0405405
-0.0442965
-0.047984
-0.0516053
-0.0551689
-0.0586772
-0.0621284
-0.0655202
-0.0688514
-0.072121
-0.0753281
-0.0784718
-0.0815507
-0.0845619
-0.0875206
-0.0209933
-0.0261731
-0.0306455
-0.0348535
-0.0390772
-0.0433311
-0.0475491
-0.0516942
-0.0557629
-0.0597607
-0.0636907
-0.067553
-0.0713465
-0.0750703
-0.0787237
-0.082306
-0.0858153
-0.0892485
-0.0925994
-0.095899
-0.0206084
-0.0264942
-0.0316762
-0.0364935
-0.0412564
-0.0460307
-0.0507711
-0.0554359
-0.0600111
-0.0644982
-0.0689016
-0.0732243
-0.0774666
-0.0816283
-0.0857095
-0.0897118
-0.0936359
-0.0974783
-0.101202
-0.104877
-0.0196475
-0.0263317
-0.0323481
-0.0378701
-0.0432398
-0.0485974
-0.0539286
-0.0591828
-0.0643302
-0.0693671
-0.0743009
-0.0791381
-0.0838803
-0.0885259
-0.0930733
-0.0975206
-0.101869
-0.106125
-0.110348
-0.114472
-0.0180226
-0.0256052
-0.0325955
-0.0389261
-0.0449754
-0.0509867
-0.0569863
-0.0629082
-0.0687006
-0.0743541
-0.0798818
-0.0852954
-0.0905979
-0.0957873
-0.100863
-0.105825
-0.110676
-0.115422
-0.120097
-0.124676
-0.0156439
-0.024232
-0.0323491
-0.0395996
-0.0464068
-0.0531509
-0.0599075
-0.0665848
-0.0731016
-0.0794447
-0.0856365
-0.0916948
-0.0976227
-0.103417
-0.109076
-0.114601
-0.119993
-0.125256
-0.130439
-0.135524
-0.0124228
-0.0221304
-0.0315373
-0.0398225
-0.0474709
-0.055039
-0.0626543
-0.0701837
-0.0775107
-0.084623
-0.0915565
-0.0983346
-0.104959
-0.111423
-0.117727
-0.123872
-0.129857
-0.135681
-0.141422
-0.14706
-0.00827849
-0.0192262
-0.0300884
-0.0395198
-0.048098
-0.056597
-0.0651878
-0.0736746
-0.0819036
-0.0898727
-0.0976346
-0.105216
-0.112613
-0.11982
-0.126838
-0.133672
-0.140319
-0.146747
-0.153096
-0.159331
-0.00314537
-0.015463
-0.027935
-0.0386091
-0.0482125
-0.0577705
-0.0674686
-0.0770239
-0.086253
-0.0951773
-0.103866
-0.112342
-0.120595
-0.128615
-0.136408
-0.14398
-0.151338
-0.158501
-0.165536
-0.172402
0.00302146
-0.0108129
-0.0250162
-0.0370024
-0.047738
-0.0585081
-0.0694562
-0.0801929
-0.090528
-0.10052
-0.110249
-0.119725
-0.128927
-0.137845
-0.146479
-0.154834
-0.16293
-0.17096
-0.17876
-0.186303
0.0102534
-0.00526142
-0.0212645
-0.0346035
-0.0466036
-0.0587654
-0.0711074
-0.0831365
-0.0946944
-0.105885
-0.116782
-0.127375
-0.137639
-0.147567
-0.157163
-0.166428
-0.175366
-0.18419
-0.192773
-0.201055
0.0185528
0.00121689
-0.0165716
-0.0312937
-0.0447391
-0.0584968
-0.0723683
-0.0857995
-0.0987136
-0.111249
-0.123451
-0.135289
-0.146735
-0.157793
-0.168463
-0.178735
-0.188561
-0.198263
-0.207691
-0.216755
0.0277883
0.00863594
-0.0107819
-0.0269232
-0.0420662
-0.0576435
-0.0731692
-0.0881248
-0.102553
-0.116595
-0.130248
-0.143462
-0.156216
-0.168508
-0.180339
-0.191708
-0.202659
-0.213365
-0.223668
-0.23353
0.0374292
0.0167725
-0.00380875
-0.0213484
-0.0384777
-0.0560756
-0.073371
-0.0900115
-0.10615
-0.121876
-0.137144
-0.151899
-0.166117
-0.179761
-0.192787
-0.205222
-0.217625
-0.229491
-0.240731
-0.251445
0.0463912
0.0247523
0.00398245
-0.0148032
-0.0340945
-0.0537629
-0.0729188
-0.0914478
-0.109509
-0.127105
-0.144166
-0.160662
-0.176589
-0.191917
-0.206568
-0.220277
-0.233758
-0.246666
-0.258886
-0.270517
0.0541015
0.0321522
0.012268
-0.00769229
-0.0288872
-0.0503004
-0.0712669
-0.0917887
-0.111895
-0.131496
-0.150503
-0.168874
-0.18659
-0.203636
-0.219988
-0.235805
-0.250899
-0.265011
-0.278269
-0.290842
-0.0273507
-0.0281935
-0.0290068
-0.0297899
-0.0305423
-0.0312636
-0.0319535
-0.0326116
-0.0332375
-0.0338311
-0.0343922
-0.0349205
-0.0354159
-0.0358784
-0.0363079
-0.0367044
-0.037068
-0.0373988
-0.0376965
-0.0379632
-0.0280914
-0.0289583
-0.0297952
-0.0306014
-0.0313762
-0.0321192
-0.0328299
-0.033508
-0.0341529
-0.0347646
-0.0353427
-0.0358871
-0.0363977
-0.0368744
-0.0373172
-0.0377263
-0.0381017
-0.0384438
-0.0387528
-0.0390326
-0.02953
-0.0304347
-0.0313086
-0.0321509
-0.0329608
-0.0337379
-0.0344818
-0.0351921
-0.0358684
-0.0365104
-0.0371181
-0.0376912
-0.0382297
-0.0387336
-0.0392029
-0.0396379
-0.0400386
-0.0404059
-0.0407406
-0.0410504
-0.0315789
-0.0325369
-0.0334633
-0.0343569
-0.0352172
-0.0360438
-0.0368361
-0.0375938
-0.0383166
-0.0390041
-0.0396563
-0.040273
-0.0408541
-0.0413997
-0.0419099
-0.0423849
-0.0428249
-0.0432311
-0.0436056
-0.0439611
-0.0342163
-0.0352426
-0.0362361
-0.0371958
-0.0381213
-0.0390121
-0.0398674
-0.040687
-0.0414705
-0.0422178
-0.0429285
-0.0436026
-0.0442402
-0.0448412
-0.0454058
-0.0459343
-0.0464271
-0.0468857
-0.0473139
-0.0477312
-0.0373992
-0.0385123
-0.0395907
-0.0406339
-0.0416413
-0.0426124
-0.0435466
-0.0444438
-0.0453035
-0.0461257
-0.0469101
-0.0476568
-0.0483658
-0.0490372
-0.0496711
-0.0502679
-0.0508282
-0.0513541
-0.0518514
-0.0523484
-0.0411311
-0.0423462
-0.0435253
-0.0446676
-0.0457728
-0.0468402
-0.0478694
-0.0488601
-0.0498121
-0.0507252
-0.0515994
-0.0524347
-0.0532312
-0.053989
-0.0547083
-0.0553897
-0.0560338
-0.0566438
-0.0572279
-0.0578257
-0.0453957
-0.0467316
-0.0480298
-0.0492895
-0.0505103
-0.0516918
-0.0528336
-0.0539354
-0.0549971
-0.0560186
-0.0569999
-0.0579412
-0.0588426
-0.0597043
-0.0605267
-0.0613104
-0.0620565
-0.0627689
-0.0634594
-0.0641814
-0.0501912
-0.0516681
-0.0531051
-0.0545017
-0.0558576
-0.0571723
-0.0584457
-0.0596776
-0.060868
-0.0620168
-0.0631243
-0.0641906
-0.065216
-0.0662009
-0.0671458
-0.0680515
-0.0689194
-0.069755
-0.0705738
-0.0714467
-0.0555196
-0.0571591
-0.0587563
-0.0603109
-0.0618228
-0.0632917
-0.0647175
-0.0661002
-0.0674399
-0.0687367
-0.069991
-0.0712031
-0.0723735
-0.0735028
-0.0745915
-0.0756408
-0.0766524
-0.0776339
-0.0786051
-0.0796582
-0.0613861
-0.0632116
-0.0649923
-0.0667279
-0.0684185
-0.0700641
-0.0716648
-0.0732208
-0.0747323
-0.0761998
-0.0776236
-0.0790046
-0.0803432
-0.0816403
-0.0828966
-0.084114
-0.0852944
-0.0864478
-0.0876
-0.0888688
-0.0677986
-0.0698356
-0.0718247
-0.0737661
-0.07566
-0.0775068
-0.0793068
-0.0810604
-0.0827682
-0.0844308
-0.0860491
-0.0876239
-0.0891562
-0.0906471
-0.0920978
-0.0935106
-0.094888
-0.096243
-0.0976081
-0.0991314
-0.0747676
-0.0770435
-0.079268
-0.0814417
-0.0835653
-0.0856395
-0.0876649
-0.0896424
-0.0915727
-0.0934569
-0.0952963
-0.097092
-0.0988454
-0.100558
-0.102232
-0.10387
-0.105475
-0.107064
-0.108679
-0.110503
-0.0823051
-0.0848497
-0.0873389
-0.0897734
-0.0921549
-0.0944845
-0.0967633
-0.0989926
-0.101173
-0.103308
-0.105397
-0.107442
-0.109446
-0.111411
-0.113339
-0.115233
-0.117098
-0.118956
-0.120857
-0.123027
-0.0904251
-0.0932704
-0.096055
-0.0987808
-0.10145
-0.104065
-0.106627
-0.109138
-0.111599
-0.114013
-0.116382
-0.118709
-0.120995
-0.123245
-0.12546
-0.127646
-0.129809
-0.131975
-0.134207
-0.13678
-0.0991439
-0.102324
-0.105437
-0.108486
-0.111474
-0.114406
-0.117282
-0.120105
-0.122879
-0.125605
-0.128286
-0.130926
-0.133529
-0.136097
-0.138636
-0.141151
-0.14365
-0.146166
-0.148777
-0.151809
-0.108495
-0.11204
-0.115512
-0.118916
-0.122256
-0.125536
-0.128758
-0.131926
-0.135043
-0.138113
-0.14114
-0.144128
-0.147082
-0.150006
-0.152905
-0.155787
-0.158664
-0.161574
-0.164615
-0.16817
-0.118497
-0.122437
-0.1263
-0.130093
-0.133818
-0.137479
-0.141079
-0.144624
-0.148118
-0.151566
-0.154972
-0.158342
-0.161683
-0.165
-0.1683
-0.171593
-0.174892
-0.178242
-0.181766
-0.185909
-0.129151
-0.133531
-0.137826
-0.142042
-0.146186
-0.150262
-0.154274
-0.158229
-0.162133
-0.165991
-0.169811
-0.173598
-0.17736
-0.181106
-0.184844
-0.188589
-0.192357
-0.196201
-0.200267
-0.205069
-0.140495
-0.145356
-0.150119
-0.154795
-0.159391
-0.163914
-0.16837
-0.172766
-0.177111
-0.181412
-0.185678
-0.189918
-0.194139
-0.198353
-0.202567
-0.2068
-0.211076
-0.21546
-0.220128
-0.225668
-0.152569
-0.157948
-0.163214
-0.168382
-0.173462
-0.178463
-0.183393
-0.18826
-0.193074
-0.197847
-0.202587
-0.207308
-0.212021
-0.216742
-0.221479
-0.226254
-0.231085
-0.236052
-0.241371
-0.247718
-0.165413
-0.171344
-0.177146
-0.182838
-0.188432
-0.193938
-0.199367
-0.20473
-0.210041
-0.215311
-0.220551
-0.22578
-0.231004
-0.236254
-0.241536
-0.246898
-0.252347
-0.257985
-0.264023
-0.271261
-0.179082
-0.185594
-0.191962
-0.198205
-0.204336
-0.210368
-0.216316
-0.222194
-0.228018
-0.233807
-0.239571
-0.245338
-0.251105
-0.256916
-0.262753
-0.268708
-0.274766
-0.281135
-0.287974
-0.296258
-0.193617
-0.200741
-0.207702
-0.214519
-0.221208
-0.227783
-0.234263
-0.240668
-0.247013
-0.253327
-0.259621
-0.265939
-0.272276
-0.278708
-0.285169
-0.291806
-0.298481
-0.30559
-0.313166
-0.32264
-0.209057
-0.216829
-0.224409
-0.231819
-0.239078
-0.246205
-0.253224
-0.260159
-0.267031
-0.27387
-0.280689
-0.287544
-0.294424
-0.30146
-0.308556
-0.315998
-0.323447
-0.331549
-0.339868
-0.350657
-0.225481
-0.233928
-0.242142
-0.25015
-0.257976
-0.265647
-0.27319
-0.280639
-0.288021
-0.295376
-0.302717
-0.31011
-0.317521
-0.325111
-0.33272
-0.340834
-0.348943
-0.358262
-0.367571
-0.38021
-0.243004
-0.252146
-0.260999
-0.269597
-0.277968
-0.286147
-0.29417
-0.302078
-0.30991
-0.317718
-0.325533
-0.333435
-0.341404
-0.34961
-0.357823
-0.366591
-0.375115
-0.385308
-0.395186
-0.410202
-0.261717
-0.271592
-0.281104
-0.290289
-0.299186
-0.307839
-0.316291
-0.324593
-0.332794
-0.340957
-0.349138
-0.357432
-0.365874
-0.374665
-0.38366
-0.393431
-0.402994
-0.414449
-0.424575
-0.441715
-0.281642
-0.292296
-0.302503
-0.312301
-0.321734
-0.330855
-0.339718
-0.348382
-0.356909
-0.36537
-0.373839
-0.38241
-0.391168
-0.400289
-0.409804
-0.42025
-0.431112
-0.444484
-0.456681
-0.476898
-0.302808
-0.314201
-0.325054
-0.335403
-0.345296
-0.354794
-0.363962
-0.372872
-0.381597
-0.390219
-0.398823
-0.4075
-0.416346
-0.425476
-0.434997
-0.445156
-0.455957
-0.468732
-0.482228
-0.504542
-0.0385429
-0.0389436
-0.0387505
-0.0378811
-0.0363147
-0.0340289
-0.0310992
-0.0275419
-0.0235098
-0.0190563
-0.0143982
-0.00965803
-0.00496366
-0.000308434
0.00427383
0.00892461
0.0137839
0.0189126
0.0243019
0.0297775
0.03519
0.0399363
0.0435158
0.044008
0.0394031
0.0316228
0.0244187
0.0181626
0.0134409
0.00559786
-0.0396513
-0.0400392
-0.0397773
-0.038801
-0.0371039
-0.0346688
-0.0315841
-0.0278629
-0.023675
-0.0190874
-0.0143664
-0.009512
-0.00479981
-0.000186691
0.00431524
0.00887252
0.0136707
0.0187679
0.02419
0.0297665
0.0353341
0.0403855
0.0441392
0.0444917
0.0396024
0.0315402
0.0241778
0.0179189
0.013659
0.00568385
-0.0417516
-0.0421168
-0.0417224
-0.0405408
-0.0385913
-0.0358726
-0.032484
-0.0284465
-0.0239504
-0.0190889
-0.0141423
-0.00918462
-0.0044631
5.23291e-05
0.0043904
0.00875588
0.0134349
0.0184627
0.0239467
0.0297001
0.0355634
0.0412142
0.045284
0.0453636
0.0399766
0.0313068
0.0236567
0.0174455
0.0140396
0.00580571
-0.0447855
-0.0451148
-0.0445234
-0.0430439
-0.0407137
-0.0375766
-0.0337476
-0.029237
-0.0242846
-0.0190207
-0.0137637
-0.00865409
-0.00393536
0.000411934
0.00448349
0.00855016
0.013045
0.0179607
0.0235269
0.0295105
0.0357922
0.0423558
0.0468277
0.046491
0.0404805
0.0308006
0.0227522
0.0167347
0.0145146
0.00591094
-0.0487206
-0.0489942
-0.0481325
-0.0462882
-0.0434067
-0.039723
-0.0353035
-0.0301709
-0.0246146
-0.0188151
-0.0131642
-0.00787289
-0.00318136
0.000899496
0.00457452
0.00821946
0.0124562
0.0172127
0.0228687
0.029111
0.0359126
0.0437176
0.0485895
0.0477148
0.0410457
0.0298453
0.0213406
0.015757
0.0149871
0.00594102
-0.0535494
-0.0537367
-0.05248
-0.0499582
-0.0466194
-0.0422748
-0.0371105
-0.0311879
-0.0248665
-0.0184031
-0.0122744
-0.00676861
-0.0021554
0.00152111
0.00463551
0.00771631
0.0116132
0.0161627
0.021899
0.0284035
0.0357913
0.0451476
0.0503022
0.048849
0.0415396
0.0282063
0.01931
0.0144519
0.0153125
0.00586099
-0.0592933
-0.0593813
-0.0576825
-0.0545676
-0.0504189
-0.0452166
-0.0391275
-0.0322309
-0.0249701
-0.0177087
-0.0110106
-0.00528562
-0.000861673
0.00227499
0.00462865
0.00698103
0.0104528
0.0147532
0.0205421
0.0272842
0.035268
0.0463959
0.0515879
0.0496589
0.0417242
0.025608
0.0165684
0.012735
0.0153054
0.00566673
-0.0659764
-0.065937
-0.0636673
-0.0598076
-0.0547441
-0.0485151
-0.041311
-0.0332405
-0.0248499
-0.0166434
-0.00928552
-0.00333945
0.000835458
0.00316358
0.00450274
0.0059402
0.00890513
0.0129294
0.0187283
0.025651
0.0341702
0.0470631
0.0519388
0.0498036
0.0412207
0.0217829
0.0130577
0.0105142
0.0147721
0.00536447
-0.0736374
-0.0734434
-0.0705233
-0.0657282
-0.0595883
-0.0521482
-0.0436229
-0.0341594
-0.0244279
-0.0151226
-0.00701065
-0.000849152
0.00294023
0.0041672
0.00418628
0.00450467
0.00689527
0.0106421
0.0164008
0.0234129
0.0323518
0.0465553
0.0507134
0.0487521
0.0395128
0.0166333
0.00879759
0.0077233
0.0135453
0.0049517
-0.0823177
-0.0818945
-0.0782266
-0.0723426
-0.0649515
-0.0561013
-0.0460323
-0.0349374
-0.0236271
-0.0130649
-0.00409888
0.00227292
0.00550731
0.00533561
0.00358105
0.00256778
0.00434287
0.00785042
0.0135203
0.0205073
0.0297336
0.0441671
0.0471469
0.0457503
0.0360409
0.0104389
0.00395716
0.00435389
0.0115146
0.00441784
-0.092091
-0.0914532
-0.0868377
-0.0796785
-0.0708438
-0.0603701
-0.0485173
-0.0355345
-0.0223688
-0.0104016
-0.000468353
0.0061157
0.00856158
0.00641682
0.00254212
4.43958e-06
0.00116309
0.00452371
0.0100667
0.0169249
0.02633
0.0394341
0.040563
0.0400586
0.03037
0.00380968
-0.0011603
0.000482001
0.00865278
0.00375671
-0.103013
-0.102094
-0.0963827
-0.087763
-0.0772835
-0.0649583
-0.0510655
-0.0359371
-0.0205726
-0.00708523
0.00395774
0.0107692
0.0121319
0.00741935
0.000913218
-0.00332726
-0.00273096
0.000639946
0.00603925
0.0127264
0.0222396
0.0325055
0.0311313
0.0316109
0.0224632
-0.00258843
-0.0062079
-0.00376601
0.00502156
0.00298042
-0.115155
-0.113889
-0.106907
-0.0966308
-0.0842951
-0.0698742
-0.0536667
-0.0361745
-0.0190904
-0.00311623
0.00924974
0.0163156
0.0162209
0.00820472
-0.00150397
-0.00758965
-0.00742525
-0.00381796
0.00146402
0.00802349
0.0175639
0.0239578
0.019548
0.0212735
0.012896
-0.00835456
-0.0109356
-0.00824949
0.000759632
0.00211801
-0.128581
-0.126913
-0.118466
-0.106326
-0.0919133
-0.0751363
-0.0563003
-0.0360605
-0.0162021
0.00166994
0.0154771
0.022821
0.0207998
0.00857184
-0.00496075
-0.012968
-0.0130039
-0.00886681
-0.00360153
0.0029495
0.0123948
0.0147074
0.00734756
0.0103591
0.00267136
-0.0133229
-0.0152003
-0.0128243
-0.00394896
0.00120474
-0.143381
-0.14122
-0.131114
-0.1169
-0.100184
-0.0807757
-0.0589829
-0.0356649
-0.0128628
0.00719769
0.0226713
0.0303162
0.0257904
0.00824633
-0.00976308
-0.0196683
-0.0195495
-0.0145244
-0.00906149
-0.00235295
0.00689547
0.0056144
-0.00406054
-0.000110064
-0.00725313
-0.0174536
-0.0189255
-0.0173584
-0.00891169
0.000279263
-0.159606
-0.156867
-0.144905
-0.128412
-0.109165
-0.0868345
-0.0617448
-0.0350298
-0.00907733
0.0133909
0.0308333
0.0387809
0.0310387
0.00686522
-0.0162717
-0.0279092
-0.0271428
-0.0208071
-0.0148022
-0.00774772
0.00123454
-0.00272479
-0.0138678
-0.00959988
-0.0162386
-0.0208097
-0.0220971
-0.0217425
-0.0139467
-0.000618457
-0.177329
-0.173921
-0.159901
-0.140933
-0.118927
-0.0933622
-0.064627
-0.034201
-0.00490015
0.020146
0.0399234
0.0481276
0.0362921
0.00396373
-0.0249101
-0.0379141
-0.0358608
-0.0277241
-0.0207229
-0.0131128
-0.00442916
-0.0100179
-0.0218032
-0.0179061
-0.0239824
-0.0235269
-0.024756
-0.0258975
-0.0188939
-0.00145153
-0.196612
-0.192439
-0.176169
-0.154544
-0.129551
-0.100415
-0.0676811
-0.0332348
-0.000426987
0.0273243
0.0498404
0.0581867
0.041177
-0.00101517
-0.0361498
-0.0498925
-0.0457714
-0.0352703
-0.0267458
-0.0183461
-0.0099675
-0.0162038
-0.0280532
-0.0250046
-0.0304401
-0.0257569
-0.0269791
-0.0299411
-0.0236232
-0.00218952
-0.217508
-0.212471
-0.193781
-0.169342
-0.141129
-0.108053
-0.0709666
-0.0322043
0.00421371
0.0347624
0.0604097
0.0687151
0.045209
-0.00863359
-0.050443
-0.0640034
-0.0569229
-0.0434191
-0.0328101
-0.0233764
-0.0152871
-0.0213332
-0.0327597
-0.0309818
-0.0357266
-0.027631
-0.028848
-0.0334585
-0.028032
-0.00281331
-0.240053
-0.23406
-0.212817
-0.185442
-0.153767
-0.116341
-0.0745491
-0.0311992
0.00887024
0.0422794
0.0713747
0.0794516
0.0479326
-0.0192036
-0.0680205
-0.0802895
-0.0693227
-0.0521148
-0.0388654
-0.0281651
-0.0203211
-0.0255178
-0.0361457
-0.0359839
-0.0400305
-0.0292478
-0.0304441
-0.0366266
-0.0320501
-0.0033189
-0.264265
-0.257235
-0.23337
-0.20298
-0.167572
-0.125345
-0.0784978
-0.0303274
0.0133732
0.0496768
0.0823485
0.0901111
0.0491953
-0.0323718
-0.0884426
-0.0985668
-0.0828995
-0.0612656
-0.0448675
-0.0326987
-0.0250285
-0.0289098
-0.0384611
-0.0401693
-0.0435437
-0.0306854
-0.0318343
-0.0394446
-0.0356316
-0.00371323
-0.290137
-0.282012
-0.25555
-0.222116
-0.182663
-0.135134
-0.0828843
-0.0297164
0.0175433
0.0567149
0.0927271
0.100147
0.0491884
-0.046989
-0.110931
-0.118318
-0.0974593
-0.070739
-0.0507751
-0.0369782
-0.0293925
-0.0316676
-0.0399385
-0.0436858
-0.0464311
-0.0320031
-0.0330669
-0.0419211
-0.0387531
-0.00400984
-0.317609
-0.308387
-0.279494
-0.24303
-0.199153
-0.145782
-0.0877854
-0.0295079
0.0212066
0.0630635
0.101619
0.108414
0.0480453
-0.0613943
-0.133084
-0.138695
-0.112662
-0.080361
-0.0565464
-0.0410113
-0.0334129
-0.0339329
-0.0407815
-0.046666
-0.0488267
-0.0332378
-0.034172
-0.0440734
-0.0414106
-0.00422498
-0.346507
-0.336315
-0.305352
-0.265912
-0.217154
-0.157365
-0.0932907
-0.0298522
0.0241851
0.0694721
0.107912
0.113186
0.0453367
-0.0743203
-0.153076
-0.158742
-0.128048
-0.0899267
-0.062138
-0.044807
-0.0370992
-0.0358242
-0.0411627
-0.0492292
-0.0508462
-0.0344033
-0.0351658
-0.045926
-0.0436147
-0.00437529
-0.376544
-0.365686
-0.333273
-0.290935
-0.236756
-0.169962
-0.0995056
-0.0309073
0.0261265
0.0726896
0.110451
0.112728
0.0401827
-0.0854361
-0.169896
-0.177601
-0.143106
-0.0992227
-0.0675068
-0.0483731
-0.0404657
-0.0374404
-0.0412281
-0.0514799
-0.0525972
-0.0355037
-0.0360525
-0.0475057
-0.0453868
-0.00447646
-0.407242
-0.396303
-0.363347
-0.318209
-0.258013
-0.183652
-0.106545
-0.0328356
0.0267524
0.0736274
0.1086
0.106195
0.0320108
-0.0950429
-0.183067
-0.194604
-0.157349
-0.108053
-0.0726133
-0.0517156
-0.0435296
-0.0388647
-0.0410971
-0.0535032
-0.0541609
-0.0365565
-0.036838
-0.0488364
-0.0467556
-0.00454259
-0.437676
-0.427786
-0.395505
-0.3477
-0.280912
-0.198501
-0.114522
-0.035825
0.0257494
0.0718375
0.102319
0.0941997
0.0212321
-0.103583
-0.192728
-0.209295
-0.170364
-0.11626
-0.0774227
-0.0548383
-0.0463096
-0.0401646
-0.0408696
-0.0553526
-0.055545
-0.0375918
-0.0375511
-0.0499488
-0.0477541
-0.00458577
-0.466849
-0.459532
-0.429455
-0.379151
-0.305313
-0.214528
-0.123535
-0.0400927
0.0228318
0.0670992
0.0921004
0.0784845
0.00889406
-0.111492
-0.199709
-0.221557
-0.181828
-0.123729
-0.0819111
-0.0577449
-0.0488279
-0.0413909
-0.0406031
-0.0570371
-0.0566763
-0.0386016
-0.0382307
-0.050916
-0.0484197
-0.00461608
-0.494561
-0.490796
-0.464707
-0.41222
-0.330987
-0.231604
-0.133577
-0.0458141
0.0178379
0.0596815
0.0792803
0.0606153
-0.00509928
-0.119474
-0.204978
-0.231892
-0.191666
-0.130373
-0.0860466
-0.060439
-0.0510919
-0.0426172
-0.0402555
-0.0585598
-0.0575912
-0.0394749
-0.0388508
-0.0517976
-0.0488001
-0.00464133
-0.520122
-0.519788
-0.499624
-0.446371
-0.358458
-0.250576
-0.145262
-0.0533214
0.0106051
0.0498763
0.0736846
0.0390881
-0.0238506
-0.1284
-0.207703
-0.240808
-0.199888
-0.136439
-0.0899126
-0.0628977
-0.0531955
-0.043864
-0.0401037
-0.0603191
-0.0588589
-0.0400396
-0.0392714
-0.0523532
-0.0489395
-0.00467271
-0.537334
-0.536852
-0.521014
-0.468927
-0.378428
-0.26608
-0.156555
-0.0625524
0.000656347
0.0366893
0.0469728
0.0137534
-0.0448055
-0.134539
-0.205103
-0.236522
-0.202623
-0.139968
-0.09311
-0.0647669
-0.0544047
-0.0454193
-0.0420647
-0.0631293
-0.06114
-0.0402703
-0.0393495
-0.0520503
-0.0487282
-0.00469825
-0.548548
-0.55238
-0.538241
-0.482167
-0.384678
-0.266825
-0.154793
-0.0623238
-0.00320459
0.029248
0.0374278
-0.00150718
-0.0587326
-0.141174
-0.208891
-0.240203
-0.205316
-0.14131
-0.0942661
-0.0656831
-0.0553913
-0.0458462
-0.0429895
-0.0640177
-0.0623564
-0.040485
-0.0396732
-0.0520458
-0.0487842
-0.00469254
-0.559011
-0.566478
-0.552154
-0.490044
-0.384245
-0.261017
-0.148115
-0.0593354
-0.00557737
0.0231756
0.0262225
-0.0164537
-0.0717801
-0.146823
-0.212512
-0.243772
-0.2071
-0.14116
-0.0942274
-0.0660874
-0.0562264
-0.0456664
-0.0435918
-0.0646114
-0.0634888
-0.0407186
-0.0400079
-0.0521156
-0.0489086
-0.00464635
-0.569361
-0.579816
-0.565295
-0.498156
-0.38547
-0.257879
-0.144764
-0.0598303
-0.0107758
0.0152017
0.0132056
-0.030979
-0.0834804
-0.151845
-0.215213
-0.245817
-0.208178
-0.140844
-0.0942247
-0.0665066
-0.0569808
-0.0454965
-0.0442607
-0.0653266
-0.0645992
-0.0409602
-0.0403022
-0.0521662
-0.0489749
-0.00457648
-0.579367
-0.592255
-0.577571
-0.506087
-0.38759
-0.256642
-0.14412
-0.0634979
-0.0186243
0.00519302
-0.000960032
-0.0447328
-0.0939348
-0.156126
-0.217156
-0.247096
-0.208749
-0.140542
-0.0944412
-0.0670233
-0.0576975
-0.0454995
-0.0450342
-0.0661215
-0.065684
-0.0412097
-0.0405638
-0.0522025
-0.0489727
-0.00449033
-0.588575
-0.603289
-0.58833
-0.512932
-0.389496
-0.256162
-0.145183
-0.0696441
-0.0284932
-0.00675089
-0.0157976
-0.0576392
-0.103175
-0.159685
-0.218358
-0.24768
-0.208808
-0.140071
-0.0947014
-0.0675628
-0.0583809
-0.0456238
-0.045872
-0.0669575
-0.066749
-0.041468
-0.0407966
-0.0522348
-0.0489231
-0.00438915
-0.596565
-0.612561
-0.597257
-0.518539
-0.391294
-0.256702
-0.148195
-0.0784643
-0.0403669
-0.0208989
-0.0310192
-0.0696945
-0.111256
-0.162501
-0.218795
-0.247473
-0.208317
-0.139358
-0.0949215
-0.0680877
-0.0590292
-0.0458357
-0.046772
-0.0678353
-0.0678002
-0.0417356
-0.0410022
-0.0522668
-0.0488381
-0.0042733
-0.602942
-0.619816
-0.604139
-0.522839
-0.393159
-0.258602
-0.153494
-0.0902216
-0.0544393
-0.0371669
-0.0464207
-0.0809169
-0.118226
-0.16456
-0.218449
-0.246368
-0.20727
-0.13842
-0.0951067
-0.068599
-0.0596486
-0.046149
-0.0477498
-0.068758
-0.0688414
-0.0420126
-0.0411821
-0.052301
-0.0487224
-0.00414387
-0.607371
-0.62483
-0.608757
-0.525692
-0.395075
-0.261938
-0.161185
-0.104975
-0.0709581
-0.0529639
-0.0618353
-0.0913232
-0.124138
-0.165846
-0.217308
-0.243648
-0.20567
-0.137277
-0.09527
-0.069102
-0.0602517
-0.0465876
-0.0488214
-0.0697249
-0.069875
-0.0422992
-0.0413383
-0.0523396
-0.0485797
-0.00400237
-0.609581
-0.627384
-0.610899
-0.526941
-0.396966
-0.266667
-0.171232
-0.122504
-0.0902457
-0.0723896
-0.0772036
-0.10092
-0.129039
-0.166347
-0.215375
-0.24122
-0.203532
-0.135936
-0.09541
-0.0695964
-0.0608536
-0.0471685
-0.0500014
-0.0707334
-0.0709021
-0.0425954
-0.0414725
-0.0523849
-0.0484145
-0.00385038
-0.609387
-0.62724
-0.610398
-0.526426
-0.398712
-0.272681
-0.185575
-0.140658
-0.112249
-0.0929925
-0.0924275
-0.109707
-0.132979
-0.166057
-0.212648
-0.238131
-0.200848
-0.134394
-0.0955192
-0.0700804
-0.0614701
-0.0479027
-0.0513013
-0.0717792
-0.0719228
-0.0429012
-0.0415868
-0.0524391
-0.0482319
-0.00368934
-0.606605
-0.624182
-0.607054
-0.524037
-0.40015
-0.279675
-0.201978
-0.161055
-0.137043
-0.114334
-0.107382
-0.117684
-0.136009
-0.164976
-0.209134
-0.234153
-0.197604
-0.132653
-0.0955905
-0.0705529
-0.0621176
-0.0487999
-0.052725
-0.0728561
-0.0729356
-0.0432163
-0.041683
-0.052504
-0.0480371
-0.00352062
-0.601044
-0.618044
-0.600643
-0.51965
-0.401096
-0.288596
-0.219048
-0.183549
-0.1643
-0.136072
-0.121914
-0.124856
-0.138183
-0.163115
-0.204845
-0.22926
-0.193794
-0.130711
-0.0956174
-0.071014
-0.0628125
-0.0498683
-0.0542746
-0.0739571
-0.0739382
-0.0435403
-0.041763
-0.0525814
-0.0478349
-0.00334556
-0.592518
-0.608734
-0.591007
-0.513139
-0.401283
-0.297912
-0.237814
-0.209225
-0.191773
-0.157876
-0.135875
-0.131236
-0.139559
-0.160499
-0.199805
-0.223467
-0.18942
-0.128571
-0.0955935
-0.0714651
-0.0635708
-0.0511131
-0.0559529
-0.0750757
-0.074927
-0.0438727
-0.0418286
-0.0526726
-0.0476299
-0.00316547
-0.581301
-0.596246
-0.578053
-0.504352
-0.400414
-0.307427
-0.257856
-0.236257
-0.219857
-0.179432
-0.149141
-0.136846
-0.140201
-0.157169
-0.19405
-0.21681
-0.184489
-0.126232
-0.0955119
-0.0719078
-0.0644071
-0.0525359
-0.0577593
-0.0762053
-0.0758979
-0.0442128
-0.0418815
-0.0527793
-0.0474269
-0.0029816
-0.566354
-0.579356
-0.562214
-0.493539
-0.398358
-0.31701
-0.27865
-0.26426
-0.246896
-0.200385
-0.161616
-0.141718
-0.140176
-0.15318
-0.18763
-0.20933
-0.179016
-0.123695
-0.0953655
-0.0723447
-0.0653341
-0.0541368
-0.0596869
-0.0773378
-0.0768456
-0.0445596
-0.0419231
-0.0529026
-0.0472304
-0.00279514
-0.548254
-0.559344
-0.543068
-0.480137
-0.394847
-0.32639
-0.299834
-0.292823
-0.273511
-0.220433
-0.17323
-0.145896
-0.139559
-0.14861
-0.180609
-0.201088
-0.173018
-0.120962
-0.0951469
-0.0727789
-0.0663621
-0.0559146
-0.0617213
-0.0784644
-0.0777643
-0.0449118
-0.0419548
-0.0530438
-0.0470447
-0.00260726
-0.527235
-0.536414
-0.520983
-0.464254
-0.389886
-0.335315
-0.321092
-0.321381
-0.298952
-0.239364
-0.183944
-0.149433
-0.138428
-0.143552
-0.173068
-0.192157
-0.166521
-0.118036
-0.0948491
-0.0732139
-0.0674987
-0.0578653
-0.0638466
-0.079577
-0.0786479
-0.0452679
-0.0419777
-0.0532041
-0.046874
-0.00241907
-0.504038
-0.511049
-0.496435
-0.446216
-0.383562
-0.343562
-0.341966
-0.349239
-0.323138
-0.257028
-0.193743
-0.152391
-0.136863
-0.138113
-0.165099
-0.182631
-0.159554
-0.114923
-0.0944647
-0.0736532
-0.0687488
-0.0599821
-0.0660477
-0.0806688
-0.0794897
-0.0456262
-0.0419927
-0.0533846
-0.0467222
-0.00223164
-0.47946
-0.483903
-0.470046
-0.426452
-0.37603
-0.350939
-0.362021
-0.375586
-0.345876
-0.273302
-0.202622
-0.154841
-0.134947
-0.132412
-0.156808
-0.172624
-0.152152
-0.111628
-0.0939871
-0.0740997
-0.0701144
-0.0622572
-0.0683092
-0.0817322
-0.0802832
-0.0459846
-0.0420005
-0.0535863
-0.0465931
-0.002046
)
;

boundaryField
{
    inlet
    {
        type            zeroGradient;
    }
    outlet
    {
        type            fixedValue;
        value           uniform 0;
    }
    cylinder
    {
        type            zeroGradient;
    }
    top
    {
        type            symmetryPlane;
    }
    bottom
    {
        type            symmetryPlane;
    }
    defaultFaces
    {
        type            empty;
    }
}


// ************************************************************************* //
