/*--------------------------------*- C++ -*----------------------------------*\
  =========                 |
  \\      /  F ield         | OpenFOAM: The Open Source CFD Toolbox
   \\    /   O peration     | Website:  https://openfoam.org
    \\  /    A nd           | Version:  7
     \\/     M anipulation  |
\*---------------------------------------------------------------------------*/
FoamFile
{
    version     2.0;
    format      ascii;
    class       volVectorField;
    location    "335";
    object      U;
}
// * * * * * * * * * * * * * * * * * * * * * * * * * * * * * * * * * * * * * //

dimensions      [0 1 -1 0 0 0 0];

internalField   nonuniform List<vector> 
2125
(
(0.0185988 0.000125753 1.69756e-21)
(0.0845542 -0.00108904 -4.66793e-21)
(0.185093 -0.00286414 -5.28759e-21)
(0.0191445 -0.0277122 -1.6854e-21)
(0.0855869 -0.052128 4.63628e-21)
(0.186302 -0.0581346 5.25731e-21)
(0.281405 -0.0559639 -5.03242e-21)
(0.367056 -0.0515277 4.42872e-21)
(0.443374 -0.0470904 2.2169e-21)
(0.511204 -0.0430912 -3.53864e-21)
(0.571562 -0.0395161 -4.10879e-21)
(0.62524 -0.0362945 6.05067e-22)
(0.672938 -0.0333582 -1.70904e-21)
(0.0218122 -0.0554057 1.84883e-21)
(0.0903833 -0.102949 -5.52351e-21)
(0.191518 -0.113193 1.23277e-20)
(0.286336 -0.107422 -1.08269e-20)
(0.371509 -0.0974077 -5.17952e-22)
(0.447359 -0.0876087 -7.21138e-21)
(0.514773 -0.0788713 1.17115e-20)
(0.574778 -0.0711358 1.59173e-20)
(0.628169 -0.0642322 2.8389e-21)
(0.675532 -0.0580288 -6.11399e-21)
(0.0265758 -0.0827112 -1.56791e-21)
(0.0989075 -0.153183 -1.15986e-20)
(0.200709 -0.167691 -2.70259e-20)
(0.294951 -0.158395 2.34024e-20)
(0.379217 -0.14287 4.81114e-21)
(0.454192 -0.127763 4.26909e-21)
(0.520832 -0.114333 -2.101e-20)
(0.58018 -0.102474 -1.24055e-20)
(0.633033 -0.0919177 -2.76855e-21)
(0.679762 -0.0824859 1.8876e-20)
(0.0333843 -0.109389 -5.51863e-21)
(0.111089 -0.202466 6.99358e-21)
(0.213811 -0.221283 4.87991e-20)
(0.307197 -0.208587 -4.40406e-21)
(0.390137 -0.187663 -1.25615e-20)
(0.463835 -0.167338 8.99539e-21)
(0.529349 -0.14929 6.61099e-22)
(0.58774 -0.13337 3.16584e-21)
(0.639809 -0.119208 -6.95115e-21)
(0.685625 -0.106599 -1.83563e-20)
(0.0421624 -0.135204 -3.70523e-21)
(0.126824 -0.250441 2.02088e-20)
(0.230732 -0.27363 -4.89756e-20)
(0.322998 -0.257708 2.11789e-20)
(0.404205 -0.231542 2.08651e-22)
(0.476233 -0.206123 -2.69188e-20)
(0.540275 -0.183561 1.19231e-20)
(0.597418 -0.163665 -1.12547e-21)
(0.648461 -0.145967 4.52281e-21)
(0.693099 -0.130261 -1.32417e-21)
(0.0528106 -0.159931 -4.23404e-20)
(0.145974 -0.296759 -5.07288e-20)
(0.251346 -0.324402 1.33743e-20)
(0.34225 -0.305477 -2.42718e-20)
(0.421335 -0.274267 -6.81785e-21)
(0.491314 -0.243912 1.02675e-20)
(0.553549 -0.216968 3.79486e-21)
(0.609155 -0.193207 1.40615e-20)
(0.658939 -0.172061 -3.02619e-21)
(0.70215 -0.153357 1.63733e-20)
(0.0652063 -0.183355 4.04679e-20)
(0.168368 -0.341086 2.60618e-20)
(0.2755 -0.373278 -1.96114e-20)
(0.364827 -0.351618 3.30845e-20)
(0.441422 -0.315605 -2.76806e-21)
(0.508988 -0.280507 -3.5886e-20)
(0.569092 -0.24934 6.28659e-21)
(0.622884 -0.221847 -3.82311e-20)
(0.671182 -0.197359 1.51079e-21)
(0.712738 -0.175773 1.38513e-20)
(0.0792051 -0.205273 -2.96931e-20)
(0.193802 -0.383102 5.33225e-20)
(0.303011 -0.419952 2.09751e-20)
(0.390578 -0.39587 -2.61707e-20)
(0.464342 -0.355336 3.19577e-22)
(0.529148 -0.315716 6.60008e-20)
(0.586814 -0.280514 2.94692e-21)
(0.638525 -0.249443 2.92745e-20)
(0.68512 -0.221736 3.56569e-20)
(0.724813 -0.197396 -1.99886e-20)
(0.0946417 -0.225495 1.6624e-20)
(0.222043 -0.422504 -8.00068e-21)
(0.333669 -0.46413 -1.89186e-20)
(0.419331 -0.437981 1.40716e-20)
(0.489951 -0.393246 5.48908e-20)
(0.551674 -0.349359 -1.94411e-20)
(0.60661 -0.310332 -3.23522e-21)
(0.655984 -0.275862 -4.21193e-20)
(0.700671 -0.245074 -5.20838e-20)
(0.73832 -0.218117 2.2817e-20)
(0.111331 -0.243851 -2.16554e-20)
(0.252828 -0.459009 -1.90164e-20)
(0.367236 -0.505539 3.28973e-21)
(0.450891 -0.477716 -7.45828e-20)
(0.518089 -0.429138 -3.17734e-20)
(0.576428 -0.381267 -2.33037e-20)
(0.628363 -0.33865 -3.06325e-20)
(0.675161 -0.300978 1.43177e-20)
(0.717748 -0.267262 1.70407e-20)
(0.753195 -0.237835 2.54002e-20)
(0.129071 -0.260188 4.77142e-21)
(0.285866 -0.492359 2.70753e-20)
(0.403448 -0.543922 2.00224e-20)
(0.485041 -0.514855 3.4385e-20)
(0.548576 -0.462826 2.72303e-20)
(0.60326 -0.411282 -2.59431e-20)
(0.651943 -0.365332 2.4315e-20)
(0.695944 -0.324677 1.6815e-20)
(0.736253 -0.288201 -1.95763e-21)
(0.769372 -0.256451 -7.67667e-21)
(0.147643 -0.274374 4.72506e-20)
(0.32084 -0.522318 -2.35285e-20)
(0.442019 -0.579045 -1.83511e-20)
(0.521546 -0.549196 -1.06656e-20)
(0.581221 -0.494141 2.00722e-20)
(0.632007 -0.439259 1.84015e-20)
(0.677211 -0.390255 -2.5771e-20)
(0.71821 -0.346854 1.98239e-20)
(0.756084 -0.307802 8.87261e-22)
(0.786778 -0.273876 1.84544e-20)
(0.166814 -0.286297 -3.21406e-20)
(0.35741 -0.548678 -1.20763e-20)
(0.482639 -0.610694 -1.9337e-21)
(0.560153 -0.580556 1.95307e-20)
(0.615816 -0.522931 -3.90824e-21)
(0.662493 -0.46507 -1.95929e-20)
(0.704017 -0.413308 5.52703e-21)
(0.741831 -0.367417 5.92384e-21)
(0.777131 -0.325986 1.4258e-20)
(0.805336 -0.290029 -2.83531e-20)
(0.186342 -0.295872 -1.14329e-20)
(0.395214 -0.571261 2.80773e-20)
(0.524976 -0.638684 2.24722e-20)
(0.600591 -0.608772 -1.05068e-20)
(0.652139 -0.54906 -2.42754e-20)
(0.694535 -0.4886 -1.79021e-20)
(0.732202 -0.434392 2.11086e-20)
(0.766666 -0.386285 -4.25907e-20)
(0.799276 -0.34269 1.08042e-20)
(0.824973 -0.304843 2.98694e-20)
(0.205971 -0.303036 2.45533e-20)
(0.43387 -0.58992 -1.49056e-20)
(0.568679 -0.662853 2.88476e-21)
(0.642573 -0.633703 3.79004e-22)
(0.68996 -0.572411 -5.52717e-21)
(0.727937 -0.509752 3.00484e-20)
(0.761599 -0.453426 -2.69063e-20)
(0.792567 -0.403393 2.61595e-20)
(0.822397 -0.357873 -3.99043e-20)
(0.845615 -0.318271 -1.50881e-20)
(0.225443 -0.307753 1.64276e-22)
(0.472981 -0.604539 -1.46582e-20)
(0.613381 -0.683066 2.52373e-22)
(0.6858 -0.655231 -5.20696e-21)
(0.729035 -0.592887 -3.20192e-21)
(0.762499 -0.528444 7.51352e-23)
(0.792036 -0.470336 -1.68825e-20)
(0.819371 -0.418677 -1.1625e-21)
(0.84635 -0.371489 2.40987e-20)
(0.867197 -0.330275 -3.04181e-20)
(0.244493 -0.310016 5.24818e-21)
(0.512133 -0.615039 7.98313e-21)
(0.658697 -0.699218 -1.15674e-20)
(0.729958 -0.673259 -4.35246e-21)
(0.769112 -0.610411 4.23601e-20)
(0.798014 -0.544614 -3.57957e-20)
(0.82334 -0.485072 3.73164e-20)
(0.846912 -0.432109 8.80703e-22)
(0.870973 -0.383574 7.43166e-21)
(0.889682 -0.34094 2.7965e-20)
(0.262857 -0.309843 2.96098e-21)
(0.550906 -0.621376 -4.13047e-21)
(0.70423 -0.711233 2.99239e-21)
(0.774725 -0.687717 2.91096e-21)
(0.809932 -0.624926 -3.26775e-21)
(0.83427 -0.558214 1.4444e-20)
(0.855345 -0.49758 -8.28277e-21)
(0.875022 -0.443594 9.35827e-21)
(0.89604 -0.393952 -3.31594e-21)
(0.913044 -0.350096 -1.81257e-21)
(0.280269 -0.307282 -8.11146e-21)
(0.58887 -0.623543 -5.1899e-21)
(0.749573 -0.719064 2.7458e-21)
(0.819766 -0.698559 2.37369e-21)
(0.85123 -0.636396 -9.37276e-21)
(0.871044 -0.569221 2.38627e-20)
(0.887875 -0.507858 -2.18826e-20)
(0.903532 -0.453215 1.62723e-20)
(0.921172 -0.403072 -1.41056e-20)
(0.937131 -0.359031 -1.80473e-20)
(0.296471 -0.302411 -4.41364e-21)
(0.625591 -0.621572 3.93401e-21)
(0.794305 -0.722695 -2.51329e-21)
(0.864742 -0.705763 5.58605e-22)
(0.892739 -0.644806 -1.18567e-21)
(0.908115 -0.577619 -1.58945e-20)
(0.920782 -0.515851 5.54039e-21)
(0.932436 -0.460714 -4.6392e-21)
(0.946155 -0.409836 1.4594e-20)
(0.962372 -0.364294 -4.06658e-21)
(0.311209 -0.295336 -1.03319e-20)
(0.660637 -0.615532 -8.77218e-21)
(0.838002 -0.72214 3.74177e-21)
(0.909308 -0.709338 5.29113e-22)
(0.934192 -0.650163 -2.00488e-21)
(0.945253 -0.583425 1.55889e-21)
(0.953857 -0.521609 4.40645e-21)
(0.961725 -0.466381 -1.01636e-20)
(0.970591 -0.416534 -1.09854e-20)
(0.98508 -0.374862 7.43114e-21)
(0.324255 -0.2862 -8.24759e-21)
(0.693566 -0.605526 1.86872e-20)
(0.880233 -0.717446 -1.39565e-20)
(0.953114 -0.709319 -3.29206e-21)
(0.975322 -0.652492 -5.66489e-21)
(0.982238 -0.586666 3.52776e-21)
(0.98683 -0.52517 -3.53158e-21)
(0.991172 -0.470149 4.07634e-21)
(0.995645 -0.421226 -3.18618e-21)
(1.00522 -0.379584 5.50463e-22)
(0.335457 -0.275197 -2.20292e-20)
(0.723926 -0.591681 -4.33305e-20)
(0.92057 -0.708707 3.52052e-20)
(0.995809 -0.705769 2.54935e-21)
(1.01586 -0.651835 -6.17129e-22)
(1.01887 -0.587371 5.97518e-21)
(1.0195 -0.526531 2.63431e-21)
(1.02048 -0.471876 -8.57362e-22)
(1.02134 -0.423645 8.74873e-21)
(1.02593 -0.382121 6.03262e-21)
(0.344569 -0.262376 2.12243e-20)
(0.751284 -0.574122 -9.1285e-21)
(0.958607 -0.696107 -2.60757e-20)
(1.03705 -0.69877 2.44177e-21)
(1.05555 -0.64825 1.62303e-21)
(1.05497 -0.585588 -1.63254e-20)
(1.05175 -0.525732 8.20632e-21)
(1.04944 -0.471654 3.10528e-22)
(1.04731 -0.424172 -7.7425e-22)
(1.04799 -0.383246 -2.28896e-22)
(0.351337 -0.247909 2.638e-20)
(0.774968 -0.552975 6.58823e-20)
(0.994072 -0.679885 -1.82065e-21)
(1.07649 -0.688418 -4.99605e-21)
(1.09413 -0.641825 -2.5526e-21)
(1.09034 -0.581396 -3.20569e-21)
(1.08346 -0.522857 -9.71772e-21)
(1.07795 -0.469623 3.85332e-21)
(1.07312 -0.423021 6.6625e-21)
(1.07063 -0.382956 -1.731e-22)
(0.355778 -0.232027 -1.96229e-20)
(0.794762 -0.528865 -1.1394e-20)
(1.02648 -0.66037 4.89551e-20)
(1.11386 -0.674677 7.96296e-22)
(1.13134 -0.63266 -1.79719e-20)
(1.1248 -0.574892 2.89009e-20)
(1.1145 -0.517996 6.01772e-21)
(1.10591 -0.465878 1.86064e-21)
(1.09852 -0.420267 -3.65348e-21)
(1.09314 -0.381203 -3.9338e-21)
(0.357807 -0.215109 4.65164e-20)
(0.810606 -0.502186 -1.04127e-20)
(1.05484 -0.637313 -3.22546e-20)
(1.14882 -0.657798 2.94009e-21)
(1.16692 -0.620913 2.21936e-20)
(1.15816 -0.56618 -7.90297e-21)
(1.14473 -0.511243 -8.76188e-21)
(1.1332 -0.460496 -2.43216e-22)
(1.12337 -0.415979 -4.75098e-21)
(1.11528 -0.378031 2.23238e-21)
(0.357317 -0.197424 -1.65682e-20)
(0.822236 -0.473011 -1.02372e-19)
(1.07891 -0.611102 8.92956e-21)
(1.18092 -0.638144 3.63373e-20)
(1.20064 -0.606623 -1.22857e-21)
(1.19022 -0.555365 -4.39162e-20)
(1.17401 -0.502701 2.40719e-20)
(1.15973 -0.453563 -7.7191e-21)
(1.14759 -0.410254 9.69825e-21)
(1.13699 -0.373544 2.54324e-21)
(0.354243 -0.179227 -2.01108e-20)
(0.829295 -0.441688 3.5886e-20)
(1.0987 -0.582183 4.55589e-20)
(1.2096 -0.615767 -2.70003e-20)
(1.23218 -0.58996 6.76891e-21)
(1.2208 -0.542589 2.64349e-20)
(1.20219 -0.492486 1.04527e-20)
(1.18537 -0.445177 4.14701e-21)
(1.17109 -0.403195 -8.3032e-21)
(1.15816 -0.367842 -7.65094e-21)
(0.348585 -0.160783 -2.71539e-20)
(0.831482 -0.408633 -9.84016e-21)
(1.11388 -0.5508 -8.47547e-20)
(1.23461 -0.590875 -1.13918e-20)
(1.26126 -0.571139 1.5346e-21)
(1.24971 -0.527994 4.17197e-21)
(1.22914 -0.48072 -4.59289e-20)
(1.21003 -0.435446 -2.05151e-20)
(1.19378 -0.394901 4.97463e-22)
(1.1787 -0.361001 6.13326e-21)
(0.3404 -0.142352 -7.37679e-21)
(0.828586 -0.374267 3.22996e-20)
(1.12401 -0.517244 4.27419e-20)
(1.25569 -0.563731 2.42391e-20)
(1.28764 -0.55034 -5.20603e-21)
(1.2768 -0.51174 -4.76747e-21)
(1.25474 -0.467531 3.59669e-20)
(1.23362 -0.424482 3.45883e-20)
(1.21558 -0.385474 4.56595e-21)
(1.19855 -0.353086 -4.56618e-21)
(0.329786 -0.124193 7.05107e-20)
(0.820478 -0.339026 4.40526e-20)
(1.12875 -0.481868 -4.22888e-20)
(1.27252 -0.534583 -7.47402e-21)
(1.31106 -0.527754 3.75209e-21)
(1.30193 -0.493978 -1.17996e-20)
(1.27893 -0.453056 -2.08102e-20)
(1.25601 -0.412405 -1.56652e-21)
(1.23646 -0.375016 -2.07953e-20)
(1.21764 -0.344183 9.15918e-21)
(0.316888 -0.106555 8.79011e-21)
(0.807106 -0.303367 -2.40649e-20)
(1.12782 -0.445056 5.54139e-20)
(1.28475 -0.503693 3.21498e-20)
(1.33126 -0.503567 1.4628e-21)
(1.32488 -0.474874 1.72966e-20)
(1.30164 -0.437416 1.79637e-21)
(1.27725 -0.399348 -1.50954e-20)
(1.25627 -0.36363 1.14578e-20)
(1.23599 -0.334343 1.12633e-21)
(0.301895 -0.0896788 -5.85226e-20)
(0.78849 -0.267757 -1.71175e-20)
(1.12096 -0.40721 -1.46167e-20)
(1.29204 -0.471332 -2.25895e-20)
(1.34796 -0.477968 5.74821e-21)
(1.34547 -0.454589 -1.18067e-22)
(1.3227 -0.420788 1.2713e-20)
(1.29731 -0.385401 -3.19218e-21)
(1.27493 -0.351387 -1.3094e-20)
(1.25368 -0.323773 -1.0565e-20)
(0.285036 -0.0737817 4.70787e-21)
(0.764733 -0.232672 2.73915e-20)
(1.10798 -0.368747 1.27169e-20)
(1.29407 -0.43779 -3.62717e-20)
(1.36088 -0.451152 -7.34656e-22)
(1.36354 -0.433272 -1.34322e-20)
(1.34201 -0.403288 2.50905e-22)
(1.31605 -0.370636 4.67396e-21)
(1.29253 -0.338516 -5.26492e-21)
(1.2707 -0.312414 1.50121e-20)
(0.266577 -0.0590558 1.08889e-20)
(0.736027 -0.198581 -2.65991e-20)
(1.08874 -0.330101 -6.03566e-20)
(1.29051 -0.403365 5.24273e-20)
(1.36973 -0.423314 -3.38919e-21)
(1.37889 -0.411069 9.63571e-21)
(1.35948 -0.385047 -1.24185e-21)
(1.33343 -0.355217 8.1834e-21)
(1.30908 -0.325166 -6.73177e-22)
(1.2867 -0.300549 -1.17177e-20)
(0.246819 -0.0456618 -2.18217e-20)
(0.702665 -0.165943 3.41316e-20)
(1.06317 -0.291714 2.74584e-20)
(1.28107 -0.368364 -3.73652e-20)
(1.37417 -0.394655 -5.91312e-21)
(1.39133 -0.388125 2.02183e-21)
(1.37502 -0.366198 2.05253e-20)
(1.34944 -0.339268 7.29536e-22)
(1.32454 -0.311343 3.76159e-21)
(1.30151 -0.28817 -7.58041e-21)
(0.226083 -0.0337251 1.65213e-20)
(0.665044 -0.13519 -1.477e-20)
(1.03127 -0.254032 -1.21703e-20)
(1.26543 -0.333107 2.01484e-20)
(1.37388 -0.365378 6.57605e-21)
(1.40059 -0.36458 4.85512e-21)
(1.38852 -0.346859 -2.15165e-20)
(1.36404 -0.322887 -7.43972e-21)
(1.33888 -0.297079 -6.25557e-21)
(1.31529 -0.275307 2.48085e-21)
(0.204709 -0.0233337 -7.92274e-21)
(0.623664 -0.106718 -1.69004e-22)
(0.993135 -0.217501 2.29383e-20)
(1.24336 -0.29792 -8.21395e-21)
(1.36847 -0.335685 -3.59135e-21)
(1.4064 -0.340566 -2.29731e-21)
(1.39982 -0.327135 5.44593e-21)
(1.37716 -0.306169 9.06317e-21)
(1.35213 -0.282461 -4.50227e-22)
(1.32819 -0.262044 3.30652e-21)
(0.18304 -0.0145348 5.53694e-21)
(0.57912 -0.0808691 -1.54488e-21)
(0.948983 -0.18256 -4.07866e-21)
(1.21462 -0.26314 -3.63793e-21)
(1.35757 -0.305783 3.20783e-21)
(1.40844 -0.316206 2.47915e-21)
(1.40875 -0.307122 -2.25414e-21)
(1.38877 -0.289209 7.89313e-22)
(1.3643 -0.267601 1.12221e-21)
(1.34028 -0.24847 -1.4803e-21)
(0.16142 -0.00733464 2.82584e-21)
(0.532097 -0.0579249 8.2355e-22)
(0.899153 -0.149635 -4.92657e-21)
(1.17905 -0.229111 -3.98793e-21)
(1.34076 -0.275881 4.21098e-21)
(1.40633 -0.29162 8.49172e-22)
(1.41507 -0.286906 -1.99047e-21)
(1.39876 -0.272094 1.86776e-21)
(1.37539 -0.252599 1.06811e-21)
(1.35158 -0.234669 -1.252e-21)
(0.140176 -0.00169932 -1.14263e-21)
(0.483349 -0.0380935 2.26241e-21)
(0.844132 -0.119129 1.50044e-20)
(1.13657 -0.196184 -6.90527e-21)
(1.31764 -0.246198 -3.41937e-21)
(1.39962 -0.266921 -3.98189e-21)
(1.41851 -0.26656 8.33667e-21)
(1.40702 -0.254892 5.97831e-21)
(1.38535 -0.237539 4.76048e-21)
(1.36207 -0.220714 2.58087e-21)
(0.119614 0.00244272 2.18386e-20)
(0.433682 -0.0215003 -1.20967e-20)
(0.784563 -0.0914139 -1.43053e-20)
(1.08719 -0.164714 1.99574e-20)
(1.28778 -0.216959 1.10555e-20)
(1.38782 -0.242225 -7.92142e-22)
(1.41868 -0.246146 -1.48053e-20)
(1.41337 -0.237657 -1.04637e-20)
(1.39415 -0.222486 -1.17002e-20)
(1.37175 -0.206674 7.44532e-21)
(0.100009 0.00519603 -2.93325e-20)
(0.383923 -0.00818148 2.76397e-20)
(0.721255 -0.0668171 3.27367e-20)
(1.03109 -0.135058 -3.40912e-20)
(1.25079 -0.188403 -1.2334e-20)
(1.37035 -0.217647 8.63739e-21)
(1.41515 -0.225718 1.58831e-20)
(1.41756 -0.220425 2.87052e-21)
(1.4017 -0.207491 -8.27074e-22)
(1.3806 -0.19261 -1.08807e-20)
(0.0815937 0.00669236 -4.02141e-21)
(0.334891 0.00191908 -3.84908e-20)
(0.655177 -0.0456062 -4.2763e-20)
(0.968583 -0.107575 5.14955e-20)
(1.20633 -0.160787 -6.15834e-21)
(1.34661 -0.193315 1.30223e-20)
(1.40734 -0.205323 2.88091e-21)
(1.41923 -0.203222 -7.29298e-21)
(1.40785 -0.192591 4.07275e-21)
(1.38861 -0.178573 -1.70633e-21)
(0.0645586 0.00708377 8.28976e-21)
(0.287362 0.00894774 2.35918e-20)
(0.587436 -0.0279718 1.40157e-20)
(0.900246 -0.0826141 -1.11901e-20)
(1.15418 -0.134388 -1.99047e-20)
(1.31591 -0.16937 -2.00239e-20)
(1.39459 -0.185009 -4.46798e-21)
(1.41794 -0.186061 1.39688e-20)
(1.41239 -0.177806 -3.04402e-21)
(1.3957 -0.164601 6.53255e-21)
(0.0490442 0.00653546 -3.10229e-20)
(0.242035 0.0131335 -2.96034e-20)
(0.519243 -0.0140091 -5.20031e-21)
(0.82689 -0.0605088 -5.89342e-21)
(1.09424 -0.109507 -1.58647e-20)
(1.27761 -0.14598 1.07326e-20)
(1.37612 -0.164834 -1.54846e-21)
(1.4131 -0.168946 -1.18518e-20)
(1.41501 -0.163142 1.10915e-20)
(1.40176 -0.150719 -2.0614e-20)
(0.0351414 0.00521902 7.26376e-21)
(0.19951 0.0147755 2.54548e-20)
(0.451848 -0.00370068 2.40492e-20)
(0.749605 -0.0415594 2.82423e-20)
(1.02668 -0.086467 -4.873e-22)
(1.23105 -0.123346 3.24964e-20)
(1.35103 -0.144874 3.82112e-21)
(1.40396 -0.151883 -4.74684e-20)
(1.41526 -0.148592 3.68259e-20)
(1.40661 -0.136939 1.31371e-20)
(0.0228936 0.0033065 2.00445e-20)
(0.160259 0.0142262 4.59723e-20)
(0.386476 0.00309612 -6.27425e-21)
(0.669757 -0.0260107 -3.62152e-20)
(0.951953 -0.0656117 1.78386e-20)
(1.17574 -0.10171 -2.12797e-20)
(1.31837 -0.125236 -3.51444e-20)
(1.38961 -0.134888 -7.07752e-21)
(1.41253 -0.134146 -3.53381e-20)
(0.0123004 0.000965752 9.99232e-21)
(0.124624 0.0118735 8.4826e-21)
(0.324243 0.00665156 6.55632e-20)
(0.588938 -0.0140207 1.49339e-20)
(0.870894 -0.0472958 -1.4896e-20)
(1.11136 -0.0813645 -8.00274e-21)
(1.27713 -0.106072 6.02823e-20)
(1.36898 -0.117997 5.55501e-20)
(0.00332405 -0.0016428 2.51788e-21)
(0.0928131 0.00812243 -4.83518e-20)
(0.26609 0.00735155 -7.86263e-20)
(0.508867 -0.00562366 4.6635e-21)
(0.784788 -0.0318658 2.28781e-20)
(1.03792 -0.0626526 -3.38508e-20)
(1.22638 -0.0875911 -9.8257e-20)
(-0.00410218 -0.00436807 -1.81683e-20)
(0.0649059 0.00337843 4.878e-20)
(0.212736 0.00566979 4.92751e-20)
(0.431262 -0.000698863 -5.55727e-20)
(0.695363 -0.0196282 7.9454e-21)
(-0.010067 -0.0070702 -4.3532e-20)
(0.0408721 -0.00196905 -7.59048e-20)
(0.164659 0.00212714 -1.63937e-20)
(0.357681 0.00103964 3.06563e-20)
(-0.0146739 -0.00962336 3.27633e-20)
(0.0205888 -0.00756431 3.42442e-22)
(0.122106 -0.00275625 -7.93393e-21)
(-0.0180355 -0.0119192 -1.09231e-20)
(0.00386204 -0.013104 -1.91182e-20)
(-0.0202735 -0.0138734 7.54605e-20)
(-0.00955587 -0.0183571 5.96318e-20)
(-0.0215201 -0.0154345 1.45932e-20)
(0.998586 -0.0037128 -1.40147e-22)
(0.998853 -0.010002 6.34471e-22)
(0.992637 -0.0196262 3.14114e-22)
(0.989854 -0.0272416 1.48138e-22)
(0.980561 -0.0396528 3.08346e-22)
(0.975565 -0.0494825 -1.3303e-21)
(0.963753 -0.0665878 -1.81902e-21)
(0.957527 -0.0807312 5.92253e-22)
(0.944361 -0.105327 1.90301e-21)
(0.939193 -0.125846 2.28436e-21)
(0.927205 -0.161107 3.94185e-21)
(0.927566 -0.188268 -9.48311e-22)
(0.921525 -0.237761 -5.68286e-21)
(0.934449 -0.266699 -1.44047e-21)
(0.946392 -0.340648 3.81022e-21)
(0.99863 -0.00357269 -8.02e-22)
(0.998727 -0.00962334 3.05311e-22)
(0.99254 -0.01896 -5.146e-22)
(0.989421 -0.026244 1.41531e-21)
(0.980074 -0.0382654 -1.27374e-21)
(0.974499 -0.0476046 1.50941e-22)
(0.962444 -0.0641354 1.92219e-21)
(0.955206 -0.0775786 -3.05925e-21)
(0.941409 -0.101415 1.38936e-21)
(0.93446 -0.121115 -5.12215e-21)
(0.921142 -0.155693 5.86091e-21)
(0.918405 -0.182407 -6.13149e-21)
(0.909979 -0.231943 -8.79151e-22)
(0.916962 -0.261935 7.15613e-21)
(0.923805 -0.335429 -1.67066e-21)
(0.998673 -0.00342941 1.06525e-21)
(0.998614 -0.00922485 7.5044e-22)
(0.992465 -0.0182485 9.15376e-22)
(0.989045 -0.0251804 -6.90933e-22)
(0.979662 -0.0367743 -7.23906e-22)
(0.973579 -0.0455977 2.7142e-21)
(0.961314 -0.061493 -1.49851e-21)
(0.953205 -0.0741943 4.22273e-21)
(0.938833 -0.0971417 -2.61708e-21)
(0.930345 -0.115914 -1.29301e-21)
(0.915785 -0.149451 -1.8106e-21)
(0.910284 -0.175442 1.53278e-21)
(0.899591 -0.22402 4.28014e-21)
(0.901684 -0.254905 -1.19786e-20)
(0.903734 -0.32592 1.32362e-20)
(0.998713 -0.00328724 1.53398e-22)
(0.998509 -0.00883102 -1.24339e-21)
(0.992404 -0.0175477 -2.33915e-21)
(0.988706 -0.0241532 4.11622e-22)
(0.979295 -0.0353267 -8.1029e-23)
(0.972753 -0.0436752 7.71304e-22)
(0.960299 -0.0589391 2.35188e-21)
(0.951408 -0.0709487 -1.58569e-21)
(0.936504 -0.0929736 2.0647e-21)
(0.926611 -0.110851 -4.16911e-21)
(0.910886 -0.143158 2.81693e-21)
(0.902804 -0.168382 1.91927e-21)
(0.889857 -0.215419 4.68688e-21)
(0.887546 -0.246872 -8.09815e-21)
(0.884898 -0.315635 2.46754e-22)
(0.998753 -0.00314103 -1.35128e-21)
(0.998411 -0.00842531 -3.25859e-22)
(0.992351 -0.0168411 -3.2514e-22)
(0.988393 -0.0231289 1.82537e-21)
(0.978962 -0.0338689 3.41259e-23)
(0.971995 -0.041751 -2.86785e-22)
(0.959369 -0.0563583 -1.65678e-21)
(0.949751 -0.067683 -1.43212e-22)
(0.934358 -0.0887303 5.27418e-21)
(0.923144 -0.105714 -6.16315e-21)
(0.906322 -0.136655 1.97709e-21)
(0.895804 -0.161068 3.03649e-21)
(0.880628 -0.20629 1.00263e-21)
(0.87422 -0.237858 -4.56061e-21)
(0.867061 -0.304427 9.9618e-23)
(0.998792 -0.00299101 2.48634e-22)
(0.998317 -0.00803378 2.23187e-22)
(0.992304 -0.0161237 7.75095e-22)
(0.9881 -0.0220973 -1.01518e-21)
(0.978657 -0.0323857 2.88373e-22)
(0.971288 -0.0398058 -8.01261e-22)
(0.958509 -0.0537263 4.28156e-22)
(0.948203 -0.0643703 -1.84371e-21)
(0.932362 -0.0843816 3.57177e-21)
(0.919893 -0.100468 -7.57211e-23)
(0.902037 -0.129915 -6.50397e-21)
(0.889219 -0.153445 4.12124e-22)
(0.871866 -0.196633 7.0216e-21)
(0.861608 -0.227894 1.72468e-22)
(0.850141 -0.292046 -8.19926e-21)
(0.998829 -0.00283772 2.1621e-22)
(0.998227 -0.00766441 -1.28524e-21)
(0.992266 -0.0153972 -9.7025e-22)
(0.987825 -0.0210617 1.16321e-21)
(0.978378 -0.0308817 -8.35498e-22)
(0.970623 -0.0378478 6.79365e-22)
(0.957711 -0.0510533 -3.6305e-22)
(0.946748 -0.0610249 -4.1414e-22)
(0.930496 -0.0799448 2.7329e-21)
(0.916836 -0.0951288 -5.49812e-21)
(0.898002 -0.122968 4.42413e-21)
(0.883025 -0.145525 6.22395e-21)
(0.863572 -0.186492 -7.73083e-21)
(0.84969 -0.217071 -1.46085e-21)
(0.834126 -0.278513 -7.00404e-21)
(0.998865 -0.00268183 -1.21014e-22)
(0.998141 -0.00728791 8.02226e-22)
(0.992234 -0.0146618 -8.88009e-22)
(0.987563 -0.0200246 2.07912e-21)
(0.978121 -0.0293595 -2.24465e-21)
(0.969996 -0.0358806 -2.30037e-21)
(0.956969 -0.048343 -5.75048e-22)
(0.945379 -0.0576506 2.76971e-22)
(0.92875 -0.0754267 -2.14826e-21)
(0.913966 -0.0896988 2.43537e-21)
(0.894207 -0.115831 2.62345e-21)
(0.877217 -0.137317 -9.42609e-22)
(0.855759 -0.175905 -3.27064e-21)
(0.838471 -0.205476 6.83063e-21)
(0.819031 -0.263891 -6.60338e-21)
(0.998901 -0.00252333 -5.26091e-22)
(0.998059 -0.00690655 4.98294e-21)
(0.99221 -0.0139183 1.15474e-22)
(0.987316 -0.0189868 1.03509e-21)
(0.977886 -0.0278195 -1.86802e-22)
(0.969404 -0.0339048 3.10336e-21)
(0.956279 -0.0455963 4.8432e-22)
(0.944093 -0.0542472 4.91688e-23)
(0.927117 -0.0708313 -3.3357e-21)
(0.91128 -0.0841765 -6.05941e-22)
(0.890648 -0.108521 2.96307e-21)
(0.87179 -0.128829 -4.26363e-21)
(0.848439 -0.164902 -3.23305e-21)
(0.827966 -0.193175 3.86286e-21)
(0.804882 -0.248248 -3.34201e-21)
(0.998935 -0.00236206 1.31279e-21)
(0.99798 -0.00652488 -2.79892e-21)
(0.992191 -0.0131675 1.50158e-21)
(0.987081 -0.0179492 -2.14327e-21)
(0.977672 -0.0262626 -7.94133e-22)
(0.968848 -0.0319213 4.47881e-22)
(0.955639 -0.0428149 -1.63812e-21)
(0.94289 -0.0508147 2.89057e-21)
(0.925593 -0.0661638 1.57583e-21)
(0.90878 -0.0785621 -9.00449e-22)
(0.887326 -0.10105 2.78062e-21)
(0.866748 -0.120078 -5.2517e-21)
(0.841627 -0.153512 9.16029e-21)
(0.818195 -0.180231 -6.41524e-21)
(0.791714 -0.231652 -3.28262e-21)
(0.998969 -0.00219806 -9.33008e-22)
(0.997905 -0.00614458 1.26643e-22)
(0.992178 -0.0124103 1.18647e-23)
(0.986861 -0.0169125 1.98624e-21)
(0.977476 -0.0246896 4.96633e-22)
(0.968327 -0.0299306 -9.19402e-22)
(0.955046 -0.0400011 1.06647e-21)
(0.941772 -0.0473534 -2.10239e-21)
(0.924177 -0.0614299 8.91353e-22)
(0.906468 -0.0728571 5.92733e-22)
(0.884246 -0.093431 -2.73887e-21)
(0.862094 -0.111077 2.07527e-21)
(0.835337 -0.141761 5.48394e-21)
(0.80918 -0.1667 -2.67828e-21)
(0.779558 -0.21418 -7.29884e-21)
(0.999001 -0.00203148 -1.06289e-21)
(0.997833 -0.00576601 -2.2492e-22)
(0.992169 -0.0116472 -9.71657e-22)
(0.986654 -0.0158772 -2.892e-21)
(0.977299 -0.0231015 1.40327e-21)
(0.967844 -0.0279331 -1.35365e-21)
(0.954499 -0.0371571 1.82306e-21)
(0.94074 -0.0438635 2.72627e-21)
(0.92287 -0.0566351 -1.78753e-21)
(0.904345 -0.067064 3.68327e-21)
(0.881413 -0.0856759 -1.98039e-21)
(0.857834 -0.101844 -3.06253e-21)
(0.829581 -0.129675 -1.95596e-21)
(0.800941 -0.152634 7.98582e-21)
(0.768449 -0.195909 -2.63652e-21)
(0.999032 -0.00186245 1.1037e-21)
(0.997766 -0.00538936 5.35039e-22)
(0.992164 -0.0108786 -7.7345e-23)
(0.986462 -0.0148435 1.16105e-21)
(0.977137 -0.0214995 -1.8614e-21)
(0.967399 -0.0259292 -4.64218e-22)
(0.953997 -0.0342855 -4.21359e-23)
(0.939797 -0.0403454 -9.19996e-22)
(0.921672 -0.0517852 -2.72616e-21)
(0.902414 -0.0611865 -1.41155e-21)
(0.878832 -0.0777959 5.24757e-21)
(0.853972 -0.0923983 -8.13611e-22)
(0.824369 -0.117283 -8.56412e-22)
(0.793498 -0.138086 -7.18631e-22)
(0.758416 -0.176919 -3.42957e-21)
(0.99906 -0.00169109 6.68416e-22)
(0.997704 -0.00501487 -1.23554e-21)
(0.99216 -0.0101049 5.26454e-22)
(0.986287 -0.0138113 -1.42396e-21)
(0.976991 -0.0198848 -9.12512e-23)
(0.966994 -0.0239187 7.79761e-23)
(0.953539 -0.0313889 1.15216e-22)
(0.938943 -0.0367997 1.73346e-22)
(0.920586 -0.0468854 -1.26934e-21)
(0.900678 -0.0552294 1.64559e-21)
(0.876509 -0.0698021 -2.70905e-21)
(0.850515 -0.0827583 5.96753e-22)
(0.819712 -0.104614 1.85697e-21)
(0.786869 -0.123106 -1.26002e-22)
(0.749487 -0.15729 2.3179e-21)
(0.999086 -0.00151758 -6.5123e-22)
(0.997647 -0.00464263 1.49894e-21)
(0.992158 -0.00932595 -9.42993e-22)
(0.986128 -0.0127802 1.16119e-21)
(0.976859 -0.0182583 6.43416e-22)
(0.966629 -0.0219016 -4.04081e-22)
(0.953126 -0.0284697 -7.31408e-23)
(0.938181 -0.0332273 -4.74112e-22)
(0.919612 -0.041941 1.67728e-22)
(0.899138 -0.0491984 -1.41922e-21)
(0.87445 -0.0617056 6.6551e-22)
(0.84747 -0.072944 -4.65764e-21)
(0.81562 -0.0916967 6.5922e-21)
(0.781066 -0.107746 -1.9948e-21)
(0.741684 -0.137105 -4.34985e-21)
(0.999108 -0.00134214 -3.03802e-22)
(0.997596 -0.00427121 -4.63049e-22)
(0.992156 -0.00854177 3.22447e-22)
(0.985987 -0.0117497 8.01023e-23)
(0.976741 -0.0166214 8.88307e-22)
(0.966306 -0.0198776 -3.20125e-22)
(0.952756 -0.0255304 1.78196e-22)
(0.93751 -0.0296293 -7.43566e-23)
(0.918754 -0.0369569 5.22552e-22)
(0.897796 -0.0431002 1.00185e-21)
(0.872659 -0.0535176 1.46817e-21)
(0.844841 -0.0629757 -2.43603e-21)
(0.812101 -0.0785632 1.08614e-21)
(0.776104 -0.0920564 -1.42621e-21)
(0.735027 -0.116445 -4.09371e-21)
(0.999126 -0.00116518 1.07799e-21)
(0.997552 -0.00389575 -1.26322e-22)
(0.992153 -0.00775232 5.04586e-22)
(0.985864 -0.0107191 4.34313e-22)
(0.976634 -0.014975 -1.3853e-21)
(0.966024 -0.0178465 5.3372e-23)
(0.952431 -0.0225732 2.18231e-22)
(0.936932 -0.0260074 1.35568e-22)
(0.918014 -0.0319379 -5.17903e-22)
(0.896654 -0.0369423 4.72997e-22)
(0.871141 -0.0452506 2.24566e-21)
(0.842635 -0.0528758 -8.9877e-22)
(0.809162 -0.0652461 2.09815e-21)
(0.771991 -0.0760902 -4.64335e-21)
(0.72953 -0.0953931 5.9051e-21)
(0.999141 -0.000986596 -7.70167e-22)
(0.997516 -0.00353204 1.44967e-23)
(0.992148 -0.00695877 -4.49947e-22)
(0.98576 -0.00968751 -2.25912e-22)
(0.97654 -0.0133201 4.94421e-22)
(0.965785 -0.0158074 -2.59456e-23)
(0.95215 -0.0195998 -9.02652e-22)
(0.936446 -0.0223628 5.23809e-22)
(0.917392 -0.0268885 -2.37138e-22)
(0.895713 -0.0307329 2.1148e-22)
(0.869899 -0.0369179 7.76654e-22)
(0.840854 -0.0426688 2.39594e-22)
(0.80681 -0.0517804 -1.36883e-21)
(0.768733 -0.0598996 1.75555e-22)
(0.725205 -0.074025 -1.33261e-21)
(0.99915 -0.000806855 3.75408e-22)
(0.997489 -0.00317796 -2.60204e-23)
(0.992142 -0.0061615 6.56457e-23)
(0.985676 -0.00865396 3.68117e-22)
(0.976457 -0.0116563 -6.71673e-23)
(0.965589 -0.0137577 -3.63607e-22)
(0.951914 -0.0166083 -2.32102e-22)
(0.936052 -0.0186919 2.81243e-22)
(0.91689 -0.0218056 -2.54715e-22)
(0.894974 -0.0244718 3.12633e-22)
(0.868935 -0.0285176 -8.06739e-22)
(0.839502 -0.0323598 4.59455e-22)
(0.80505 -0.0381852 -1.03463e-21)
(0.766339 -0.0435206 4.17912e-22)
(0.722058 -0.0523897 1.80037e-22)
(0.999154 -0.000626696 -6.69802e-23)
(0.99747 -0.0028166 6.57984e-23)
(0.992133 -0.0053608 -8.52394e-23)
(0.985611 -0.00761755 -1.2196e-22)
(0.976386 -0.00998339 1.15004e-22)
(0.965435 -0.0116936 1.84229e-22)
(0.951723 -0.0135938 1.28888e-22)
(0.935752 -0.0149854 -7.87834e-23)
(0.916509 -0.0166744 3.14969e-22)
(0.894439 -0.0181382 5.82523e-23)
(0.868254 -0.0200244 1.51002e-22)
(0.838581 -0.021914 2.13223e-22)
(0.803886 -0.0244537 -2.76863e-24)
(0.764818 -0.0269892 -1.573e-22)
(0.72009 -0.0305912 -2.64461e-23)
(1.00001 -0.000273837 0)
(1.00206 -0.000759288 0)
(1.00561 -0.00127249 0)
(1.01023 -0.00169012 0)
(1.01557 -0.00211136 0)
(1.02133 -0.00242648 0)
(1.02726 -0.00272834 0)
(1.03315 -0.00291963 0)
(1.03887 -0.00310076 0)
(1.04429 -0.00317567 0)
(1.04933 -0.00325925 0)
(1.05395 -0.00323964 0)
(1.05814 -0.00325856 0)
(1.0619 -0.00316617 0)
(1.06526 -0.00315601 0)
(1.00002 -0.000808119 0)
(1.00205 -0.00224008 0)
(1.00559 -0.0037567 0)
(1.0102 -0.00499184 0)
(1.01556 -0.0062413 0)
(1.02134 -0.00717777 0)
(1.02732 -0.00807924 0)
(1.03327 -0.0086535 0)
(1.03907 -0.00920065 0)
(1.04456 -0.00943101 0)
(1.04971 -0.00968839 0)
(1.05441 -0.00963659 0)
(1.05871 -0.00969971 0)
(1.06254 -0.00942958 0)
(1.06602 -0.00940414 0)
(1.00002 -0.00131685 0)
(1.00203 -0.00363971 0)
(1.00556 -0.00611922 0)
(1.01015 -0.00813634 0)
(1.01553 -0.0101958 0)
(1.02134 -0.0117404 0)
(1.02742 -0.013245 0)
(1.03346 -0.0142072 0)
(1.03942 -0.015139 0)
(1.04505 -0.0155382 0)
(1.05038 -0.0159932 0)
(1.05523 -0.0159218 0)
(1.05974 -0.0160529 0)
(1.06372 -0.0156124 0)
(1.06741 -0.0155951 0)
(1.00003 -0.0018012 0)
(1.002 -0.00494993 0)
(1.00552 -0.00835934 0)
(1.01007 -0.0111244 0)
(1.01547 -0.0139905 0)
(1.02131 -0.0161384 0)
(1.02751 -0.0182671 0)
(1.03369 -0.0196326 0)
(1.03985 -0.0209847 0)
(1.04567 -0.021575 0)
(1.05127 -0.0222667 0)
(1.05634 -0.022194 0)
(1.06114 -0.0224292 0)
(1.06533 -0.0218263 0)
(1.06933 -0.0218498 0)
(1.00004 -0.00226149 0)
(1.00197 -0.00616535 0)
(1.00544 -0.0104762 0)
(1.00993 -0.0139557 0)
(1.01534 -0.0176332 0)
(1.02122 -0.0203838 0)
(1.02755 -0.0231697 0)
(1.03388 -0.0249614 0)
(1.0403 -0.0267843 0)
(1.04636 -0.0275963 0)
(1.05229 -0.0285784 0)
(1.05764 -0.0285284 0)
(1.06281 -0.0289163 0)
(1.06727 -0.0281601 0)
(1.07167 -0.0282676 0)
(1.00005 -0.00269804 0)
(1.00192 -0.00728083 0)
(1.00533 -0.0124685 0)
(1.00974 -0.016626 0)
(1.01513 -0.0211246 0)
(1.02103 -0.0244779 0)
(1.0275 -0.0279637 0)
(1.03399 -0.0302101 0)
(1.04069 -0.032568 0)
(1.04703 -0.0336396 0)
(1.05335 -0.0349802 0)
(1.05904 -0.0349826 0)
(1.06465 -0.0355852 0)
(1.06944 -0.034687 0)
(1.07432 -0.0349337 0)
(1.00006 -0.00311082 0)
(1.00186 -0.00829114 0)
(1.00518 -0.0143342 0)
(1.00947 -0.0191275 0)
(1.01482 -0.02446 0)
(1.02072 -0.0284134 0)
(1.0273 -0.0326502 0)
(1.03396 -0.0353828 0)
(1.04096 -0.0383525 0)
(1.0476 -0.0397275 0)
(1.05436 -0.0415092 0)
(1.06043 -0.0415993 0)
(1.06656 -0.0424929 0)
(1.07174 -0.0414666 0)
(1.07718 -0.0419209 0)
(1.00007 -0.00349914 0)
(1.00178 -0.0091916 0)
(1.00497 -0.0160714 0)
(1.00911 -0.02145 0)
(1.01439 -0.0276306 0)
(1.02025 -0.0321768 0)
(1.02693 -0.0372219 0)
(1.03372 -0.0404727 0)
(1.04103 -0.0441423 0)
(1.04799 -0.0458687 0)
(1.05523 -0.0481889 0)
(1.06172 -0.0484079 0)
(1.06843 -0.0496838 0)
(1.07407 -0.0485472 0)
(1.08015 -0.0492913 0)
(1.00008 -0.00386142 0)
(1.00169 -0.00997912 0)
(1.00471 -0.017678 0)
(1.00867 -0.023582 0)
(1.01381 -0.0306257 0)
(1.0196 -0.0357493 0)
(1.02633 -0.041665 0)
(1.03324 -0.0454634 0)
(1.04084 -0.049931 0)
(1.04813 -0.0520602 0)
(1.05586 -0.0550311 0)
(1.06283 -0.055426 0)
(1.07016 -0.0571919 0)
(1.07633 -0.055967 0)
(1.08311 -0.057099 0)
(1.00008 -0.00419507 0)
(1.00157 -0.0106532 0)
(1.00439 -0.0191518 0)
(1.00813 -0.0255112 0)
(1.01309 -0.033433 0)
(1.01875 -0.0391088 0)
(1.02547 -0.0459606 0)
(1.03247 -0.0503304 0)
(1.04032 -0.055703 0)
(1.04794 -0.0582878 0)
(1.05618 -0.0620368 0)
(1.06365 -0.0626599 0)
(1.07166 -0.0650411 0)
(1.07842 -0.0637551 0)
(1.08596 -0.06539 0)
(1.00007 -0.00449658 0)
(1.00144 -0.0112165 0)
(1.00401 -0.0204895 0)
(1.0075 -0.0272267 0)
(1.01221 -0.0360406 0)
(1.01769 -0.0422313 0)
(1.02433 -0.0500859 0)
(1.03137 -0.0550425 0)
(1.03943 -0.0614345 0)
(1.04736 -0.0645274 0)
(1.0561 -0.0691966 0)
(1.06411 -0.0701059 0)
(1.07282 -0.0732461 0)
(1.08024 -0.0719324 0)
(1.08861 -0.0742035 0)
(1.00006 -0.00476178 0)
(1.00129 -0.0116753 0)
(1.00357 -0.0216865 0)
(1.00679 -0.0287204 0)
(1.01117 -0.0384362 0)
(1.01641 -0.0450922 0)
(1.02289 -0.0540161 0)
(1.02991 -0.0595631 0)
(1.03811 -0.0670951 0)
(1.04632 -0.0707463 0)
(1.05554 -0.0764919 0)
(1.06412 -0.0777501 0)
(1.07354 -0.0818124 0)
(1.0817 -0.0805112 0)
(1.09095 -0.0835721 0)
(1.00004 -0.00498638 0)
(1.00112 -0.0120388 0)
(1.00307 -0.0227361 0)
(1.00599 -0.0299893 0)
(1.00997 -0.0406083 0)
(1.01493 -0.0476693 0)
(1.02114 -0.0577252 0)
(1.02807 -0.0638522 0)
(1.03632 -0.0726486 0)
(1.04479 -0.0769034 0)
(1.05443 -0.083895 0)
(1.06359 -0.085569 0)
(1.07374 -0.0907367 0)
(1.08271 -0.0894961 0)
(1.09287 -0.0935214 0)
(0.999997 -0.00516666 0)
(1.00094 -0.0123184 0)
(1.00253 -0.0236305 0)
(1.00511 -0.0310362 0)
(1.00862 -0.0425448 0)
(1.01323 -0.0499439 0)
(1.01907 -0.0611863 0)
(1.02586 -0.0678678 0)
(1.03404 -0.0780548 0)
(1.04273 -0.0829507 0)
(1.05271 -0.0913694 0)
(1.06247 -0.0935297 0)
(1.07333 -0.100006 0)
(1.08318 -0.0988832 0)
(1.09427 -0.104071 0)
(0.999941 -0.00530009 0)
(1.00076 -0.0125259 0)
(1.00194 -0.0243616 0)
(1.00418 -0.0318706 0)
(1.00713 -0.0442325 0)
(1.01135 -0.0519041 0)
(1.01669 -0.0643718 0)
(1.02327 -0.0715689 0)
(1.03125 -0.0832704 0)
(1.04009 -0.0888339 0)
(1.05033 -0.0988704 0)
(1.06068 -0.10159 0)
(1.07221 -0.1096 0)
(1.08301 -0.108661 0)
(1.09505 -0.115232 0)
(0.999864 -0.0053859 0)
(1.00057 -0.0126723 0)
(1.00131 -0.024923 0)
(1.0032 -0.0325071 0)
(1.00552 -0.0456572 0)
(1.0093 -0.0535459 0)
(1.01401 -0.0672526 0)
(1.02031 -0.0749181 0)
(1.02794 -0.088249 0)
(1.03687 -0.0944935 0)
(1.04723 -0.106346 0)
(1.05817 -0.109699 0)
(1.07031 -0.119485 0)
(1.08213 -0.118808 0)
(1.09512 -0.12701 0)
(0.999764 -0.00542531 0)
(1.00039 -0.0127664 0)
(1.00065 -0.0253121 0)
(1.00219 -0.0329635 0)
(1.0038 -0.0468051 0)
(1.00711 -0.0548744 0)
(1.01107 -0.0697978 0)
(1.01701 -0.077885 0)
(1.02411 -0.0929416 0)
(1.03306 -0.0998671 0)
(1.04338 -0.113738 0)
(1.05488 -0.117797 0)
(1.06755 -0.12962 0)
(1.08045 -0.129295 0)
(1.09435 -0.139402 0)
(0.99964 -0.00542154 0)
(1.00024 -0.0128143 0)
(0.999953 -0.0255309 0)
(1.00116 -0.0332576 0)
(1.002 -0.0476652 0)
(1.0048 -0.0559023 0)
(1.00789 -0.0719749 0)
(1.01339 -0.0804499 0)
(1.01978 -0.0972948 0)
(1.02867 -0.104892 0)
(1.03875 -0.120981 0)
(1.05079 -0.125813 0)
(1.06385 -0.139953 0)
(1.07789 -0.140085 0)
(1.09267 -0.152395 0)
(0.999491 -0.0053794 0)
(1.00012 -0.0128193 0)
(0.999234 -0.0255874 0)
(1.00015 -0.0334057 0)
(1.00012 -0.0482321 0)
(1.0024 -0.0566479 0)
(1.00449 -0.0737517 0)
(1.00949 -0.0826046 0)
(1.01497 -0.10125 0)
(1.02372 -0.109511 0)
(1.03333 -0.128005 0)
(1.04586 -0.133669 0)
(1.05913 -0.150422 0)
(1.07437 -0.15113 0)
(1.08994 -0.165968 0)
(0.999321 -0.00530484 0)
(1.00003 -0.012782 0)
(0.99849 -0.0254945 0)
(0.999151 -0.0334206 0)
(0.998185 -0.048508 0)
(0.999953 -0.0571311 0)
(1.00092 -0.0750996 0)
(1.00534 -0.0843528 0)
(1.00973 -0.104742 0)
(1.01821 -0.113675 0)
(1.02711 -0.134731 0)
(1.04006 -0.141279 0)
(1.05335 -0.160961 0)
(1.06982 -0.162369 0)
(1.08609 -0.180089 0)
(0.999138 -0.00520429 0)
(0.999968 -0.0127019 0)
(0.997731 -0.0252692 0)
(0.998197 -0.0333113 0)
(0.996206 -0.0485045 0)
(0.997493 -0.0573702 0)
(0.997208 -0.075999 0)
(1.001 -0.085707 0)
(1.0041 -0.107702 0)
(1.01218 -0.117352 0)
(1.02012 -0.141067 0)
(1.03339 -0.148551 0)
(1.04644 -0.171494 0)
(1.06418 -0.173732 0)
(1.081 -0.194724 0)
(0.998952 -0.00508405 0)
(0.999936 -0.0125778 0)
(0.996966 -0.0249312 0)
(0.99729 -0.0330834 0)
(0.9942 -0.0482422 0)
(0.995056 -0.057379 0)
(0.993378 -0.0764435 0)
(0.996516 -0.0866838 0)
(0.998128 -0.110062 0)
(1.00568 -0.120525 0)
(1.01239 -0.146902 0)
(1.02584 -0.155401 0)
(1.03837 -0.181937 0)
(1.05738 -0.185135 0)
(1.0746 -0.209838 0)
(0.998778 -0.00494965 0)
(0.999915 -0.0124092 0)
(0.996214 -0.0245003 0)
(0.996425 -0.0327401 0)
(0.992191 -0.0477493 0)
(0.992667 -0.0571655 0)
(0.989466 -0.076444 0)
(0.991959 -0.0872965 0)
(0.991866 -0.111766 0)
(0.998765 -0.123194 0)
(1.00397 -0.152108 0)
(1.01741 -0.161759 0)
(1.02913 -0.192182 0)
(1.04939 -0.196478 0)
(1.06681 -0.225402 0)
(0.998629 -0.00480547 0)
(0.999886 -0.0121975 0)
(0.995499 -0.023995 0)
(0.995587 -0.032285 0)
(0.990217 -0.0470584 0)
(0.990331 -0.0567334 0)
(0.985518 -0.0760304 0)
(0.987387 -0.0875505 0)
(0.98536 -0.112782 0)
(0.991531 -0.125367 0)
(0.994929 -0.156545 0)
(1.00813 -0.167586 0)
(1.01874 -0.202085 0)
(1.04014 -0.207635 0)
(1.05756 -0.241353 0)
(0.998517 -0.00465452 0)
(0.999831 -0.0119458 0)
(0.994843 -0.023431 0)
(0.994754 -0.0317243 0)
(0.988323 -0.0462028 0)
(0.988037 -0.0560867 0)
(0.981606 -0.0752482 0)
(0.982831 -0.0874426 0)
(0.97869 -0.113115 0)
(0.984085 -0.127045 0)
(0.98531 -0.160087 0)
(0.998106 -0.172876 0)
(1.00723 -0.211462 0)
(1.02962 -0.218452 0)
(1.0468 -0.257564 0)
(0.998447 -0.00449865 0)
(0.999739 -0.011659 0)
(0.994266 -0.02282 0)
(0.993907 -0.0310671 0)
(0.986557 -0.0452111 0)
(0.985761 -0.0552321 0)
(0.977826 -0.0741472 0)
(0.978295 -0.0869622 0)
(0.971989 -0.112802 0)
(0.976506 -0.128198 0)
(0.975216 -0.162629 0)
(0.987461 -0.177626 0)
(0.994662 -0.220111 0)
(1.01788 -0.228814 0)
(1.03445 -0.273933 0)
(0.99842 -0.00433884 0)
(0.999605 -0.0113425 0)
(0.993775 -0.0221693 0)
(0.993037 -0.0303228 0)
(0.984953 -0.0440999 0)
(0.983493 -0.0541762 0)
(0.974271 -0.0727601 0)
(0.973771 -0.0860894 0)
(0.965441 -0.111878 0)
(0.968824 -0.128757 0)
(0.964839 -0.1641 0)
(0.976295 -0.181809 0)
(0.98106 -0.227826 0)
(1.00499 -0.238898 0)
(1.02041 -0.290829 0)
(0.99843 -0.00417567 0)
(0.999434 -0.011004 0)
(0.99337 -0.0214829 0)
(0.992154 -0.0295026 0)
(0.983533 -0.0428741 0)
(0.981251 -0.0529269 0)
(0.971021 -0.0710967 0)
(0.96928 -0.0848133 0)
(0.959236 -0.110375 0)
(0.961046 -0.128671 0)
(0.95447 -0.164497 0)
(0.964552 -0.185418 0)
(0.966458 -0.23439 0)
(0.990777 -0.249411 0)
(1.00461 -0.309602 0)
(0.99847 -0.00401119 0)
(0.999237 -0.0106576 0)
(0.993046 -0.0207795 0)
(0.991286 -0.0286447 0)
(0.982306 -0.0415785 0)
(0.979089 -0.0515581 0)
(0.968122 -0.0692497 0)
(0.964901 -0.0832569 0)
(0.953509 -0.108473 0)
(0.953216 -0.128083 0)
(0.944385 -0.16406 0)
(0.952047 -0.188476 0)
(0.950882 -0.239369 0)
(0.974254 -0.260665 0)
(0.986965 -0.331136 0)
(0.998528 -0.00385134 0)
(0.999029 -0.0103183 0)
(0.992795 -0.0201231 0)
(0.990473 -0.0278515 0)
(0.981275 -0.0404108 0)
(0.977082 -0.050325 0)
(0.965588 -0.0676093 0)
(0.960746 -0.0818325 0)
(0.948298 -0.106724 0)
(0.94545 -0.127319 0)
(0.934734 -0.16317 0)
(0.93876 -0.190276 0)
(0.934575 -0.241357 0)
(0.953867 -0.268969 0)
(0.966816 -0.348855 0)
(1.06738 -0.00304529 -6.20087e-24)
(1.06848 -0.00298486 1.08637e-23)
(1.06956 -0.00292293 -7.41994e-24)
(1.07062 -0.00286 8.655e-24)
(1.07166 -0.00279611 -6.81882e-24)
(1.0727 -0.00273133 -9.8251e-24)
(1.07371 -0.00266583 1.87743e-23)
(1.07471 -0.00259982 1.60391e-23)
(1.0757 -0.0025335 -5.96473e-23)
(1.07666 -0.00246703 6.90412e-23)
(1.0776 -0.00240051 -3.7902e-23)
(1.07852 -0.00233402 9.32611e-24)
(1.07942 -0.00226763 7.05754e-24)
(1.0803 -0.00220137 2.73951e-23)
(1.08116 -0.00213527 -2.13048e-23)
(1.08198 -0.00206931 2.08319e-23)
(1.08279 -0.00200348 -2.77421e-23)
(1.08357 -0.00193774 -3.43977e-23)
(1.08432 -0.00187203 1.69522e-23)
(1.08505 -0.00180624 -6.16216e-25)
(1.06818 -0.00907912 4.14572e-25)
(1.06928 -0.00890654 -1.02469e-23)
(1.07036 -0.00873194 -1.08589e-24)
(1.07142 -0.00855583 -5.03236e-25)
(1.07247 -0.00837769 3.74641e-25)
(1.07351 -0.00819718 -1.26714e-23)
(1.07454 -0.00801431 -4.72577e-25)
(1.07555 -0.00782928 1.66184e-23)
(1.07655 -0.00764231 3.66323e-24)
(1.07753 -0.00745351 1.22621e-23)
(1.07849 -0.00726295 -2.99012e-23)
(1.07942 -0.0070707 2.92001e-23)
(1.08034 -0.0068768 1.80424e-23)
(1.08124 -0.0066813 -5.1448e-23)
(1.08211 -0.00648424 3.93959e-23)
(1.08296 -0.00628565 -3.8313e-23)
(1.08379 -0.00608553 -1.63261e-23)
(1.08459 -0.00588392 3.10852e-23)
(1.08536 -0.00568079 -5.64649e-24)
(1.08611 -0.00547619 -1.35242e-25)
(1.06965 -0.0150566 1.2968e-23)
(1.07077 -0.0147728 -2.74464e-24)
(1.07187 -0.0144853 -1.18581e-23)
(1.07295 -0.0141947 7.27396e-25)
(1.07402 -0.0139002 9.17163e-24)
(1.07509 -0.0136011 6.14616e-24)
(1.07615 -0.0132975 -8.49179e-23)
(1.07719 -0.0129897 7.03191e-23)
(1.07821 -0.0126782 1.64658e-23)
(1.07922 -0.0123631 1.83967e-24)
(1.08021 -0.0120446 -4.24766e-23)
(1.08118 -0.0117228 -1.1315e-22)
(1.08213 -0.0113979 6.77287e-23)
(1.08306 -0.0110701 -1.11575e-23)
(1.08397 -0.0107393 -9.17781e-24)
(1.08485 -0.0104058 -6.05518e-23)
(1.08571 -0.0100696 5.48848e-23)
(1.08655 -0.00973086 -9.0854e-24)
(1.08735 -0.00938957 2.56043e-23)
(1.08813 -0.00904588 -1.238e-24)
(1.07169 -0.021094 1.1007e-23)
(1.07285 -0.0206983 -2.63005e-24)
(1.07397 -0.0202971 7.90847e-24)
(1.07508 -0.0198914 8.285e-25)
(1.07619 -0.0194799 6.04407e-24)
(1.0773 -0.0190618 2.19706e-23)
(1.0784 -0.0186372 3.16437e-23)
(1.07949 -0.0182064 -7.42156e-23)
(1.08055 -0.0177701 4.98535e-23)
(1.08161 -0.0173284 2.01702e-24)
(1.08264 -0.0168816 -1.17311e-23)
(1.08366 -0.0164298 3.75665e-23)
(1.08466 -0.0159733 7.90243e-23)
(1.08563 -0.0155122 -5.93489e-23)
(1.08659 -0.0150466 -4.79233e-23)
(1.08752 -0.0145767 7.15892e-23)
(1.08842 -0.0141027 -4.64642e-23)
(1.08931 -0.0136246 1.64961e-23)
(1.09016 -0.0131426 1.93361e-23)
(1.09099 -0.0126568 -1.14742e-23)
(1.07418 -0.0272884 -1.65973e-23)
(1.07541 -0.0267785 1.40125e-23)
(1.07657 -0.0262612 -6.5168e-24)
(1.07772 -0.0257378 3.55769e-24)
(1.07889 -0.0252065 1.10027e-23)
(1.08006 -0.0246663 -9.26827e-24)
(1.08121 -0.0241171 -5.73424e-23)
(1.08236 -0.0235597 -3.3583e-23)
(1.08348 -0.0229946 6.74213e-23)
(1.08459 -0.0224221 -1.41944e-22)
(1.08569 -0.0218425 4.75315e-23)
(1.08677 -0.0212559 1.37193e-23)
(1.08783 -0.0206626 -4.78567e-25)
(1.08887 -0.0200628 -2.11803e-23)
(1.08988 -0.0194567 -3.17811e-23)
(1.09088 -0.0188445 -2.24564e-23)
(1.09185 -0.0182264 5.70919e-23)
(1.09279 -0.0176024 -6.4252e-24)
(1.09371 -0.0169728 -2.35464e-24)
(1.0946 -0.0163377 -1.27449e-23)
(1.07704 -0.0337228 -6.77192e-24)
(1.07834 -0.0330951 -4.63132e-24)
(1.07956 -0.0324579 -1.45467e-23)
(1.08078 -0.0318126 -3.76178e-23)
(1.08201 -0.0311572 1.79667e-23)
(1.08325 -0.0304903 -3.59062e-23)
(1.08449 -0.0298119 1.13374e-22)
(1.08571 -0.0291229 -4.86053e-23)
(1.08691 -0.0284239 1.89858e-23)
(1.0881 -0.0277152 1.10812e-22)
(1.08927 -0.0269972 -5.54512e-23)
(1.09043 -0.02627 9.77397e-23)
(1.09156 -0.0255339 2.18996e-25)
(1.09268 -0.0247892 -5.30011e-23)
(1.09378 -0.0240361 -1.76524e-23)
(1.09485 -0.023275 -2.35411e-23)
(1.0959 -0.0225059 -3.04644e-23)
(1.09692 -0.0217291 -1.14825e-25)
(1.09792 -0.0209448 9.98431e-24)
(1.09889 -0.0201527 -1.21959e-25)
(1.08015 -0.0404685 8.82327e-24)
(1.08156 -0.0397188 6.64993e-24)
(1.08285 -0.0389567 4.73025e-23)
(1.08415 -0.0381844 5.40894e-24)
(1.08547 -0.0373994 8.14599e-23)
(1.08681 -0.0366001 1.78204e-24)
(1.08814 -0.0357866 -1.2356e-22)
(1.08945 -0.0349598 7.42901e-23)
(1.09075 -0.0341205 -1.2777e-22)
(1.09204 -0.0332689 7.60865e-23)
(1.09331 -0.0324054 -1.31345e-22)
(1.09456 -0.0315303 1.52827e-22)
(1.09579 -0.0306437 -1.16688e-22)
(1.09701 -0.0297461 1.37486e-24)
(1.0982 -0.0288378 1.28549e-22)
(1.09937 -0.0279189 4.61405e-24)
(1.10051 -0.0269897 4.54003e-23)
(1.10163 -0.0260505 -3.84435e-23)
(1.10273 -0.0251013 -4.38525e-23)
(1.10379 -0.0241423 1.89967e-23)
(1.08341 -0.0475878 5.15728e-24)
(1.08495 -0.0467109 -2.24044e-23)
(1.08635 -0.0458186 -4.2493e-23)
(1.08774 -0.0449134 3.07704e-23)
(1.08918 -0.0439926 -2.56211e-23)
(1.09064 -0.0430545 2.1256e-23)
(1.09209 -0.0420993 1.96921e-23)
(1.09352 -0.0411277 -5.95942e-23)
(1.09494 -0.0401407 -5.26956e-23)
(1.09634 -0.0391386 -1.89185e-22)
(1.09772 -0.0381217 9.86178e-23)
(1.09909 -0.0370903 -2.21932e-22)
(1.10044 -0.0360447 7.93913e-23)
(1.10177 -0.0349852 1.60891e-22)
(1.10308 -0.0339121 -1.36193e-22)
(1.10437 -0.0328257 1.17916e-22)
(1.10563 -0.0317262 2.34809e-23)
(1.10687 -0.030614 -6.61464e-23)
(1.10808 -0.029489 1.44197e-23)
(1.10926 -0.0283517 3.42932e-24)
(1.08673 -0.0551347 -1.02776e-23)
(1.08843 -0.054126 7.1212e-23)
(1.08996 -0.0530977 6.83485e-23)
(1.09149 -0.0520533 -5.20494e-23)
(1.09306 -0.0509902 2.27349e-23)
(1.09467 -0.0499065 -8.79263e-23)
(1.09626 -0.0488022 -1.50308e-23)
(1.09783 -0.0476784 1.2026e-22)
(1.09939 -0.0465358 2.67043e-22)
(1.10093 -0.045375 1.42929e-22)
(1.10246 -0.0441961 -3.00268e-22)
(1.10397 -0.0429995 2.75462e-22)
(1.10546 -0.0417855 -2.1932e-22)
(1.10693 -0.0405544 1.99539e-22)
(1.10837 -0.0393067 1.1494e-22)
(1.1098 -0.0380426 -1.23993e-22)
(1.11119 -0.0367623 -3.5587e-23)
(1.11257 -0.0354661 5.44655e-23)
(1.11391 -0.0341543 4.92686e-23)
(1.11523 -0.0328271 -3.14652e-24)
(1.09001 -0.0631567 3.63927e-23)
(1.09191 -0.0620117 -2.65817e-23)
(1.0936 -0.060842 -1.28685e-23)
(1.09529 -0.0596522 -3.70995e-23)
(1.09703 -0.05844 -3.57189e-23)
(1.09881 -0.0572034 2.39931e-22)
(1.10058 -0.0559427 -3.65325e-24)
(1.10232 -0.0546588 -3.43005e-22)
(1.10404 -0.0533524 -4.32987e-22)
(1.10575 -0.0520241 4.88789e-23)
(1.10744 -0.0506741 1.70629e-22)
(1.10912 -0.0493027 -1.82644e-22)
(1.11077 -0.0479104 2.7129e-22)
(1.11241 -0.0464975 2.21368e-23)
(1.11402 -0.0450643 -7.86714e-23)
(1.1156 -0.0436112 -3.39718e-23)
(1.11716 -0.0421385 8.9646e-23)
(1.11869 -0.0406463 2.0082e-23)
(1.12019 -0.0391351 5.07946e-23)
(1.12167 -0.0376049 -4.67346e-23)
(1.09315 -0.0716953 -3.25977e-23)
(1.09529 -0.0704103 -1.04859e-23)
(1.09718 -0.0690942 4.77096e-23)
(1.09906 -0.0677527 9.82745e-23)
(1.10101 -0.0663847 4.95136e-23)
(1.10299 -0.0649884 -2.07433e-22)
(1.10497 -0.0635638 -1.42573e-22)
(1.10691 -0.0621118 1.44301e-22)
(1.10883 -0.0606332 3.64422e-22)
(1.11074 -0.0591284 2.73573e-22)
(1.11263 -0.0575977 -1.23266e-22)
(1.11449 -0.0560417 2.70338e-23)
(1.11634 -0.0544606 -2.2945e-22)
(1.11816 -0.0528549 -2.84511e-22)
(1.11996 -0.0512249 1.83725e-22)
(1.12173 -0.0495711 -8.30592e-23)
(1.12348 -0.0478936 7.11003e-23)
(1.12519 -0.0461928 2.07205e-23)
(1.12688 -0.044469 -7.70256e-23)
(1.12854 -0.0427223 3.05692e-23)
(1.09604 -0.0807859 -6.31978e-23)
(1.09847 -0.0793587 3.40966e-23)
(1.10061 -0.0778917 3.95929e-24)
(1.10274 -0.0763931 -1.03948e-22)
(1.10493 -0.074863 -3.01805e-22)
(1.10715 -0.0733002 -1.5055e-22)
(1.10936 -0.0717045 1.33753e-22)
(1.11154 -0.0700766 4.4597e-22)
(1.1137 -0.0684172 1.34026e-22)
(1.11583 -0.0667267 1.01274e-22)
(1.11795 -0.0650057 -1.55925e-22)
(1.12004 -0.0632546 -4.40695e-22)
(1.12211 -0.0614739 3.396e-22)
(1.12415 -0.0596641 1.60547e-22)
(1.12616 -0.0578255 -2.74271e-22)
(1.12815 -0.0559585 2.56421e-22)
(1.13011 -0.0540635 2.4064e-23)
(1.13203 -0.0521406 2.99765e-23)
(1.13393 -0.0501907 6.88588e-23)
(1.13579 -0.0482135 6.15314e-23)
(1.09859 -0.0904586 9.69594e-23)
(1.10137 -0.0888885 2.18627e-23)
(1.10382 -0.0872677 -8.44364e-23)
(1.10623 -0.0856071 -2.78e-22)
(1.1087 -0.0839093 1.12498e-22)
(1.1112 -0.0821739 5.17043e-22)
(1.11369 -0.0804004 4.02509e-23)
(1.11615 -0.0785889 -1.13037e-22)
(1.11857 -0.0767401 -3.95053e-22)
(1.12097 -0.0748548 1.70771e-22)
(1.12335 -0.0729335 5.90566e-22)
(1.1257 -0.0709768 1.56969e-22)
(1.12803 -0.0689855 3.87436e-22)
(1.13032 -0.0669598 -1.48001e-22)
(1.13258 -0.0649002 -3.85904e-22)
(1.13481 -0.0628072 1.20304e-23)
(1.13701 -0.0606812 1.71127e-22)
(1.13917 -0.0585223 -1.90858e-22)
(1.14131 -0.0563322 1.03871e-23)
(1.14341 -0.05411 -6.04321e-23)
(1.10071 -0.100738 4.4453e-24)
(1.1039 -0.0990267 -2.38355e-22)
(1.10672 -0.0972507 3.23045e-22)
(1.10947 -0.0954244 4.7485e-22)
(1.11226 -0.0935543 1.32585e-22)
(1.11509 -0.091641 -3.24572e-23)
(1.1179 -0.0896835 -3.85071e-23)
(1.12067 -0.0876813 -3.02629e-22)
(1.12341 -0.0856349 3.32934e-22)
(1.12612 -0.0835454 -3.01769e-22)
(1.12879 -0.0814139 -5.94064e-22)
(1.13144 -0.079241 -1.93594e-22)
(1.13405 -0.0770275 -7.89953e-23)
(1.13663 -0.0747738 3.04147e-22)
(1.13918 -0.0724805 1.8356e-22)
(1.14168 -0.0701478 -3.10439e-22)
(1.14416 -0.0677767 -5.08082e-22)
(1.14659 -0.0653664 -8.56049e-25)
(1.14898 -0.0629214 1.60452e-22)
(1.15135 -0.0604394 7.92335e-23)
(1.1023 -0.111643 7.85896e-24)
(1.10596 -0.109795 3.07481e-22)
(1.10923 -0.107865 2.94002e-23)
(1.11237 -0.105871 1.08057e-22)
(1.11555 -0.103825 -3.4401e-22)
(1.11875 -0.10173 2.52459e-22)
(1.12192 -0.0995831 -3.1576e-22)
(1.12506 -0.0973834 2.18251e-22)
(1.12815 -0.0951314 1.33389e-22)
(1.13121 -0.0928287 1.40452e-23)
(1.13423 -0.0904768 -4.52771e-23)
(1.13721 -0.0880768 -5.34006e-22)
(1.14015 -0.0856296 -3.58216e-22)
(1.14305 -0.0831357 3.20047e-22)
(1.14591 -0.0805961 -6.5919e-23)
(1.14873 -0.0780108 4.11214e-22)
(1.15151 -0.075381 5.6518e-22)
(1.15424 -0.0727064 -6.583e-23)
(1.15693 -0.0699867 -2.24137e-22)
(1.15959 -0.0672235 -5.46167e-23)
(1.10325 -0.123187 -7.19526e-23)
(1.10747 -0.121211 -1.79168e-22)
(1.11127 -0.11913 1.13782e-22)
(1.11488 -0.116968 -3.62892e-22)
(1.11848 -0.114746 2.82528e-22)
(1.1221 -0.112466 -5.73037e-22)
(1.1257 -0.110126 3.02055e-22)
(1.12925 -0.107723 3.8865e-23)
(1.13276 -0.105257 -2.26201e-22)
(1.13621 -0.102732 1.09452e-22)
(1.13961 -0.100149 -5.11414e-22)
(1.14297 -0.0975109 7.99925e-22)
(1.14628 -0.0948174 -1.25493e-22)
(1.14954 -0.0920702 -3.47236e-22)
(1.15276 -0.0892704 -3.74354e-22)
(1.15593 -0.0864198 4.8608e-22)
(1.15905 -0.0835186 -9.22982e-22)
(1.16212 -0.0805699 4.45198e-22)
(1.16514 -0.0775646 3.79144e-23)
(1.16813 -0.0745038 -9.51814e-23)
(1.10346 -0.135377 7.42846e-23)
(1.10833 -0.133287 3.56067e-23)
(1.11275 -0.131062 -4.29343e-22)
(1.11691 -0.128736 1.19775e-22)
(1.121 -0.126337 9.05128e-22)
(1.12509 -0.123873 1.79587e-22)
(1.12917 -0.121336 3.44142e-22)
(1.1332 -0.118724 -1.45689e-22)
(1.13717 -0.116038 8.43446e-22)
(1.14107 -0.113281 -8.30871e-22)
(1.1449 -0.110457 6.52153e-22)
(1.14869 -0.107568 4.05817e-22)
(1.15241 -0.104614 -6.51953e-22)
(1.15608 -0.101597 8.72867e-22)
(1.15968 -0.0985197 3.25004e-22)
(1.16323 -0.095383 -9.99528e-22)
(1.16672 -0.0921875 2.78581e-22)
(1.17016 -0.0889364 -5.38147e-22)
(1.17357 -0.0856261 -9.91886e-23)
(1.17693 -0.0822541 9.69356e-23)
(1.10284 -0.148213 -4.73201e-23)
(1.10844 -0.146027 -2.13434e-23)
(1.1136 -0.14367 3.6513e-22)
(1.11838 -0.141187 -1.60412e-22)
(1.12302 -0.138617 -1.3672e-21)
(1.12766 -0.13597 1.4119e-23)
(1.13229 -0.133237 -7.05796e-22)
(1.13686 -0.130412 4.66407e-22)
(1.14134 -0.127498 -6.10674e-22)
(1.14575 -0.124501 -4.87475e-22)
(1.15007 -0.121425 -4.10402e-22)
(1.15433 -0.118272 -2.0248e-22)
(1.15852 -0.115043 1.13327e-21)
(1.16264 -0.111741 -7.66552e-22)
(1.16668 -0.108367 -5.91458e-22)
(1.17066 -0.104924 6.14296e-22)
(1.17457 -0.101413 1.195e-22)
(1.17842 -0.0978374 6.51595e-22)
(1.18222 -0.0941994 1.90827e-22)
(1.18597 -0.0904962 -3.84968e-23)
(1.10128 -0.161689 -4.7676e-23)
(1.10772 -0.159433 6.4779e-23)
(1.11373 -0.156961 -8.01708e-22)
(1.11922 -0.154331 -5.01402e-22)
(1.12449 -0.1516 -1.10795e-22)
(1.12973 -0.148776 1.60147e-21)
(1.13498 -0.145848 2.04252e-22)
(1.14016 -0.142808 -1.40269e-21)
(1.14524 -0.139662 -6.39028e-22)
(1.15021 -0.136417 1.07658e-22)
(1.15508 -0.133078 -1.63875e-22)
(1.15987 -0.129649 4.02948e-23)
(1.16457 -0.126131 -7.6954e-22)
(1.1692 -0.122527 8.69768e-22)
(1.17373 -0.118839 5.50986e-22)
(1.17818 -0.115072 -5.53575e-22)
(1.18254 -0.111227 9.76044e-23)
(1.18683 -0.107315 -4.81586e-22)
(1.19107 -0.103332 2.13691e-22)
(1.19525 -0.0992726 -5.80201e-23)
(1.09867 -0.175789 3.01815e-22)
(1.10607 -0.173496 -4.22237e-23)
(1.11306 -0.170933 7.12361e-22)
(1.11936 -0.168175 3.85233e-22)
(1.12532 -0.165297 5.28811e-22)
(1.13125 -0.162308 -9.84659e-22)
(1.13719 -0.159189 -1.84553e-21)
(1.14307 -0.155934 5.07274e-22)
(1.14881 -0.152551 9.48885e-22)
(1.15441 -0.149051 7.15292e-22)
(1.15989 -0.145441 -2.81085e-22)
(1.16528 -0.141723 -5.11234e-22)
(1.17056 -0.1379 9.60722e-22)
(1.17573 -0.133977 -6.3306e-22)
(1.1808 -0.129956 -1.43457e-21)
(1.18577 -0.125844 5.15165e-22)
(1.19062 -0.121633 5.12833e-22)
(1.19539 -0.117356 7.00775e-23)
(1.2001 -0.112998 -2.19696e-22)
(1.20476 -0.108554 1.81539e-22)
(1.0949 -0.190493 -5.41938e-22)
(1.10338 -0.1882 5.98351e-23)
(1.1115 -0.185577 -6.36821e-22)
(1.11869 -0.182718 5.37381e-22)
(1.12543 -0.179716 -2.43169e-22)
(1.13213 -0.176577 -1.21724e-21)
(1.13887 -0.173277 2.41473e-21)
(1.14553 -0.169808 1.80293e-21)
(1.15201 -0.166187 -2.63869e-22)
(1.15831 -0.162428 -3.02963e-22)
(1.16448 -0.158536 3.36305e-22)
(1.17052 -0.154515 -1.47847e-21)
(1.17644 -0.150371 -1.02101e-21)
(1.18223 -0.146112 1.19675e-22)
(1.18789 -0.141745 2.13469e-21)
(1.19344 -0.137275 -3.67384e-23)
(1.19883 -0.132716 -5.7948e-22)
(1.2041 -0.128033 -6.37186e-23)
(1.20934 -0.123244 -8.08706e-22)
(1.21449 -0.118367 -7.58295e-23)
(1.08991 -0.205778 -3.06932e-22)
(1.09959 -0.203528 -3.74866e-23)
(1.10896 -0.20088 4.59558e-22)
(1.11715 -0.197955 -4.17667e-22)
(1.12475 -0.194862 1.085e-21)
(1.13232 -0.191596 2.64089e-21)
(1.13996 -0.188126 -1.46213e-21)
(1.14749 -0.184451 1.46517e-21)
(1.15479 -0.180594 4.34509e-22)
(1.16188 -0.176571 5.62545e-22)
(1.16881 -0.172387 -2.63334e-23)
(1.17559 -0.168048 8.74612e-22)
(1.18221 -0.163563 1.16434e-21)
(1.18866 -0.15894 8.80113e-22)
(1.19496 -0.154194 1.46111e-21)
(1.20109 -0.149327 1.23283e-21)
(1.2071 -0.144367 7.60095e-22)
(1.21305 -0.139262 1.80736e-22)
(1.21885 -0.134029 4.22439e-23)
(1.22452 -0.128695 -1.16925e-22)
(1.08361 -0.221623 7.31161e-22)
(1.09463 -0.219459 1.721e-23)
(1.10538 -0.216826 -2.7382e-22)
(1.11465 -0.213882 8.63333e-22)
(1.12319 -0.21074 -2.27718e-21)
(1.13176 -0.207374 -3.59838e-21)
(1.14041 -0.20375 -1.33092e-21)
(1.14891 -0.19988 -6.43223e-22)
(1.15712 -0.195795 2.23487e-22)
(1.16509 -0.191507 -3.87484e-22)
(1.17287 -0.187024 -1.64395e-21)
(1.18046 -0.18235 1.90815e-21)
(1.18786 -0.1775 -6.38931e-22)
(1.19507 -0.172484 -3.37298e-21)
(1.20208 -0.167315 -1.40734e-21)
(1.20888 -0.161999 -2.45733e-22)
(1.21555 -0.156559 2.51251e-22)
(1.22212 -0.151001 -1.08657e-21)
(1.22854 -0.14531 4.44967e-22)
(1.23479 -0.139494 2.3783e-22)
(1.07598 -0.237997 -9.92027e-22)
(1.08847 -0.235962 -5.25709e-22)
(1.1007 -0.233395 2.61586e-23)
(1.11111 -0.230493 -4.56448e-22)
(1.1207 -0.227352 1.43605e-21)
(1.13039 -0.223919 2.78292e-21)
(1.14018 -0.220164 1.66154e-21)
(1.14974 -0.216118 -5.16169e-21)
(1.15896 -0.211817 -1.39271e-21)
(1.16791 -0.207269 -3.46852e-22)
(1.17663 -0.202478 -1.90981e-23)
(1.18514 -0.197458 -2.25839e-22)
(1.19342 -0.192224 -1.79623e-21)
(1.20145 -0.18679 3.04567e-21)
(1.20925 -0.181173 5.03956e-22)
(1.21679 -0.175372 -1.37076e-21)
(1.22414 -0.16944 -7.80967e-22)
(1.2314 -0.163368 4.96607e-22)
(1.23848 -0.157149 9.72861e-22)
(1.24536 -0.150794 -1.01525e-22)
(1.06702 -0.254804 -9.91669e-23)
(1.08111 -0.252961 6.54061e-22)
(1.09486 -0.250541 1.22364e-22)
(1.10645 -0.247769 -5.60659e-22)
(1.11721 -0.244694 -1.07172e-23)
(1.12818 -0.241233 -5.41371e-22)
(1.13921 -0.237379 2.33271e-21)
(1.14994 -0.233187 2.27266e-21)
(1.16027 -0.22869 4.1309e-21)
(1.17031 -0.223888 1.93686e-21)
(1.18009 -0.218789 1.47952e-21)
(1.18961 -0.213411 -2.17851e-22)
(1.19885 -0.207777 8.0129e-22)
(1.2078 -0.20191 1.81521e-21)
(1.21648 -0.195825 -1.3932e-21)
(1.22483 -0.189558 -3.35942e-22)
(1.23293 -0.183069 1.00746e-21)
(1.24094 -0.176392 1.45777e-21)
(1.24873 -0.169562 -9.35727e-22)
(1.25626 -0.162594 -1.0433e-24)
(1.05676 -0.271881 2.54242e-21)
(1.07255 -0.270308 -1.19601e-21)
(1.08779 -0.268163 3.25248e-22)
(1.10059 -0.265652 2.40347e-22)
(1.11268 -0.262729 -2.19703e-22)
(1.12508 -0.259294 5.36858e-22)
(1.13747 -0.255392 -1.13576e-21)
(1.14945 -0.2511 3.28463e-21)
(1.16101 -0.246435 -5.00232e-21)
(1.17227 -0.241392 -6.25791e-21)
(1.18323 -0.235985 -2.61474e-22)
(1.19387 -0.230242 -2.18741e-21)
(1.20416 -0.224187 1.19588e-21)
(1.21411 -0.217858 -1.22402e-21)
(1.2237 -0.211261 -1.70785e-21)
(1.23297 -0.204489 1.49725e-22)
(1.24206 -0.197407 -6.98624e-22)
(1.25088 -0.190076 -1.99188e-21)
(1.25941 -0.182568 -8.62751e-22)
(1.26764 -0.174915 -2.31173e-23)
(1.04522 -0.289187 -1.61395e-21)
(1.06274 -0.287869 1.80818e-21)
(1.07935 -0.286131 -1.37263e-22)
(1.09342 -0.284042 -1.51481e-24)
(1.10704 -0.281384 2.1344e-22)
(1.12103 -0.278066 -1.23897e-21)
(1.13487 -0.274202 -1.36638e-21)
(1.14822 -0.269875 -5.70038e-21)
(1.16115 -0.265082 -2.03293e-21)
(1.17376 -0.25982 5.51583e-21)
(1.18602 -0.254114 -3.01649e-21)
(1.19791 -0.247999 4.70833e-21)
(1.20938 -0.241497 -3.19609e-22)
(1.22046 -0.234648 -2.80784e-21)
(1.23107 -0.22746 7.00311e-21)
(1.24136 -0.220035 3.31384e-21)
(1.2515 -0.212317 -9.90605e-22)
(1.26127 -0.204323 1.46929e-21)
(1.27063 -0.196111 1.73808e-21)
(1.27963 -0.187721 1.60622e-22)
(1.03246 -0.307246 -9.95946e-22)
(1.05165 -0.305811 -1.6305e-21)
(1.06942 -0.304433 5.06165e-22)
(1.08486 -0.30283 2.59374e-22)
(1.10026 -0.300508 3.29464e-22)
(1.11598 -0.297421 1.27773e-22)
(1.13135 -0.293722 1.35529e-21)
(1.14619 -0.289454 3.42038e-21)
(1.16064 -0.284597 6.63065e-21)
(1.17475 -0.279167 -2.50703e-22)
(1.18846 -0.273202 5.01342e-21)
(1.20175 -0.266739 -1.01321e-21)
(1.21457 -0.259794 -6.0592e-22)
(1.22696 -0.252397 8.55764e-23)
(1.23879 -0.244562 -3.88689e-21)
(1.25023 -0.236404 -2.92767e-21)
(1.26147 -0.22795 -2.42616e-21)
(1.27229 -0.219224 -5.3007e-22)
(1.28261 -0.210261 -1.01245e-21)
(1.29251 -0.201078 -4.82362e-22)
(1.01869 -0.327003 -2.15975e-21)
(1.03926 -0.324922 1.17303e-21)
(1.0577 -0.323665 -2.01533e-21)
(1.07466 -0.322336 -4.49359e-22)
(1.09208 -0.32028 3.24465e-23)
(1.1096 -0.317516 -3.64867e-22)
(1.12662 -0.314116 8.87292e-22)
(1.14315 -0.310029 4.07644e-21)
(1.15934 -0.305225 -4.98082e-21)
(1.17515 -0.299733 3.57662e-21)
(1.19053 -0.293604 -7.86222e-22)
(1.20546 -0.286869 -4.48592e-21)
(1.21989 -0.279588 3.48847e-21)
(1.23385 -0.271753 -2.00956e-21)
(1.2471 -0.26352 8.16861e-22)
(1.25993 -0.254502 -1.44378e-21)
(1.27245 -0.245002 4.91708e-21)
(1.2844 -0.235246 -1.08675e-21)
(1.29576 -0.225276 -1.37602e-21)
(1.30658 -0.215086 4.50007e-23)
(1.00514 -0.345173 5.59899e-21)
(1.02597 -0.34352 4.96366e-22)
(1.04477 -0.342567 4.76095e-22)
(1.0638 -0.341317 6.51948e-22)
(1.08357 -0.339448 -4.13373e-22)
(1.10319 -0.337004 1.35196e-21)
(1.1223 -0.333916 -3.17805e-21)
(1.14097 -0.330075 -6.05244e-21)
(1.15922 -0.325444 2.84433e-21)
(1.17699 -0.32003 -1.676e-21)
(1.19422 -0.313857 5.08255e-22)
(1.21086 -0.30695 1.53068e-21)
(1.22692 -0.29936 1.78991e-21)
(1.24228 -0.291086 7.61476e-21)
(1.25729 -0.282135 -4.93729e-21)
(1.27199 -0.272345 7.82385e-21)
(1.28567 -0.262009 -6.58058e-21)
(1.29841 -0.251318 3.3709e-21)
(1.31044 -0.240323 1.40709e-21)
(1.32184 -0.229045 3.45135e-22)
(1.08574 -0.00174032 5.85378e-25)
(1.08641 -0.00167425 2.43281e-23)
(1.08706 -0.00160794 -5.33386e-23)
(1.08767 -0.0015413 -3.57808e-23)
(1.08825 -0.00147426 2.70921e-23)
(1.08881 -0.00140672 -4.2935e-23)
(1.08933 -0.00133861 4.90554e-23)
(1.08983 -0.00126987 3.88196e-23)
(1.0903 -0.00120044 3.61415e-23)
(1.08683 -0.00527009 -4.2889e-24)
(1.08752 -0.0050625 -2.93526e-24)
(1.08819 -0.00485341 7.12651e-23)
(1.08882 -0.0046428 -1.12079e-23)
(1.08942 -0.00443069 -6.57922e-23)
(1.09 -0.00421708 1.69977e-23)
(1.09054 -0.00400197 -1.201e-22)
(1.09106 -0.0037854 -1.02162e-24)
(1.09154 -0.00356738 5.25868e-24)
(1.08889 -0.00869979 -3.73577e-24)
(1.08961 -0.0083513 1.41687e-23)
(1.09031 -0.00800042 -2.15231e-23)
(1.09097 -0.00764718 1.00829e-22)
(1.09161 -0.00729162 -3.54394e-23)
(1.09222 -0.00693376 -1.26885e-23)
(1.0928 -0.00657364 7.03968e-23)
(1.09334 -0.00621129 2.01492e-22)
(1.09386 -0.00584675 -1.85374e-22)
(1.09179 -0.0121672 -5.19672e-24)
(1.09256 -0.0116739 4.19175e-23)
(1.09331 -0.0111769 2.74308e-23)
(1.09402 -0.0106762 -7.88314e-23)
(1.09471 -0.0101719 -9.38548e-25)
(1.09536 -0.00966412 -1.90992e-23)
(1.09599 -0.00915287 -1.70006e-22)
(1.09658 -0.00863824 2.18122e-22)
(1.09714 -0.0081203 2.61009e-23)
(1.09547 -0.0156973 -6.90842e-24)
(1.0963 -0.0150518 -1.71912e-23)
(1.09711 -0.014401 -2.16959e-23)
(1.09789 -0.013745 7.79714e-23)
(1.09864 -0.0130839 -9.05204e-23)
(1.09935 -0.0124179 -1.04764e-23)
(1.10004 -0.0117471 -1.46867e-22)
(1.10069 -0.0110714 4.70463e-23)
(1.10132 -0.0103911 4.15073e-22)
(1.09983 -0.019353 3.05256e-24)
(1.10075 -0.018546 -1.5989e-23)
(1.10164 -0.0177321 1.79359e-23)
(1.10249 -0.0169113 3.33514e-23)
(1.10332 -0.0160836 1.80059e-22)
(1.10411 -0.0152491 -5.63606e-24)
(1.10488 -0.0144079 -1.4954e-23)
(1.10561 -0.0135601 -6.83532e-24)
(1.10631 -0.0127059 7.94713e-23)
(1.10484 -0.0231733 -2.91683e-24)
(1.10585 -0.0221948 3.82079e-23)
(1.10683 -0.021207 -8.951e-24)
(1.10778 -0.02021 1.95786e-23)
(1.1087 -0.0192039 -5.91685e-23)
(1.10959 -0.0181887 1.10404e-24)
(1.11045 -0.0171645 9.68754e-23)
(1.11128 -0.0161315 -1.24428e-22)
(1.11208 -0.0150897 9.93965e-23)
(1.11041 -0.0272023 2.20052e-24)
(1.11154 -0.0260406 8.02905e-23)
(1.11264 -0.0248669 -1.57595e-22)
(1.1137 -0.0236812 -7.60876e-23)
(1.11474 -0.0224835 4.38194e-23)
(1.11574 -0.0212741 -1.44381e-22)
(1.11672 -0.0200528 2.16504e-22)
(1.11766 -0.0188199 -3.0187e-22)
(1.11857 -0.0175752 5.49746e-23)
(1.11652 -0.0314844 -2.37807e-24)
(1.11778 -0.0301263 -6.77064e-23)
(1.11901 -0.0287529 -3.93912e-24)
(1.12021 -0.0273644 1.278e-22)
(1.12138 -0.0259607 -1.96902e-22)
(1.12252 -0.0245419 -2.62431e-23)
(1.12363 -0.0231079 2.06392e-22)
(1.12471 -0.0216588 -1.17378e-22)
(1.12575 -0.0201945 -1.08733e-22)
(1.12312 -0.0360556 -1.92407e-23)
(1.12454 -0.0344873 1.20185e-23)
(1.12592 -0.0329001 2.27743e-23)
(1.12728 -0.031294 -1.30353e-22)
(1.12861 -0.0296689 7.77212e-23)
(1.1299 -0.0280249 2.29922e-22)
(1.13116 -0.0263618 -1.69992e-22)
(1.1324 -0.0246795 -2.09698e-23)
(1.1336 -0.0229778 -3.57445e-22)
(1.13017 -0.0409525 1.85704e-23)
(1.13176 -0.0391596 4.38316e-23)
(1.13333 -0.0373435 -1.46119e-22)
(1.13487 -0.0355043 3.26459e-22)
(1.13637 -0.0336418 -4.24134e-22)
(1.13785 -0.0317559 1.08559e-22)
(1.13929 -0.0298464 7.353e-23)
(1.1407 -0.027913 6.43911e-22)
(1.14208 -0.0259555 2.14662e-22)
(1.13763 -0.0462086 -3.53731e-23)
(1.13943 -0.0441758 1.84854e-23)
(1.14121 -0.0421153 2.01791e-23)
(1.14295 -0.0400268 -2.67538e-22)
(1.14465 -0.0379102 8.59289e-23)
(1.14633 -0.0357651 1.27662e-22)
(1.14798 -0.0335914 -2.35012e-22)
(1.14959 -0.0313884 -8.76033e-22)
(1.14548 -0.0518547 3.61568e-23)
(1.14751 -0.0495662 9.22478e-23)
(1.14952 -0.0472447 -2.35724e-23)
(1.15149 -0.04489 1.50732e-22)
(1.15343 -0.0425019 3.12555e-22)
(1.15533 -0.0400798 1.34118e-22)
(1.15721 -0.0376233 3.6502e-22)
(1.15905 -0.0351318 -4.26243e-22)
(1.15368 -0.0579185 -6.38369e-23)
(1.15598 -0.0553583 -8.30584e-23)
(1.15824 -0.0527589 1.74571e-22)
(1.16047 -0.0501204 5.77573e-22)
(1.16267 -0.0474427 5.77604e-22)
(1.16483 -0.0447249 -5.73302e-22)
(1.16696 -0.0419666 -2.96438e-23)
(1.16906 -0.0391669 1.1947e-22)
(1.16222 -0.0644175 5.61921e-23)
(1.16481 -0.0615675 5.79476e-24)
(1.16736 -0.0586729 2.77576e-22)
(1.16987 -0.0557332 -8.46012e-22)
(1.17235 -0.0527478 -5.64368e-22)
(1.1748 -0.0497161 -2.74041e-22)
(1.17722 -0.046637 3.87713e-22)
(1.1796 -0.0435097 8.42579e-22)
(1.17107 -0.0713915 6.36825e-23)
(1.17398 -0.06823 -1.52831e-22)
(1.17685 -0.0650188 -2.25369e-22)
(1.17967 -0.0617565 7.37587e-22)
(1.18247 -0.0584421 -3.99056e-22)
(1.18523 -0.0550748 5.58682e-22)
(1.18795 -0.0516535 3.51562e-24)
(1.19065 -0.048177 1.40284e-21)
(1.18024 -0.0788225 -7.32864e-23)
(1.18349 -0.075334 1.99048e-22)
(1.1867 -0.0717886 5.24417e-22)
(1.18987 -0.0681853 -3.29164e-22)
(1.193 -0.064523 1.59008e-21)
(1.1961 -0.0608006 -8.68184e-22)
(1.19916 -0.0570171 1.40605e-21)
(1.2022 -0.0531711 1.80288e-21)
(1.18966 -0.0867269 3.22002e-23)
(1.1933 -0.0828918 1.33158e-22)
(1.19688 -0.0789915 -6.84379e-22)
(1.20042 -0.0750258 -5.8555e-22)
(1.20392 -0.0709941 -3.41941e-22)
(1.20739 -0.0668952 9.34678e-22)
(1.21082 -0.0627279 -3.6585e-21)
(1.21422 -0.0584905 -2.86887e-21)
(1.19936 -0.095137 -2.63772e-24)
(1.20341 -0.0909271 -5.97816e-22)
(1.2074 -0.0866446 1.91992e-22)
(1.21133 -0.0822898 1.23643e-22)
(1.21523 -0.0778624 3.73998e-22)
(1.21908 -0.0733611 -5.93846e-22)
(1.2229 -0.0687848 1.97683e-21)
(1.2267 -0.0641317 5.54555e-22)
(1.20932 -0.104025 -1.42604e-22)
(1.21381 -0.0994153 2.39795e-22)
(1.21823 -0.0947252 -3.16903e-22)
(1.2226 -0.0899555 -5.50925e-22)
(1.22691 -0.0851062 -9.5631e-22)
(1.23118 -0.0801764 2.57586e-21)
(1.23541 -0.0751655 1.08868e-21)
(1.23961 -0.0700714 -1.81433e-21)
(1.21955 -0.113405 7.53165e-23)
(1.22451 -0.108358 8.11391e-22)
(1.22939 -0.103226 3.20557e-22)
(1.2342 -0.0980085 6.23195e-22)
(1.23896 -0.0927058 2.9066e-22)
(1.24366 -0.0873174 -3.66848e-21)
(1.24832 -0.0818431 4.49376e-22)
(1.25295 -0.0762805 1.30916e-21)
(1.23008 -0.123267 1.62585e-22)
(1.23553 -0.117747 -3.03609e-22)
(1.24089 -0.112136 3.17728e-22)
(1.24617 -0.106434 -1.3116e-21)
(1.25138 -0.100642 -2.18765e-21)
(1.25654 -0.0947605 -1.3511e-21)
(1.26164 -0.0887902 -2.41289e-21)
(1.26671 -0.0827284 -3.02148e-21)
(1.24089 -0.133566 -2.50573e-22)
(1.24687 -0.127536 -5.84367e-22)
(1.25274 -0.121406 -3.62975e-22)
(1.25851 -0.115181 -1.14863e-21)
(1.2642 -0.108861 3.58581e-22)
(1.26982 -0.102449 3.1352e-21)
(1.27538 -0.0959482 5.48302e-21)
(1.2809 -0.0893554 1.64023e-21)
(1.25204 -0.144315 1.58413e-22)
(1.25857 -0.137724 -1.28685e-21)
(1.26497 -0.131027 1.64189e-21)
(1.27125 -0.12423 1.57256e-21)
(1.27744 -0.117337 1.88471e-21)
(1.28354 -0.110351 -1.05758e-21)
(1.28958 -0.103278 -5.61602e-21)
(1.29556 -0.0961165 3.14362e-21)
(1.26357 -0.1555 -4.33742e-23)
(1.27069 -0.148286 1.22784e-21)
(1.27765 -0.140963 -1.8863e-21)
(1.28447 -0.133538 -1.84922e-21)
(1.29118 -0.126019 1.11051e-21)
(1.29778 -0.118413 2.60406e-21)
(1.30432 -0.110725 -4.11897e-21)
(1.31079 -0.102956 -1.17362e-21)
(1.27561 -0.167128 8.79125e-23)
(1.28335 -0.159216 7.93183e-22)
(1.29091 -0.151191 2.44003e-21)
(1.2983 -0.143068 8.13201e-22)
(1.30554 -0.134856 -1.7292e-22)
(1.31267 -0.126567 3.51857e-21)
(1.31972 -0.118205 2.06521e-21)
(1.32667 -0.109778 -2.11631e-21)
(1.28833 -0.179173 -2.13907e-22)
(1.29677 -0.170485 -2.04098e-21)
(1.30496 -0.161675 -1.41809e-21)
(1.31295 -0.152764 1.17223e-21)
(1.32075 -0.143767 -4.48033e-21)
(1.32837 -0.134698 -1.18755e-20)
(1.33585 -0.125567 5.1265e-21)
(1.34319 -0.116388 7.19249e-22)
(1.30203 -0.191696 5.55173e-22)
(1.31121 -0.182138 1.28468e-21)
(1.32006 -0.172434 6.44342e-22)
(1.32861 -0.162613 2.82505e-21)
(1.33687 -0.152698 4.30678e-21)
(1.34486 -0.142711 7.75313e-21)
(1.35258 -0.132673 -5.15629e-22)
(1.36004 -0.122606 1.64754e-21)
(1.31692 -0.204682 -1.91633e-23)
(1.32677 -0.194093 1.61498e-21)
(1.33616 -0.18335 1.12051e-21)
(1.3451 -0.172484 -6.54273e-21)
(1.3536 -0.161528 1.7147e-21)
(1.36166 -0.150514 -8.55834e-22)
(1.3693 -0.139471 3.61392e-21)
(1.3765 -0.128428 -6.19675e-21)
(1.33265 -0.217517 -4.63936e-22)
(1.34284 -0.205783 -1.69286e-21)
(1.35244 -0.193888 -4.23096e-21)
(1.36144 -0.181878 9.05476e-21)
(1.36986 -0.169797 -1.10904e-20)
(1.37768 -0.157686 8.25179e-21)
(1.38487 -0.145581 -1.43381e-20)
(1.39139 -0.13351 -3.24534e-21)
)
;

boundaryField
{
    inlet
    {
        type            uniformFixedValue;
        uniformValue    constant (1 0 0);
        value           uniform (1 0 0);
    }
    outlet
    {
        type            pressureInletOutletVelocity;
        value           nonuniform 0();
    }
    cylinder
    {
        type            fixedValue;
        value           uniform (0 0 0);
    }
    top
    {
        type            symmetryPlane;
    }
    bottom
    {
        type            symmetryPlane;
    }
    defaultFaces
    {
        type            empty;
    }
    procBoundary0to1
    {
        type            processor;
        value           nonuniform List<vector> 
50
(
(1.40994 -0.123257 -1.12812e-20)
(1.40994 -0.123257 -1.12812e-20)
(1.40603 -0.11979 -3.25396e-20)
(1.40603 -0.11979 -3.25396e-20)
(1.34081 -0.101284 2.26327e-20)
(0.955894 -0.0459678 6.37075e-20)
(1.34081 -0.101284 2.26327e-20)
(1.16535 -0.070078 -1.32949e-19)
(0.955894 -0.0459678 6.37075e-20)
(0.604723 -0.010804 1.31575e-20)
(0.604723 -0.010804 1.31575e-20)
(0.289406 1.57728e-05 -4.9911e-22)
(0.289406 1.57728e-05 -4.9911e-22)
(0.0851234 -0.00850979 8.25176e-21)
(0.0851234 -0.00850979 8.25176e-21)
(0.0536066 -0.0147568 6.40459e-21)
(-0.0199518 -0.0231831 3.55566e-20)
(-0.0199518 -0.0231831 3.55566e-20)
(-0.0219247 -0.0165954 1.00302e-19)
(1.09073 -0.00113026 -1.33854e-22)
(1.092 -0.00334796 -1.02551e-22)
(1.09434 -0.00548007 -1.76178e-22)
(1.09767 -0.00759914 2.11121e-22)
(1.10191 -0.00970621 1.74315e-22)
(1.10698 -0.0118454 -1.81132e-22)
(1.11284 -0.0140392 4.24554e-23)
(1.11945 -0.016319 3.40234e-22)
(1.12677 -0.018715 2.95171e-22)
(1.13477 -0.0212567 -5.02717e-22)
(1.14343 -0.0239735 1.06307e-22)
(1.15118 -0.0291559 6.71705e-22)
(1.15118 -0.0291559 6.71705e-22)
(1.16087 -0.0326046 -4.13051e-22)
(1.17114 -0.0363249 1.14622e-21)
(1.18196 -0.040333 1.69662e-21)
(1.19333 -0.044644 -1.32873e-21)
(1.20522 -0.0492611 -2.00318e-22)
(1.2176 -0.0541818 8.77347e-23)
(1.23046 -0.0594007 -3.70035e-22)
(1.24379 -0.0648938 1.39547e-21)
(1.25755 -0.0706303 2.6887e-21)
(1.27176 -0.0765779 -8.39265e-22)
(1.28641 -0.0826771 -4.61357e-21)
(1.30154 -0.0888749 1.70277e-21)
(1.31726 -0.0951132 4.51138e-22)
(1.33361 -0.101286 5.16855e-21)
(1.35043 -0.107162 -1.05411e-20)
(1.36724 -0.112522 2.96615e-21)
(1.38321 -0.117407 9.67094e-21)
(1.39711 -0.121491 -3.04363e-21)
)
;
    }
    procBoundary0to2
    {
        type            processor;
        value           nonuniform List<vector> 
26
(
(0.020176 0.0278634 1.37171e-21)
(0.0872856 0.049798 -2.82724e-21)
(0.18789 0.0522685 6.41871e-21)
(0.280183 -0.00431776 -3.66774e-21)
(0.280183 -0.00431776 -3.66774e-21)
(0.365881 -0.00548253 3.49038e-21)
(0.442256 -0.00642538 1.57413e-21)
(0.510141 -0.00718074 -1.5683e-21)
(0.570549 -0.007782 -7.1351e-21)
(0.624263 -0.00826669 2.34775e-21)
(0.671997 -0.00868529 -2.19497e-21)
(0.999152 -0.000446122 -6.77274e-23)
(0.997461 -0.00245472 4.76114e-23)
(0.992123 -0.00455926 -1.15306e-22)
(0.985566 -0.00658002 -7.7735e-23)
(0.976327 -0.00830599 8.57591e-23)
(0.965326 -0.00962093 1.59544e-22)
(0.951579 -0.0105667 1.09707e-22)
(0.935548 -0.0112595 1.27386e-22)
(0.916255 -0.0115215 1.90803e-22)
(0.894113 -0.0117559 1.68874e-22)
(0.867864 -0.0115244 1.19922e-22)
(0.838092 -0.0114682 9.33641e-23)
(0.803307 -0.0107397 -4.16035e-22)
(0.764146 -0.0105195 4.75733e-22)
(0.719294 -0.00906164 -4.27399e-23)
)
;
    }
}


// ************************************************************************* //
