/*--------------------------------*- C++ -*----------------------------------*\
  =========                 |
  \\      /  F ield         | OpenFOAM: The Open Source CFD Toolbox
   \\    /   O peration     | Website:  https://openfoam.org
    \\  /    A nd           | Version:  7
     \\/     M anipulation  |
\*---------------------------------------------------------------------------*/
FoamFile
{
    version     2.0;
    format      ascii;
    class       surfaceScalarField;
    location    "150";
    object      phi;
}
// * * * * * * * * * * * * * * * * * * * * * * * * * * * * * * * * * * * * * //

dimensions      [0 3 -1 0 0 0 0];

internalField   nonuniform List<scalar> 
4137
(
0.000693879
6.4583e-05
0.000629296
0.00040521
9.46358e-05
0.00053466
-4.9658e-05
0.000126353
0.000408307
0.000688434
-0.000611739
-0.00369471
0.000160453
0.000247854
0.000835671
-0.00128696
0.00228529
-0.00514433
-0.0117364
0.000197513
5.0342e-05
0.000991599
-0.00208104
0.00264596
-0.0067987
0.00537588
-0.0144663
0.00915263
-0.0249411
-0.0371691
0.000237831
-0.000187489
0.00115553
-0.00299874
0.00301113
-0.0086543
0.00595985
-0.017415
0.00983458
-0.0288158
0.0140862
-0.0414207
-0.053511
0.000281361
-0.00046885
0.00132555
-0.00404294
0.00337214
-0.0107009
0.00649242
-0.0205353
0.0103749
-0.0326983
0.0143921
-0.0454379
0.0179771
-0.057096
-0.0669181
0.000327704
-0.000796554
0.00149855
-0.00521378
0.00371824
-0.0129206
0.00695299
-0.0237701
0.0107573
-0.0365026
0.0144762
-0.0491568
0.0176357
-0.0602555
0.0200924
-0.0693748
0.0219683
-0.0768761
-0.0835655
0.000376147
-0.0011727
0.00167043
-0.00650806
0.00403765
-0.0152878
0.00732408
-0.0270565
0.0109755
-0.040154
0.0143556
-0.0525369
0.017098
-0.0629979
0.0191622
-0.0714391
0.02072
-0.0784338
-0.0848127
0.0219672
0.000425731
-0.00159843
0.00183642
-0.00791875
0.00431868
-0.0177701
0.00759317
-0.030331
0.0110318
-0.0435927
0.014053
-0.0555581
0.0163993
-0.0653442
0.0181137
-0.0731535
0.0193967
-0.0797168
-0.08585
0.0204339
0.000475316
-0.00207375
0.00199141
-0.00943485
0.00455089
-0.0203295
0.00775355
-0.0335336
0.0109356
-0.0467747
0.0135936
-0.0582161
0.0155721
-0.0673227
0.0169773
-0.0745587
0.0180215
-0.080761
-0.0867014
0.0188729
0.000523645
-0.00259739
0.00213031
-0.0110415
0.00472603
-0.0229253
0.00780406
-0.0366117
0.0107009
-0.0496715
0.0130032
-0.0605185
0.014645
-0.0689645
0.0157775
-0.0756912
0.0166118
-0.0815952
-0.0873842
0.0172945
0.000569411
-0.0031668
0.00224839
-0.0127205
0.00483854
-0.0255154
0.00774831
-0.0395214
0.0103441
-0.0522673
0.012306
-0.0624803
0.0136427
-0.0703012
0.0145341
-0.0765825
0.0151807
-0.0822418
-0.0879104
0.0157069
0.000611315
-0.00377812
0.0023416
-0.0144508
0.00488581
-0.0280596
0.00759347
-0.0422291
0.00988295
-0.0545568
0.011524
-0.0641214
0.0125855
-0.0713627
0.0132621
-0.0772591
0.013738
-0.0827177
-0.0882882
0.0141158
0.000648124
-0.00442624
0.0024068
-0.0162095
0.00486796
-0.0305208
0.00734907
-0.0447102
0.00933468
-0.0565424
0.0106769
-0.0654636
0.0114901
-0.072176
0.0119734
-0.0777424
0.0122911
-0.0830354
-0.0885231
0.012526
0.000678722
-0.00510496
0.00244188
-0.0179726
0.00478742
-0.0328663
0.00702595
-0.0469487
0.00871567
-0.0582321
0.00978138
-0.0665293
0.0103702
-0.0727648
0.0106771
-0.0780493
0.0108456
-0.0832039
-0.0886191
0.0109415
0.000702155
-0.00580712
0.00244586
-0.0197163
0.00464846
-0.0350689
0.00663541
-0.0489357
0.00804087
-0.0596376
0.00885167
-0.0673401
0.0092364
-0.0731495
0.0093802
-0.0781931
0.00940577
-0.0832295
-0.0885785
0.00936523
0.00071767
-0.00652479
0.00241877
-0.0214174
0.00445652
-0.0371067
0.00618861
-0.0506678
0.00732357
-0.0607725
0.00789956
-0.0679161
0.00809725
-0.0733472
0.00808806
-0.0781839
0.00797512
-0.0831165
-0.0884027
0.00779924
0.00072473
-0.00724952
0.00236159
-0.0230543
0.0042178
-0.0389629
0.00569613
-0.0521461
0.00657534
-0.0616517
0.00693475
-0.0682755
0.0069594
-0.0733718
0.0068048
-0.0780293
0.0065564
-0.0828681
-0.0880917
0.00624546
0.000723025
-0.00797254
0.00227605
-0.0246073
0.00393877
-0.0406256
0.00516771
-0.053375
0.00580614
-0.0622902
0.00596516
-0.0684345
0.00582812
-0.0732348
0.00553356
-0.0777347
0.00515176
-0.0824863
-0.0876454
0.00470546
0.000712463
-0.00868501
0.00216445
-0.0260593
0.00362589
-0.042087
0.00461215
-0.0543613
0.00502442
-0.0627024
0.00499728
-0.0684074
0.00470776
-0.0729453
0.00427704
-0.077304
0.00376245
-0.0819717
-0.0870634
0.00318043
0.000693161
-0.00937817
0.00202944
-0.0273956
0.00328536
-0.0433429
0.00403722
-0.0551132
0.00423725
-0.0629025
0.00403636
-0.0682065
0.00360214
-0.0725111
0.00303868
-0.0767406
0.00238877
-0.0813218
-0.0863432
0.00166853
0.000665441
-0.0100436
0.00187397
-0.0286041
0.00292298
-0.044392
0.00344968
-0.0556399
0.00345048
-0.0629033
0.00308654
-0.0678425
0.0025142
-0.0719387
0.00182247
-0.0760488
0.00103665
-0.080536
-0.0854398
0.000133247
0.000629817
-0.0106734
0.00170125
-0.0296755
0.00254412
-0.0452348
0.0028554
-0.0559511
0.00266893
-0.0627168
0.00215107
-0.0673247
0.00144559
-0.0712333
0.000626197
-0.0752294
-0.000273372
-0.0796364
-0.0844265
-0.00128663
0.000586938
-0.0112604
0.00151428
-0.0306029
0.00215363
-0.0458742
0.00225939
-0.0560569
0.00189655
-0.062354
0.00123265
-0.0666608
0.000396701
-0.0703973
-0.000546255
-0.0742865
-0.00158639
-0.0785963
-0.0833058
-0.00270712
0.000537568
-0.0117979
0.00131593
-0.0313812
0.00175587
-0.0463141
0.00166585
-0.0559669
0.00113649
-0.0618246
0.000332853
-0.0658571
-0.000625705
-0.0694387
-0.00168971
-0.0732225
-0.00285865
-0.0774274
-0.0820563
-0.0041081
0.000482562
-0.0122805
0.001109
-0.0320077
0.00135471
-0.0465598
0.00107821
-0.0556904
0.000391586
-0.061138
-0.000544021
-0.0649215
-0.00162296
-0.0683598
-0.0028095
-0.0720359
-0.00410187
-0.076135
-0.0806767
-0.00548152
0.000422817
-0.0127033
0.000896214
-0.0324811
0.000953537
-0.0466171
0.000499734
-0.0552366
-0.000335904
-0.0603023
-0.0013982
-0.0638592
-0.00259606
-0.0671619
-0.00390159
-0.0707304
-0.00531635
-0.0747202
-0.0791686
-0.00682443
0.000359185
-0.0130625
0.000680182
-0.0328021
0.000555578
-0.0464925
-6.28848e-05
-0.0546181
-0.00104389
-0.0593213
-0.00222978
-0.0626734
-0.00354308
-0.0658486
-0.00496484
-0.0693086
-0.00650067
-0.0731844
-0.0775346
-0.00813468
0.000292619
-0.0133551
0.000462935
-0.0329724
0.000168419
-0.046198
-0.000621143
-0.0538285
-0.00173362
-0.0582088
-0.00303734
-0.0613696
-0.00446303
-0.064423
-0.00599847
-0.0677732
-0.00765343
-0.0715295
-0.0757784
-0.00940961
0.000224882
-0.01358
0.000246505
-0.032994
-0.000222957
-0.0457286
-0.00116073
-0.0528908
-0.00240251
-0.0569671
-0.00382007
-0.0599521
-0.00535518
-0.0628878
-0.00700181
-0.0661266
-0.00877317
-0.0697581
-0.0739061
-0.0106455
0.000156014
-0.013736
4.52563e-05
-0.0328833
-0.000607601
-0.0450757
-0.00168646
-0.0518119
-0.00304986
-0.0556037
-0.0045773
-0.0584246
-0.00621893
-0.0612462
-0.0079741
-0.0643714
-0.00985863
-0.0678736
-0.071922
-0.0118427
8.2554e-05
-0.0138186
-0.000185254
-0.0326155
-0.00097969
-0.0442813
-0.00219521
-0.0505964
-0.00367501
-0.0541239
-0.00530852
-0.0567911
-0.00705389
-0.0595008
-0.00891483
-0.0625105
-0.0109098
-0.0658786
-0.0698234
-0.0130085
1.09106e-06
-0.0138197
-0.000405989
-0.0322084
-0.00134135
-0.0433459
-0.00268572
-0.049252
-0.0042771
-0.0525325
-0.00601337
-0.0550549
-0.00786043
-0.0576538
-0.00982496
-0.0605459
-0.0119256
-0.063778
-0.0676091
-0.0141399
-6.72335e-05
-0.0137524
-0.000616066
-0.0316595
-0.00169091
-0.0422711
-0.0031575
-0.0477854
-0.00485547
-0.0508345
-0.00669138
-0.053219
-0.00863919
-0.055706
-0.0107077
-0.0584774
-0.0129008
-0.0615849
-0.0652932
-0.0152167
-0.000139491
-0.0136129
-0.000818785
-0.0309802
-0.00202734
-0.0410625
-0.00360994
-0.0462028
-0.00540947
-0.049035
-0.00734163
-0.0512868
-0.00938833
-0.0536593
-0.0115617
-0.056304
-0.0138729
-0.0592738
-0.0630139
-0.0161521
-0.000210977
-0.013402
-0.00101466
-0.0301766
-0.00234996
-0.0397272
-0.00404247
-0.0445103
-0.00593867
-0.0471388
-0.00796318
-0.0492623
-0.0101033
-0.0515191
-0.0123597
-0.0540476
-0.0146971
-0.0569363
-0.0602455
-0.0174655
-0.000280794
-0.0131212
-0.00120335
-0.029254
-0.00265833
-0.0382722
-0.00445473
-0.0427139
-0.0064429
-0.0451506
-0.00855543
-0.0471498
-0.0107809
-0.0492937
-0.0131156
-0.0517129
-0.0155775
-0.0544744
-0.0574916
-0.0183314
-0.000348523
-0.0127726
-0.00138436
-0.0282182
-0.00295207
-0.0367045
-0.00484639
-0.0408196
-0.00692186
-0.0430751
-0.0091183
-0.0449533
-0.0114271
-0.0469848
-0.0138532
-0.0492869
-0.0164299
-0.0518977
-0.0547105
-0.0192109
-0.000413855
-0.0123588
-0.00155719
-0.0270748
-0.00323084
-0.0350309
-0.00521721
-0.0388332
-0.00737519
-0.0409172
-0.00965102
-0.0426775
-0.0120393
-0.0445965
-0.0145502
-0.0467761
-0.0172135
-0.0492344
-0.0518761
-0.0200479
-0.000476521
-0.0118823
-0.00172142
-0.0258299
-0.00349433
-0.033258
-0.005567
-0.0367606
-0.00780276
-0.0386814
-0.0101539
-0.0403264
-0.0126184
-0.042132
-0.0152092
-0.0441853
-0.0179504
-0.0464932
-0.0489775
-0.020849
-0.000536281
-0.011346
-0.00187672
-0.0244895
-0.00374232
-0.0313923
-0.00589562
-0.0346073
-0.00820444
-0.0363726
-0.0106266
-0.0379042
-0.0131631
-0.0395955
-0.0158281
-0.0415202
-0.0186417
-0.0436796
-0.0460109
-0.0216084
-0.000592919
-0.0107531
-0.00202276
-0.0230597
-0.0039746
-0.0294405
-0.00620296
-0.0323789
-0.00858015
-0.0339954
-0.0110691
-0.0354152
-0.0136734
-0.0369913
-0.0164075
-0.0387861
-0.0192895
-0.0407977
-0.0429761
-0.0223243
-0.000646242
-0.0101068
-0.00215931
-0.0215466
-0.004191
-0.0274088
-0.00648894
-0.030081
-0.00892983
-0.0315545
-0.0114813
-0.0328637
-0.0141488
-0.0343238
-0.0169474
-0.0359874
-0.019894
-0.0378511
-0.0398753
-0.0229948
-0.000696083
-0.00941074
-0.00228616
-0.0199565
-0.0043914
-0.0253036
-0.00675352
-0.0277189
-0.00925341
-0.0290546
-0.0118629
-0.0302543
-0.0145892
-0.0315974
-0.0174478
-0.0331289
-0.020455
-0.0348439
-0.0367116
-0.0236186
-0.000742295
-0.00866844
-0.00240313
-0.0182957
-0.00457571
-0.023131
-0.00699665
-0.0252979
-0.00955084
-0.0265004
-0.0122139
-0.0275912
-0.0149945
-0.0288168
-0.0179084
-0.030215
-0.020972
-0.0317803
-0.0334892
-0.0241944
-0.000784751
-0.00788369
-0.00251008
-0.0165704
-0.00474385
-0.0208972
-0.0072183
-0.0228235
-0.00982208
-0.0238966
-0.0125341
-0.0248792
-0.0153645
-0.0259865
-0.0183291
-0.0272503
-0.0214446
-0.0286649
-0.0302125
-0.0247213
-0.000823341
-0.00706035
-0.0026069
-0.0147868
-0.00489575
-0.0186084
-0.00741846
-0.0203007
-0.0100671
-0.021248
-0.0128236
-0.0221227
-0.015699
-0.0231111
-0.0187097
-0.0242396
-0.0218722
-0.0255023
-0.0268864
-0.0251983
-0.000857974
-0.00620238
-0.00269349
-0.0129513
-0.00503138
-0.0162705
-0.00759711
-0.017735
-0.0102859
-0.0185592
-0.0130821
-0.0193264
-0.0159979
-0.0201954
-0.0190499
-0.0211876
-0.0222546
-0.0222976
-0.0235161
-0.0256249
-0.000888568
-0.00531381
-0.00276976
-0.0110701
-0.00515071
-0.0138896
-0.00775424
-0.0151315
-0.0104783
-0.0158351
-0.0133097
-0.0164951
-0.0162611
-0.017244
-0.0193495
-0.0180993
-0.0225915
-0.0190556
-0.0201068
-0.0260007
-0.000915059
-0.00439875
-0.00283566
-0.00914948
-0.00525371
-0.0114715
-0.00788987
-0.0124953
-0.0106445
-0.0130805
-0.0135063
-0.0136333
-0.0164885
-0.0142617
-0.0196084
-0.0149794
-0.0228825
-0.0157815
-0.0166641
-0.0263253
-0.00093739
-0.00346136
-0.00289113
-0.00719575
-0.00534037
-0.00902225
-0.00800398
-0.00983173
-0.0107844
-0.0103
-0.0136718
-0.0107459
-0.01668
-0.0112535
-0.0198264
-0.011833
-0.0231275
-0.0124804
-0.0131931
-0.0265984
-0.000955517
-0.00250584
-0.00293613
-0.00521514
-0.00541067
-0.00654771
-0.00809658
-0.00714581
-0.010898
-0.00749863
-0.0138062
-0.00783773
-0.0168355
-0.00822417
-0.0200034
-0.00866514
-0.0233264
-0.00915738
-0.00969948
-0.0268201
-0.000969406
-0.00153643
-0.00297063
-0.00321392
-0.0054646
-0.00405374
-0.00816768
-0.00444274
-0.0109852
-0.00468107
-0.0139095
-0.00491346
-0.0169551
-0.00517857
-0.0201395
-0.00548074
-0.0234792
-0.00581767
-0.00618852
-0.0269902
-0.000979031
-0.00299461
-0.00550218
-0.0082173
-0.00172762
-0.0110462
-0.00185219
-0.0139817
-0.00197795
-0.0170386
-0.00212163
-0.0202345
-0.00228486
-0.0235858
-0.00246643
-0.00266569
-0.0271086
-0.00824543
-0.0110808
-0.0140228
-0.0170861
-0.0202884
-0.0236461
-0.0271744
0.0588704
0.0104386
-0.0583675
0.0593726
0.0120239
0.0598729
0.0136155
0.0603697
0.0152101
0.0608604
0.0168038
0.0613408
0.0183925
0.0618038
0.0199709
0.0215323
0.0611504
0.00993055
-0.0606424
0.0616646
0.0115097
0.0621843
0.0130958
0.0627086
0.0146857
0.063236
0.0162764
0.063764
0.0178646
0.0642885
0.0194463
0.0210172
0.0635364
0.00943058
-0.0630364
0.0640501
0.010996
0.0645776
0.0125683
0.0651182
0.0141451
0.0656711
0.0157235
0.0662348
0.0173009
0.0668069
0.0188742
0.0204401
0.0660691
0.00894493
-0.0655834
0.0665739
0.0104911
0.0670985
0.0120437
0.0676432
0.0136004
0.0682079
0.0151588
0.0687924
0.0167164
0.0693957
0.0182709
0.0198193
0.0687582
0.0084728
-0.0682861
0.0692532
0.00999616
0.0697719
0.011525
0.0703153
0.013057
0.070884
0.0145901
0.0714785
0.016122
0.0720988
0.0176505
0.0191732
0.0715999
0.00801239
-0.0711394
0.0720864
0.00950961
0.0726
0.0110114
0.0731414
0.0125156
0.0737115
0.01402
0.0743109
0.0155226
0.0749401
0.0170213
0.0185138
0.0745895
0.00756245
-0.0741395
0.0750688
0.00903025
0.0755783
0.0105019
0.0761186
0.0119753
0.0766903
0.0134483
0.0772941
0.0149188
0.0779303
0.016385
0.0178446
0.0777287
0.00712258
-0.0772888
0.0782012
0.00855774
0.078707
0.00999612
0.0792467
0.0114357
0.0798206
0.0128743
0.0804294
0.01431
0.0810735
0.0157409
0.0171647
0.081017
0.0066918
-0.0805862
0.0814834
0.00809132
0.081986
0.00949348
0.0825254
0.0108962
0.0831021
0.0122976
0.0837165
0.0136957
0.084369
0.0150884
0.0164737
0.0844639
0.00627119
-0.0840433
0.0849233
0.00763195
0.0854219
0.00899482
0.0859604
0.0103578
0.086539
0.011719
0.0871582
0.0130765
0.0878183
0.0144283
0.0157727
0.0880702
0.00586081
-0.0876599
0.0885224
0.00717981
0.0890168
0.00850044
0.0895538
0.00982077
0.0901339
0.0111389
0.0907573
0.0124531
0.0914242
0.0137614
0.015062
0.091842
0.0054608
-0.091442
0.0922866
0.0067352
0.0927763
0.00801077
0.0933114
0.00928567
0.0938922
0.0105581
0.0945191
0.0118262
0.0951922
0.0130882
0.0143424
0.095785
0.00507148
-0.0953957
0.0962218
0.00629849
0.0967062
0.00752628
0.0972389
0.00875305
0.0978199
0.00997704
0.0984496
0.0111965
0.099128
0.0124097
0.013615
0.0999066
0.00469315
-0.0995282
0.100335
0.00587012
0.100814
0.00704746
0.101343
0.00822348
0.101924
0.00939649
0.102556
0.0105648
0.103239
0.0117268
0.0128808
0.104211
0.00432544
-0.103843
0.104631
0.00544977
0.105105
0.00657421
0.105631
0.00769705
0.106211
0.00881668
0.106844
0.00993148
0.107531
0.0110398
0.0121402
0.108712
0.00396921
-0.108355
0.109123
0.00503837
0.10959
0.00610733
0.110113
0.00717448
0.110691
0.00823827
0.111325
0.00929715
0.112016
0.0103496
0.112762
0.011394
0.0124289
0.113415
0.00362459
-0.11307
0.113817
0.00463599
0.114278
0.00564694
0.114796
0.00665593
0.115373
0.00766147
0.116008
0.00866207
0.116701
0.00965626
0.117453
0.0106426
0.0116195
0.118332
0.00329159
-0.117999
0.118725
0.00424266
0.119179
0.0051931
0.119693
0.00614148
0.120268
0.00708637
0.120904
0.00802637
0.1216
0.00896006
0.122357
0.00988605
0.0108029
0.123474
0.00297014
-0.123152
0.123858
0.00385833
0.124306
0.00474575
0.124816
0.00563106
0.125389
0.0065129
0.126026
0.00738995
0.126725
0.00826086
0.127487
0.00912433
0.00997902
0.128856
0.0026601
-0.128546
0.129231
0.00348281
0.129672
0.00430466
0.130179
0.00512439
0.130751
0.00594075
0.131389
0.00675247
0.132091
0.0075583
0.132858
0.00835701
0.00914735
0.134493
0.00236115
-0.134194
0.13486
0.0031157
0.135295
0.00386938
0.135798
0.00462099
0.13637
0.00536936
0.137009
0.00611332
0.137716
0.00685172
0.138489
0.00758338
0.00830717
0.140404
0.00207273
-0.140115
0.140763
0.00275647
0.141193
0.00343931
0.141694
0.00412016
0.142265
0.00479797
0.142907
0.00547165
0.143618
0.00614015
0.144399
0.0068024
0.00745734
0.146608
0.00179421
-0.14633
0.14696
0.00240424
0.147386
0.00301342
0.147886
0.00362078
0.148458
0.00422534
0.149104
0.00482613
0.149822
0.00542218
0.150612
0.00601254
0.00659624
0.153132
0.00152452
-0.152863
0.153479
0.00205796
0.153901
0.0025906
0.154401
0.0031216
0.154976
0.00365009
0.155627
0.00417522
0.156353
0.00469612
0.157153
0.00521195
0.00572186
0.160003
0.00126264
-0.159741
0.160345
0.00171633
0.160766
0.00216934
0.161267
0.00262092
0.161847
0.00307033
0.162505
0.00351684
0.163241
0.00395971
0.164055
0.0043982
0.00483158
0.167253
0.00100695
-0.166997
0.167592
0.00137759
0.168013
0.00174767
0.168518
0.00211658
0.169104
0.00248371
0.169773
0.00284844
0.170522
0.00321017
0.171352
0.00356829
0.00392218
0.174918
0.000755533
-0.174667
0.175256
0.00103958
0.175681
0.00132321
0.176191
0.00160595
0.176788
0.00188732
0.177469
0.00216686
0.178235
0.00244407
0.179085
0.00271851
0.00298968
0.183042
0.000505981
-0.182793
0.183382
0.000699624
0.183813
0.000892998
0.184333
0.00108578
0.184942
0.00127764
0.185641
0.00146825
0.186428
0.00165728
0.187302
0.00184441
0.00202932
0.191674
0.000255234
-0.191423
0.192019
0.000354309
0.192459
0.000453265
0.192993
0.000551934
0.19362
0.000650142
0.194341
0.000747725
0.195154
0.000844508
0.196058
0.000940326
0.00103501
0.200874
-0.200618
0.201228
0.201681
0.202233
0.202883
0.203631
0.204475
0.205416
0.0489723
-0.0164204
-0.048704
0.049395
-0.0156394
0.0498685
-0.0146133
0.0503544
-0.0134943
0.050843
-0.0123313
0.0513355
-0.011138
0.0518307
-0.00990483
0.0523271
-0.00863104
0.0528244
-0.00732176
0.0533231
-0.00598019
0.0538235
-0.00460849
0.0543258
-0.00320947
0.0548295
-0.00179029
0.0553366
-0.000373899
0.0558529
0.00115232
0.0563572
0.00267608
0.0568599
0.0042028
0.0573622
0.00574311
0.0578647
0.00729675
0.0088624
0.05222
-0.016823
-0.0518174
0.0525869
-0.0160063
0.0529866
-0.015013
0.0534049
-0.0139126
0.0538179
-0.0127443
0.0542298
-0.0115499
0.0546471
-0.0103222
0.0550705
-0.00905445
0.0554995
-0.00775069
0.0559346
-0.0064153
0.0563765
-0.00505045
0.0568255
-0.00365842
0.0572784
-0.00224319
0.057717
-0.00081252
0.0581983
0.00067106
0.0586758
0.00219852
0.0591574
0.00372126
0.0596457
0.00525482
0.0601407
0.00680168
0.00836077
0.0555486
-0.0171724
-0.0551993
0.0558697
-0.0163274
0.0561974
-0.0153407
0.0565458
-0.014261
0.0568969
-0.0130955
0.0572466
-0.0118996
0.0576019
-0.0106774
0.0579653
-0.00941786
0.058336
-0.00812143
0.0587139
-0.00679321
0.0590993
-0.00543587
0.0594921
-0.00405119
0.0598903
-0.0026414
0.0602912
-0.00121336
0.0607324
0.000229789
0.0611693
0.00176169
0.0616171
0.00327347
0.0620771
0.00479475
0.0625501
0.00632871
0.00787446
0.0589951
-0.0174434
-0.0587241
0.0592556
-0.016588
0.0595167
-0.0156018
0.059795
-0.0145392
0.0600834
-0.0133839
0.0603743
-0.0121904
0.060671
-0.0109742
0.0609775
-0.00972439
0.061294
-0.00843793
0.06162
-0.00711921
0.0619559
-0.00577174
0.0623021
-0.00439742
0.0626585
-0.00299784
0.0630231
-0.00157796
0.0634113
-0.000158349
0.0638157
0.0013573
0.0642333
0.00285585
0.0646664
0.00436164
0.0651161
0.00587897
0.00740719
0.0625559
-0.0176433
-0.062356
0.0627559
-0.016788
0.0629546
-0.0158006
0.0631659
-0.0147505
0.0633906
-0.0136086
0.0636225
-0.0124223
0.0638617
-0.0112134
0.064112
-0.00997473
0.064375
-0.0087009
0.0646505
-0.00739476
0.0649392
-0.00606034
0.0652417
-0.0047
0.0655595
-0.00331556
0.0658922
-0.00191066
0.0662284
-0.000494617
0.0666062
0.000979481
0.0669974
0.0024647
0.0674066
0.00395246
0.0678358
0.00544973
0.00695695
0.0662458
-0.0177739
-0.0661152
0.0663834
-0.0169255
0.0665193
-0.0159365
0.0666645
-0.0148957
0.0668246
-0.0137688
0.0669963
-0.012594
0.0671783
-0.0113953
0.0673733
-0.0101697
0.0675835
-0.00891111
0.0678096
-0.00762084
0.068052
-0.00630276
0.0683115
-0.00495954
0.068589
-0.00359301
0.068884
-0.00220574
0.0691937
-0.000804275
0.069541
0.000632206
0.0699065
0.00209915
0.0702937
0.00356524
0.0707043
0.00503914
0.00652185
0.070074
-0.0178325
-0.0700154
0.0701446
-0.0169961
0.0702156
-0.0160076
0.0702948
-0.0149748
0.0703901
-0.0138642
0.0705011
-0.0127049
0.0706261
-0.0115203
0.0707666
-0.0103103
0.0709251
-0.00906961
0.0711027
-0.00779842
0.0713
-0.0065
0.0715176
-0.00517719
0.0717566
-0.00383202
0.0720177
-0.00246679
0.0722993
-0.00108592
0.072619
0.000312482
0.0729593
0.00175884
0.0733252
0.00319935
0.0737183
0.00464603
0.00610064
0.0740427
-0.0178169
-0.0740583
0.0740426
-0.016996
0.0740469
-0.0160119
0.0740602
-0.0149882
0.0740914
-0.0138953
0.0741418
-0.0127553
0.0742102
-0.0115887
0.0742974
-0.0103975
0.0744054
-0.00917765
0.0745358
-0.00792879
0.0746893
-0.00665352
0.0748666
-0.00535448
0.0750682
-0.00403359
0.0752937
-0.00269234
0.0755423
-0.00133453
0.0758446
1.02391e-05
0.0761577
0.00144576
0.0765037
0.00285331
0.0768808
0.00426895
0.0056926
0.0781526
-0.0177267
-0.0782428
0.0780802
-0.0169236
0.0780167
-0.0159484
0.0779649
-0.0149364
0.0779329
-0.0138633
0.0779234
-0.0127459
0.077936
-0.0116012
0.0779708
-0.0104323
0.0780295
-0.00923643
0.0781139
-0.00801317
0.078225
-0.00676462
0.0783639
-0.00549334
0.0785318
-0.00420147
0.0787305
-0.00289105
0.078961
-0.00156507
0.0792038
-0.000232573
0.0795021
0.00114747
0.0798297
0.00252575
0.0801906
0.00390807
0.00529696
0.0824062
-0.0175626
-0.0825703
0.0822613
-0.0167787
0.0821299
-0.0158171
0.0820137
-0.0148201
0.0819198
-0.0137694
0.0818516
-0.0126777
0.081809
-0.0115587
0.0817923
-0.0104156
0.0818029
-0.00924697
0.0818422
-0.00805255
0.0819117
-0.00683404
0.0820121
-0.00559378
0.0821444
-0.00433378
0.0823093
-0.00305594
0.0825067
-0.00176245
0.0827341
-0.00045996
0.0830071
0.000874485
0.0833157
0.00221707
0.0836608
0.00356297
0.0049145
0.0868081
-0.0173256
-0.0870451
0.0865913
-0.0165619
0.0863925
-0.0156183
0.0862128
-0.0146404
0.0860582
-0.0136148
0.0859324
-0.0125518
0.0858356
-0.0114619
0.0857682
-0.0103482
0.0857314
-0.00921013
0.0857265
-0.00804768
0.0857549
-0.00686239
0.0858174
-0.0056563
0.085915
-0.00443135
0.0860484
-0.00318936
0.0862183
-0.00193239
0.0864231
-0.000664736
0.086673
0.000624602
0.0869618
0.00192822
0.0872906
0.0032342
0.00454526
0.0913644
-0.0170169
-0.0916732
0.0910768
-0.0162743
0.0908113
-0.0153528
0.090569
-0.014398
0.090355
-0.0134009
0.0901726
-0.0123694
0.0900225
-0.0113119
0.0899053
-0.010231
0.0898218
-0.00912667
0.0897735
-0.00799934
0.0897615
-0.00685036
0.0897868
-0.0056816
0.0898503
-0.00449487
0.0899528
-0.00329189
0.090095
-0.00207458
0.0902763
-0.000846053
0.0905043
0.000396617
0.0907737
0.00165885
0.0910861
0.00292181
0.00418934
0.0960823
-0.0166373
-0.0964619
0.095725
-0.015917
0.0953939
-0.0150217
0.0950899
-0.014094
0.0948175
-0.0131284
0.0945796
-0.0121315
0.0943772
-0.0111094
0.0942108
-0.0100646
0.0940814
-0.00899726
0.0939902
-0.00790814
0.0939383
-0.00679852
0.0939268
-0.00567011
0.0939566
-0.00452462
0.0940284
-0.00336374
0.0941431
-0.00218928
0.0943008
-0.00100373
0.0945077
0.000189725
0.0947576
0.00140892
0.0950534
0.00262604
0.003847
0.10097
-0.016188
-0.101419
0.100544
-0.0154913
0.100148
-0.014626
0.0997838
-0.0137293
0.0994539
-0.0127985
0.0991614
-0.011839
0.0989074
-0.0108554
0.0986925
-0.00984971
0.0985178
-0.00882252
0.0983843
-0.00777464
0.0982931
-0.00670738
0.0982453
-0.00562228
0.0982416
-0.00452088
0.0982826
-0.00340473
0.0983686
-0.00227535
0.0984999
-0.001135
0.0986907
-1.06263e-06
0.0989201
0.00117951
0.0991995
0.00234667
0.00351823
0.106036
-0.01567
-0.106554
0.105543
-0.0149985
0.105084
-0.0141667
0.104659
-0.0133048
0.104273
-0.012412
0.103926
-0.0114927
0.103621
-0.0105505
0.103359
-0.00958696
0.103139
-0.00860294
0.102964
-0.00759935
0.102834
-0.00657746
0.10275
-0.00553875
0.102714
-0.00448474
0.102726
-0.00341695
0.102788
-0.002337
0.1029
-0.00124681
0.10305
-0.00015163
0.103264
0.000965847
0.103528
0.00208296
0.00320284
0.11129
-0.0150842
-0.111876
0.110731
-0.0144397
0.110209
-0.0136448
0.109726
-0.0128211
0.109283
-0.0119694
0.108884
-0.0110931
0.108528
-0.0101951
0.108218
-0.00927674
0.107954
-0.00833884
0.107737
-0.00738244
0.107568
-0.0064088
0.107449
-0.0054193
0.10738
-0.00441536
0.107361
-0.0033984
0.107394
-0.0023699
0.107479
-0.00133151
0.107614
-0.000286986
0.107807
0.000772946
0.108054
0.00183585
0.00290137
0.116743
-0.0144314
-0.117395
0.116119
-0.0138161
0.115535
-0.0130611
0.114993
-0.0122791
0.114495
-0.0114713
0.114043
-0.0106408
0.113638
-0.00978979
0.11328
-0.00891935
0.112972
-0.00803042
0.112713
-0.00712405
0.112506
-0.00620146
0.112351
-0.00526395
0.112248
-0.00431285
0.112199
-0.00334952
0.112205
-0.00237536
0.112265
-0.00139188
0.11238
-0.000401708
0.112553
0.000599766
0.112783
0.00160584
0.0026142
0.122405
-0.0137125
-0.123124
0.121717
-0.0131285
0.121073
-0.0124165
0.120473
-0.0116792
0.11992
-0.0109182
0.119415
-0.0101362
0.11896
-0.00933478
0.118556
-0.00851505
0.118203
-0.00767788
0.117903
-0.00682432
0.117658
-0.00595556
0.117466
-0.00507281
0.117331
-0.00417734
0.117252
-0.00327041
0.11723
-0.00235335
0.117265
-0.00142755
0.117359
-0.000495054
0.117513
0.000446063
0.117726
0.00139274
0.00234127
0.12829
-0.012928
-0.129074
0.127539
-0.0123777
0.126834
-0.0117116
0.126177
-0.0110218
0.125569
-0.0103104
0.125012
-0.00957942
0.124508
-0.00883032
0.124057
-0.00806399
0.12366
-0.00728132
0.123319
-0.00648333
0.123035
-0.00567114
0.122808
-0.00484591
0.122639
-0.00400882
0.12253
-0.00316105
0.12248
-0.00230385
0.122491
-0.00143852
0.122563
-0.000566719
0.122697
0.000311748
0.122894
0.00119642
0.00208251
0.134412
-0.0120784
-0.135261
0.133598
-0.0115644
0.132833
-0.0109467
0.132119
-0.0103073
0.131457
-0.00964807
0.130848
-0.00897075
0.130294
-0.00827654
0.129797
-0.00756627
0.129356
-0.00684079
0.128974
-0.00610109
0.128651
-0.00534822
0.128388
-0.00458326
0.128187
-0.0038073
0.128047
-0.00302146
0.12797
-0.00222689
0.127956
-0.00142479
0.128006
-0.000616588
0.128121
0.000196719
0.128301
0.00101678
0.00183777
0.140786
-0.0111639
-0.141701
0.139911
-0.0106889
0.139087
-0.0101224
0.138315
-0.00953593
0.137598
-0.00893138
0.136938
-0.00831024
0.136335
-0.00767349
0.135791
-0.00702191
0.135306
-0.00635631
0.134883
-0.00567761
0.134521
-0.00498678
0.134223
-0.00428483
0.133988
-0.00357277
0.133818
-0.00285163
0.133714
-0.00212248
0.133676
-0.00138643
0.133704
-0.000644707
0.1338
0.000100736
0.133963
0.000853661
0.00160684
0.147432
-0.0101849
-0.148412
0.146495
-0.00975169
0.145611
-0.00923862
0.144783
-0.00870766
0.144012
-0.00816032
0.1433
-0.00759785
0.142647
-0.00702113
0.142056
-0.00643086
0.141528
-0.00582781
0.141063
-0.00521282
0.140663
-0.00458679
0.140329
-0.00395062
0.140061
-0.00330524
0.139861
-0.0026516
0.139729
-0.00199066
0.139666
-0.00132343
0.139673
-0.000651026
0.13975
2.30795e-05
0.139897
0.000706685
0.00138917
0.154371
-0.00914127
-0.155415
0.153372
-0.00875267
0.152429
-0.0082955
0.151544
-0.00782245
0.150718
-0.00733476
0.149954
-0.00683347
0.149252
-0.00631935
0.148614
-0.00579303
0.148041
-0.00525522
0.147535
-0.00470669
0.147097
-0.00414824
0.146727
-0.00358069
0.146426
-0.00300487
0.146196
-0.00242164
0.146038
-0.00183189
0.145951
-0.00123649
0.145936
-0.000636426
0.145993
-3.40243e-05
0.146125
0.000575155
0.00118427
0.161625
-0.0080329
-0.162734
0.160565
-0.00769175
0.159562
-0.00729283
0.158619
-0.00688008
0.157739
-0.00645448
0.156923
-0.00601687
0.156171
-0.00556792
0.155486
-0.00510822
0.15487
-0.00463838
0.154322
-0.00415909
0.153845
-0.00367105
0.153439
-0.00317499
0.153106
-0.00267164
0.152846
-0.00216177
0.15266
-0.00164613
0.152549
-0.00112553
0.152514
-0.000600794
0.152553
-7.34196e-05
0.15267
0.000458516
0.000991147
0.169223
-0.00685947
-0.170397
0.1681
-0.00656861
0.167038
-0.00623028
0.166038
-0.00588019
0.165102
-0.00551911
0.164233
-0.00514772
0.163432
-0.00476657
0.1627
-0.00437618
0.162038
-0.0039771
0.161449
-0.0035699
0.160933
-0.00315518
0.160492
-0.00273358
0.160126
-0.00230572
0.159837
-0.00187224
0.159624
-0.00143382
0.15949
-0.000991126
0.159434
-0.000544878
0.159457
-9.61221e-05
0.159559
0.000355974
0.000808989
0.177195
-0.00562055
-0.178434
0.176009
-0.00538276
0.174886
-0.00510733
0.173829
-0.0048223
0.172838
-0.00452823
0.171916
-0.00422563
0.171064
-0.00391497
0.170284
-0.00359667
0.169579
-0.0032712
0.168948
-0.00293903
0.168393
-0.00260066
0.167916
-0.00225659
0.167518
-0.00190734
0.167199
-0.00155346
0.166961
-0.00119548
0.166803
-0.000833971
0.166728
-0.000469506
0.166735
-0.000102858
0.166825
0.000266291
0.000636353
0.185576
-0.0043156
-0.186881
0.184327
-0.00413359
0.183143
-0.0039234
0.182027
-0.00370585
0.18098
-0.0034813
0.180004
-0.00325014
0.179102
-0.00301273
0.178275
-0.00276941
0.177524
-0.00252052
0.176852
-0.00226644
0.176258
-0.00200754
0.175746
-0.00174422
0.175316
-0.00147688
0.174968
-0.00120594
0.174704
-0.00093181
0.174525
-0.000654927
0.174432
-0.000375743
0.174424
-9.48228e-05
0.174502
0.000187961
0.000471536
0.194406
-0.00294401
-0.195778
0.193093
-0.00282038
0.191847
-0.00267783
0.190672
-0.00253023
0.189568
-0.00237782
0.188539
-0.00222086
0.187586
-0.00205957
0.186711
-0.00189421
0.185915
-0.001725
0.185201
-0.00155221
0.184569
-0.00137608
0.184022
-0.0011969
0.18356
-0.00101494
0.183185
-0.000830472
0.182897
-0.000643795
0.182697
-0.000455203
0.182586
-0.000265
0.182565
-7.35416e-05
0.182634
0.000119126
0.000312393
0.203729
-0.00150533
-0.205168
0.202351
-0.00144249
0.201043
-0.00136996
0.199808
-0.00129484
0.198648
-0.00121725
0.197564
-0.0011373
0.19656
-0.00105513
0.195636
-0.000970845
0.194796
-0.000884572
0.19404
-0.000796438
0.19337
-0.000706577
0.192789
-0.000615126
0.192296
-0.000522225
0.191894
-0.000428019
0.191582
-0.000332659
0.191363
-0.000236294
0.191238
-0.000139092
0.191205
-4.12665e-05
0.191267
5.73019e-05
0.000156199
0.213595
-0.2151
0.212152
0.210782
0.209488
0.20827
0.207133
0.206078
0.205107
0.204222
0.203426
0.202719
0.202104
0.201582
0.201154
0.200821
0.200585
0.200446
0.200405
0.200462
0.0503753
0.000850279
-0.000774637
0.0502162
0.00140502
-0.00124589
0.0499306
0.00339489
-0.00310927
0.049606
0.0044407
-0.00411609
0.0491699
0.0069898
-0.00655372
0.0487245
0.00847491
-0.00802949
0.0481857
0.0114141
-0.0108753
0.0476879
0.0131768
-0.0126791
0.0471331
0.0164256
-0.0158708
0.0467254
0.0182782
-0.0178705
0.0463135
0.0218114
-0.0213994
0.04626
0.023372
-0.0233185
0.0462339
0.0272338
-0.0272076
0.0470419
0.0275692
-0.0283773
0.0317222
-0.0333843
0.0528451
0.000926483
0.0526864
0.00156364
0.0523972
0.0036841
0.0520775
0.00476046
0.051644
0.00742329
0.0512168
0.00890205
0.0506988
0.0119321
0.0502485
0.0136271
0.0497511
0.016923
0.0494397
0.0185896
0.0491502
0.0221008
0.0492479
0.0232743
0.049515
0.0269667
0.0504237
0.0266605
0.0303285
0.0554365
0.00100246
0.0552788
0.00172134
0.0549906
0.00397229
0.0546777
0.00507335
0.0542547
0.00784637
0.0538503
0.00930642
0.0533642
0.0124182
0.0529672
0.0140242
0.0525406
0.0173496
0.052326
0.0188042
0.052172
0.0222549
0.0524006
0.0230457
0.0528861
0.0264813
0.0537461
0.0258004
0.0288753
0.0581551
0.00107797
0.0580002
0.00187626
0.0577155
0.00425694
0.0574137
0.0053752
0.0570063
0.00825379
0.0566316
0.00968108
0.0561858
0.012864
0.0558497
0.0143602
0.0555042
0.017695
0.0553871
0.0189213
0.0553727
0.0222692
0.0557042
0.0227143
0.0563482
0.0258373
0.0572247
0.0249239
0.027376
0.0610069
0.00115289
0.0608568
0.00202642
0.0605781
0.00453561
0.0602914
0.00566195
0.059905
0.0086402
0.0595661
0.01002
0.0591693
0.0132609
0.0588995
0.01463
0.0586467
0.0179478
0.0586237
0.0189443
0.0587524
0.0221405
0.0591681
0.0222986
0.0599439
0.0250614
0.0608767
0.0239911
0.0258967
0.0639985
0.00122711
0.0638551
0.00216973
0.0635852
0.00480554
0.0633173
0.00592983
0.0629579
0.00899967
0.0626595
0.0103183
0.0623213
0.0135991
0.0621204
0.0148309
0.0619714
0.0180968
0.062038
0.0188778
0.0623082
0.0218703
0.0628031
0.0218036
0.0636868
0.0241778
0.0646769
0.0230009
0.0244585
0.0671367
0.00130032
0.0670021
0.00230434
0.0667444
0.00506328
0.0664985
0.00617576
0.0661729
0.00932521
0.0659183
0.0105729
0.0656491
0.0138683
0.0655175
0.0149626
0.065481
0.0181332
0.0656333
0.0187255
0.0660375
0.0214662
0.0666115
0.0212296
0.0675765
0.0232128
0.0686123
0.0219651
0.0230554
0.0704294
0.00137177
0.0703049
0.00242885
0.0700638
0.00530432
0.069842
0.00639762
0.0695586
0.00960861
0.0693493
0.0107822
0.0691593
0.0140583
0.0690969
0.015025
0.0691774
0.0180527
0.0694139
0.018489
0.069939
0.0209411
0.0705906
0.020578
0.071614
0.0221894
0.0726829
0.0208962
0.02168
0.0738845
0.00144016
0.0737707
0.00254262
0.0735519
0.00552309
0.0733554
0.00659414
0.073123
0.00984106
0.0729604
0.0109448
0.072858
0.0141606
0.0728657
0.0150173
0.0730622
0.0178562
0.0733831
0.0181681
0.0740128
0.0203114
0.074738
0.0198528
0.0758027
0.0211247
0.0768941
0.0198048
0.0203313
0.0775105
0.00150352
0.0774075
0.00264567
0.0772174
0.00571317
0.0770471
0.00676447
0.0768742
0.010014
0.07676
0.011059
0.0767508
0.0141698
0.0768307
0.0149375
0.0771379
0.017549
0.0775434
0.0177626
0.0782612
0.0195936
0.0790533
0.0190606
0.0801467
0.0200313
0.0812508
0.0187007
0.0190119
0.0813164
0.00155939
0.0812236
0.00273848
0.0810689
0.00586786
0.080926
0.00690733
0.0808198
0.0101202
0.0807571
0.0111216
0.0808429
0.0140839
0.0809983
0.0147822
0.0814077
0.0171396
0.0818968
0.0172735
0.0826877
0.0188028
0.0835379
0.0182104
0.0846503
0.0189188
0.0857582
0.0175928
0.017725
0.085311
0.00160502
0.0852278
0.00282162
0.0851149
0.00598082
0.0850017
0.00702048
0.0849671
0.0101548
0.0849603
0.0111284
0.0851399
0.0139044
0.0853741
0.014548
0.0858757
0.016638
0.0864454
0.0167037
0.0872965
0.0179517
0.0881947
0.0173122
0.0893179
0.0177956
0.090422
0.0164888
0.0164738
0.0895033
0.0016377
0.0894298
0.0028951
0.0893639
0.00604675
0.089284
0.00710036
0.0893236
0.0101152
0.089378
0.011074
0.0896476
0.0136348
0.089963
0.0142326
0.0905469
0.0160541
0.0911918
0.0160588
0.0920922
0.0170514
0.093028
0.0163764
0.0941547
0.0166689
0.0952488
0.0153947
0.0152607
0.0939027
0.00165505
0.0938398
0.00295801
0.0938246
0.006062
0.0937828
0.0071421
0.0938969
0.0100012
0.094018
0.0109529
0.0943723
0.0132806
0.0947697
0.0138352
0.0954264
0.0153973
0.0961394
0.0153458
0.0970795
0.0161113
0.0980433
0.0154126
0.0991667
0.0155455
0.100246
0.0143154
0.0140874
0.0985185
0.00165534
0.0984683
0.00300823
0.0985056
0.00602473
0.0985079
0.00713975
0.0986948
0.00981427
0.0988877
0.0107599
0.0993209
0.0128474
0.0997988
0.0133573
0.10052
0.0146762
0.101293
0.0145732
0.102264
0.0151401
0.103247
0.0144294
0.104361
0.0144313
0.105422
0.0132549
0.0129551
0.10336
0.00163761
0.103326
0.00304245
0.103416
0.00593493
0.103469
0.00708682
0.103726
0.00955727
0.103994
0.0104916
0.104501
0.0123412
0.105055
0.0128024
0.105833
0.0138985
0.106657
0.0137496
0.107651
0.0141457
0.108646
0.0134344
0.109746
0.0133312
0.110785
0.0122161
0.0118641
0.108439
0.00160178
0.108425
0.00305628
0.108566
0.00579399
0.108675
0.00697708
0.108999
0.00923333
0.109345
0.0101461
0.109919
0.0117672
0.110545
0.012176
0.111372
0.0130715
0.112238
0.0128837
0.113249
0.0131353
0.114249
0.0124341
0.115331
0.0122493
0.116346
0.0112014
0.0108144
0.113764
0.00154856
0.113775
0.0030447
0.113965
0.00560419
0.114137
0.0068053
0.114525
0.00884547
0.114947
0.00972386
0.115584
0.0111305
0.116276
0.0114843
0.117145
0.0122022
0.118045
0.0119833
0.119065
0.0121155
0.120065
0.0114338
0.121126
0.0111886
0.122115
0.0102126
0.00980541
0.119348
0.00147927
0.11939
0.00300255
0.119626
0.00536803
0.119863
0.00656795
0.120313
0.00839626
0.120809
0.00922723
0.121504
0.0104358
0.122254
0.0107342
0.123159
0.0112971
0.124087
0.0110557
0.12511
0.0110917
0.126106
0.0104382
0.127143
0.0101514
0.128105
0.00925059
0.00883626
0.125202
0.00139557
0.12528
0.00292515
0.12556
0.00508761
0.125865
0.00626345
0.126373
0.00788797
0.12694
0.00865996
0.127689
0.00968766
0.12849
0.00993275
0.129425
0.0103625
0.130373
0.0101072
0.131396
0.0100685
0.132384
0.00945088
0.133396
0.00913908
0.134331
0.00831592
0.00790561
0.131342
0.00129921
0.131458
0.00280882
0.131781
0.00476436
0.132152
0.00589221
0.132718
0.00732264
0.133351
0.00802666
0.134148
0.00889074
0.134994
0.00908626
0.135953
0.00940374
0.136917
0.00914331
0.137936
0.00904954
0.138912
0.00847436
0.139899
0.00815221
0.140807
0.00740836
0.00701172
0.137779
0.00119172
0.137937
0.00265121
0.138302
0.00439897
0.138738
0.00545618
0.139358
0.00670239
0.140053
0.00733224
0.140894
0.0080495
0.14178
0.00820055
0.142758
0.00842562
0.143733
0.00816828
0.144745
0.00803721
0.145709
0.00751025
0.146671
0.00719055
0.147552
0.00652702
0.00615242
0.14453
0.00107426
0.14473
0.0024514
0.145137
0.00399168
0.145635
0.00495831
0.146308
0.00602947
0.147059
0.0065815
0.14794
0.00716802
0.14886
0.00728052
0.149854
0.00743166
0.150837
0.00718525
0.151841
0.00703274
0.152793
0.00655901
0.15373
0.00625293
0.154587
0.00567031
0.00532496
0.15161
0.00094758
0.151852
0.00220979
0.152301
0.00354249
0.152857
0.00440203
0.15358
0.00530626
0.154383
0.00577882
0.155301
0.00624974
0.156252
0.00633001
0.157259
0.00642413
0.158249
0.00619597
0.159245
0.0060361
0.160184
0.00561992
0.1611
0.00533718
0.161935
0.00483577
0.00452595
0.159036
0.000812017
0.159318
0.00192781
0.159809
0.00305157
0.160421
0.00379068
0.161192
0.00453506
0.162043
0.00492791
0.162995
0.00529712
0.163974
0.00535151
0.164994
0.00540381
0.165989
0.00520063
0.16698
0.00504576
0.167909
0.00469092
0.168806
0.00443996
0.169622
0.00401996
0.00375114
0.166826
0.000667629
0.167146
0.00160757
0.167678
0.00251942
0.168341
0.00312733
0.169159
0.00371785
0.170055
0.00403154
0.171041
0.00431136
0.172046
0.00434593
0.17308
0.00436975
0.174083
0.00419765
0.175071
0.0040585
0.175993
0.00376838
0.176877
0.00355655
0.177678
0.00321823
0.00299524
0.174996
0.000514316
0.175352
0.00125156
0.175924
0.0019469
0.176637
0.0024146
0.177499
0.00285595
0.178439
0.00309133
0.179459
0.00329214
0.180492
0.00331236
0.181543
0.00331901
0.182557
0.00318343
0.183546
0.00306918
0.184468
0.0028469
0.185344
0.00268055
0.186138
0.00242448
0.00225165
0.183566
0.000351934
0.183955
0.000862485
0.184567
0.00133517
0.185327
0.00165468
0.186233
0.00194982
0.187217
0.00210744
0.188272
0.00223728
0.189336
0.0022477
0.190409
0.00224631
0.19144
0.00215202
0.192439
0.00207034
0.193367
0.00191893
0.194244
0.00180354
0.195038
0.0016307
0.00151202
0.192555
0.000180417
0.192975
0.00044325
0.193624
0.000685712
0.194429
0.000849371
0.19538
0.000998971
0.196409
0.00107841
0.197504
0.0011425
0.198605
0.00114639
0.199708
0.0011437
0.200765
0.00109468
0.201784
0.00105175
0.202729
0.000974296
0.203617
0.000914775
0.204421
0.000826822
0.000765293
0.201984
0.202428
0.203113
0.203963
0.204962
0.20604
0.207182
0.208329
0.209473
0.210567
0.211619
0.212593
0.213508
0.214335
0.0357654
-0.000885554
0.036078
-0.00159451
0.0362308
-0.00181637
0.0363067
-0.00189418
0.0362206
-0.00170637
0.0360574
-0.00149052
0.0357211
-0.00118562
0.0352928
-0.000920936
0.034673
-0.000620993
0.0339376
-0.000397944
0.0329834
-0.000121541
0.0318846
6.73272e-05
0.0305275
0.00034004
0.0290176
0.000493406
0.000827208
0.0357583
-0.00128847
0.0360647
-0.00190094
0.0362117
-0.00196343
0.0362822
-0.00196466
0.0361906
-0.00161473
0.0360218
-0.00132171
0.0356803
-0.00084411
0.0352466
-0.000487267
0.0346208
4.80619e-06
0.0338796
0.000343253
0.0329228
0.000835275
0.0318221
0.001168
0.0304618
0.00170037
0.0289508
0.00200442
0.00266939
0.0357438
-0.00167693
0.0360371
-0.00219425
0.0361724
-0.00209869
0.0362315
-0.00202379
0.0361293
-0.00151249
0.03595
-0.00114248
0.0355991
-0.000493126
0.0351527
-4.08684e-05
0.034524
0.000633457
0.0337745
0.00109278
0.0328101
0.00179965
0.0317045
0.00227362
0.0303415
0.00306331
0.0288303
0.0035157
0.0045095
0.035722
-0.00204363
0.0359953
-0.00246754
0.0361127
-0.00221605
0.0361546
-0.00206573
0.0360366
-0.00139443
0.0358424
-0.000948275
0.0354747
-0.000125467
0.0350211
0.000412721
0.0343772
0.00127736
0.033618
0.00185201
0.0326447
0.00277296
0.031533
0.00338527
0.0301669
0.00442948
0.0286561
0.0050264
0.00634559
0.035693
-0.00238127
0.0359394
-0.00271395
0.0360328
-0.00230948
0.0360517
-0.00208467
0.0359128
-0.00125552
0.0356972
-0.000732631
0.035315
0.000256747
0.0348423
0.000885396
0.0341832
0.00193645
0.0334112
0.00262407
0.0324268
0.00375736
0.0313078
0.00450417
0.0299378
0.00579953
0.0284285
0.00653574
0.00817563
0.0356567
-0.00268261
0.0358694
-0.00292664
0.0359328
-0.00237292
0.0359229
-0.00207475
0.0357584
-0.00109099
0.0355179
-0.000492185
0.0351135
0.000661122
0.03462
0.0013789
0.0339421
0.00261436
0.0331543
0.00341185
0.0321564
0.00475532
0.0310289
0.00563169
0.0296543
0.00717415
0.0281471
0.00804295
0.00999742
0.0356132
-0.00294047
0.0357854
-0.00309885
0.0358129
-0.00240037
0.0357682
-0.0020301
0.0355737
-0.000896457
0.0353028
-0.000221332
0.0348728
0.00109117
0.0343544
0.00189728
0.0336542
0.00331458
0.0328477
0.00421831
0.0318338
0.00576927
0.0306962
0.00676924
0.0293163
0.00855408
0.0278119
0.00954734
0.0118086
0.0355626
-0.00314772
0.0356876
-0.00322388
0.0356731
-0.00238588
0.0355881
-0.00194511
0.035358
-0.000666293
0.0350537
8.29594e-05
0.0345928
0.001552
0.0340456
0.00244455
0.0333197
0.00404043
0.0324916
0.00504646
0.0314592
0.00680167
0.03031
0.00791837
0.028924
0.00994015
0.0274231
0.0110482
0.0136067
0.0355049
-0.0032973
0.0355762
-0.00329512
0.0355138
-0.00232347
0.0353831
-0.0018145
0.0351121
-0.000395273
0.0347702
0.000424928
0.0342741
0.00204802
0.0336939
0.00302479
0.0329392
0.00479517
0.0320862
0.00589943
0.0310329
0.00785497
0.0298706
0.0090807
0.0284775
0.0113333
0.0269807
0.012545
0.0153892
0.0354403
-0.00338224
0.0354512
-0.00330606
0.0353349
-0.00220715
0.0351535
-0.00163313
0.0348369
-7.86455e-05
0.0344516
0.000810226
0.0339171
0.00258255
0.0332999
0.00364201
0.0325131
0.00558197
0.031632
0.00678046
0.0305554
0.00893157
0.0293782
0.0102579
0.0279772
0.0127343
0.0264853
0.0140369
0.0171532
0.0353688
-0.00339567
0.035313
-0.00325029
0.0351371
-0.00203125
0.0348982
-0.00139421
0.0345341
0.000285481
0.0340992
0.00124513
0.0335223
0.00315942
0.032864
0.00430028
0.032042
0.00640397
0.0311296
0.0076929
0.0300273
0.0100338
0.0288334
0.0114518
0.0274235
0.0141442
0.0259373
0.0155231
0.018896
0.0352905
-0.00333082
0.0351617
-0.00312149
0.0349206
-0.00179018
0.0346202
-0.00109376
0.0342011
0.000704574
0.0337135
0.00173273
0.0330903
0.00378264
0.032387
0.00500355
0.0315267
0.00726425
0.0305794
0.00864018
0.0294494
0.0111638
0.0282369
0.0126643
0.0268172
0.0155639
0.0253376
0.0170026
0.020615
0.0352056
-0.00318103
0.0349975
-0.00291346
0.034686
-0.00147869
0.0343183
-0.000726072
0.03384
0.0011829
0.0332952
0.00227758
0.0326218
0.00445605
0.0318696
0.00575575
0.030968
0.00816585
0.0299823
0.00962585
0.0288224
0.0123237
0.0275893
0.0138975
0.0261591
0.0169941
0.0246875
0.0184743
0.0223077
0.0351141
-0.0029398
0.0348207
-0.00262006
0.0344336
-0.00109159
0.0339936
-0.000286102
0.0334517
0.00172487
0.032845
0.0028842
0.0321176
0.00518351
0.0313126
0.00656072
0.0303667
0.00911177
0.0293391
0.0106534
0.0281476
0.0135152
0.0268916
0.0151535
0.0254505
0.0184352
0.0239884
0.0199364
0.0239718
0.0350163
-0.00260072
0.0346318
-0.0022356
0.0341632
-0.000622987
0.0336471
0.000230044
0.0330363
0.00233562
0.0323639
0.00355659
0.0315786
0.00596878
0.0307172
0.00742211
0.029724
0.010105
0.028651
0.0117265
0.0274262
0.01474
0.0261448
0.0164349
0.0246929
0.0198871
0.0232424
0.0213869
0.0256058
0.0349121
-0.00215747
0.034431
-0.00175447
0.0338757
-6.76876e-05
0.0332786
0.000827102
0.0325949
0.00301931
0.0318528
0.00429868
0.0310061
0.00681546
0.0300849
0.00834338
0.0290414
0.0111485
0.0279195
0.0128484
0.0266602
0.0159993
0.0253506
0.0177445
0.0238888
0.0213488
0.0224522
0.0228236
0.0272089
0.0348019
-0.00160407
0.0342179
-0.00117042
0.0335724
0.000577845
0.0328886
0.00151089
0.0321284
0.00377947
0.0313129
0.00511419
0.0304014
0.00772698
0.0294171
0.00932767
0.0283206
0.012245
0.0271469
0.0140221
0.0258516
0.0172945
0.0245108
0.0190853
0.0230414
0.0228182
0.0216214
0.0242437
0.0287823
0.0346859
-0.000934606
0.0339943
-0.000478846
0.0332523
0.0013199
0.0324782
0.00228498
0.0316374
0.00462023
0.0307448
0.00600682
0.029765
0.00870675
0.0287146
0.0103781
0.0275623
0.0133973
0.0263345
0.0152499
0.0250026
0.0186264
0.0236282
0.0204598
0.0221559
0.0242904
0.0207545
0.0256451
0.0303259
0.0345642
-0.000143481
0.0337598
0.000325525
0.0329171
0.00216259
0.0320489
0.00315322
0.0311242
0.00554491
0.0301515
0.00697951
0.0291011
0.00975721
0.0279826
0.0114966
0.0267728
0.0146071
0.0254898
0.0165329
0.0241214
0.0199949
0.0227127
0.0218684
0.0212462
0.0257569
0.0198673
0.027024
0.0318618
0.0344372
0.0335169
0.0325702
0.0316073
0.0305985
0.0295485
0.0284304
0.0272479
0.0259842
0.0246466
0.0232421
0.021792
0.0203412
0.0189879
)
;

boundaryField
{
    inlet
    {
        type            calculated;
        value           nonuniform List<scalar> 
50
(
-0.050451
-0.0529213
-0.0555125
-0.0582306
-0.0610819
-0.0640727
-0.06721
-0.0705008
-0.0739529
-0.0775739
-0.0813723
-0.0853566
-0.089536
-0.0939201
-0.0985188
-0.103343
-0.108403
-0.113711
-0.119278
-0.125119
-0.131245
-0.137671
-0.144412
-0.151483
-0.158901
-0.166681
-0.174843
-0.183404
-0.192384
-0.201804
-0.0353553
-0.0353553
-0.0353553
-0.0353553
-0.0353553
-0.0353553
-0.0353553
-0.0353553
-0.0353553
-0.0353553
-0.0353553
-0.0353553
-0.0353553
-0.0353553
-0.0353553
-0.0353553
-0.0353553
-0.0353553
-0.0353553
-0.0353553
)
;
    }
    outlet
    {
        type            calculated;
        value           nonuniform 0();
    }
    cylinder
    {
        type            calculated;
        value           uniform 0;
    }
    top
    {
        type            symmetryPlane;
        value           uniform 0;
    }
    bottom
    {
        type            symmetryPlane;
        value           nonuniform 0();
    }
    defaultFaces
    {
        type            empty;
        value           nonuniform 0();
    }
    procBoundary2to0
    {
        type            processor;
        value           nonuniform List<scalar> 
26
(
-0.000557404
-0.00119834
-0.00154617
0.0055234
0.000994419
0.0009832
0.000963992
0.000941744
0.000917448
0.000891219
0.00086258
0.000475519
0.00128189
0.0016636
0.0018182
0.00179254
0.00165371
0.00152189
0.00134923
0.00124076
0.00113334
0.00107582
0.00103139
0.00101706
0.00101652
0.00101604
)
;
    }
    procBoundary2to3
    {
        type            processor;
        value           nonuniform List<scalar> 
50
(
-0.000729403
3.55239e-05
-0.00075845
0.000417822
0.000549504
0.00244798
0.00193516
0.00925998
0.00476169
0.0211643
0.0327708
0.0135509
0.0495112
0.018086
0.0640277
0.0208675
0.0750002
0.0820757
0.0234581
0.0622387
0.0648036
0.0673841
0.0700165
0.0727449
0.0755995
0.0785995
0.0817535
0.08506
0.0885194
0.0921349
0.0959118
0.0998554
0.103973
0.108272
-0.0132309
0.113564
0.118262
0.123173
0.128311
0.13369
0.139329
0.145249
0.151473
0.158028
0.164945
0.172262
0.180018
0.188262
0.197052
0.206451
)
;
    }
}


// ************************************************************************* //
