/*--------------------------------*- C++ -*----------------------------------*\
  =========                 |
  \\      /  F ield         | OpenFOAM: The Open Source CFD Toolbox
   \\    /   O peration     | Website:  https://openfoam.org
    \\  /    A nd           | Version:  7
     \\/     M anipulation  |
\*---------------------------------------------------------------------------*/
FoamFile
{
    version     2.0;
    format      ascii;
    class       surfaceScalarField;
    location    "215";
    object      phi;
}
// * * * * * * * * * * * * * * * * * * * * * * * * * * * * * * * * * * * * * //

dimensions      [0 3 -1 0 0 0 0];

internalField   nonuniform List<scalar> 
4136
(
-0.000984831
-0.000401856
-0.00300954
-0.000857958
-0.00107913
-0.000985194
0.000583338
-0.00301022
0.00116706
-0.00552689
0.00143754
-0.00825013
0.00155844
-0.0110866
0.00163613
-0.0140296
0.00171529
-0.0170939
0.00180692
-0.0202969
0.00191259
-0.0236552
0.00203143
0.00216015
-0.0271812
-0.000981268
0.00156461
-0.00300036
0.00318615
-0.00551135
0.00394853
-0.00822952
0.00427661
-0.0110612
0.00446782
-0.0139994
0.0046535
-0.017059
0.00486647
-0.0202574
0.00511097
-0.0236108
0.00538491
0.00568711
-0.0271378
-0.000973061
0.00253767
-0.00297997
0.00519306
-0.00547947
0.00644803
-0.00818746
0.0069846
-0.0110095
0.0072899
-0.0139382
0.00758212
-0.016988
0.00791631
-0.0201765
0.00829949
-0.0235203
0.00872866
0.00920231
-0.0270355
-0.00096059
0.00349826
-0.00294908
0.00718155
-0.00543125
0.00893021
-0.00812393
0.00967728
-0.0109316
0.0100975
-0.0138458
0.0104963
-0.016881
0.0109515
-0.0200546
0.0114731
-0.0233831
0.0120572
0.0127014
-0.0268822
-0.000943879
0.00444214
-0.0029077
0.00914538
-0.0053667
0.0113892
-0.00803895
0.0123495
-0.0108273
0.0128859
-0.0137224
0.0133914
-0.016738
0.0139672
-0.0198917
0.0146267
-0.0231998
0.0153653
0.0161792
-0.0266776
-0.000922962
0.0053651
-0.00285587
0.0110783
-0.00528584
0.0138192
-0.00793252
0.0149962
-0.0106969
0.0156503
-0.0135679
0.0162624
-0.0165592
0.0169585
-0.0196879
0.0177553
-0.0229705
0.018648
0.0196302
-0.0264215
-0.000897883
0.00626298
-0.00279363
0.012974
-0.00518867
0.0162142
-0.00780464
0.0176122
-0.0105402
0.0183858
-0.0133825
0.0191047
-0.0163445
0.0199205
-0.0194433
0.0208541
-0.0226953
0.0219
0.023049
-0.0261141
-0.000868696
0.00713168
-0.00272104
0.0148264
-0.00507524
0.0185684
-0.00765533
0.0201923
-0.0103572
0.0210877
-0.0131661
0.0219136
-0.0160941
0.0228485
-0.019158
0.0239179
-0.0223742
0.0251163
0.0264302
-0.0257554
-0.000835466
0.00796714
-0.00263815
0.0166291
-0.00494556
0.0208758
-0.00748461
0.0227313
-0.0101481
0.0237512
-0.0129189
0.0246843
-0.0158081
0.0257378
-0.0188322
0.026942
-0.0220076
0.0282917
0.0297686
-0.0253459
-0.000798271
0.00876541
-0.00254506
0.0183759
-0.00479969
0.0231305
-0.00729248
0.0252241
-0.00991291
0.0263717
-0.0126409
0.0274123
-0.0154866
0.0285835
-0.0184661
0.0299216
-0.0215959
0.0314215
0.0330588
-0.0248861
-0.000757201
0.00952262
-0.00244186
0.0200605
-0.00463768
0.0253263
-0.00707899
0.0276654
-0.0096516
0.0289443
-0.0123322
0.0300928
-0.0151297
0.031381
-0.01806
0.0328519
-0.0211394
0.0345008
0.0362961
-0.0243766
-0.000712364
0.010235
-0.00232868
0.0216768
-0.00445958
0.0274572
-0.00684415
0.03005
-0.00936426
0.0314644
-0.0119929
0.0327215
-0.0147378
0.0341259
-0.0176142
0.0357283
-0.0206386
0.0375252
0.0394759
-0.0238183
-0.000663883
0.0108989
-0.00220565
0.0232186
-0.00426549
0.029517
-0.00658803
0.0323725
-0.00905095
0.0339273
-0.0116232
0.0352938
-0.0143108
0.0368135
-0.0171288
0.0385463
-0.020094
0.0404904
0.0425941
-0.0232123
-0.0006119
0.0115108
-0.00207294
0.0246796
-0.00405551
0.0314996
-0.00631067
0.0346277
-0.00871175
0.0363284
-0.0112232
0.0378052
-0.0138491
0.0394394
-0.0166041
0.0413014
-0.0195062
0.0433925
0.0456477
-0.0225598
-0.00055658
0.0120673
-0.00193076
0.0260538
-0.00382977
0.0333986
-0.00601214
0.0368101
-0.00834673
0.038663
-0.0107931
0.0402515
-0.0133527
0.041999
-0.0160401
0.0439887
-0.0188754
0.0462277
0.0486348
-0.0218624
-0.000498109
0.0125655
-0.00177936
0.0273351
-0.00358844
0.0352077
-0.00569254
0.0389142
-0.007956
0.0409264
-0.0103329
0.0426285
-0.0128221
0.0444882
-0.0154368
0.0466034
-0.0182014
0.0489924
0.0515556
-0.0211223
-0.000436698
0.0130021
-0.00161902
0.0285174
-0.00333173
0.0369204
-0.00535199
0.0409344
-0.00753963
0.043114
-0.00984297
0.0449318
-0.0122576
0.0469028
-0.0147936
0.0491394
-0.017482
0.0516808
0.0544151
-0.0203414
-0.000372584
0.0133747
-0.00145009
0.0295949
-0.00305988
0.0385302
-0.00499066
0.0428652
-0.00709781
0.0452212
-0.00932346
0.0471575
-0.0116602
0.0492396
-0.0141128
0.051592
-0.0167161
0.054284
0.0572252
-0.0195262
-0.000306031
0.0136808
-0.00127298
0.0305618
-0.00277319
0.0400304
-0.00460873
0.0447007
-0.00663064
0.0472431
-0.00877409
0.0493009
-0.011029
0.0514945
-0.0133913
0.0539543
-0.0158798
0.0567724
0.0600145
-0.0186691
-0.000237339
0.0139181
-0.00108815
0.0314126
-0.002472
0.0414143
-0.00420647
0.0464352
-0.00613856
0.0491752
-0.0081957
0.0513581
-0.0103672
0.0536659
-0.012654
0.0562411
-0.0150187
0.0591372
0.062826
-0.0178303
-0.000166885
0.014085
-0.000896117
0.0321419
-0.00215671
0.0426748
-0.0037842
0.0480627
-0.00562187
0.0510129
-0.00758836
0.0533246
-0.00966771
0.0557453
-0.0118731
0.0584465
-0.0142137
0.0614778
0.065108
-0.0164956
-9.53136e-05
0.0141803
-0.000697315
0.0327439
-0.00182777
0.0438053
-0.00334227
0.0495772
-0.00508073
0.0527513
-0.00695266
0.0551965
-0.00893414
0.0577268
-0.0110346
0.0605469
-0.0132557
0.0636989
0.067442
-0.0155897
-2.49368e-05
0.0142052
-0.000491688
0.0332106
-0.00148577
0.0447994
-0.00288125
0.0509727
-0.00451561
0.0543857
-0.00628966
0.0569705
-0.00817153
0.0596086
-0.0101684
0.0625438
-0.0122978
0.0658283
0.069679
-0.0145348
5.14774e-05
0.0141538
-0.000277586
0.0335397
-0.00113166
0.0456535
-0.0024018
0.0522428
-0.00392719
0.0559111
-0.00560042
0.0586438
-0.00738195
0.0613902
-0.00927622
0.0644381
-0.011301
0.0678531
0.0718025
-0.0134245
0.000126796
0.014027
-4.33952e-05
0.0337099
-0.000767285
0.0463774
-0.00190416
0.0533797
-0.00331612
0.057323
-0.00488547
0.0602131
-0.00656476
0.0630695
-0.0083545
0.0662278
-0.0102702
0.0697688
0.0738135
-0.0122812
0.000196469
0.0138305
0.000157914
0.0337484
-0.000394935
0.0469302
-0.00138882
0.0543736
-0.00268344
0.0586177
-0.00414523
0.0616749
-0.00571958
0.0646438
-0.00740214
0.0679103
-0.00920614
0.0715728
0.0757149
-0.0111075
0.000264082
0.0135664
0.000370015
0.0336425
1.2702e-05
0.0472875
-0.000858054
0.0552443
-0.00202989
0.0597895
-0.00338008
0.0630251
-0.00484685
0.0661106
-0.00641971
0.0694832
-0.00810872
0.0732618
0.0775017
-0.00989553
0.000330752
0.0132357
0.000583544
0.0333897
0.000375929
0.0474951
-0.000318515
0.0559388
-0.00135605
0.060827
-0.00259083
0.0642599
-0.00394727
0.067467
-0.005408
0.0709439
-0.00697924
0.0748331
0.0791676
-0.00864513
0.000394855
0.0128408
0.000797154
0.0329874
0.00076785
0.0475244
0.000237155
0.0564695
-0.000663639
0.0617278
-0.00177847
0.0653747
-0.00302159
0.0687101
-0.00436771
0.07229
-0.00581915
0.0762845
0.0807088
-0.00736037
0.000455612
0.0123852
0.00100912
0.0324339
0.00116366
0.0473699
0.000802351
0.0568308
4.59657e-05
0.0624842
-0.00094385
0.0663645
-0.00207064
0.0698369
-0.00329963
0.073519
-0.00462989
0.0776148
0.0821231
-0.00604414
0.000512163
0.011873
0.00121645
0.0317296
0.00156011
0.0470262
0.00137888
0.057012
0.000774218
0.0630889
-9.15575e-05
0.0672303
-0.00109585
0.0708412
-0.00220475
0.0746279
-0.00341315
0.0788232
0.0834086
-0.0046987
0.000563557
0.0113095
0.00141637
0.0308768
0.00195449
0.0464881
0.00196202
0.0570045
0.00151756
0.0635333
0.00078895
0.0679589
-0.000103866
0.071734
-0.0010852
0.0756093
-0.00216985
0.0799078
0.0845652
-0.00332646
0.000608927
0.0107005
0.00160625
0.0298795
0.00234324
0.0457511
0.00254867
0.056799
0.00227336
0.0638086
0.00168554
0.0685467
0.000922854
0.0724967
4.48784e-05
0.0764872
-0.000896873
0.0808496
0.0856019
-0.0019335
0.000647505
0.010053
0.00178335
0.0287436
0.00272229
0.0448122
0.00313506
0.0563863
0.00303886
0.0639048
0.00259886
0.0689868
0.00196595
0.0731296
0.00122521
0.077228
0.000401517
0.0816733
0.0865369
-0.000533543
0.000678622
0.00937442
0.00194486
0.0274774
0.00308717
0.0436699
0.00371667
0.0557568
0.00381058
0.0638109
0.00352651
0.0692708
0.00302709
0.0736291
0.00240979
0.0778453
0.00170949
0.0823736
0.087314
0.000932426
0.000701727
0.00867269
0.00208785
0.0260913
0.00343293
0.0423248
0.00428819
0.0549015
0.00458415
0.063515
0.00446533
0.0693896
0.00410452
0.0739899
0.00361495
0.0783348
0.00304778
0.0829407
0.0879415
0.00242023
0.000716422
0.00795627
0.00220926
0.0245984
0.0037542
0.0407799
0.00484351
0.0538122
0.00535434
0.0630041
0.0054117
0.0693323
0.00519619
0.0742054
0.00483821
0.0786928
0.00440215
0.0833768
0.0884332
0.0039105
0.000722512
0.00723376
0.00230643
0.0230145
0.0040452
0.0390411
0.0053756
0.0524818
0.0061149
0.0622648
0.00636109
0.0690861
0.00629878
0.0742677
0.00607542
0.0789162
0.00576952
0.0836827
0.0887923
0.0054104
0.000720005
0.00651376
0.00237703
0.0213575
0.00429989
0.0371182
0.00587654
0.0509052
0.00685835
0.061283
0.00730777
0.0686367
0.00740824
0.0741672
0.00732341
0.079001
0.00714825
0.0838578
0.08902
0.00692051
0.000709113
0.00580464
0.00241914
0.0196475
0.00451213
0.0350252
0.00633744
0.0490799
0.00757584
0.0600446
0.00824479
0.0679677
0.00851984
0.0738922
0.00857928
0.0789416
0.00853661
0.0839005
0.089117
0.00843968
0.000690258
0.00511438
0.00243151
0.0179062
0.00467589
0.0327809
0.00674865
0.0470071
0.00825709
0.0585362
0.00916365
0.0670612
0.00962781
0.073428
0.00983947
0.0787299
0.00993218
0.0838078
0.0890832
0.00996596
0.000664073
0.00445031
0.00241368
0.0161566
0.00478565
0.0304089
0.00709983
0.0446929
0.00889026
0.0567457
0.0100541
0.0658973
0.0107248
0.0727573
0.0110993
0.0783554
0.0113318
0.0835753
0.0889176
0.0114974
0.000631386
0.00381892
0.00236613
0.0144219
0.00483684
0.0279382
0.0073804
0.0421494
0.00946201
0.0546641
0.0109038
0.0644556
0.0118016
0.0718594
0.0123527
0.0778044
0.0127314
0.0831967
0.088618
0.013031
0.000593192
0.00322573
0.00229037
0.0127247
0.00482632
0.0254022
0.00757993
0.0393957
0.0099576
0.0522865
0.0116981
0.0627151
0.0128468
0.0707108
0.0135919
0.0770592
0.0141261
0.0826625
0.0881811
0.0145629
0.00055062
0.00267511
0.00218893
0.0110864
0.00475289
0.0228383
0.00768888
0.0364598
0.0103612
0.0496141
0.01242
0.0606564
0.0138459
0.0692848
0.014807
0.0760982
0.0155094
0.0819601
0.0876019
0.0160886
0.000504881
0.00217023
0.00206527
0.00952598
0.00461779
0.0202857
0.00769945
0.0333781
0.0106567
0.0466569
0.01305
0.0582631
0.0147816
0.0675532
0.015985
0.0748948
0.016873
0.0810721
0.0868723
0.0176026
0.000457228
0.001713
0.00192364
0.00805957
0.00442495
0.0177844
0.00760669
0.0301964
0.0108281
0.0434355
0.0135665
0.0555246
0.0156328
0.0654869
0.0171096
0.073418
0.0182058
0.0799759
0.0859802
0.0190979
0.00040891
0.00130409
0.00176885
0.00669963
0.00418108
0.0153722
0.00740958
0.0269679
0.0108614
0.0399836
0.0139468
0.0524393
0.0163751
0.0630586
0.0181602
0.0716329
0.0194934
0.0786427
0.0205652
0.000361136
0.000942956
0.00160598
0.00545479
0.00389536
0.0130828
0.00711207
0.0237512
0.0107462
0.0363495
0.0141673
0.0490182
0.0169802
0.0602457
0.0191112
0.0695019
0.000315047
0.000627909
0.00144018
0.00432966
0.00357886
0.0109441
0.0067237
0.0206063
0.0104774
0.0325958
0.0142064
0.0452891
0.0174173
0.0570348
0.000271687
0.000356222
0.00127634
0.003325
0.00324378
0.0089767
0.0062595
0.0175906
0.0100573
0.028798
0.0140465
0.000231962
0.000124259
0.00111893
0.00243803
0.00290237
0.00719327
0.00573897
0.014754
0.000196582
-7.23232e-05
0.000971636
0.00166298
0.00256598
0.00559893
0.000165978
-0.000238301
0.000837113
0.00099184
0.000140211
-0.000378511
0.000415354
0.000118909
-0.00049742
0.034434
-0.000299411
0.0012207
0.0335182
-0.00100208
0.00191791
0.0325823
-0.00256517
0.00350113
0.0316397
-0.00318922
0.00413174
0.0306606
-0.00507135
0.00605051
0.0296424
-0.00618448
0.00720268
0.028562
-0.0086393
0.00971973
0.0274125
-0.0102527
0.0114022
0.0261853
-0.0132597
0.0144869
0.0248762
-0.0152048
0.0165139
0.0235047
-0.0187122
0.0200838
0.0220783
-0.0206662
0.0220927
0.0206595
-0.0246891
0.0261079
0.0193329
-0.0260286
0.0273552
-0.0310756
0.0325782
0.0345609
0.000495032
0.0337608
-0.000201998
0.0329284
-0.00173277
0.0320795
-0.00234031
0.0311834
-0.00417524
0.0302409
-0.005242
0.0292267
-0.00762513
0.0281397
-0.0091656
0.026965
-0.012085
0.0257089
-0.0139488
0.0243719
-0.0173751
0.0229849
-0.0192793
0.0215464
-0.0232506
0.0201901
-0.0246722
-0.0295546
0.0346827
0.0011677
0.0339948
0.000485912
0.0332627
-0.00100069
0.0325068
-0.00158445
0.0316934
-0.00336179
0.0308291
-0.00437774
0.0298839
-0.00667995
0.0288631
-0.00814477
0.0277441
-0.010966
0.0265415
-0.0127462
0.0252387
-0.0160723
0.0238848
-0.0179255
0.0224365
-0.0218022
0.021056
-0.0232918
-0.0280247
0.0347987
0.00172432
0.0342181
0.00106652
0.033582
-0.000364579
0.0329154
-0.000917887
0.0321812
-0.00262757
0.0313923
-0.0035888
0.0305137
-0.00580132
0.0295572
-0.00718827
0.0284922
-0.00990101
0.0273423
-0.0115963
0.026074
-0.014804
0.024753
-0.0166045
0.0233041
-0.0203534
0.0219038
-0.0218914
-0.0264623
0.0349089
0.00217073
0.0344305
0.00154495
0.0338848
0.000181072
0.0333037
-0.000336712
0.0326447
-0.00196856
0.0319274
-0.0028715
0.0311119
-0.00498582
0.0302167
-0.00629312
0.0292029
-0.00888724
0.0281037
-0.0104971
0.026869
-0.0135694
0.0255786
-0.015314
0.0241346
-0.0189094
0.0227161
-0.020473
-0.0248685
0.0350131
0.00251292
0.0346314
0.00192674
0.0341714
0.000640995
0.0336703
0.000164449
0.033083
-0.0013813
0.0324336
-0.00222213
0.0316778
-0.00422997
0.0308409
-0.00545619
0.0298755
-0.00792184
0.0288238
-0.00944544
0.0276216
-0.0123672
0.0263587
-0.0140511
0.0249222
-0.0174729
0.0234885
-0.0190392
-0.0232425
0.0351112
0.00275711
0.0348202
0.00221773
0.0344412
0.00102001
0.0340151
0.000590458
0.0334953
-0.000861455
0.03291
-0.00163683
0.0322101
-0.0035301
0.031428
-0.00467411
0.030508
-0.00700181
0.0295007
-0.00843816
0.0283297
-0.0111962
0.0270914
-0.0128128
0.0256638
-0.0160452
0.0242171
-0.0175925
-0.0215852
0.0352028
0.00290967
0.0349967
0.00242377
0.034693
0.0013237
0.0343379
0.000945562
0.033881
-0.0004045
0.0333554
-0.00111123
0.0327077
-0.0028824
0.0319768
-0.00394324
0.0310992
-0.00612415
0.0301327
-0.00747174
0.0289914
-0.0100549
0.027775
-0.0115964
0.0263568
-0.014627
0.0248992
-0.0161349
-0.0198983
0.0352879
0.00297711
0.0351607
0.00255093
0.0349272
0.00155719
0.0346375
0.00123529
0.0342392
-6.16807e-06
0.0337692
-0.000641216
0.0331696
-0.00228278
0.0324861
-0.00325974
0.0316477
-0.00528583
0.0307186
-0.00654259
0.0296053
-0.00894153
0.0284085
-0.0103997
0.0269994
-0.0132178
0.0255325
-0.014668
-0.0181841
0.0353664
0.00296606
0.035312
0.00260536
0.0351432
0.00172599
0.0349157
0.00146273
0.0345665
0.00034305
0.0341504
-0.000225107
0.0335949
-0.00172724
0.0329548
-0.00261972
0.0321528
-0.0044838
0.0312574
-0.00564713
0.0301701
-0.00785431
0.0289909
-0.0092204
0.0275903
-0.0118172
0.0261154
-0.0131932
-0.0164453
0.0354381
0.00288327
0.0354502
0.0025933
0.0353404
0.00183577
0.0351681
0.00163499
0.0348681
0.000643052
0.0344969
0.000146118
0.033983
-0.00121336
0.0333824
-0.00201905
0.0326136
-0.00371501
0.0317483
-0.00478185
0.0306851
-0.00679112
0.0295213
-0.0080566
0.0281285
-0.0104245
0.0266468
-0.0117114
-0.0146847
0.035503
0.00273561
0.0355752
0.00252114
0.0355184
0.00189248
0.0353965
0.00175689
0.0351401
0.00089952
0.0348102
0.000475961
0.0343333
-0.000736436
0.033768
-0.00145375
0.0330293
-0.00297632
0.0321908
-0.00394333
0.0311494
-0.0057497
0.0299992
-0.00690643
0.0286134
-0.00903868
0.0271256
-0.0102236
-0.012905
0.0355609
0.00253005
0.0356867
0.00239535
0.0356772
0.00190199
0.0356001
0.00183393
0.0353822
0.00111749
0.0350895
0.000768641
0.0346455
-0.000292472
0.0341113
-0.000919514
0.0333994
-0.00226443
0.0325843
-0.00312826
0.0315624
-0.00472774
0.0304241
-0.00576814
0.0290444
-0.00765898
0.0275513
-0.00873049
-0.0111092
0.0356118
0.00227362
0.0357846
0.00222251
0.0358164
0.0018702
0.0357785
0.00187182
0.0355947
0.00130133
0.035335
0.00102828
0.034918
0.000124556
0.034412
-0.000413481
0.0337233
-0.00157576
0.0329285
-0.00233346
0.0319236
-0.00372286
0.0307956
-0.00464007
0.0294211
-0.00628452
0.0279234
-0.00723284
-0.00929981
0.0356555
0.00197345
0.0358687
0.0020093
0.0359358
0.00180308
0.0359314
0.00187622
0.0357769
0.00145586
0.0355464
0.00125874
0.0351504
0.000520621
0.034669
6.78841e-05
0.0340009
-0.000907635
0.0332229
-0.00155545
0.0322327
-0.0027327
0.0311133
-0.00352069
0.0297433
-0.00491447
0.0282418
-0.00573134
-0.00747958
0.0356921
0.00163674
0.0359389
0.00176245
0.0360354
0.00170664
0.0360587
0.00185284
0.0359283
0.00158627
0.0357212
0.00146589
0.0353478
0.000894045
0.0348788
0.000536787
0.0342321
-0.000260921
0.0334678
-0.000791121
0.0324896
-0.00175455
0.0313773
-0.0024083
0.0300109
-0.00354806
0.0285063
-0.00422673
-0.00565095
0.0357214
0.00127071
0.035995
0.00148876
0.0361148
0.0015869
0.0361602
0.00180743
0.0360487
0.00169772
0.0358603
0.0016543
0.0355022
0.00125214
0.0350518
0.000987187
0.0344105
0.000380386
0.0336637
-4.43037e-05
0.0326942
-0.000784987
0.0315876
-0.00130177
0.030224
-0.00218444
0.0287171
-0.00271987
-0.00381599
0.0357434
0.000882667
0.036037
0.00119511
0.036174
0.00144994
0.0362356
0.00174581
0.036138
0.0017953
0.0359633
0.00182907
0.035617
0.00159837
0.0351787
0.00142558
0.0345525
0.00100659
0.0338016
0.000706505
0.0328443
0.000172397
0.0317439
-0.000201428
0.030382
-0.0008225
0.0288741
-0.00121199
-0.00197736
0.0357581
0.00047991
0.0360648
0.000888362
0.0362129
0.00130183
0.036285
0.0016738
0.0361962
0.00188411
0.0360302
0.00199505
0.0356917
0.00193689
0.035261
0.00185625
0.0346394
0.0016282
0.0339013
0.00144457
0.0329449
0.0011288
0.031843
0.000900477
0.0304849
0.000535642
0.0289742
0.000298617
-0.000140918
0.0357655
0.0360784
0.0362315
0.0363081
0.036223
0.0360609
0.0357257
0.0352984
0.0346802
0.033945
0.032991
0.0318935
0.0305375
0.029029
0.202003
-0.000199191
0.20247
-0.000467364
0.203164
-0.000693708
0.203993
-0.000828707
0.204946
-0.000953266
0.205955
-0.00100884
0.207014
-0.00105889
0.208067
-0.0010532
0.209116
-0.00104892
0.210118
-0.00100173
0.211082
-0.000964697
0.211977
-0.000894993
0.212821
-0.000844105
0.213587
-0.000765869
-0.000712673
0.2143
0.192574
-0.000389148
0.193017
-0.000910312
0.193675
-0.00135158
0.194461
-0.00161478
0.195368
-0.00186067
0.196331
-0.00197134
0.197345
-0.00207328
0.198357
-0.00206472
0.199367
-0.00205978
0.200335
-0.00196885
0.201268
-0.00189833
0.202135
-0.00176196
0.202954
-0.00166316
0.203698
-0.00150931
-0.00140663
0.204392
0.183585
-0.000569996
0.183997
-0.00132316
0.184618
-0.00197251
0.185361
-0.00235712
0.186226
-0.00272567
0.187146
-0.00289141
0.188123
-0.00305044
0.1891
-0.00304221
0.190083
-0.00304273
0.191026
-0.0029116
0.191941
-0.00281284
0.192791
-0.00261237
0.193598
-0.00246967
0.19433
-0.00224148
-0.00209166
0.195015
0.175015
-0.000742083
0.175395
-0.00170331
0.175978
-0.0025553
0.176675
-0.00305417
0.177498
-0.00354878
0.178377
-0.00377045
0.179321
-0.00399431
0.180269
-0.00399086
0.181232
-0.00400509
0.182158
-0.00383802
0.183063
-0.00371756
0.183906
-0.00345547
0.18471
-0.00327327
0.185439
-0.00297134
-0.0027775
0.186125
0.166845
-0.000905741
0.16719
-0.00204826
0.167733
-0.00309891
0.168383
-0.00370395
0.169164
-0.00432951
0.170002
-0.0046083
0.170914
-0.00490696
0.171837
-0.00491367
0.172784
-0.00495188
0.1737
-0.00475382
0.174602
-0.00461955
0.175445
-0.0042984
0.176253
-0.00408185
0.176988
-0.00370631
-0.00347182
0.177683
0.159056
-0.00106118
0.159364
-0.00235555
0.159867
-0.00360242
0.160467
-0.00430408
0.161204
-0.0050665
0.161999
-0.00540355
0.162881
-0.00578875
0.163779
-0.00581177
0.164714
-0.0058861
0.165622
-0.00566275
0.166527
-0.005524
0.167375
-0.00514662
0.168195
-0.00490172
0.168941
-0.00445241
-0.00418102
0.16965
0.151631
-0.00120836
0.151898
-0.00262305
0.152361
-0.00406527
0.152909
-0.00485169
0.1536
-0.00575764
0.15435
-0.00615369
0.1552
-0.00663866
0.156073
-0.00668463
0.156996
-0.00680902
0.1579
-0.00656685
0.15881
-0.00643451
0.159668
-0.00600416
0.160504
-0.00573795
0.161266
-0.00521455
-0.00491057
0.161996
0.144551
-0.0013469
0.144777
-0.00284922
0.145199
-0.00448711
0.145691
-0.00534355
0.146334
-0.00640046
0.147035
-0.00685537
0.147851
-0.00745443
0.148697
-0.00753022
0.149608
-0.00772034
0.150508
-0.00746658
0.151427
-0.00735327
0.152296
-0.00687379
0.153153
-0.00659455
0.153935
-0.00599681
-0.00566531
0.15469
0.137801
-0.00147595
0.137985
-0.00303353
0.138365
-0.00486771
0.138798
-0.00577633
0.13939
-0.00699236
0.140039
-0.0075046
0.140818
-0.00823286
0.141633
-0.00834529
0.142531
-0.00861839
0.143425
-0.00836101
0.144353
-0.0082812
0.145237
-0.00775716
0.146117
-0.00747467
0.146922
-0.0068025
-0.00644952
0.147707
0.131363
-0.00159421
0.131507
-0.00317675
0.131846
-0.00520663
0.132216
-0.00614709
0.132755
-0.00753086
0.133347
-0.00809698
0.134084
-0.00897001
0.134865
-0.0091255
0.135746
-0.00950023
0.136633
-0.00924789
0.13757
-0.00921799
0.138468
-0.00865483
0.139374
-0.00838059
0.140205
-0.00763432
-0.00726711
0.141023
0.125225
-0.00169995
0.125329
-0.00328105
0.125625
-0.00550291
0.125932
-0.00645379
0.126415
-0.00801365
0.126946
-0.00862795
0.127637
-0.00966152
0.128377
-0.00986561
0.129239
-0.0103619
0.130115
-0.0101237
0.131059
-0.0101622
0.13197
-0.00956635
0.132904
-0.00931385
0.133764
-0.00849434
-0.0081216
0.134618
0.11937
-0.00179124
0.119439
-0.00334992
0.119691
-0.00575497
0.119933
-0.00669581
0.120358
-0.00843854
0.120823
-0.00909313
0.121464
-0.0103028
0.122158
-0.0105597
0.122995
-0.0111983
0.123855
-0.0109838
0.124804
-0.0111114
0.125728
-0.0104902
0.126689
-0.0102751
0.127579
-0.00938402
-0.00901617
0.128473
0.113786
-0.00186621
0.113824
-0.00338787
0.114029
-0.00596057
0.114208
-0.00687434
0.114573
-0.00880335
0.114968
-0.00948879
0.115555
-0.0108892
0.116196
-0.0112013
0.117002
-0.0120038
0.11784
-0.0118226
0.118791
-0.0120617
0.119724
-0.0114238
0.120714
-0.0112644
0.121634
-0.0103042
-0.00995365
0.122571
0.10846
-0.00192331
0.108472
-0.00339986
0.108629
-0.00611718
0.108747
-0.00699246
0.109049
-0.00910565
0.109373
-0.00981239
0.109899
-0.0114159
0.110482
-0.0117838
0.11125
-0.012772
0.112061
-0.0126333
0.113007
-0.0130085
0.113947
-0.0123634
0.114963
-0.0122804
0.115914
-0.011255
-0.0109365
0.116897
0.103381
-0.00196165
0.103372
-0.00339075
0.103477
-0.00622255
0.10354
-0.00705484
0.103777
-0.00934277
0.104027
-0.010063
0.10449
-0.0118782
0.105007
-0.0123009
0.105731
-0.0134961
0.106506
-0.0134083
0.107443
-0.0139458
0.108384
-0.0133043
0.109425
-0.0133213
0.110406
-0.0122358
-0.0119665
0.111436
0.0985383
-0.00198111
0.0985123
-0.00336477
0.0985651
-0.00627535
0.0985774
-0.00706711
0.0987466
-0.00951197
0.0989252
-0.0102417
0.0993179
-0.0122709
0.0997641
-0.0127471
0.100437
-0.0141689
0.101168
-0.0141393
0.102089
-0.0148668
0.103025
-0.0142406
0.104088
-0.0143839
0.105097
-0.0132451
-0.0130451
0.106176
0.0939214
-0.00198243
0.0938818
-0.00332517
0.0938822
-0.00627572
0.0938503
-0.0070352
0.0939492
-0.00961094
0.0940587
-0.0103512
0.0943765
-0.0125887
0.0947477
-0.0131183
0.0953613
-0.0147826
0.0960397
-0.0148177
0.0969367
-0.0157638
0.0978611
-0.015165
0.098941
-0.0154638
0.0999765
-0.0142807
-0.0141728
0.101104
0.0895207
-0.00196713
0.0894696
-0.00327405
0.0894194
-0.00622554
0.0893488
-0.0069646
0.0893764
-0.00963851
0.0894208
-0.0103956
0.0896582
-0.0128261
0.0899521
-0.0134122
0.0904982
-0.0153287
0.0911153
-0.0154348
0.0919796
-0.0166281
0.0928837
-0.0160691
0.0939754
-0.0165555
0.0950338
-0.015339
-0.0153494
0.0962103
0.0853268
-0.00193738
0.0852652
-0.00321247
0.0851681
-0.00612842
0.0850634
-0.00685988
0.08502
-0.00959515
0.085004
-0.0103796
0.0851564
-0.0129785
0.0853726
-0.0136284
0.085842
-0.015798
0.0863901
-0.015983
0.0872121
-0.01745
0.0880861
-0.0169431
0.0891831
-0.0176525
0.0902597
-0.0164156
-0.0165736
0.0914839
0.0813305
-0.00189567
0.0812586
-0.00314055
0.0811197
-0.00598947
0.0809843
-0.00672447
0.0808725
-0.00948342
0.0808008
-0.0103078
0.0808647
-0.0130425
0.0810045
-0.0137682
0.0813874
-0.0161808
0.0818604
-0.016456
0.0826288
-0.0182185
0.0834623
-0.0177766
0.0845572
-0.0187473
0.085646
-0.0175044
-0.0178433
0.0869157
0.0775228
-0.00184459
0.0774403
-0.00305797
0.0772655
-0.00581475
0.0771018
-0.00656077
0.0769264
-0.00930802
0.0768028
-0.0101842
0.0767772
-0.0130168
0.0768429
-0.0138339
0.0771297
-0.0164676
0.0775232
-0.0168496
0.0782252
-0.0189204
0.0790075
-0.0185589
0.0800916
-0.0198315
0.081185
-0.0185978
-0.0191557
0.0824974
0.0738948
-0.00178653
0.0738013
-0.00296443
0.0735971
-0.00561065
0.0734067
-0.00637031
0.0731742
-0.00907551
0.0730018
-0.0100119
0.0728882
-0.0129032
0.0728823
-0.013828
0.0730646
-0.0166499
0.0733765
-0.0171615
0.0739969
-0.0195408
0.0747183
-0.0192803
0.0757817
-0.020895
0.0768702
-0.0196863
-0.0205073
0.0782219
0.0704378
-0.00172346
0.0703333
-0.00285992
0.0701059
-0.00538329
0.0698899
-0.00615427
0.0696081
-0.00879378
0.0693892
-0.00979291
0.0691922
-0.0127063
0.0691166
-0.0137523
0.0691888
-0.0167221
0.0694182
-0.0173909
0.0699403
-0.020063
0.0705929
-0.0199328
0.0716228
-0.0219249
0.0726962
-0.0207597
-0.0218952
0.0740842
0.0671433
-0.00165686
0.0670284
-0.00274501
0.0667833
-0.00513813
0.0665431
-0.00591413
0.0662204
-0.008471
0.0659565
-0.00952903
0.0656837
-0.0124335
0.0655393
-0.0136079
0.0654996
-0.0166825
0.065646
-0.0175372
0.0660532
-0.0204702
0.0666317
-0.0205114
0.0676106
-0.0229038
0.0686576
-0.0218068
-0.0233201
0.0700825
0.0640035
-0.00158768
0.0638793
-0.00262081
0.0636209
-0.00487973
0.0633588
-0.00565208
0.0630028
-0.00811492
0.062696
-0.00922228
0.0623566
-0.0120941
0.0621436
-0.0133949
0.0619954
-0.0165343
0.0620568
-0.0175985
0.0623351
-0.0207485
0.0628373
-0.0210136
0.0637414
-0.0238079
0.0647491
-0.0228144
-0.0247893
0.0662183
0.0610107
-0.00151653
0.0608788
-0.00248888
0.0606107
-0.0046117
0.0603297
-0.00537108
0.0599472
-0.00773232
0.0596008
-0.0088759
0.0592044
-0.0116978
0.0589237
-0.0131142
0.0586744
-0.016285
0.0586471
-0.0175712
0.0587877
-0.0208891
0.0592127
-0.0214385
0.0600145
-0.0246097
0.0609698
-0.0237697
-0.0263105
0.062491
0.0581579
-0.0014438
0.05802
-0.002351
0.0577453
-0.00433698
0.057449
-0.00507473
0.0570457
-0.00732907
0.0566645
-0.00849465
0.0562202
-0.0112536
0.0558745
-0.0127684
0.0555343
-0.0159447
0.0554138
-0.0174507
0.0554141
-0.0208894
0.0557565
-0.0217809
0.0564306
-0.0252838
0.0573334
-0.0246725
-0.0278644
0.0588872
0.0554386
-0.00136987
0.0552965
-0.00220893
0.0550178
-0.00405823
0.05471
-0.00476698
0.0542914
-0.0069105
0.0538813
-0.00808448
0.0533977
-0.01077
0.0529922
-0.0123629
0.0525721
-0.0155246
0.0523553
-0.0172339
0.0522175
-0.0207517
0.0524588
-0.0220222
0.0529771
-0.0258022
0.0538666
-0.0255619
-0.0293818
0.055384
0.0528466
-0.00129518
0.0527021
-0.00206443
0.0524219
-0.00377806
0.0521069
-0.00445193
0.0516782
-0.0064818
0.0512459
-0.00765223
0.0507311
-0.0102552
0.0502736
-0.0119054
0.0497835
-0.0150345
0.0494708
-0.0169212
0.0491985
-0.0204794
0.0493094
-0.022133
0.0496111
-0.0261039
0.0505551
-0.0265059
-0.030842
0.0520154
0.0503765
0.05023
0.049953
0.0496329
0.0492016
0.048752
0.0482165
0.0477133
0.0471656
0.0467583
0.0463626
0.0463223
0.0463262
0.0471754
0.0489116
0.212784
0.00151614
0.211331
0.0014526
0.209952
0.00137957
0.208648
0.00130393
0.207422
0.0012258
0.206277
0.00114531
0.205214
0.00106257
0.204236
0.000977695
0.203346
0.000890814
0.202544
0.000802049
0.201832
0.000711531
0.201213
0.000619394
0.200687
0.000525777
0.200256
0.00043082
0.199921
0.000334671
0.199684
0.000237476
0.199544
0.0001394
0.199504
4.06522e-05
0.199563
-5.88937e-05
-0.000158808
0.199722
0.202943
0.00296525
0.201555
0.00284039
0.200237
0.00269695
0.198993
0.00254842
0.197824
0.00239504
0.196732
0.00223707
0.19572
0.00207474
0.194789
0.00190829
0.193942
0.00173796
0.19318
0.00156398
0.192505
0.00138662
0.191918
0.00120614
0.191421
0.00102281
0.191015
0.000836904
0.190701
0.000648713
0.19048
0.000458523
0.190353
0.000266632
0.19032
7.33913e-05
0.190382
-0.000121162
-0.00031642
0.19054
0.193633
0.00434733
0.192309
0.00416377
0.191054
0.00395245
0.189869
0.00373364
0.188756
0.00350778
0.187718
0.00327528
0.186756
0.00303646
0.185872
0.00279166
0.185069
0.00254122
0.184348
0.0022855
0.183709
0.00202487
0.183156
0.00175973
0.182688
0.00149047
0.182308
0.00121749
0.182015
0.000941212
0.181812
0.000662052
0.181698
0.000380455
0.181674
9.69775e-05
0.181742
-0.000188503
-0.000474932
0.1819
0.184809
0.00566318
0.183549
0.00542376
0.182355
0.00514707
0.181228
0.00486057
0.180171
0.00456496
0.179185
0.00426079
0.178273
0.00394848
0.177436
0.00362843
0.176677
0.00330109
0.175995
0.00296694
0.175394
0.00262646
0.174873
0.00228016
0.174435
0.00192855
0.17408
0.00157215
0.17381
0.00121151
0.173625
0.000847156
0.173526
0.000479675
0.173513
0.000109813
0.173587
-0.000262698
-0.000636346
0.173749
0.176432
0.00691361
0.175235
0.00662133
0.1741
0.00628174
0.17303
0.00593007
0.172028
0.00556735
0.171095
0.00519429
0.170232
0.00481137
0.169441
0.00441909
0.168724
0.00401796
0.168083
0.00360856
0.167517
0.0031915
0.16703
0.00276739
0.166622
0.00233685
0.166294
0.00190052
0.166046
0.00145905
0.16588
0.0010131
0.165796
0.000563384
0.165795
0.000110887
0.165878
-0.000345045
-0.000802209
0.166044
0.168465
0.00809935
0.167329
0.00775731
0.166253
0.00735728
0.16524
0.00694293
0.164292
0.00651568
0.16341
0.00607644
0.162595
0.00562575
0.16185
0.00516414
0.161176
0.00469222
0.160574
0.00421067
0.160045
0.00372019
0.159591
0.0032215
0.159213
0.00271533
0.158911
0.00220242
0.158686
0.00168352
0.15854
0.00115942
0.158472
0.000630938
0.158484
9.94046e-05
0.158575
-0.00043656
-0.000973707
0.158747
0.160874
0.00922096
0.159799
0.00883233
0.158782
0.00837432
0.157825
0.00789975
0.15693
0.00741053
0.156099
0.00690778
0.155333
0.00639209
0.154633
0.00586402
0.154001
0.00532425
0.153438
0.00477354
0.152945
0.00421272
0.152524
0.00364258
0.152176
0.00306396
0.1519
0.0024777
0.151699
0.00188466
0.151573
0.00128572
0.151522
0.000681834
0.151547
7.48093e-05
0.151648
-0.000538078
-0.00115185
0.151826
0.153632
0.0102788
0.152617
0.00984678
0.151659
0.00933328
0.150757
0.00880096
0.149915
0.00825233
0.149135
0.00768872
0.148416
0.00711078
0.147761
0.00651906
0.147171
0.00591431
0.146647
0.0052974
0.14619
0.00466922
0.145802
0.00403069
0.145484
0.00338272
0.145235
0.00272624
0.145057
0.00206221
0.144952
0.00139162
0.144918
0.000715545
0.144956
3.68893e-05
0.145068
-0.000650243
-0.0013373
0.145253
0.146712
0.0112731
0.145758
0.0108008
0.144857
0.0102343
0.144011
0.00964681
0.143222
0.00904132
0.142492
0.00841951
0.14182
0.00778202
0.14121
0.00712945
0.140662
0.00646258
0.140177
0.00578238
0.139756
0.00508982
0.139401
0.0043859
0.139112
0.00367163
0.13889
0.00294801
0.138736
0.00221611
0.138651
0.001477
0.138635
0.00073188
0.138687
-1.55578e-05
0.13881
-0.000773601
-0.00153084
0.139004
0.140092
0.0122036
0.139199
0.0116943
0.138356
0.0110775
0.137565
0.0104373
0.136829
0.00977757
0.136148
0.00910021
0.135525
0.00840591
0.134959
0.00769526
0.134452
0.00696912
0.134006
0.00622851
0.133621
0.00547451
0.133299
0.00470818
0.13304
0.00393062
0.132845
0.00314292
0.132715
0.00234624
0.13265
0.00154175
0.132651
0.000730796
0.13272
-8.44428e-05
0.132855
-0.000908267
-0.00173266
0.133057
0.133751
0.0130703
0.132919
0.0125269
0.132134
0.0118624
0.131399
0.0111723
0.130716
0.010461
0.130085
0.00973071
0.129509
0.00898233
0.128988
0.00821641
0.128523
0.00743383
0.128116
0.0066357
0.127767
0.00582316
0.127478
0.00499737
0.127249
0.00415949
0.127081
0.0033107
0.126975
0.00245223
0.126932
0.00158536
0.126951
0.000711603
0.127034
-0.000167793
0.127181
-0.00105505
-0.00194352
0.127392
0.127671
0.0138726
0.1269
0.013298
0.126174
0.0125885
0.125495
0.0118513
0.124864
0.0110912
0.124284
0.0103108
0.123756
0.00951105
0.123279
0.00869266
0.122857
0.0078565
0.122489
0.00700373
0.122176
0.00613558
0.12192
0.00525326
0.121722
0.00435802
0.121581
0.00345111
0.1215
0.00253385
0.121478
0.00160762
0.121515
0.000674149
0.121614
-0.000266396
0.121773
-0.00121429
-0.00216382
0.121993
0.121834
0.0146099
0.121125
0.0140067
0.120459
0.0132551
0.119836
0.0124738
0.11926
0.0116677
0.11873
0.0108399
0.11825
0.00999166
0.117819
0.00912363
0.117438
0.00823679
0.11711
0.0073323
0.116834
0.00641146
0.116612
0.00547556
0.116444
0.00452591
0.116331
0.00356386
0.116274
0.0025908
0.116274
0.00160822
0.11633
0.000618131
0.116444
-0.000380727
0.116616
-0.00138637
-0.00239401
0.116846
0.116225
0.0152813
0.11558
0.0146518
0.114974
0.0138613
0.114409
0.0130392
0.113886
0.01219
0.113409
0.0113176
0.112977
0.0104236
0.112592
0.00950884
0.112254
0.00857423
0.111965
0.00762098
0.111726
0.0066504
0.111538
0.00566386
0.111401
0.00466278
0.111317
0.00364856
0.111285
0.00262269
0.111306
0.00158676
0.111381
0.000543236
0.111512
-0.000511268
0.111697
-0.00157176
-0.00263455
0.111938
0.110831
0.0158859
0.110251
0.0152322
0.109706
0.014406
0.109199
0.0135464
0.108732
0.0126573
0.108306
0.0117431
0.107924
0.0108062
0.107585
0.00984762
0.107291
0.00886823
0.107043
0.00786919
0.106841
0.00685185
0.106688
0.00581767
0.106582
0.00476812
0.106526
0.00370473
0.10652
0.00262905
0.106564
0.0015428
0.106658
0.000449161
0.106805
-0.000658534
0.107004
-0.00177098
-0.00288598
0.107256
0.105639
0.0164225
0.105125
0.0157464
0.104643
0.0148879
0.104195
0.0139944
0.103784
0.0130686
0.103411
0.0121156
0.103079
0.0111386
0.102787
0.0101392
0.102537
0.00911809
0.10233
0.00807629
0.102167
0.00701519
0.102048
0.00593635
0.101975
0.00484135
0.101948
0.0037318
0.101968
0.00260932
0.102035
0.00147579
0.102148
0.000335621
0.102313
-0.000823146
0.102527
-0.00198461
-0.00314884
0.102789
0.100637
0.0168899
0.10019
0.0161928
0.0997728
0.0153056
0.099385
0.0143822
0.0990307
0.0134229
0.0987124
0.0124339
0.0984312
0.0114199
0.0981876
0.0103827
0.0979827
0.00932299
0.0978175
0.00824151
0.097693
0.00713968
0.0976102
0.00601918
0.0975698
0.00488173
0.0975726
0.00372902
0.0976191
0.00256283
0.0977096
0.00138531
0.0978427
0.000202482
0.0980257
-0.0010061
0.0982546
-0.00221354
-0.00342377
0.0985295
0.0958135
0.0172867
0.0954366
0.0165697
0.0950845
0.0156577
0.0947582
0.0147085
0.0944621
0.013719
0.0941991
0.0126969
0.0939701
0.0116489
0.0937757
0.0105772
0.0936166
0.00948203
0.0934941
0.00836399
0.0934093
0.00722452
0.093363
0.00606544
0.0933562
0.00488854
0.0933897
0.00369555
0.0934643
0.00248819
0.0935806
0.00126906
0.0937317
5.13981e-05
0.0939338
-0.00120824
0.094178
-0.00245774
-0.00371128
0.0944655
0.091159
0.0176116
0.0908532
0.0168755
0.0905681
0.0159427
0.0903046
0.014972
0.090068
0.0139555
0.0898616
0.0129033
0.0896861
0.0118244
0.0895418
0.0107215
0.0894296
0.00959418
0.0893509
0.00844279
0.0893065
0.00726883
0.0892976
0.00607439
0.0893247
0.0048614
0.0893886
0.00363168
0.0894896
0.0023872
0.0896279
0.00113076
0.0898113
-0.000131965
0.090031
-0.00142801
0.0902915
-0.00271824
-0.00401206
0.0905923
0.0866641
0.0178632
0.0864309
0.0171087
0.0862141
0.0161595
0.0860147
0.0151714
0.0858391
0.0141312
0.0856907
0.0130517
0.0855699
0.0119451
0.085477
0.0108144
0.0854129
0.0096583
0.0853789
0.00847673
0.0853763
0.00727148
0.0854058
0.00604488
0.0854682
0.00479896
0.0855643
0.00353559
0.0856946
0.00225687
0.085859
0.000966356
0.0860655
-0.000338401
0.0863054
-0.00166797
0.0865825
-0.00299526
-0.00432651
0.0868969
0.0823203
0.0180402
0.082161
0.017268
0.0820137
0.0163069
0.0818797
0.0153054
0.0817665
0.0142444
0.0816776
0.0131406
0.081613
0.0120098
0.0815726
0.0108548
0.0815578
0.00967313
0.08157
0.00846454
0.0816103
0.00723119
0.0816795
0.00597566
0.0817784
0.00470004
0.0819077
0.00340626
0.082068
0.00209662
0.0822584
0.000775956
0.0824879
-0.000567924
0.0827493
-0.00192938
0.0830446
-0.00329056
-0.00465593
0.083374
0.0781207
0.0181414
0.0780361
0.0173526
0.0779589
0.0163841
0.0778914
0.0153729
0.0778423
0.0142935
0.0778144
0.0131684
0.0778072
0.0120171
0.0778206
0.0108413
0.0778564
0.00963734
0.0779161
0.00840488
0.0780006
0.00714667
0.0781107
0.00586553
0.0782472
0.00456354
0.0784108
0.00324267
0.078602
0.00190542
0.0788189
0.000559066
0.0790733
-0.000822307
0.0793571
-0.00221316
0.0796713
-0.00360476
-0.00500097
0.0800163
0.0740597
0.0181658
0.07405
0.0173624
0.0740428
0.0163912
0.0740429
0.0153728
0.0740594
0.014277
0.0740939
0.0131339
0.0741451
0.0119659
0.0742136
0.0107728
0.0743013
0.00954959
0.0744098
0.00829638
0.0745399
0.00701661
0.0746923
0.00571314
0.0748678
0.00438803
0.0750671
0.00304339
0.0752896
0.00168283
0.0755331
0.000315561
0.0758148
-0.00110392
0.0761221
-0.0025205
0.076456
-0.00393867
-0.00536245
0.0768175
0.0701346
0.0181137
0.070198
0.017299
0.0702601
0.0163292
0.0703285
0.0153044
0.0704119
0.0141936
0.0705097
0.013036
0.0706202
0.0118554
0.0707449
0.0106482
0.0708859
0.0094085
0.0710446
0.00813771
0.0712214
0.00683981
0.0714172
0.00551738
0.071633
0.00417217
0.0718706
0.00280581
0.0721305
0.00142297
0.0723955
5.0514e-05
0.0727064
-0.0014148
0.073037
-0.00285105
0.0733914
-0.00429311
-0.00574178
0.0737707
0.0663447
0.0179872
0.0664774
0.0171662
0.0666068
0.0161998
0.0667439
0.0151673
0.0668949
0.0140426
0.0670563
0.0128746
0.0672267
0.0116851
0.0674087
0.0104662
0.0676045
0.00921269
0.0678146
0.00792755
0.0680394
0.00661502
0.0682794
0.00527736
0.0685351
0.0039165
0.0688058
0.0025351
0.0690902
0.00113861
0.069416
-0.00027531
0.0697484
-0.0017472
0.0701033
-0.00320595
0.070479
-0.00466879
-0.00613843
0.0708756
0.0626887
0.0177896
0.0628857
0.0169693
0.0630799
0.0160056
0.0632857
0.0149614
0.0635042
0.0138241
0.0637286
0.0126502
0.0639591
0.0114545
0.0641995
0.0102258
0.0644513
0.00896092
0.0647143
0.00766461
0.0649887
0.00634062
0.0652751
0.00499088
0.0655742
0.00361743
0.0658859
0.00222344
0.0662074
0.000817087
0.0665627
-0.000630644
0.0669273
-0.00211181
0.0673079
-0.00358648
0.067706
-0.00506695
-0.00655507
0.0681227
0.0591578
0.0175189
0.0594166
0.0167105
0.0596751
0.0157471
0.0599504
0.0146861
0.0602352
0.0135394
0.0605213
0.0123641
0.0608122
0.0111636
0.061112
0.00992604
0.0614206
0.00865229
0.0617376
0.00734764
0.0620634
0.00601478
0.0623987
0.00465562
0.0627436
0.00327252
0.0630962
0.00187084
0.0634526
0.000460656
0.0638446
-0.00102263
0.064243
-0.00251018
0.064653
-0.00399646
0.0650771
-0.00549113
-0.00699444
0.0655165
0.0557358
0.0171672
0.0560567
0.0163896
0.0563841
0.0154198
0.0567321
0.014338
0.0570821
0.0131894
0.0574296
0.0120166
0.0577819
0.0108113
0.0581416
0.00956635
0.0585076
0.00828625
0.0588797
0.0069755
0.0592586
0.00563588
0.0596448
0.00426941
0.0600394
0.00287796
0.0604425
0.00146773
0.0608313
7.18913e-05
0.0612654
-0.00145673
0.061699
-0.00294379
0.0621416
-0.00443911
0.0625955
-0.00594505
-0.00745953
0.0630606
0.0524225
0.01676
0.0527921
0.01602
0.0531953
0.0150165
0.0536163
0.013917
0.0540305
0.0127753
0.0544425
0.0116046
0.0548595
0.0103943
0.0552818
0.00914402
0.0557088
0.00785929
0.0561409
0.00654339
0.0565784
0.00519837
0.0570209
0.00382691
0.0574649
0.00243402
0.0579026
0.00102997
0.0583786
-0.000404102
0.0588432
-0.0019213
0.0593142
-0.00341475
0.0597903
-0.00491529
0.0602713
-0.00642598
-0.00794554
0.0607573
0.049176
0.0496064
0.0500881
0.0505806
0.0510746
0.0515717
0.0520704
0.0525693
0.0530682
0.0535675
0.0540671
0.0545676
0.0550681
0.0555645
0.0560929
0.0565918
0.0570875
0.0575826
0.0580772
0.0585713
0.19998
-0.000258934
0.20034
-0.000359165
0.200799
-0.000459345
0.201358
-0.000559309
0.202017
-0.000658889
0.202775
-0.000757925
0.203631
-0.000856247
0.204585
-0.000953692
-0.00105009
0.190793
-0.000512124
0.191142
-0.000708007
0.191586
-0.000903752
0.192126
-0.00109904
0.192761
-0.00129356
0.19349
-0.00148698
0.194313
-0.00167898
0.195228
-0.00186924
-0.00205745
0.18215
-0.00076197
0.182491
-0.00104923
0.182924
-0.00133627
0.183447
-0.00162261
0.184061
-0.00190779
0.184766
-0.00219135
0.18556
-0.00247281
0.186442
-0.00275172
-0.0030276
0.173997
-0.00101077
0.174334
-0.00138545
0.174757
-0.00175982
0.175268
-0.00213326
0.175865
-0.00250517
0.176549
-0.00287495
0.177318
-0.003242
0.178172
-0.00360572
-0.0039655
0.166293
-0.00126029
0.166626
-0.00171867
0.167043
-0.00217664
0.167543
-0.00263347
0.168127
-0.00308843
0.168792
-0.0035408
0.16954
-0.00398982
0.170369
-0.00443479
-0.00487497
0.158998
-0.00151191
0.15933
-0.00205046
0.159742
-0.00258853
0.160234
-0.00312526
0.160805
-0.0036598
0.161456
-0.00419131
0.162185
-0.00471893
0.162992
-0.0052418
-0.0057591
0.152081
-0.00176679
0.152413
-0.00238212
0.152821
-0.00299692
0.153306
-0.00361021
0.153867
-0.00422103
0.154504
-0.00482842
0.155217
-0.00543141
0.156004
-0.00602903
-0.00662034
0.145512
-0.00202572
0.145845
-0.00271463
0.146251
-0.00340296
0.14673
-0.00408962
0.147283
-0.00477356
0.147908
-0.0054537
0.148606
-0.00612897
0.149375
-0.0067983
-0.00746064
0.139268
-0.00228958
0.139602
-0.00304886
0.140007
-0.00380755
0.140482
-0.00456447
0.141026
-0.00531845
0.141641
-0.00606831
0.142325
-0.00681287
0.143078
-0.00755098
-0.00828147
0.133326
-0.00255867
0.133662
-0.00338532
0.134066
-0.00421138
0.134537
-0.00503556
0.135075
-0.0058566
0.13568
-0.00667323
0.136352
-0.00748418
0.137089
-0.00828819
-0.009084
0.127667
-0.00283376
0.128006
-0.00372476
0.12841
-0.00461517
0.128878
-0.00550363
0.12941
-0.00638879
0.130006
-0.00726928
0.130666
-0.00814374
0.131389
-0.00901082
0.122275
-0.00311531
0.122618
-0.00406766
0.123022
-0.00501947
0.123488
-0.00596928
0.124014
-0.00691564
0.124602
-0.00785711
0.125251
-0.00879223
-0.00971957
0.117135
-0.00340376
0.117481
-0.00441452
0.117887
-0.0054248
0.118351
-0.00643305
0.118873
-0.00743773
0.119453
-0.00843731
0.120091
-0.00943027
-0.0104151
0.112233
-0.00369962
0.112585
-0.00476585
0.112992
-0.00583168
0.113454
-0.00689546
0.113972
-0.00795559
0.114545
-0.00901043
0.115173
-0.0100584
-0.0110978
0.107559
-0.00400341
0.107916
-0.00512217
0.108325
-0.00624063
0.108786
-0.00735705
0.1093
-0.00846974
0.109867
-0.00957698
0.110486
-0.0106771
-0.0117683
0.103102
-0.00431567
0.103464
-0.00548404
0.103875
-0.00665222
0.104337
-0.00781839
0.104848
-0.00898074
0.105408
-0.0101375
0.106018
-0.0112869
-0.0124271
0.0988508
-0.00463695
0.0992188
-0.00585198
0.0996335
-0.00706697
0.100095
-0.00827996
0.100603
-0.0094891
0.101158
-0.0106925
0.10176
-0.0118883
-0.0130747
0.0947967
-0.00496813
0.0951716
-0.00622689
0.0955903
-0.00748566
0.0960529
-0.00874252
0.0965593
-0.0099955
0.0971094
-0.0112426
0.097703
-0.012482
-0.0137115
0.0909334
-0.00530924
0.0913152
-0.0066087
0.091738
-0.00790843
0.0922018
-0.0092063
0.0927065
-0.0105003
0.0932522
-0.0117883
0.0938385
-0.0130683
-0.0143382
0.087249
-0.00566131
0.0876389
-0.0069986
0.0880668
-0.00833631
0.0885327
-0.00967225
0.0890367
-0.0110043
0.0895786
-0.0123302
0.0901583
-0.0136479
-0.0149553
0.0837379
-0.00602518
0.0841366
-0.00739724
0.0845702
-0.00876992
0.0850389
-0.0101409
0.0855427
-0.0115081
0.0860815
-0.0128691
0.0866553
-0.0142217
-0.0155637
0.0803927
-0.00640156
0.0808008
-0.00780533
0.0812408
-0.00920996
0.0817129
-0.0106131
0.0822173
-0.0120124
0.0827538
-0.0134056
0.0833225
-0.0147904
-0.0161644
0.0772072
-0.00679125
0.0776255
-0.00822362
0.0780726
-0.00965715
0.078549
-0.0110894
0.0790547
-0.0125181
0.0795898
-0.0139407
0.0801543
-0.015355
-0.0167585
0.074175
-0.00719553
0.0746046
-0.00865325
0.0750601
-0.0101126
0.0755419
-0.0115712
0.0760503
-0.0130264
0.0765855
-0.0144759
0.0771478
-0.0159172
-0.0173478
0.0712942
-0.0076141
0.0717355
-0.0090945
0.0721999
-0.0105771
0.0726882
-0.0120594
0.0732007
-0.0135389
0.0737378
-0.0150131
0.0742999
-0.0164793
-0.0179348
0.0685583
-0.00804976
0.0690137
-0.00954983
0.0694894
-0.0110528
0.069986
-0.0125561
0.0705041
-0.014057
0.0710438
-0.0155528
0.0716053
-0.0170407
-0.0185177
0.0659716
-0.00850486
0.0664431
-0.0100213
0.0669314
-0.0115412
0.0674369
-0.0130616
0.0679594
-0.0145796
0.0684987
-0.0160921
0.0690538
-0.0175959
-0.0190874
0.0635369
-0.00898117
0.0640247
-0.0105091
0.0645241
-0.0120405
0.0650346
-0.0135721
0.0655555
-0.0151005
0.0660856
-0.0166222
0.066623
-0.0181333
-0.0196293
0.0612485
-0.00947234
0.0617444
-0.011005
0.0622448
-0.0125409
0.0627489
-0.0140761
0.0632555
-0.0156071
0.0637628
-0.0171295
0.0642677
-0.0186383
-0.0201272
0.0590649
0.0595573
0.0600474
0.0605341
0.0610156
0.0614888
0.0619484
)
;

boundaryField
{
    inlet
    {
        type            calculated;
        value           nonuniform List<scalar> 
50
(
-0.0353553
-0.0353553
-0.0353553
-0.0353553
-0.0353553
-0.0353553
-0.0353553
-0.0353553
-0.0353553
-0.0353553
-0.0353553
-0.0353553
-0.0353553
-0.0353553
-0.0353553
-0.0353553
-0.0353553
-0.0353553
-0.0353553
-0.0353553
-0.201804
-0.192384
-0.183404
-0.174843
-0.166681
-0.158901
-0.151483
-0.144412
-0.137671
-0.131245
-0.125119
-0.119278
-0.113711
-0.108403
-0.103343
-0.0985188
-0.0939201
-0.089536
-0.0853566
-0.0813723
-0.0775739
-0.0739529
-0.0705008
-0.06721
-0.0640727
-0.0610819
-0.0582306
-0.0555125
-0.0529213
-0.050451
)
;
    }
    outlet
    {
        type            calculated;
        value           nonuniform 0();
    }
    cylinder
    {
        type            calculated;
        value           uniform 0;
    }
    top
    {
        type            symmetryPlane;
        value           nonuniform 0();
    }
    bottom
    {
        type            symmetryPlane;
        value           uniform 0;
    }
    defaultFaces
    {
        type            empty;
        value           nonuniform 0();
    }
    procBoundary0to1
    {
        type            processor;
        value           nonuniform List<scalar> 
50
(
0.0849083
0.0207166
0.0770373
0.0199318
0.0669874
0.0413
0.0176542
0.0534271
0.00949789
0.025039
0.00518425
0.0121357
0.00224399
0.00419204
0.000716696
0.000610194
-7.59305e-05
0.000101246
-0.000598666
0.205635
0.196235
0.187412
0.17911
0.171279
0.163876
0.156865
0.150215
0.143898
0.137891
0.132174
-0.00986917
0.125959
0.120786
0.115856
0.111156
0.106677
0.102407
0.0983399
0.0944651
0.0907754
0.0872637
0.0839232
0.0807484
0.0777371
0.0748868
0.0721882
0.0696236
0.0671649
0.0647656
0.0623864
)
;
    }
    procBoundary0to2
    {
        type            processor;
        value           nonuniform List<scalar> 
26
(
0.00138669
0.00288267
0.00359567
-0.00552608
0.0011648
0.00120036
0.00122767
0.00125735
0.00129045
0.00132685
0.0013659
6.97782e-05
0.000575453
0.00114866
0.00159723
0.00196924
0.00215713
0.00227211
0.00228356
0.00224637
0.00217977
0.00208279
0.00199801
0.00189166
0.00180708
0.00170686
)
;
    }
}


// ************************************************************************* //
