/*--------------------------------*- C++ -*----------------------------------*\
  =========                 |
  \\      /  F ield         | OpenFOAM: The Open Source CFD Toolbox
   \\    /   O peration     | Website:  https://openfoam.org
    \\  /    A nd           | Version:  7
     \\/     M anipulation  |
\*---------------------------------------------------------------------------*/
FoamFile
{
    version     2.0;
    format      ascii;
    class       surfaceScalarField;
    location    "330";
    object      phi;
}
// * * * * * * * * * * * * * * * * * * * * * * * * * * * * * * * * * * * * * //

dimensions      [0 3 -1 0 0 0 0];

internalField   nonuniform List<scalar> 
4136
(
-0.000985091
0.000442421
-0.00300992
0.000932449
0.00116312
-0.000984896
0.00142732
-0.0030097
0.00295725
-0.00552631
0.00367973
-0.00824958
0.00397142
-0.0110861
0.00411691
-0.0140291
0.0042466
-0.0170934
0.00439299
-0.0202964
0.00455982
-0.0236545
0.00474582
0.00494978
-0.0271834
-0.000980411
0.00240773
-0.00299895
0.00497579
-0.00550989
0.00619068
-0.00822827
0.0066898
-0.0110602
0.00694884
-0.0139986
0.00718497
-0.0170581
0.00745255
-0.0202563
0.00775803
-0.0236096
0.00809905
0.00847419
-0.027134
-0.000971646
0.00337937
-0.00297767
0.00698181
-0.00547713
0.00869014
-0.00818552
0.00939819
-0.011008
0.00977137
-0.013937
0.0101139
-0.0169869
0.0105025
-0.0201752
0.0109463
-0.0235183
0.0114421
0.0119879
-0.027032
-0.000958615
0.00433799
-0.00294588
0.00896908
-0.00542804
0.0111723
-0.00812132
0.0120915
-0.0109296
0.0125797
-0.0138444
0.0130286
-0.0168798
0.0135379
-0.0200531
0.0141197
-0.0233809
0.0147699
0.0154854
-0.0268784
-0.000941344
0.00527933
-0.00290362
0.0109313
-0.00536264
0.0136313
-0.0080357
0.0147645
-0.010825
0.015369
-0.0137207
0.0159244
-0.0167367
0.0165539
-0.0198902
0.0172731
-0.0231975
0.0180772
0.0189612
-0.0266733
-0.000919866
0.0061992
-0.0028509
0.0128624
-0.00528093
0.0160614
-0.00792866
0.0174123
-0.0106942
0.0181345
-0.0135662
0.0187963
-0.0165579
0.0195457
-0.0196865
0.0204016
-0.0229682
0.0213589
0.02241
-0.0264169
-0.000894223
0.00709342
-0.00278777
0.0147559
-0.00518293
0.0184565
-0.0078002
0.0200295
-0.0105372
0.0208715
-0.0133807
0.0216399
-0.0163434
0.0225084
-0.0194421
0.0235003
-0.0226931
0.0246099
0.0258263
-0.0261094
-0.000864467
0.00795789
-0.00271429
0.0166057
-0.00506868
0.0208109
-0.00765034
0.0226112
-0.010354
0.0235752
-0.0131643
0.0244502
-0.0160933
0.0254373
-0.0191572
0.0265643
-0.0223725
0.0278252
0.0292048
-0.0257509
-0.00083066
0.00878855
-0.00263051
0.0184056
-0.0049382
0.0231186
-0.0074791
0.0251521
-0.0101448
0.0262408
-0.0129173
0.0272227
-0.0158077
0.0283277
-0.0188321
0.0295887
-0.0220067
0.0309997
0.0325402
-0.0253421
-0.000792878
0.00958143
-0.00253651
0.0201492
-0.00479152
0.0253736
-0.0072865
0.0276471
-0.00990942
0.0288637
-0.0126395
0.0299528
-0.0154868
0.031175
-0.0184669
0.0325688
-0.021596
0.0341288
0.0358275
-0.0248833
-0.000751206
0.0103326
-0.00243238
0.0218304
-0.00462869
0.0275699
-0.00707255
0.0300909
-0.00964808
0.0314393
-0.0123312
0.032636
-0.0151308
0.0339745
-0.018062
0.0355001
-0.0211409
0.0372077
0.0390619
-0.0243754
-0.000705747
0.0110384
-0.00231823
0.0234429
-0.00444977
0.0297015
-0.00683728
0.0324784
-0.00936076
0.0339627
-0.0119925
0.0352677
-0.0147397
0.0367218
-0.0176176
0.038378
-0.020642
0.0402321
0.0422391
-0.0238192
-0.000656618
0.011695
-0.00219419
0.0249804
-0.00425481
0.0317621
-0.00658071
0.0348043
-0.00904752
0.0364295
-0.0116234
0.0378435
-0.0143139
0.0394123
-0.017134
0.0411981
-0.0200998
0.0431979
0.0453552
-0.023216
-0.000603954
0.012299
-0.00206042
0.0264369
-0.00404392
0.0337456
-0.0063029
0.0370633
-0.00870841
0.038835
-0.011224
0.0403591
-0.0138535
0.0420418
-0.0166112
0.0439558
-0.0195148
0.0461015
0.0484074
-0.022567
-0.000547909
0.0128469
-0.0019171
0.0278061
-0.0038172
0.0356457
-0.00600388
0.03925
-0.0083435
0.0411747
-0.0107946
0.0428103
-0.0133586
0.0446057
-0.0160494
0.0466467
-0.0188872
0.0489393
0.0513943
-0.021874
-0.00048866
0.0133355
-0.00176447
0.0290819
-0.00357479
0.037456
-0.00568372
0.0413589
-0.00795285
0.0434438
-0.0103353
0.0451927
-0.0128295
0.0470999
-0.0154483
0.0492655
-0.0182167
0.0517076
0.0543169
-0.0211393
-0.000426402
0.0137619
-0.00160277
0.0302583
-0.00331686
0.0391701
-0.00534249
0.0433845
-0.00753651
0.0456378
-0.00984614
0.0475024
-0.0122665
0.0495202
-0.0148074
0.0518064
-0.0175004
0.0544007
0.0571811
-0.0203646
-0.000361355
0.0141233
-0.00143234
0.0313293
-0.00304362
0.0407814
-0.00498033
0.0453213
-0.0070946
0.0477521
-0.0093274
0.0497352
-0.011671
0.0518638
-0.0141292
0.0542646
-0.0167378
0.0570093
0.0599991
-0.0195558
-0.000293758
0.014417
-0.00125355
0.0322891
-0.0027553
0.0422831
-0.00459737
0.0471633
-0.0066272
0.0497819
-0.00877865
0.0518866
-0.0110414
0.0541265
-0.0134098
0.0566331
-0.0159012
0.0595007
0.0627963
-0.0186985
-0.000223887
0.0146409
-0.00106685
0.033132
-0.00245219
0.0436685
-0.00419383
0.048905
-0.00613468
0.0517228
-0.00820068
0.0539526
-0.0103811
0.0563069
-0.0126754
0.0589274
-0.0150412
0.0618664
0.0656123
-0.0178571
-0.000152116
0.014793
-0.000872707
0.0338526
-0.00213457
0.0449303
-0.00376993
0.0505403
-0.00561732
0.0535702
-0.00759361
0.0559289
-0.0096831
0.0583964
-0.011899
0.0611433
-0.0142492
0.0642166
0.0678937
-0.0165306
-7.92476e-05
0.0148723
-0.00067145
0.0344448
-0.00180277
0.0460617
-0.00332598
0.0520635
-0.00507521
0.0553194
-0.00695797
0.0578117
-0.0089506
0.060389
-0.0110626
0.0632553
-0.0132947
0.0664487
0.0702379
-0.0156389
-9.56945e-06
0.0148819
-0.00046266
0.0348979
-0.00145725
0.0470562
-0.00286247
0.0534688
-0.00450869
0.0569656
-0.00629465
0.0595976
-0.00818862
0.062283
-0.0101978
0.0652645
-0.0123385
0.0685894
0.0724877
-0.0145883
7.21202e-05
0.0148097
-0.00024356
0.0352136
-0.00109882
0.0479115
-0.00238002
0.05475
-0.00391837
0.058504
-0.00560463
0.0612839
-0.00739939
0.0640778
-0.00930718
0.0671723
-0.0113453
0.0706275
0.0746243
-0.0134818
0.000148737
0.014661
2.28292e-06
0.03536
-0.000729419
0.0486432
-0.00187867
0.0558992
-0.00330475
0.05993
-0.00488841
0.0628675
-0.00658226
0.0657716
-0.00838718
0.0689772
-0.0103188
0.0725591
0.0766513
-0.0123458
0.000219043
0.014442
0.000196478
0.0353826
-0.000351534
0.0491912
-0.00135901
0.0569067
-0.00266887
0.0612399
-0.00414632
0.064345
-0.00573671
0.067362
-0.00743631
0.0706768
-0.00925895
0.0743817
0.0785732
-0.0111808
0.000288426
0.0141535
0.000414274
0.0352568
5.38641e-05
0.0495516
-0.00082394
0.0577845
-0.0020114
0.0624274
-0.00337863
0.0657122
-0.004863
0.0688464
-0.00645497
0.0722688
-0.00816554
0.0760923
0.0803846
-0.00997694
0.00035736
0.0137962
0.000633985
0.0349801
0.000430626
0.049755
-0.000276806
0.0584919
-0.00133257
0.0634831
-0.00258591
0.0669656
-0.00396166
0.0702221
-0.00544377
0.0737509
-0.00703968
0.0776882
0.0820789
-0.00873399
0.000424013
0.0133722
0.00085406
0.0345501
0.000830207
0.0497788
0.000286333
0.0590358
-0.000633872
0.0644033
-0.00176891
0.0681006
-0.00303324
0.0714864
-0.0044031
0.0751207
-0.00588251
0.0791676
0.0836523
-0.0074559
0.000487399
0.0128848
0.00107308
0.0339644
0.00123533
0.0496166
0.000860861
0.0594103
8.34382e-05
0.0651807
-0.000928344
0.0691124
-0.00207841
0.0726365
-0.0033334
0.0763757
-0.0046952
0.0805295
0.0851024
-0.00614531
0.000546685
0.0123381
0.00128833
0.0332228
0.00164271
0.0492622
0.00144849
0.0596045
0.000821333
0.0658079
-6.94177e-05
0.0700031
-0.00109851
0.0736656
-0.00223519
0.0775124
-0.00347927
0.0817735
0.0864273
-0.00480415
0.000600922
0.0117372
0.00149707
0.0323266
0.00204974
0.0487095
0.00204491
0.0596093
0.00157645
0.0662764
0.000821409
0.0707582
-9.96259e-05
0.0745866
-0.00111041
0.0785232
-0.00223538
0.0828985
0.0876265
-0.00343462
0.000649193
0.011088
0.00169665
0.0312792
0.00245305
0.0479531
0.00264723
0.0594151
0.00234639
0.0665772
0.00172977
0.0713748
0.000935892
0.0753805
1.85921e-05
0.0794405
-0.000959747
0.0838768
0.088709
-0.00204229
0.000690662
0.0103973
0.00188431
0.0300855
0.00284871
0.0469887
0.00325202
0.0590118
0.00312884
0.0667004
0.00265744
0.0718462
0.00199167
0.0760463
0.00121522
0.0802169
0.000348805
0.0847433
0.0896964
-0.000638574
0.000724585
0.00967271
0.00205717
0.0287529
0.00323235
0.0458136
0.0038551
0.0583891
0.00392084
0.0666346
0.00360272
0.0721643
0.0030679
0.0765811
0.00241087
0.080874
0.00166211
0.085492
0.0905353
0.000823239
0.000750327
0.00892238
0.00221219
0.0272911
0.00359912
0.0444266
0.00445148
0.0575367
0.00471847
0.0663676
0.00456271
0.0723201
0.00416325
0.0769806
0.00363053
0.0814067
0.00301186
0.0861107
0.0912244
0.00232279
0.000767395
0.00815499
0.00234606
0.0257124
0.0039436
0.0428291
0.00503536
0.056445
0.00551698
0.065886
0.00553436
0.0723027
0.0052767
0.0772382
0.00487251
0.0818109
0.00438171
0.0866015
0.0917812
0.00382486
0.000775498
0.00737949
0.00245579
0.0240321
0.00425992
0.041025
0.00560001
0.0551049
0.00631073
0.0651753
0.0065139
0.0720995
0.00640576
0.0773464
0.00613293
0.0820837
0.00576861
0.0869658
0.0922106
0.00533924
0.000774557
0.00660493
0.00253868
0.022268
0.00454182
0.0390218
0.00613769
0.053509
0.00709282
0.0642202
0.0074964
0.071696
0.00754702
0.0772958
0.00740911
0.0822216
0.0071717
0.0872032
0.0925135
0.00686882
0.000764702
0.00584023
0.00259239
0.0204403
0.00478273
0.0368315
0.00663963
0.0516521
0.00785502
0.0630048
0.00847572
0.0710753
0.00869658
0.0770749
0.00869892
0.0822193
0.00859014
0.087312
0.0926903
0.00841328
0.00074628
0.00509395
0.00261515
0.0185714
0.00497603
0.0344706
0.00709605
0.0495321
0.00858757
0.0615133
0.00944432
0.0702185
0.00984968
0.0766695
0.0099998
0.0820691
0.0100224
0.0872894
0.0927415
0.00997123
0.000719864
0.00437409
0.00260596
0.0166854
0.00511532
0.0319612
0.00749628
0.0471511
0.00927906
0.0597305
0.0103929
0.0691047
0.0110002
0.0760622
0.0113082
0.0817612
0.0114664
0.0871313
0.092666
0.0115418
0.000686241
0.00368785
0.00256476
0.0148068
0.00519486
0.0293311
0.00782897
0.044517
0.00991636
0.0576431
0.0113102
0.0677108
0.0121405
0.075232
0.0126196
0.081282
0.0129193
0.0868315
0.092462
0.0131234
0.000646395
0.00304145
0.00249258
0.0129607
0.00521009
0.0266136
0.00808251
0.0416446
0.0104846
0.055241
0.0121826
0.0660129
0.0132603
0.0741542
0.0139278
0.0806145
0.0143779
0.0863815
0.0921263
0.0147136
0.000601471
0.00243998
0.00239155
0.0111706
0.00515823
0.0238469
0.00824561
0.0385572
0.0109674
0.0525192
0.0129936
0.0639866
0.0143473
0.0728005
0.0152249
0.0797369
0.0158375
0.0857688
0.0916542
0.0163096
0.00055272
0.00188726
0.0022649
0.00945839
0.00503877
0.0210731
0.00830806
0.0352879
0.0113471
0.0494802
0.0137244
0.0616093
0.0153858
0.0711391
0.0165005
0.0786223
0.0172923
0.084977
0.0910383
0.0179082
0.000501442
0.00138582
0.00211674
0.00784309
0.00485403
0.0183358
0.00826178
0.0318801
0.0116057
0.0461363
0.0143531
0.0588619
0.0163564
0.0691358
0.0177408
0.0772379
0.0187342
0.0839836
0.0902676
0.0195049
0.000448909
0.000936908
0.00195182
0.00634019
0.00460928
0.0156783
0.00810206
0.0283874
0.0117256
0.0425127
0.0148556
0.0557319
0.017236
0.0667554
0.0189285
0.0755454
0.0201524
0.0827597
0.0210941
0.00039629
0.000540618
0.00177515
0.00496133
0.00431257
0.0131409
0.00782874
0.0248712
0.0116915
0.03865
0.015206
0.0522174
0.0179971
0.0639642
0.0200412
0.0735013
0.000344572
0.000196047
0.00159165
0.00371425
0.00397417
0.0107584
0.00744726
0.0213981
0.0114919
0.0346054
0.015378
0.0483312
0.0186083
0.060734
0.000294502
-9.84559e-05
0.0014058
0.00260295
0.00360563
0.00855855
0.00696904
0.0180347
0.0111217
0.0304527
0.0153471
0.000246562
-0.000345018
0.00122136
0.00162816
0.00321873
0.00656118
0.00641092
0.0148425
0.000200994
-0.000546012
0.00104134
0.000787811
0.00282455
0.00477796
0.000157905
-0.000703917
0.000868135
7.75811e-05
0.00011743
-0.000821347
-0.000508892
7.99155e-05
-0.000901263
0.0344313
-0.000514443
0.00143845
0.0334893
-0.00257665
0.00351868
0.0325214
-0.00536315
0.00633102
0.0315325
-0.00700559
0.00799451
0.0305128
-0.00958158
0.0106013
0.0294573
-0.0109567
0.0120122
0.0283512
-0.0135689
0.014675
0.0271892
-0.0149817
0.0161437
0.0259593
-0.0178743
0.0191041
0.0246651
-0.0194449
0.0207391
0.0233136
-0.0227558
0.0241073
0.021931
-0.0243101
0.0256927
0.0205529
-0.0281382
0.0295163
0.0193152
-0.0291157
0.0303534
-0.0339618
0.0354199
0.0345585
0.000282428
0.0337328
-0.001751
0.0328697
-0.00450003
0.0319766
-0.00611246
0.0310415
-0.00864649
0.0300641
-0.00997941
0.0290256
-0.0125303
0.0279279
-0.013884
0.0267509
-0.0166972
0.025511
-0.0182049
0.0241923
-0.0214372
0.0228488
-0.0229666
0.0214447
-0.0267341
0.020167
-0.027838
-0.0324933
0.0346805
0.000957272
0.0339681
-0.00103865
0.0332065
-0.00373839
0.0324087
-0.00531466
0.0315578
-0.00779564
0.0306607
-0.00908225
0.0296918
-0.0115614
0.0286614
-0.0128537
0.0275396
-0.0155753
0.0263532
-0.0170186
0.0250672
-0.0201511
0.0237555
-0.0216549
0.0223398
-0.0253183
0.0210281
-0.0265263
-0.031021
0.0347969
0.00151571
0.034193
-0.000434704
0.0335284
-0.00307385
0.0328221
-0.00460836
0.0320523
-0.00702577
0.0312324
-0.00826243
0.0303308
-0.0106598
0.0293658
-0.0118887
0.0282974
-0.014507
0.0271637
-0.0158849
0.0259105
-0.0188979
0.0246295
-0.0203739
0.0232122
-0.023901
0.0218713
-0.0251854
-0.0295144
0.0349074
0.00196367
0.0344066
6.61037e-05
0.0338344
-0.00250164
0.0332152
-0.00398919
0.0325223
-0.00633289
0.0317762
-0.00751628
0.0309384
-0.00982204
0.0300357
-0.010986
0.0290181
-0.0134894
0.0279345
-0.0148013
0.0267137
-0.0176771
0.0254603
-0.0191205
0.024047
-0.0224878
0.0226803
-0.0238186
-0.0279734
0.035012
0.00230701
0.0346084
0.000469663
0.0341238
-0.00201703
0.0335873
-0.00345267
0.0329673
-0.00571291
0.0322911
-0.00684007
0.0315138
-0.00904473
0.0306701
-0.0101423
0.0297006
-0.0125199
0.0286639
-0.0137646
0.0274746
-0.0164878
0.0262454
-0.0178914
0.0248389
-0.0210812
0.0234506
-0.0224302
-0.0263968
0.0351102
0.00255218
0.0347986
0.000781188
0.0343963
-0.00161465
0.0339378
-0.0029942
0.0333864
-0.00516155
0.0327763
-0.00622992
0.0320558
-0.00832423
0.0312677
-0.00935422
0.0303433
-0.0115956
0.02935
-0.0127713
0.0281911
-0.0153288
0.0269832
-0.0166835
0.0255845
-0.0196825
0.0241783
-0.021024
-0.0247855
0.035202
0.00270555
0.0349767
0.0010065
0.0346513
-0.00128927
0.034266
-0.00260896
0.0337789
-0.0046744
0.0332307
-0.00568173
0.0325633
-0.00765683
0.031827
-0.00861795
0.0309449
-0.0107135
0.0299914
-0.0118177
0.0288614
-0.0141989
0.0276724
-0.0154945
0.0262817
-0.0182918
0.0248605
-0.0196029
-0.023141
0.0352873
0.0027736
0.0351422
0.00115157
0.0348884
-0.00103544
0.0345714
-0.00229198
0.0341439
-0.00424692
0.0336534
-0.00519124
0.0330354
-0.00703874
0.032347
-0.0079296
0.0315043
-0.00987081
0.0305868
-0.0109002
0.0294843
-0.0130963
0.0283119
-0.0143221
0.0269286
-0.0169085
0.0254947
-0.0181689
-0.0214656
0.0353659
0.00276299
0.0352951
0.00122246
0.0351072
-0.000847603
0.0348534
-0.00203817
0.034481
-0.00387452
0.0340438
-0.00475406
0.0334713
-0.00646617
0.0328268
-0.00728517
0.0320206
-0.0090646
0.0311355
-0.0100151
0.0300584
-0.0120192
0.0289009
-0.0131645
0.0275243
-0.0155319
0.0260791
-0.0167237
-0.0197618
0.0354378
0.0026805
0.0354349
0.00122539
0.0353074
-0.000720121
0.0351116
-0.00184231
0.0347896
-0.00355252
0.0344012
-0.00436567
0.0338703
-0.00593528
0.0332657
-0.00668058
0.0324929
-0.00829185
0.0316367
-0.0091589
0.030583
-0.0109655
0.0294384
-0.01202
0.0280676
-0.0141611
0.0266125
-0.0152686
-0.0180326
0.0355028
0.00253302
0.0355615
0.0011667
0.0354887
-0.000647277
0.0353454
-0.00169906
0.0350691
-0.00327619
0.0347249
-0.00402146
0.0342318
-0.00544217
0.0336629
-0.00611173
0.0329206
-0.0075495
0.0320899
-0.00832824
0.0310572
-0.00993274
0.0299239
-0.0108867
0.0285579
-0.0127951
0.0270939
-0.0138046
-0.0162808
0.0355608
0.00232755
0.0356747
0.00105283
0.0356507
-0.000623291
0.0355546
-0.00160297
0.0353192
-0.00304076
0.0350145
-0.00371674
0.0345552
-0.00498294
0.034018
-0.00557453
0.0333029
-0.00683438
0.0324945
-0.00751984
0.0314803
-0.00891859
0.0303568
-0.00976321
0.0289947
-0.011433
0.0275226
-0.0123324
-0.0145092
0.0356117
0.00207114
0.0357742
0.000890356
0.0357933
-0.000642328
0.0357388
-0.00154849
0.0355394
-0.00284141
0.0352694
-0.00344676
0.0348401
-0.00455361
0.0343305
-0.00506491
0.0336394
-0.00614325
0.0328501
-0.00673056
0.0318521
-0.00792056
0.0307367
-0.00864781
0.0293776
-0.0100739
0.027898
-0.0108529
-0.0127205
0.0356555
0.00177096
0.03586
0.000685926
0.0359161
-0.000698504
0.0358976
-0.00153002
0.0357295
-0.00267327
0.0354895
-0.00320672
0.035086
-0.00415015
0.0345999
-0.00457883
0.0339295
-0.00547282
0.0331563
-0.00595735
0.0321719
-0.00693616
0.0310631
-0.00753902
0.0297062
-0.00871702
0.02822
-0.00936673
-0.0109174
0.0356921
0.00143422
0.0359317
0.00044627
0.0360191
-0.000785885
0.0360309
-0.00154184
0.0358891
-0.00253144
0.0356742
-0.00299179
0.0352925
-0.00376849
0.034826
-0.0041123
0.0341729
-0.00481972
0.0334128
-0.00519728
0.0324396
-0.00596291
0.0313359
-0.00643536
0.0299805
-0.00736156
0.0284884
-0.00787463
-0.00910239
0.0357214
0.00106817
0.0359895
0.00017819
0.0361021
-0.000898497
0.0361385
-0.00157823
0.036018
-0.00241096
0.0358233
-0.00279714
0.0354594
-0.0034045
0.0350084
-0.00366136
0.0343692
-0.00418053
0.0336194
-0.0044475
0.0326549
-0.00499837
0.031555
-0.00533545
0.0302003
-0.0060069
0.0287031
-0.00637739
-0.00727768
0.0357434
0.00068009
0.036033
-0.000111421
0.0361649
-0.00103035
0.03622
-0.0016334
0.0361159
-0.00230686
0.0359367
-0.00261789
0.0355862
-0.00305402
0.035147
-0.00322212
0.0345182
-0.00355183
0.0337759
-0.0037052
0.0328177
-0.00404017
0.0317202
-0.00423794
0.0303658
-0.00465245
0.0288642
-0.00487579
-0.00544546
0.0357581
0.000277327
0.0360624
-0.000415705
0.0362074
-0.00117537
0.0362755
-0.00170152
0.0361828
-0.00221412
0.0360141
-0.00244919
0.0356729
-0.00271282
0.0352414
-0.00279067
0.0346198
-0.00293014
0.0338822
-0.0029676
0.0329279
-0.00308594
0.0318317
-0.00314168
0.030477
-0.00329777
0.0289716
-0.00337042
-0.00360783
0.0357655
0.0360775
0.0362296
0.0363048
0.0362184
0.0360554
0.0357192
0.0352917
0.0346735
0.033938
0.0329852
0.0318891
0.030534
0.0290259
0.202021
-0.000216651
0.202566
-0.000545216
0.203396
-0.000830631
0.204399
-0.00100258
0.205537
-0.00113837
0.206726
-0.00118849
0.20794
-0.00121377
0.209119
-0.00117946
0.210256
-0.00113743
0.211314
-0.00105755
0.212299
-0.000985335
0.213188
-0.000888905
0.214
-0.000811443
0.214715
-0.000715333
-0.000645125
0.21536
0.19259
-0.00042309
0.193109
-0.00106341
0.193899
-0.00162079
0.194854
-0.00195755
0.195941
-0.00222598
0.19708
-0.00232684
0.198247
-0.00238069
0.199384
-0.00231654
0.200484
-0.00223786
0.201509
-0.00208295
0.202468
-0.00194346
0.203333
-0.00175448
0.204125
-0.00160344
0.204824
-0.00141412
-0.00127783
0.205457
0.1836
-0.000619504
0.184087
-0.0015499
0.184837
-0.00237119
0.185746
-0.00286631
0.186789
-0.00326936
0.187885
-0.00342276
0.189016
-0.00351184
0.190123
-0.00342291
0.1912
-0.0033153
0.192207
-0.00309026
0.193154
-0.00288989
0.194011
-0.00261149
0.194799
-0.00239145
0.195495
-0.0021101
-0.00191017
0.196127
0.175029
-0.000806135
0.175482
-0.00200286
0.176193
-0.00308169
0.177055
-0.00372902
0.178057
-0.00427114
0.179115
-0.0044801
0.180217
-0.00461386
0.1813
-0.00450654
0.182365
-0.00437994
0.183365
-0.00409028
0.184312
-0.00383666
0.185172
-0.00347165
0.185968
-0.00318752
0.186672
-0.00281432
-0.00255391
0.187316
0.166858
-0.000983171
0.167276
-0.00242038
0.167946
-0.00375182
0.168762
-0.00454473
0.169723
-0.00523217
0.170743
-0.00550024
0.171819
-0.0056905
0.172885
-0.00557222
0.173944
-0.00543873
0.174944
-0.00509056
0.1759
-0.0047928
0.176773
-0.0043439
0.177586
-0.00400139
0.178308
-0.00353583
-0.00321838
0.178972
0.159068
-0.00115066
0.159448
-0.00280046
0.160077
-0.00438088
0.160844
-0.00531149
0.161764
-0.00615178
0.162746
-0.00648237
0.163798
-0.00674308
0.164848
-0.00662198
0.165905
-0.0064959
0.166911
-0.00609596
0.167883
-0.00576484
0.168774
-0.00523492
0.169613
-0.00484082
0.170359
-0.00428193
-0.00391143
0.171052
0.151641
-0.00130842
0.151982
-0.00314122
0.152569
-0.00496812
0.153284
-0.00602646
0.154161
-0.00702812
0.155102
-0.0074239
0.15613
-0.0077709
0.157163
-0.00765547
0.158221
-0.00755327
0.159234
-0.00710896
0.160226
-0.0067572
0.161141
-0.00614948
0.162012
-0.0057119
0.162788
-0.00505851
-0.00463973
0.163517
0.14456
-0.00145596
0.14486
-0.00344129
0.145405
-0.0055128
0.146064
-0.00668616
0.146895
-0.00785849
0.147792
-0.00832084
0.148792
-0.00877156
0.149807
-0.0086703
0.150865
-0.00861059
0.151886
-0.00812994
0.152901
-0.0077724
0.153842
-0.00709063
0.154749
-0.0066193
0.155561
-0.00587022
-0.00540902
0.15633
0.137808
-0.00159244
0.138067
-0.00370009
0.138568
-0.00601414
0.139169
-0.00728676
0.13995
-0.00863978
0.140797
-0.00916812
0.141767
-0.00974141
0.142759
-0.00966231
0.143814
-0.0096658
0.144842
-0.00915738
0.145881
-0.00881128
0.14685
-0.00805986
0.147797
-0.00756641
0.148647
-0.00672068
-0.00622418
0.149463
0.131369
-0.00171661
0.131587
-0.0039181
0.132044
-0.00647116
0.132582
-0.0078246
0.133311
-0.00936876
0.134103
-0.00996001
0.135037
-0.0106758
0.136001
-0.0106259
0.137051
-0.0107153
0.138081
-0.0101881
0.139143
-0.00987313
0.14014
-0.00905725
0.14113
-0.00855545
0.142021
-0.0076125
-0.00708938
0.142887
0.125229
-0.00182693
0.125408
-0.00409708
0.125819
-0.00688246
0.126292
-0.00829682
0.126965
-0.0100422
0.127695
-0.0106904
0.128589
-0.0115695
0.129517
-0.0115542
0.130556
-0.0117541
0.131585
-0.0112174
0.132668
-0.0109558
0.133692
-0.0100815
0.134724
-0.00958751
0.135659
-0.00854738
-0.00800805
0.136578
0.119373
-0.00192174
0.119516
-0.00423992
0.11988
-0.00724609
0.120285
-0.00870189
0.120899
-0.0106568
0.121562
-0.0113536
0.12241
-0.0124169
0.123295
-0.0124394
0.124317
-0.0127761
0.125339
-0.0122391
0.126439
-0.0120557
0.127487
-0.01113
0.128562
-0.0106626
0.129541
-0.0095261
-0.00898296
0.130516
0.113788
-0.00199946
0.113899
-0.00435038
0.114212
-0.00755961
0.114551
-0.00904005
0.115103
-0.0112091
0.115694
-0.0119443
0.116489
-0.0132121
0.117323
-0.0132734
0.118321
-0.0137744
0.119328
-0.0132459
0.12044
-0.013168
0.121509
-0.0121989
0.122626
-0.0117796
0.123649
-0.0105486
-0.0100162
0.124682
0.108462
-0.0020589
0.108545
-0.00443267
0.108805
-0.00782042
0.109079
-0.00931342
0.109565
-0.0116957
0.11008
-0.012459
0.110817
-0.013949
0.111591
-0.0140476
0.112558
-0.0147414
0.113542
-0.0142294
0.11466
-0.0142867
0.115744
-0.013283
0.116901
-0.0129363
0.117966
-0.0116139
-0.0111093
0.119059
0.103383
-0.00209946
0.103442
-0.00449091
0.103647
-0.00802623
0.10386
-0.00952577
0.104277
-0.0121126
0.104713
-0.0128957
0.105385
-0.0146212
0.106092
-0.0147541
0.10702
-0.0156691
0.10797
-0.0151802
0.109088
-0.0154044
0.110181
-0.0143762
0.111375
-0.0141294
0.112481
-0.0127201
-0.012263
0.113634
0.0985406
-0.00212129
0.0985784
-0.00452869
0.0987278
-0.00817566
0.0988841
-0.00968201
0.0992274
-0.0124559
0.0995866
-0.0132548
0.100187
-0.0152218
0.100819
-0.0153862
0.101699
-0.0165488
0.102607
-0.0160881
0.103716
-0.0165132
0.10481
-0.0154709
0.106035
-0.0153544
0.10718
-0.0138643
-0.0134772
0.108394
0.0939241
-0.0021253
0.0939441
-0.0045487
0.0940372
-0.00826878
0.0941427
-0.00978747
0.0944092
-0.0127225
0.0946931
-0.0135388
0.095215
-0.0157437
0.0957679
-0.0159391
0.0965901
-0.0173711
0.097445
-0.0169429
0.0985356
-0.0176038
0.099623
-0.0165583
0.100874
-0.0166053
0.102053
-0.015043
-0.0147512
0.103327
0.0895239
-0.00211317
0.0895278
-0.00455264
0.0895664
-0.00830734
0.0896261
-0.00984721
0.0898137
-0.0129101
0.0900264
-0.0137514
0.0904621
-0.0161794
0.0909331
-0.0164101
0.0916876
-0.0181256
0.0924795
-0.0177348
0.093542
-0.0186663
0.094612
-0.0176283
0.0958821
-0.0178754
0.0970904
-0.0162513
-0.0160832
0.0984224
0.0853305
-0.00208707
0.0853192
-0.00454131
0.0853067
-0.00829486
0.085325
-0.00986554
0.0854334
-0.0130184
0.0855795
-0.0138975
0.0859224
-0.0165223
0.0863113
-0.0167991
0.0869865
-0.0188008
0.0877069
-0.0184551
0.0887301
-0.0196895
0.0897715
-0.0186696
0.091053
-0.0191569
0.092285
-0.0174834
-0.0174706
0.0936725
0.0813347
-0.00204952
0.0813081
-0.00451476
0.0812496
-0.00823635
0.0812298
-0.00984571
0.081261
-0.0130496
0.0813451
-0.0139816
0.08159
-0.0167672
0.0818986
-0.0171077
0.0824823
-0.0193845
0.0831247
-0.0190976
0.0840959
-0.0206607
0.0850966
-0.0196704
0.0863809
-0.0204412
0.0876293
-0.0187317
-0.0189101
0.0890687
0.0775275
-0.00200307
0.0774853
-0.00447264
0.0773869
-0.00813793
0.0773311
-0.00978987
0.0772896
-0.0130081
0.0773157
-0.0140077
0.0774598
-0.0169113
0.0776909
-0.0173388
0.0781706
-0.0198642
0.0787315
-0.0196585
0.0796353
-0.0215645
0.080584
-0.0206191
0.0818614
-0.0217186
0.083117
-0.0199874
-0.0203974
0.0846044
0.0738999
-0.0019501
0.073842
-0.00441469
0.0737101
-0.0080061
0.0736196
-0.00969939
0.0735122
-0.0129006
0.0734828
-0.0139784
0.073527
-0.0169555
0.0736836
-0.0174953
0.0740481
-0.0202287
0.0745263
-0.0201366
0.0753448
-0.0223829
0.0762315
-0.0215058
0.0774909
-0.022978
0.0787433
-0.0212398
-0.021928
0.0802739
0.0704433
-0.00189261
0.0703697
-0.00434109
0.0702108
-0.00784714
0.0700867
-0.00957527
0.0699215
-0.0127355
0.0698382
-0.0138951
0.0697872
-0.0169045
0.0698708
-0.0175789
0.0701125
-0.0204704
0.0705084
-0.0205325
0.0712212
-0.0230958
0.072039
-0.0223236
0.0732658
-0.0242047
0.0745039
-0.022478
-0.0234981
0.076074
0.0671494
-0.00183204
0.067061
-0.00425269
0.0668805
-0.00766662
0.0667241
-0.00941891
0.0665101
-0.0125215
0.0663737
-0.0137586
0.0662357
-0.0167666
0.0662462
-0.0175894
0.0663626
-0.0205868
0.0666762
-0.0208461
0.0672633
-0.0236828
0.0680085
-0.0230689
0.0691823
-0.0253785
0.0703941
-0.0236898
-0.0251084
0.0720044
0.06401
-0.00176936
0.0639083
-0.00415101
0.0637107
-0.00746902
0.0635245
-0.00923272
0.0632699
-0.0122669
0.0630816
-0.0135703
0.0628671
-0.0165521
0.0628031
-0.0175254
0.0627981
-0.0205818
0.063027
-0.021075
0.0634717
-0.0241275
0.0641442
-0.0237414
0.0652375
-0.0264718
0.0664092
-0.0248615
-0.0267671
0.068068
0.0610176
-0.00170509
0.0609047
-0.00403812
0.0606935
-0.00725782
0.060481
-0.00902018
0.0601927
-0.0119787
0.0599555
-0.0133331
0.0596752
-0.0162718
0.0595357
-0.0173859
0.0594184
-0.0204644
0.0595568
-0.0212135
0.0598496
-0.0244203
0.06045
-0.0243418
0.0614306
-0.0274524
0.0625506
-0.0259815
-0.0284798
0.0642633
0.0581651
-0.00163956
0.0580433
-0.00391634
0.0578212
-0.00703572
0.0575867
-0.0087856
0.0572705
-0.0116625
0.0569895
-0.0130521
0.0566531
-0.0159354
0.0564395
-0.0171723
0.0562218
-0.0202467
0.056262
-0.0212537
0.0564012
-0.0245595
0.0569237
-0.0248643
0.0577621
-0.0282908
0.0588354
-0.0270548
-0.0302183
0.0605739
0.055446
-0.00157301
0.0553176
-0.00378797
0.055087
-0.00680519
0.0548351
-0.00853366
0.0544963
-0.0113238
0.054178
-0.0127338
0.0537941
-0.0155515
0.0535111
-0.0168894
0.0532048
-0.0199404
0.0531402
-0.021189
0.0531299
-0.0245492
0.0535517
-0.025286
0.0542187
-0.0289579
0.0552947
-0.0281308
-0.0318995
0.0569759
0.052854
-0.00150572
0.0527212
-0.00365518
0.0524847
-0.00656873
0.0522202
-0.00826914
0.0518639
-0.0109675
0.0515157
-0.0123856
0.0510919
-0.0151277
0.0507472
-0.0165447
0.050362
-0.0195551
0.0501908
-0.0210178
0.0500354
-0.0243938
0.0503206
-0.0255713
0.0507551
-0.0293924
0.0519112
-0.0292869
-0.033503
0.0535148
0.0503837
0.0502472
0.0500095
0.0497348
0.0493687
0.0489953
0.0485427
0.0481417
0.0476907
0.0474119
0.0471254
0.0472468
0.0473707
0.0484371
0.0503541
0.213808
0.00155261
0.212316
0.0014911
0.210897
0.00141983
0.209551
0.00134594
0.208281
0.00126958
0.20709
0.00119089
0.20598
0.00110998
0.204953
0.00102698
0.204011
0.000942013
0.203156
0.000855201
0.202389
0.000766686
0.201713
0.000676603
0.201128
0.000585099
0.200635
0.000492316
0.200237
0.000398408
0.199933
0.000303523
0.199726
0.000207822
0.199614
0.000111465
0.199599
1.47101e-05
-8.26703e-05
0.199682
0.203973
0.00303604
0.202549
0.00291524
0.201194
0.00277525
0.199909
0.00263016
0.198699
0.00248028
0.197564
0.00232589
0.196507
0.00216721
0.195529
0.0020045
0.194633
0.00183798
0.19382
0.00166791
0.193092
0.00149455
0.192451
0.00131819
0.191897
0.00113909
0.191432
0.000957548
0.191056
0.000773849
0.190771
0.000588289
0.190578
0.000401169
0.190477
0.000212794
0.190468
2.35528e-05
-0.000166549
0.190552
0.194712
0.00445067
0.193354
0.00427323
0.192063
0.00406696
0.19084
0.0038532
0.189688
0.00363251
0.188608
0.0034053
0.187603
0.00317191
0.186675
0.00293267
0.185825
0.00268792
0.185055
0.00243803
0.184366
0.0021834
0.18376
0.00192443
0.183238
0.00166151
0.1828
0.00139506
0.182448
0.00112551
0.182183
0.000853286
0.182006
0.000578823
0.181916
0.000302572
0.181914
2.51999e-05
-0.000253642
0.182001
0.185969
0.00579753
0.184676
0.00556635
0.183447
0.00529619
0.182284
0.00501624
0.181189
0.00472735
0.180164
0.00443011
0.179211
0.00412494
0.178331
0.00381222
0.177527
0.0034924
0.176799
0.00316597
0.176149
0.00283343
0.175578
0.0024953
0.175087
0.00215211
0.174678
0.00180438
0.174351
0.00145267
0.174107
0.00109753
0.173946
0.000739528
0.173869
0.000379247
0.173877
1.76436e-05
-0.000346086
0.173969
0.177692
0.00707754
0.176463
0.00679565
0.175295
0.00646397
0.174191
0.00612019
0.173153
0.00576562
0.172182
0.00540103
0.17128
0.00502688
0.170449
0.00464361
0.16969
0.00425174
0.169004
0.00385187
0.168392
0.00344463
0.167857
0.00303063
0.167399
0.00261051
0.167018
0.00218492
0.166716
0.00175453
0.166494
0.00131999
0.166351
0.000882005
0.166289
0.000441275
0.166307
2.00753e-08
-0.000445829
0.166407
0.169839
0.0082914
0.168672
0.00796193
0.167565
0.00757103
0.16652
0.00716575
0.165537
0.00674795
0.16462
0.00631861
0.163768
0.0058782
0.162985
0.00542719
0.16227
0.00496617
0.161626
0.00449586
0.161054
0.00401697
0.160555
0.00353025
0.160129
0.00303643
0.159777
0.00253627
0.159501
0.00203053
0.159301
0.00151999
0.159178
0.00100547
0.159131
0.000487796
0.159163
-3.15757e-05
-0.000554231
0.159271
0.162369
0.00943955
0.161265
0.00906566
0.160218
0.00861785
0.15923
0.00815336
0.158304
0.00767473
0.157439
0.00718316
0.156638
0.00667913
0.155902
0.00616311
0.155233
0.00563576
0.154631
0.00509787
0.154097
0.0045503
0.153634
0.00399387
0.153241
0.00342941
0.152919
0.00285779
0.15267
0.00227985
0.152493
0.00169651
0.15239
0.00110865
0.152361
0.00051725
0.152406
-7.64583e-05
-0.000673193
0.152524
0.155248
0.0105222
0.154206
0.010107
0.15322
0.00960459
0.15229
0.00908318
0.151418
0.00854609
0.150607
0.00799478
0.149856
0.00742973
0.149168
0.00685136
0.148543
0.0062604
0.147983
0.00565774
0.147489
0.00504433
0.147062
0.0044211
0.146703
0.00378896
0.146412
0.00314887
0.14619
0.00250177
0.146037
0.00184867
0.145956
0.00119057
0.145944
0.000528552
0.146004
-0.000136327
-0.000804142
0.146135
0.148446
0.0115392
0.147467
0.0110858
0.14654
0.0105311
0.145668
0.00995513
0.144852
0.00936196
0.144094
0.0087534
0.143394
0.00812987
0.142753
0.00749177
0.142174
0.00683987
0.141656
0.00617517
0.141202
0.00549871
0.140812
0.0048115
0.140486
0.00411454
0.140226
0.00340887
0.140032
0.00269554
0.139905
0.00197563
0.139846
0.00125024
0.139854
0.000520603
0.13993
-0.000212519
-0.000948497
0.140074
0.141935
0.0124903
0.14102
0.0120017
0.140154
0.0113971
0.13934
0.0107689
0.13858
0.0101221
0.137874
0.00945874
0.137225
0.00877926
0.136633
0.00808402
0.136099
0.00737383
0.135624
0.00664977
0.13521
0.00591298
0.134857
0.00516455
0.134566
0.00440557
0.134338
0.00363714
0.134173
0.0028604
0.134072
0.00207652
0.134035
0.0012867
0.134064
0.00049233
0.134157
-0.000306274
-0.00110762
0.134316
0.135693
0.0133749
0.134841
0.0128539
0.134036
0.012202
0.133281
0.0115241
0.132577
0.010826
0.131926
0.0101104
0.131327
0.00937748
0.130784
0.00862768
0.130296
0.00786181
0.129864
0.00708106
0.129491
0.00628663
0.129176
0.0054797
0.12892
0.00466142
0.128724
0.00383298
0.128589
0.00299559
0.128515
0.0021505
0.128503
0.00129902
0.128552
0.000442754
0.128665
-0.000418751
-0.00128276
0.12884
0.129699
0.0141923
0.128911
0.0136416
0.128168
0.0129448
0.127472
0.0122198
0.126825
0.0114732
0.126228
0.0107077
0.125681
0.00992398
0.125187
0.0091222
0.124745
0.00830329
0.124358
0.0074685
0.124025
0.0066191
0.123749
0.00575635
0.123529
0.00488147
0.123366
0.00399571
0.123261
0.00310037
0.123215
0.00219678
0.123227
0.00128634
0.123299
0.000371004
0.123431
-0.00055101
-0.00147509
0.123624
0.123933
0.0149416
0.123211
0.0143635
0.122531
0.0136247
0.121895
0.0128555
0.121305
0.0120629
0.120763
0.0112502
0.120269
0.0104181
0.119824
0.009567
0.11943
0.00869769
0.119086
0.00781152
0.118796
0.00690982
0.118558
0.00599392
0.118375
0.00506509
0.118246
0.00412468
0.118172
0.00317404
0.118154
0.00221459
0.118193
0.00124784
0.118287
0.000276379
0.11844
-0.000704055
-0.00168569
0.118651
0.118379
0.0156218
0.117724
0.0150185
0.117108
0.0142406
0.116534
0.0134302
0.116002
0.0125943
0.115516
0.011737
0.115074
0.0108593
0.11468
0.0099614
0.114333
0.00904438
0.114035
0.00810952
0.113787
0.0071582
0.113589
0.0061918
0.113442
0.00521167
0.113348
0.00421923
0.113306
0.00321593
0.113317
0.00220326
0.113382
0.00118291
0.1135
0.000158572
0.113675
-0.000878898
-0.00191564
0.113905
0.113024
0.0162318
0.112438
0.0156051
0.111887
0.0147911
0.111375
0.0139428
0.110902
0.0130667
0.110472
0.0121674
0.110085
0.0112466
0.109741
0.0103047
0.109443
0.00934274
0.109191
0.00836192
0.108985
0.00736368
0.108827
0.00634945
0.108718
0.00532067
0.108659
0.00427879
0.108649
0.00322529
0.108691
0.00216172
0.108784
0.00108993
0.108924
1.89636e-05
0.109121
-0.00107664
-0.00216557
0.109371
0.107855
0.0167702
0.107339
0.0161218
0.106855
0.0152751
0.106405
0.0143924
0.105993
0.013479
0.10562
0.0125405
0.105287
0.0115792
0.104996
0.0105962
0.104746
0.00959209
0.10454
0.00856813
0.104378
0.00752574
0.104261
0.00646643
0.10419
0.00539174
0.104166
0.00430321
0.104188
0.00320241
0.104259
0.002091
0.104378
0.000971145
0.10455
-0.000153331
0.10477
-0.00129606
-0.00243549
0.10504
0.102861
0.0172358
0.102416
0.016567
0.102
0.0156911
0.101614
0.0147777
0.101263
0.0138302
0.100948
0.0128552
0.100671
0.0118564
0.100432
0.010835
0.100233
0.00979173
0.100073
0.00872749
0.0999554
0.00764374
0.0998798
0.00654212
0.0998472
0.00542427
0.0998587
0.00429178
0.0999148
0.00314631
0.100016
0.00198962
0.100163
0.000824235
0.10036
-0.00035069
0.100603
-0.00153899
-0.00272651
0.100894
0.098031
0.0176273
0.0976589
0.0169391
0.0973123
0.0160377
0.0969923
0.0150977
0.0967032
0.0141193
0.0964479
0.0131106
0.0962272
0.012077
0.0960418
0.0110204
0.0958927
0.00994091
0.0957808
0.0088393
0.0957075
0.00771705
0.0956737
0.00657592
0.0956803
0.00541767
0.0957282
0.00424396
0.095818
0.00305649
0.0959504
0.00185717
0.0961253
0.000649368
0.0963481
-0.000573468
0.096615
-0.00180593
-0.00303891
0.0969274
0.0933565
0.0179432
0.0930592
0.0172363
0.0927833
0.0163136
0.0925299
0.0153512
0.0923041
0.0143451
0.0921092
0.0133055
0.0919461
0.0122402
0.091815
0.0111514
0.0917171
0.0100389
0.0916535
0.00890287
0.0916256
0.007745
0.0916342
0.00656725
0.0916805
0.00537146
0.0917651
0.00415936
0.0918888
0.00293269
0.0920525
0.0016935
0.092255
0.000446929
0.0925039
-0.000822458
0.092795
-0.00209696
-0.00337289
0.0931289
0.0888296
0.0181823
0.0886085
0.0174574
0.0884046
0.0165176
0.0882188
0.0155369
0.0880576
0.0145063
0.0879244
0.0134386
0.0878198
0.0123448
0.087744
0.0112272
0.0876981
0.0100848
0.0876835
0.00891744
0.0877016
0.00772694
0.0877533
0.00651551
0.0878397
0.00528508
0.0879616
0.00403744
0.0881198
0.0027745
0.0883144
0.00149889
0.0885437
0.000217675
0.0888198
-0.00109861
0.0891353
-0.00241248
-0.00372847
0.0894909
0.0844434
0.0183433
0.0842997
0.017601
0.0841686
0.0166487
0.0840516
0.0156539
0.0839563
0.0146017
0.0838861
0.0135088
0.0838411
0.0123898
0.0838214
0.011247
0.0838283
0.0100779
0.0838635
0.00888225
0.0839282
0.00766221
0.0840235
0.00642023
0.0841504
0.00515817
0.0843102
0.00387769
0.0845043
0.00258035
0.0847337
0.00126955
0.0849854
-3.40637e-05
0.0852896
-0.00140279
0.0856284
-0.0027513
-0.00410508
0.086005
0.0801923
0.0184249
0.0801268
0.0176666
0.080069
0.0167065
0.0800218
0.0157012
0.0799937
0.0146297
0.0799878
0.0135147
0.0800034
0.0123743
0.0800406
0.0112097
0.0801014
0.0100172
0.0801872
0.00879638
0.0802994
0.00755006
0.0804387
0.00628091
0.0806061
0.00499081
0.0808022
0.00368153
0.0810272
0.00235532
0.0812807
0.00101612
0.081585
-0.000338386
0.0819107
-0.00172847
0.0822727
-0.00311328
-0.00450232
0.0826699
0.0760725
0.0184264
0.076085
0.0176541
0.0761004
0.0166911
0.0761238
0.0156778
0.0761644
0.0145891
0.0762239
0.0134552
0.0763008
0.0122974
0.0763959
0.0111146
0.0765115
0.00990159
0.0766491
0.00865879
0.0768096
0.00738953
0.076994
0.00609655
0.0772032
0.00478161
0.0774382
0.00344648
0.0776999
0.00209361
0.0779872
0.000728877
0.078315
-0.0006662
0.0786694
-0.00208282
0.0790546
-0.00349858
-0.00492007
0.0794724
0.0720827
0.0183481
0.0721711
0.0175656
0.0722586
0.0166036
0.0723533
0.0155831
0.0724638
0.0144786
0.0725893
0.0133297
0.0727282
0.0121585
0.0728821
0.0109606
0.0730537
0.00973005
0.0732441
0.00846839
0.073454
0.00717958
0.0736845
0.00586605
0.0739367
0.00452945
0.0742114
0.00317173
0.0745086
0.00179647
0.0748254
0.000412068
0.0751831
-0.00102394
0.0755652
-0.00246488
0.0759745
-0.00390783
-0.00535827
0.0764127
0.0682233
0.0181928
0.0683836
0.0174053
0.068541
0.0164462
0.0687073
0.0154168
0.0688882
0.0142977
0.0690798
0.013138
0.069281
0.0119573
0.0694947
0.0107469
0.0697232
0.00950147
0.0699674
0.00822426
0.0702276
0.00691937
0.070505
0.00558866
0.0708008
0.00423361
0.0711168
0.00285578
0.0714537
0.00145956
0.0717958
6.9948e-05
0.0721859
-0.00141402
0.0725947
-0.00287371
0.0730274
-0.00434051
-0.00581683
0.0734859
0.0644926
0.0179634
0.06472
0.017178
0.0649453
0.0162209
0.0651833
0.0151788
0.0654342
0.0140468
0.0656911
0.0128811
0.0659547
0.0116937
0.0662291
0.0104726
0.0665157
0.00921486
0.0668145
0.00792548
0.0671259
0.00660793
0.0674509
0.00526365
0.0677901
0.00389447
0.0681429
0.00250296
0.0685074
0.00109507
0.0689116
-0.000334302
0.0693253
-0.00182771
0.0697598
-0.00330813
0.0702153
-0.00479608
-0.00629496
0.0706935
0.0608803
0.017657
0.0611736
0.0168847
0.0614671
0.0159274
0.0617778
0.014868
0.0620977
0.013727
0.0624187
0.0125601
0.062745
0.0113674
0.0630808
0.0101368
0.0634261
0.00886954
0.0637805
0.00757109
0.0641446
0.00624383
0.0645191
0.00488912
0.0649046
0.00350904
0.0653001
0.00210742
0.0657024
0.000692799
0.066144
-0.000775938
0.0665911
-0.00227477
0.0670538
-0.00377085
0.0675345
-0.00527679
-0.00679493
0.0680345
0.0573687
0.0172642
0.0577299
0.0165234
0.0580974
0.0155599
0.0584849
0.0144805
0.058873
0.0133389
0.0592581
0.0121749
0.0596483
0.0109773
0.0600461
0.00973896
0.0604505
0.00846506
0.0608617
0.00715997
0.0612803
0.0058252
0.0617068
0.00446259
0.0621416
0.00307431
0.0625835
0.0016655
0.0630248
0.000251449
0.0635065
-0.00125765
0.0639903
-0.00275852
0.0644847
-0.00426529
0.0649932
-0.00578527
-0.00731862
0.0655169
0.0539629
0.0168161
0.054376
0.0161103
0.054824
0.0151119
0.0552884
0.014016
0.0557446
0.0128827
0.0561982
0.0117214
0.0566562
0.0105192
0.057119
0.00927612
0.0575863
0.00799782
0.0580587
0.0066875
0.0585372
0.00534673
0.059022
0.00397779
0.0595122
0.00258413
0.0600025
0.00117516
0.0604969
-0.000242907
0.0610176
-0.00177833
0.0615382
-0.00327913
0.0620651
-0.00479226
0.0626006
-0.00632069
-0.00786285
0.0631448
0.0506396
0.051111
0.0516347
0.0521689
0.0527058
0.0532464
0.0537887
0.0543308
0.0548727
0.0554149
0.0559575
0.0565007
0.0570425
0.0575791
0.0581594
0.0587039
0.0592496
0.0597966
0.0603447
0.0608952
0.199862
-0.000180075
0.20014
-0.000277484
0.200514
-0.00037475
0.200986
-0.000471707
0.201554
-0.000568186
0.202218
-0.000664026
0.202977
-0.000759059
0.20383
-0.000853125
-0.00094606
0.190729
-0.000356837
0.190998
-0.000547131
0.191361
-0.000737112
0.191815
-0.000926468
0.192362
-0.00111488
0.193
-0.00130202
0.193729
-0.00148758
0.194547
-0.00167124
-0.0018527
0.182177
-0.000532604
0.182442
-0.000811546
0.182795
-0.00109002
0.183236
-0.00136755
0.183764
-0.00164368
0.18438
-0.00191795
0.185083
-0.0021899
0.185871
-0.00245907
-0.00272502
0.174147
-0.000709806
0.174408
-0.00107347
0.174755
-0.00143649
0.175186
-0.00179828
0.1757
-0.00215824
0.176298
-0.00251577
0.176978
-0.00287027
0.177741
-0.00322117
-0.00356787
0.166587
-0.000890579
0.166849
-0.00133526
0.167192
-0.00177916
0.167615
-0.00222153
0.168119
-0.00266167
0.168702
-0.00309885
0.169364
-0.00353234
0.170104
-0.00396143
-0.00438542
0.159457
-0.00107662
0.159721
-0.00159889
0.160062
-0.00212023
0.16048
-0.0026398
0.160975
-0.00315673
0.161547
-0.0036702
0.162194
-0.00417936
0.162916
-0.00468338
-0.00518144
0.152718
-0.00126993
0.152985
-0.00186652
0.153327
-0.00246206
0.153743
-0.00305556
0.154232
-0.00364609
0.154795
-0.00423269
0.15543
-0.0048144
0.156137
-0.0053903
-0.00595944
0.146337
-0.00147211
0.146611
-0.00213994
0.146955
-0.0028066
0.147371
-0.00347103
0.147857
-0.00413215
0.148413
-0.00478892
0.149039
-0.00544029
0.149734
-0.0060852
-0.00672263
0.140287
-0.00168476
0.140568
-0.0024209
0.140917
-0.0031558
0.141334
-0.00388827
0.141819
-0.00461717
0.142372
-0.00534134
0.142991
-0.00605963
0.143677
-0.0067709
-0.00747402
0.134541
-0.00190936
0.134831
-0.00271104
0.135187
-0.00351142
0.135608
-0.00430924
0.136094
-0.00510325
0.136645
-0.0058922
0.13726
-0.00667487
0.137939
-0.00745
-0.00821639
0.129078
-0.00214731
0.129378
-0.00301186
0.129742
-0.0038751
0.130169
-0.0047357
0.130658
-0.0055923
0.131209
-0.00644358
0.131822
-0.00728822
0.132497
-0.0081249
0.123876
-0.00239986
0.124189
-0.00332475
0.124563
-0.00424836
0.124996
-0.00516928
0.12549
-0.00608608
0.126044
-0.00699736
0.126657
-0.00790172
-0.00879776
0.118919
-0.00266817
0.119245
-0.00365093
0.11963
-0.00463252
0.120072
-0.00561143
0.120572
-0.00658615
0.12113
-0.00755523
0.121745
-0.00851718
-0.00947054
0.11419
-0.00295333
0.114531
-0.00399153
0.114927
-0.00502875
0.115379
-0.00606338
0.115887
-0.00709386
0.11645
-0.00811863
0.117069
-0.00913615
-0.0101449
0.109674
-0.0032561
0.11003
-0.00434749
0.110439
-0.0054381
0.110902
-0.00652627
0.111419
-0.00761037
0.111989
-0.0086888
0.112613
-0.00975997
-0.0108223
0.10536
-0.00357664
0.105732
-0.00471901
0.106154
-0.00586091
0.106629
-0.00700059
0.107155
-0.00813636
0.107733
-0.00926657
0.108362
-0.0103896
-0.0115038
0.101234
-0.00391606
0.101622
-0.00510715
0.102059
-0.00629811
0.102546
-0.00748716
0.103082
-0.00867258
0.103668
-0.00985266
0.104304
-0.0110257
-0.01219
0.0972858
-0.00427439
0.0976905
-0.00551194
0.0981423
-0.00674983
0.0986413
-0.00798622
0.0991881
-0.00921932
0.0997828
-0.0104474
0.100426
-0.0116687
-0.0128816
0.0935064
-0.00465185
0.093928
-0.00593356
0.0943944
-0.00721619
0.094906
-0.00849782
0.0954633
-0.00977662
0.0960667
-0.0110508
0.0967166
-0.0123186
-0.0135784
0.0898875
-0.00504838
0.0903258
-0.00637188
0.0908066
-0.00769699
0.0913304
-0.00902169
0.091898
-0.0103441
0.0925097
-0.0116625
0.0931661
-0.0129751
-0.01428
0.0864205
-0.00546385
0.0868754
-0.00682675
0.0873703
-0.00819194
0.0879061
-0.00955745
0.0884834
-0.0109214
0.0891029
-0.012282
0.0897652
-0.0136374
-0.0149859
0.0831029
-0.00589687
0.0835728
-0.0072967
0.0840806
-0.00869974
0.0846271
-0.0101039
0.085213
-0.0115074
0.0858392
-0.0129082
0.0865065
-0.0143047
-0.015695
0.0799235
-0.00634795
0.0804088
-0.00778201
0.0809293
-0.00922025
0.081486
-0.0106606
0.0820798
-0.0121012
0.0827118
-0.0135402
0.083383
-0.0149759
-0.0164064
0.0768811
-0.00681643
0.077381
-0.00828185
0.0779133
-0.00975258
0.0784793
-0.0112266
0.0790801
-0.012702
0.0797169
-0.014177
0.0803909
-0.0156499
-0.017119
0.0739716
-0.00730208
0.0744856
-0.00879584
0.0750292
-0.0102962
0.0756039
-0.0118013
0.0762111
-0.0133092
0.0768522
-0.0148181
0.0775286
-0.0163263
-0.0178321
0.0711957
-0.00780428
0.0717233
-0.00932351
0.0722779
-0.0108508
0.0728609
-0.0123842
0.0734736
-0.013922
0.0741177
-0.0154622
0.0747945
-0.0170031
-0.0185428
0.068555
-0.00832477
0.0690974
-0.00986592
0.0696631
-0.0114165
0.0702534
-0.0129745
0.0708695
-0.014538
0.0715124
-0.0161051
0.072183
-0.0176737
-0.0192418
0.0660565
-0.0088644
0.066613
-0.0104224
0.0671874
-0.0119909
0.0677805
-0.0135676
0.0683928
-0.0151503
0.0690248
-0.0167371
0.0696765
-0.0183254
-0.019913
0.0636982
-0.00941782
0.0642612
-0.0109854
0.0648344
-0.0125641
0.0654183
-0.0141515
0.066013
-0.0157451
0.0666185
-0.0173425
0.0672339
-0.0189409
-0.0205366
0.0614486
0.062005
0.0625643
0.0631265
0.063691
0.0642566
0.0648207
)
;

boundaryField
{
    inlet
    {
        type            calculated;
        value           nonuniform List<scalar> 
50
(
-0.0353553
-0.0353553
-0.0353553
-0.0353553
-0.0353553
-0.0353553
-0.0353553
-0.0353553
-0.0353553
-0.0353553
-0.0353553
-0.0353553
-0.0353553
-0.0353553
-0.0353553
-0.0353553
-0.0353553
-0.0353553
-0.0353553
-0.0353553
-0.201804
-0.192384
-0.183404
-0.174843
-0.166681
-0.158901
-0.151483
-0.144412
-0.137671
-0.131245
-0.125119
-0.119278
-0.113711
-0.108403
-0.103343
-0.0985188
-0.0939201
-0.089536
-0.0853566
-0.0813723
-0.0775739
-0.0739529
-0.0705008
-0.06721
-0.0640727
-0.0610819
-0.0582306
-0.0555125
-0.0529213
-0.050451
)
;
    }
    outlet
    {
        type            calculated;
        value           nonuniform 0();
    }
    cylinder
    {
        type            calculated;
        value           uniform 0;
    }
    top
    {
        type            symmetryPlane;
        value           nonuniform 0();
    }
    bottom
    {
        type            symmetryPlane;
        value           uniform 0;
    }
    defaultFaces
    {
        type            empty;
        value           nonuniform 0();
    }
    procBoundary0to1
    {
        type            processor;
        value           nonuniform List<scalar> 
50
(
0.0893258
0.0215321
0.0812688
0.0210512
0.0710584
0.0441058
0.0190348
0.0570463
0.0105846
0.026279
0.00579384
0.0118732
0.00243303
0.00321307
0.000703904
0.000551029
-0.000980005
4.60756e-05
-0.000947338
0.204777
0.195453
0.186743
0.178583
0.170922
0.163712
0.156915
0.150497
0.144428
0.138681
0.133233
-0.00895231
0.12733
0.122418
0.117743
0.11329
0.109044
0.10499
0.101117
0.0974134
0.0938677
0.0904711
0.0872156
0.0840943
0.0811034
0.0782417
0.0755052
0.0728821
0.0703477
0.0678575
0.0653782
)
;
    }
    procBoundary0to2
    {
        type            processor;
        value           nonuniform List<scalar> 
26
(
0.00054267
0.00109238
0.00135334
-0.00552639
-0.00124816
-0.00128038
-0.00130363
-0.00132871
-0.00135677
-0.00138773
-0.00142092
-0.000132784
-0.000727749
-0.00132749
-0.00177675
-0.00212769
-0.00228617
-0.00237666
-0.00236314
-0.00231198
-0.00223206
-0.00213313
-0.00204559
-0.0019427
-0.00186229
-0.00176528
)
;
    }
}


// ************************************************************************* //
