/*--------------------------------*- C++ -*----------------------------------*\
  =========                 |
  \\      /  F ield         | OpenFOAM: The Open Source CFD Toolbox
   \\    /   O peration     | Website:  https://openfoam.org
    \\  /    A nd           | Version:  7
     \\/     M anipulation  |
\*---------------------------------------------------------------------------*/
FoamFile
{
    version     2.0;
    format      ascii;
    class       volVectorField;
    location    "105";
    object      U;
}
// * * * * * * * * * * * * * * * * * * * * * * * * * * * * * * * * * * * * * //

dimensions      [0 1 -1 0 0 0 0];

internalField   nonuniform List<vector> 
2125
(
(0.0186069 0.00384875 1.70027e-21)
(0.0844277 0.00563602 -4.67649e-21)
(0.184733 0.00450253 -5.29886e-21)
(0.0189967 -0.0238968 -1.69237e-21)
(0.0851711 -0.0452617 4.65616e-21)
(0.185601 -0.0506414 5.27979e-21)
(0.280504 -0.048822 -5.0546e-21)
(0.366011 -0.044967 4.44973e-21)
(0.442222 -0.0411092 2.22831e-21)
(0.509977 -0.0376533 -3.5583e-21)
(0.57029 -0.034582 -4.13505e-21)
(0.623955 -0.0318275 6.09798e-22)
(0.671673 -0.0293298 -1.72162e-21)
(0.0215004 -0.0514953 1.8562e-21)
(0.0896647 -0.0959388 -5.54696e-21)
(0.190462 -0.105574 1.24008e-20)
(0.285074 -0.100186 -1.08917e-20)
(0.370111 -0.0907789 -5.18129e-22)
(0.445866 -0.0815803 -7.25296e-21)
(0.513219 -0.0734046 1.17866e-20)
(0.573192 -0.0661895 1.60292e-20)
(0.626579 -0.0597677 2.86351e-21)
(0.673976 -0.0540172 -6.16765e-21)
(0.0260911 -0.0787032 -1.58155e-21)
(0.0978718 -0.146027 -1.16801e-20)
(0.199282 -0.159948 -2.71976e-20)
(0.293313 -0.151069 2.35512e-20)
(0.377453 -0.13618 4.85026e-21)
(0.452347 -0.121696 4.29918e-21)
(0.518941 -0.108846 -2.11721e-20)
(0.578271 -0.0975256 -1.24962e-20)
(0.631131 -0.0874661 -2.78563e-21)
(0.677914 -0.0784958 1.90472e-20)
(0.0327169 -0.105281 -5.57014e-21)
(0.10972 -0.195161 7.03678e-21)
(0.211998 -0.213418 4.9188e-20)
(0.305169 -0.201177 -4.4301e-21)
(0.387995 -0.180919 -1.2655e-20)
(0.461626 -0.161241 9.07564e-21)
(0.52711 -0.143794 6.46352e-22)
(0.585501 -0.12843 3.19977e-21)
(0.637589 -0.114782 -7.01706e-21)
(0.683482 -0.102645 -1.85491e-20)
(0.0413013 -0.130994 -3.74859e-21)
(0.125105 -0.242985 2.04248e-20)
(0.228514 -0.265645 -4.94264e-20)
(0.320563 -0.250221 2.13983e-20)
(0.40167 -0.224753 2.06469e-22)
(0.473648 -0.200005 -2.71926e-20)
(0.537679 -0.178065 1.20346e-20)
(0.594838 -0.158745 -1.1298e-21)
(0.645916 -0.141579 4.56951e-21)
(0.690654 -0.126358 -1.35802e-21)
(0.0517442 -0.155618 -4.28732e-20)
(0.143885 -0.289152 -5.1324e-20)
(0.248706 -0.3163 1.35006e-20)
(0.339393 -0.297918 -2.45181e-20)
(0.418394 -0.267442 -6.91175e-21)
(0.488341 -0.237785 1.0366e-20)
(0.550583 -0.211485 3.83934e-21)
(0.606225 -0.188319 1.42573e-20)
(0.65606 -0.167724 -3.06986e-21)
(0.699398 -0.149518 1.65816e-20)
(0.063922 -0.178936 4.09888e-20)
(0.165889 -0.333326 2.6377e-20)
(0.272416 -0.365062 -1.99034e-20)
(0.36153 -0.343996 3.35624e-20)
(0.438059 -0.308754 -2.83998e-21)
(0.505613 -0.274381 -3.6397e-20)
(0.565746 -0.243882 6.38209e-21)
(0.619594 -0.217004 -3.87733e-20)
(0.667962 -0.193087 1.51129e-21)
(0.709671 -0.172012 1.40738e-20)
(0.0776894 -0.200748 -3.02331e-20)
(0.190911 -0.375189 5.42401e-20)
(0.299463 -0.411626 2.13152e-20)
(0.386823 -0.388192 -2.65091e-20)
(0.460541 -0.34847 2.79253e-22)
(0.525358 -0.309604 6.7005e-20)
(0.583076 -0.275093 3.02392e-21)
(0.634865 -0.24466 2.97562e-20)
(0.68155 -0.217543 3.62585e-20)
(0.721425 -0.193729 -2.03356e-20)
(0.0928799 -0.220865 1.69327e-20)
(0.218716 -0.414438 -8.13414e-21)
(0.329633 -0.4557 -1.9261e-20)
(0.415098 -0.430257 1.44162e-20)
(0.485696 -0.386377 5.58941e-20)
(0.547454 -0.343275 -1.97403e-20)
(0.602467 -0.304964 -3.25891e-21)
(0.651945 -0.271153 -4.28994e-20)
(0.696744 -0.240976 -5.30796e-20)
(0.734603 -0.214561 2.32469e-20)
(0.109308 -0.239116 -2.22372e-20)
(0.249039 -0.450793 -1.9536e-20)
(0.362687 -0.497011 3.34303e-21)
(0.446158 -0.469956 -7.62007e-20)
(0.513362 -0.422279 -3.24246e-20)
(0.571764 -0.375225 -2.37692e-20)
(0.623803 -0.333349 -3.12755e-20)
(0.670733 -0.296359 1.45531e-20)
(0.713455 -0.263277 1.73827e-20)
(0.749143 -0.234406 2.59956e-20)
(0.12677 -0.255351 4.75946e-21)
(0.281589 -0.483995 2.79408e-20)
(0.398361 -0.535303 2.0611e-20)
(0.479787 -0.507071 3.52362e-20)
(0.543361 -0.455992 2.78512e-20)
(0.598138 -0.405298 -2.65868e-20)
(0.646954 -0.360115 2.48932e-20)
(0.691116 -0.320164 1.71816e-20)
(0.731588 -0.284345 -2.01085e-21)
(0.764977 -0.253169 -7.80746e-21)
(0.145048 -0.269436 4.90964e-20)
(0.316046 -0.513809 -2.43614e-20)
(0.436366 -0.570342 -1.88996e-20)
(0.515749 -0.541401 -1.10552e-20)
(0.575498 -0.487348 2.0724e-20)
(0.62641 -0.43335 1.88886e-20)
(0.671781 -0.385139 -2.64619e-20)
(0.712972 -0.342466 2.03828e-20)
(0.751037 -0.304093 9.33498e-22)
(0.782033 -0.270759 1.90346e-20)
(0.163907 -0.281264 -3.38374e-20)
(0.352069 -0.540031 -1.27584e-20)
(0.47639 -0.601919 -1.9403e-21)
(0.553788 -0.572764 2.02437e-20)
(0.609566 -0.516195 -3.89723e-21)
(0.656408 -0.459255 -2.03489e-20)
(0.698133 -0.408313 5.72962e-21)
(0.736172 -0.363172 6.17578e-21)
(0.771693 -0.322444 1.47796e-20)
(0.800233 -0.287099 -2.92514e-20)
(0.183104 -0.290749 -1.27893e-20)
(0.389294 -0.562483 3.00312e-20)
(0.5181 -0.629847 2.38972e-20)
(0.593634 -0.600999 -1.11062e-20)
(0.645344 -0.542401 -2.53707e-20)
(0.687944 -0.482899 -1.88428e-20)
(0.725851 -0.429539 2.2018e-20)
(0.760577 -0.382204 -4.42293e-20)
(0.793439 -0.339336 1.13303e-20)
(0.819503 -0.302121 3.09821e-20)
(0.202385 -0.29783 2.64372e-20)
(0.427337 -0.581019 -1.60163e-20)
(0.561144 -0.653966 3.47744e-21)
(0.634998 -0.625965 2.96913e-22)
(0.682599 -0.565849 -6.08975e-21)
(0.720826 -0.504186 3.14886e-20)
(0.754769 -0.448735 -2.81101e-20)
(0.786038 -0.399496 2.73046e-20)
(0.816152 -0.354725 -4.16817e-20)
(0.83977 -0.315779 -1.57252e-20)
(0.221489 -0.302474 -3.46565e-22)
(0.4658 -0.595527 -1.70963e-20)
(0.605153 -0.674144 9.2637e-22)
(0.67758 -0.647547 -5.76215e-21)
(0.721088 -0.586444 -3.88377e-21)
(0.754853 -0.523037 3.00245e-22)
(0.784715 -0.46583 -1.80684e-20)
(0.812394 -0.414987 -1.22595e-21)
(0.839689 -0.36857 2.52678e-20)
(0.860965 -0.328036 -3.20766e-20)
(0.240154 -0.304674 6.49711e-21)
(0.504269 -0.605929 1.0426e-20)
(0.64974 -0.690277 -1.35289e-20)
(0.721065 -0.665649 -5.33982e-21)
(0.760558 -0.60411 4.63225e-20)
(0.789816 -0.539391 -3.89151e-20)
(0.815516 -0.480776 3.99179e-20)
(0.839479 -0.428647 8.00808e-22)
(0.863891 -0.380902 8.00152e-21)
(0.883048 -0.338973 2.94976e-20)
(0.258113 -0.304452 1.71954e-21)
(0.542321 -0.612183 -3.87841e-21)
(0.694508 -0.70229 3.472e-21)
(0.765129 -0.680204 2.91453e-21)
(0.800752 -0.618792 -2.88291e-21)
(0.825505 -0.553201 1.53668e-20)
(0.847006 -0.493521 -8.60584e-21)
(0.867125 -0.440387 9.95331e-21)
(0.888532 -0.391553 -3.46744e-21)
(0.905994 -0.348422 -1.80071e-21)
(0.275103 -0.301857 -5.53005e-21)
(0.579525 -0.614286 -4.90249e-21)
(0.739046 -0.71014 2.43235e-21)
(0.809438 -0.691165 2.21779e-21)
(0.841402 -0.630457 -1.07697e-20)
(0.861698 -0.564445 2.79107e-20)
(0.87901 -0.504062 -2.43982e-20)
(0.895168 -0.450287 1.81174e-20)
(0.913249 -0.400954 -1.56128e-20)
(0.929668 -0.35762 -1.96665e-20)
(0.290864 -0.296969 -4.02508e-21)
(0.615448 -0.612272 2.52901e-21)
(0.782934 -0.71381 -8.61345e-22)
(0.853651 -0.698515 1.03225e-21)
(0.882242 -0.63909 -2.08527e-21)
(0.898173 -0.573111 -1.98935e-20)
(0.911379 -0.512348 6.26503e-21)
(0.923596 -0.458099 -4.94764e-21)
(0.937823 -0.408049 1.63864e-20)
(0.95448 -0.363231 -4.89999e-21)
(0.305146 -0.289896 -9.22127e-21)
(0.649656 -0.606214 -7.89874e-21)
(0.825745 -0.713319 3.48453e-21)
(0.897422 -0.702263 -1.04564e-22)
(0.923006 -0.644701 -1.62197e-22)
(0.934703 -0.579216 2.23954e-21)
(0.943904 -0.518431 6.50299e-21)
(0.952396 -0.464105 -1.21119e-20)
(0.961876 -0.415066 -1.30199e-20)
(0.976882 -0.374048 8.22304e-21)
(0.317724 -0.280788 -7.63456e-21)
(0.681703 -0.596216 1.65564e-20)
(0.867048 -0.708716 -1.18293e-20)
(0.9404 -0.702445 -3.01183e-21)
(0.963425 -0.647315 -4.71275e-21)
(0.971068 -0.582789 1.69754e-21)
(0.976322 -0.522348 -5.66017e-21)
(0.981346 -0.46824 6.0589e-21)
(0.986538 -0.420107 -5.30057e-21)
(0.996779 -0.379112 2.42345e-22)
(0.328472 -0.26985 -2.02944e-20)
(0.71113 -0.582405 -3.89227e-20)
(0.906417 -0.700102 3.1144e-20)
(0.982234 -0.699127 2.03292e-21)
(1.00323 -0.646975 -1.25055e-21)
(1.00707 -0.58386 5.4509e-21)
(1.00844 -0.524099 8.84054e-22)
(1.01016 -0.47037 -2.05005e-21)
(1.01183 -0.422923 1.28185e-20)
(1.01721 -0.382063 7.91248e-21)
(0.337126 -0.257085 1.90936e-20)
(0.737487 -0.564879 -8.48175e-21)
(0.943441 -0.687675 -2.36215e-20)
(1.02258 -0.692391 2.05048e-21)
(1.04217 -0.643741 1.03921e-21)
(1.04252 -0.582479 -1.21294e-20)
(1.04012 -0.523728 6.35108e-21)
(1.03862 -0.470589 1.39785e-21)
(1.03737 -0.42389 -1.89948e-21)
(1.03894 -0.383636 1.69374e-22)
(0.343436 -0.242696 2.42514e-20)
(0.7602 -0.543864 6.05222e-20)
(0.977825 -0.671663 -1.86711e-21)
(1.0611 -0.68232 -4.39363e-21)
(1.07997 -0.6377 -2.50297e-21)
(1.07724 -0.578727 -3.15497e-21)
(1.07126 -0.521318 -6.96598e-21)
(1.06664 -0.469037 3.43166e-21)
(1.06276 -0.423217 3.41484e-21)
(1.06122 -0.383822 -1.54252e-21)
(0.34742 -0.226952 -1.81306e-20)
(0.779045 -0.519937 -1.03728e-20)
(1.00903 -0.652321 4.47726e-20)
(1.09751 -0.668919 7.09073e-22)
(1.11638 -0.628954 -1.62901e-20)
(1.11103 -0.572701 2.49366e-20)
(1.10173 -0.516963 5.16356e-21)
(1.0941 -0.465808 1.76718e-21)
(1.08773 -0.420976 -2.21319e-21)
(1.08336 -0.382577 -2.07112e-21)
(0.348997 -0.210216 4.32276e-20)
(0.793924 -0.493435 -9.57209e-21)
(1.03621 -0.629517 -2.96466e-20)
(1.13143 -0.652432 2.73659e-21)
(1.15113 -0.617634 1.96501e-20)
(1.14371 -0.564505 -6.74305e-21)
(1.13139 -0.510757 -7.46948e-21)
(1.1209 -0.46098 5.45845e-24)
(1.11216 -0.417239 -3.84246e-21)
(1.10514 -0.37995 1.31272e-21)
(0.348064 -0.192747 -1.5378e-20)
(0.804534 -0.464496 -9.50966e-20)
(1.05915 -0.603616 8.23529e-21)
(1.16239 -0.633138 3.3329e-20)
(1.18398 -0.603828 -1.18828e-21)
(1.17507 -0.554256 -3.92394e-20)
(1.16009 -0.502804 2.11914e-20)
(1.14693 -0.45464 -6.49872e-21)
(1.13595 -0.412102 7.87681e-21)
(1.12648 -0.376043 2.02967e-21)
(0.344567 -0.174794 -1.87363e-20)
(0.810532 -0.433459 3.33247e-20)
(1.07774 -0.575003 4.22812e-20)
(1.18993 -0.611162 -2.48643e-20)
(1.21462 -0.587712 6.14523e-21)
(1.20494 -0.542083 2.3728e-20)
(1.18768 -0.493219 9.5662e-21)
(1.17208 -0.446888 3.54762e-21)
(1.15903 -0.405667 -6.88872e-21)
(1.14729 -0.370954 -6.20385e-21)
(0.33852 -0.15662 -2.53264e-20)
(0.811647 -0.400736 -9.175e-21)
(1.09163 -0.543953 -7.87319e-20)
(1.21378 -0.586723 -1.05238e-20)
(1.24277 -0.569468 1.53686e-21)
(1.23313 -0.528131 3.86911e-21)
(1.21406 -0.48213 -4.11424e-20)
(1.19626 -0.437832 -1.8147e-20)
(1.18129 -0.398034 4.55821e-22)
(1.16748 -0.364762 5.1105e-21)
(0.329986 -0.138487 -6.88163e-21)
(0.807689 -0.366753 3.00933e-20)
(1.10045 -0.510772 3.97442e-20)
(1.23367 -0.56006 2.24667e-20)
(1.26819 -0.549273 -4.75326e-21)
(1.25949 -0.512563 -4.37485e-21)
(1.23907 -0.469657 3.24052e-20)
(1.21937 -0.427583 3.07889e-20)
(1.20268 -0.389302 4.02726e-21)
(1.18698 -0.357534 -3.90671e-21)
(0.319075 -0.120654 6.58222e-20)
(0.798544 -0.33195 4.10396e-20)
(1.10383 -0.475815 -3.93527e-20)
(1.24923 -0.531421 -6.93337e-21)
(1.2906 -0.527321 3.47425e-21)
(1.28387 -0.495522 -1.085e-20)
(1.26267 -0.455938 -1.88982e-20)
(1.2413 -0.416261 -1.31899e-21)
(1.22314 -0.379568 -1.84468e-20)
(1.20575 -0.349361 8.02684e-21)
(0.305941 -0.103368 8.18664e-21)
(0.784174 -0.296785 -2.24258e-20)
(1.10151 -0.439461 5.15887e-20)
(1.26014 -0.501062 2.98431e-20)
(1.30975 -0.503793 1.36965e-21)
(1.30604 -0.477172 1.58625e-20)
(1.2848 -0.441102 1.61527e-21)
(1.26205 -0.403978 -1.36397e-20)
(1.24254 -0.368947 1.02163e-20)
(1.2238 -0.340322 1.08575e-21)
(0.29078 -0.0868664 -5.46113e-20)
(0.76462 -0.261728 -1.59433e-20)
(1.09324 -0.402114 -1.36081e-20)
(1.26604 -0.469253 -2.09645e-20)
(1.32534 -0.478871 5.34127e-21)
(1.32582 -0.457666 -1.19523e-22)
(1.30526 -0.425292 1.15976e-20)
(1.28162 -0.390837 -2.97375e-21)
(1.26085 -0.357546 -1.17757e-20)
(1.24123 -0.330613 -9.35454e-21)
(0.273832 -0.0713614 4.38885e-21)
(0.740004 -0.227251 2.5491e-20)
(1.07885 -0.36419 1.1819e-20)
(1.26661 -0.436279 -3.3665e-20)
(1.33708 -0.452742 -6.52752e-22)
(1.34304 -0.437149 -1.23847e-20)
(1.32396 -0.408644 2.2718e-22)
(1.2999 -0.376949 4.23339e-21)
(1.27812 -0.345588 -4.74586e-21)
(1.25795 -0.320173 1.35181e-20)
(0.255371 -0.0570391 1.01407e-20)
(0.710547 -0.193823 -2.47261e-20)
(1.0582 -0.326118 -5.60842e-20)
(1.26153 -0.402433 4.86734e-20)
(1.34467 -0.425598 -3.1326e-21)
(1.3575 -0.415762 8.8899e-21)
(1.34081 -0.391292 -1.13252e-21)
(1.31684 -0.362451 7.468e-21)
(1.29432 -0.333148 -6.23685e-22)
(1.27357 -0.309177 -1.05513e-20)
(0.2357 -0.0440534 -2.0296e-20)
(0.676569 -0.161898 3.17006e-20)
(1.03125 -0.288341 2.55084e-20)
(1.25048 -0.368018 -3.46695e-20)
(1.34777 -0.397632 -5.47378e-21)
(1.36897 -0.393645 1.86762e-21)
(1.35571 -0.373355 1.88834e-20)
(1.33239 -0.347449 6.53871e-22)
(1.30941 -0.320242 3.42841e-21)
(1.28808 -0.297681 -6.8853e-21)
(0.215148 -0.0325224 1.53626e-20)
(0.638498 -0.131898 -1.37082e-20)
(0.998016 -0.2513 -1.12756e-20)
(1.23319 -0.333347 1.86742e-20)
(1.34602 -0.369038 6.08958e-21)
(1.37719 -0.370926 4.48278e-21)
(1.36852 -0.354944 -1.98087e-20)
(1.34651 -0.33204 -6.82528e-21)
(1.32341 -0.306931 -5.713e-21)
(1.30163 -0.285739 2.25348e-21)
(0.194053 -0.0225259 -7.34872e-21)
(0.59686 -0.104209 -1.55413e-22)
(0.958638 -0.215438 2.12478e-20)
(1.2094 -0.298744 -7.61427e-21)
(1.33904 -0.340009 -3.32244e-21)
(1.38186 -0.347726 -2.12388e-21)
(1.37908 -0.336155 5.01507e-21)
(1.35916 -0.316317 8.31808e-21)
(1.33632 -0.29331 -4.1763e-22)
(1.31432 -0.273436 3.01762e-21)
(0.172761 -0.0141027 5.13234e-21)
(0.55228 -0.079159 -1.43032e-21)
(0.913368 -0.18119 -3.77444e-21)
(1.1789 -0.264538 -3.36668e-21)
(1.32644 -0.310742 2.96688e-21)
(1.38263 -0.324158 2.2887e-21)
(1.38718 -0.317075 -2.07869e-21)
(1.37025 -0.30037 7.24469e-22)
(1.34815 -0.279484 1.02833e-21)
(1.3262 -0.260866 -1.35272e-21)
(0.151608 -0.0072504 2.61276e-21)
(0.505462 -0.0570141 7.61999e-22)
(0.862594 -0.148975 -4.54505e-21)
(1.14156 -0.231069 -3.68036e-21)
(1.30779 -0.281438 3.88715e-21)
(1.37909 -0.300327 7.83773e-22)
(1.39259 -0.297777 -1.83331e-21)
(1.37969 -0.284275 1.71913e-21)
(1.35888 -0.265543 9.81362e-22)
(1.33727 -0.248109 -1.14817e-21)
(0.130916 -0.00192704 -1.05894e-21)
(0.457178 -0.0379639 2.085e-21)
(0.806855 -0.119193 1.38223e-20)
(1.09731 -0.198683 -6.3571e-21)
(1.28268 -0.252303 -3.15665e-21)
(1.37078 -0.276336 -3.67188e-21)
(1.39496 -0.278323 7.68239e-21)
(1.38733 -0.268093 5.50388e-21)
(1.36847 -0.251564 4.37714e-21)
(1.34754 -0.235236 2.36807e-21)
(0.110981 0.00194598 2.01324e-20)
(0.408242 -0.0221135 -1.11296e-20)
(0.746854 -0.0922059 -1.31764e-20)
(1.04623 -0.167733 1.83754e-20)
(1.25068 -0.223555 1.0179e-20)
(1.35715 -0.252282 -7.29295e-22)
(1.3939 -0.258757 -1.36358e-20)
(1.39295 -0.251863 -9.63184e-21)
(1.37685 -0.237605 -1.07574e-20)
(1.35697 -0.222314 6.84395e-21)
(0.0920658 0.00447884 -2.70235e-20)
(0.359479 -0.00947752 2.54118e-20)
(0.68346 -0.0683321 3.00602e-20)
(0.988537 -0.138575 -3.1322e-20)
(1.21142 -0.195426 -1.13525e-20)
(1.33762 -0.228269 7.94764e-21)
(1.38891 -0.239117 1.46259e-20)
(1.39626 -0.23561 2.64097e-21)
(1.38391 -0.223709 -7.60685e-22)
(1.36556 -0.2094 -1.00033e-20)
(0.0743897 0.00580708 -3.69486e-21)
(0.311692 2.10059e-05 -3.53468e-20)
(0.617694 -0.0478251 -3.92435e-20)
(0.924663 -0.111566 4.7264e-20)
(1.1646 -0.168167 -5.65159e-21)
(1.31154 -0.204409 1.19618e-20)
(1.37936 -0.219431 2.64975e-21)
(1.39687 -0.219341 -6.71172e-21)
(1.38948 -0.2099 3.74685e-21)
(1.37326 -0.19654 -1.57389e-21)
(0.0581262 0.00608458 7.61399e-21)
(0.265633 0.0065475 2.16371e-20)
(0.550707 -0.0308575 1.28584e-20)
(0.855264 -0.0870571 -1.02661e-20)
(1.11004 -0.142054 -1.82359e-20)
(1.27822 -0.18083 -1.83988e-20)
(1.36454 -0.199728 -4.10794e-21)
(1.39425 -0.20305 1.28398e-20)
(1.39329 -0.196183 -2.79857e-21)
(1.37998 -0.183764 6.00967e-21)
(0.0433989 0.00547637 -2.8438e-20)
(0.221965 0.0103462 -2.7115e-20)
(0.483727 -0.0175017 -4.74609e-21)
(0.781269 -0.0653827 -5.38186e-21)
(1.04776 -0.117389 -1.45045e-20)
(1.23702 -0.157692 9.84482e-21)
(1.3436 -0.180045 -1.42741e-21)
(1.38775 -0.18672 -1.09078e-20)
(1.39496 -0.182546 1.02029e-20)
(1.38556 -0.171089 -1.89718e-20)
(0.0302822 0.00415193 6.69381e-21)
(0.181241 0.0117258 2.32984e-20)
(0.418002 -0.00771292 2.1978e-20)
(0.703886 -0.0468419 2.58121e-20)
(0.978016 -0.0945015 -4.21192e-22)
(1.18734 -0.135187 2.97464e-20)
(1.31562 -0.160439 3.49224e-21)
(1.37654 -0.170333 -4.3591e-20)
(1.39397 -0.168964 3.38488e-20)
(1.38976 -0.158513 1.21001e-20)
(0.0188032 0.00227946 1.83619e-20)
(0.143886 0.0110424 4.20331e-20)
(0.354716 -0.00131999 -5.73782e-21)
(0.624587 -0.0316714 -3.30743e-20)
(0.901447 -0.0737454 1.63118e-20)
(1.12874 -0.113559 -1.94902e-20)
(1.2796 -0.141 -3.22001e-20)
(1.3596 -0.153877 -6.47029e-21)
(1.38961 -0.155397 -3.2466e-20)
(0.00894681 2.14506e-05 9.12379e-21)
(0.110192 0.00868072 7.71995e-21)
(0.294921 0.00197314 5.98289e-20)
(0.54503 -0.0200103 1.36189e-20)
(0.819089 -0.055488 -1.35782e-20)
(1.06105 -0.0931037 -7.32085e-21)
(1.23456 -0.121866 5.51389e-20)
(1.33579 -0.137364 5.09051e-20)
(0.000662939 -0.0024683 2.29028e-21)
(0.0803154 0.00503713 -4.41686e-20)
(0.239472 0.00257017 -7.17305e-20)
(0.46695 -0.0118612 4.24389e-21)
(0.732435 -0.0400852 2.08761e-20)
(0.984487 -0.0741775 -3.08742e-20)
(1.1796 -0.10324 -8.97884e-20)
(-0.00612592 -0.00504663 -1.65832e-20)
(0.0542941 0.000503618 4.44983e-20)
(0.18899 0.000951219 4.49376e-20)
(0.39201 -0.00706101 -5.06399e-20)
(0.643406 -0.0278413 7.24107e-21)
(-0.0115164 -0.00758269 -3.97123e-20)
(0.0320599 -0.00454726 -6.92519e-20)
(0.143856 -0.00236798 -1.49477e-20)
(0.321652 -0.0052807 2.79378e-20)
(-0.0156172 -0.00995981 2.98916e-20)
(0.0134601 -0.00977785 3.17811e-22)
(0.104227 -0.00688056 -7.23789e-21)
(-0.0185444 -0.0120788 -9.95768e-21)
(-0.00172146 -0.0149018 -1.74266e-20)
(-0.0204203 -0.0138637 6.87838e-20)
(-0.0137466 -0.019701 5.43684e-20)
(-0.021376 -0.0152693 1.32883e-20)
(0.998566 -0.00338803 -1.43427e-22)
(0.998799 -0.00902683 6.4934e-22)
(0.992392 -0.0182666 3.21749e-22)
(0.989405 -0.0256238 1.51927e-22)
(0.979876 -0.0379854 3.16731e-22)
(0.974535 -0.0478902 -1.36592e-21)
(0.962454 -0.065096 -1.87231e-21)
(0.955756 -0.0794752 6.0557e-22)
(0.942257 -0.104161 1.95945e-21)
(0.93647 -0.124969 2.36194e-21)
(0.92404 -0.160218 4.10031e-21)
(0.923594 -0.187703 -9.58312e-22)
(0.916937 -0.237022 -5.94024e-21)
(0.928811 -0.266365 -1.54857e-21)
(0.939729 -0.339841 4.12967e-21)
(0.998611 -0.00324789 -8.20038e-22)
(0.998674 -0.00864136 3.12138e-22)
(0.992305 -0.0175842 -5.26913e-22)
(0.988985 -0.0246004 1.44951e-21)
(0.979413 -0.036553 -1.30541e-21)
(0.973498 -0.0459531 1.54791e-22)
(0.961185 -0.0625588 1.97505e-21)
(0.953488 -0.0762173 -3.14444e-21)
(0.939367 -0.100111 1.43233e-21)
(0.931824 -0.120067 -5.28672e-21)
(0.918075 -0.154589 6.06461e-21)
(0.914573 -0.181578 -6.36723e-21)
(0.905556 -0.230889 -9.42623e-22)
(0.911599 -0.261199 7.52239e-21)
(0.917512 -0.334216 -1.75109e-21)
(0.998655 -0.00310384 1.08913e-21)
(0.998563 -0.00823532 7.66753e-22)
(0.992242 -0.0168581 9.35886e-22)
(0.988624 -0.0235146 -7.07285e-22)
(0.979026 -0.0350226 -7.41787e-22)
(0.972611 -0.0438959 2.78221e-21)
(0.960099 -0.0598453 -1.53763e-21)
(0.951546 -0.0727472 4.33981e-21)
(0.936863 -0.09573 -2.68809e-21)
(0.927807 -0.114735 -1.33145e-21)
(0.912831 -0.148192 -1.8729e-21)
(0.906612 -0.174412 1.58095e-21)
(0.895347 -0.222741 4.4604e-21)
(0.896587 -0.253861 -1.25466e-20)
(0.897803 -0.324495 1.39881e-20)
(0.998697 -0.00295963 1.56552e-22)
(0.99846 -0.00782977 -1.27072e-21)
(0.992192 -0.016143 -2.39185e-21)
(0.9883 -0.0224668 4.21357e-22)
(0.978686 -0.033539 -8.27837e-23)
(0.971821 -0.0419278 7.89596e-22)
(0.959129 -0.0572277 2.41195e-21)
(0.949811 -0.0694245 -1.6255e-21)
(0.934607 -0.0914667 2.12289e-21)
(0.924176 -0.109556 -4.29004e-21)
(0.90805 -0.141767 2.89895e-21)
(0.899302 -0.167174 1.98188e-21)
(0.885804 -0.21396 4.86806e-21)
(0.882707 -0.245536 -8.43296e-21)
(0.879314 -0.313971 2.08673e-22)
(0.998738 -0.00281206 -1.37975e-21)
(0.998363 -0.00742797 -3.32614e-22)
(0.99215 -0.0154222 -3.32154e-22)
(0.988003 -0.0214219 1.8656e-21)
(0.97838 -0.0320456 3.50258e-23)
(0.971099 -0.0399584 -2.94235e-22)
(0.958246 -0.0545845 -1.69785e-21)
(0.948219 -0.0660824 -1.49547e-22)
(0.932537 -0.0871307 5.41243e-21)
(0.920816 -0.104304 -6.33033e-21)
(0.903609 -0.135136 2.03098e-21)
(0.892471 -0.159689 3.13239e-21)
(0.876773 -0.20466 1.04781e-21)
(0.869632 -0.23626 -4.71272e-21)
(0.861807 -0.302506 1.15291e-22)
(0.998778 -0.00266062 2.54155e-22)
(0.998271 -0.00704476 2.28166e-22)
(0.992115 -0.0146911 7.91534e-22)
(0.987728 -0.02037 -1.03694e-21)
(0.978102 -0.0305279 2.94663e-22)
(0.97043 -0.037969 -8.20043e-22)
(0.957433 -0.0518924 4.3784e-22)
(0.946738 -0.0626952 -1.88796e-21)
(0.930617 -0.0826935 3.66163e-21)
(0.917673 -0.0989458 -7.36727e-23)
(0.899447 -0.128276 -6.67861e-21)
(0.886055 -0.151903 4.21539e-22)
(0.868211 -0.194842 7.24078e-21)
(0.85727 -0.226065 1.98151e-22)
(0.845205 -0.289882 -8.50093e-21)
(0.998815 -0.00250606 2.20763e-22)
(0.998183 -0.00666731 -1.31023e-21)
(0.992087 -0.0139506 -9.90442e-22)
(0.987469 -0.0193148 1.18766e-21)
(0.977848 -0.028991 -8.538e-22)
(0.969805 -0.0359684 6.93876e-22)
(0.956682 -0.0491622 -3.71984e-22)
(0.945351 -0.0592782 -4.23797e-22)
(0.928829 -0.0781732 2.79753e-21)
(0.914725 -0.0935 -5.63266e-21)
(0.895537 -0.121216 4.53396e-21)
(0.880029 -0.143832 6.39504e-21)
(0.860118 -0.18455 -7.94093e-21)
(0.8456 -0.215038 -1.50382e-21)
(0.829498 -0.276133 -7.25292e-21)
(0.998853 -0.00234913 -1.23256e-22)
(0.998099 -0.00628199 8.19289e-22)
(0.992067 -0.013201 -9.05673e-22)
(0.987225 -0.0182587 2.1207e-21)
(0.977617 -0.0274373 -2.29094e-21)
(0.969217 -0.0339602 -2.34838e-21)
(0.955987 -0.0463977 -5.87717e-22)
(0.94405 -0.0558351 2.83807e-22)
(0.92716 -0.0735764 -2.19766e-21)
(0.911963 -0.0879684 2.48979e-21)
(0.891867 -0.113975 2.68518e-21)
(0.874385 -0.135482 -9.67131e-22)
(0.852504 -0.173823 -3.35787e-21)
(0.834627 -0.203259 7.01491e-21)
(0.814703 -0.261319 -6.80717e-21)
(0.998889 -0.00218948 -5.35869e-22)
(0.998019 -0.00589458 5.07785e-21)
(0.992052 -0.0124437 1.17788e-22)
(0.986995 -0.0172025 1.05452e-21)
(0.977408 -0.0258675 -1.90157e-22)
(0.968664 -0.0319451 3.16622e-21)
(0.955344 -0.0435998 4.95039e-22)
(0.942832 -0.0523657 5.11416e-23)
(0.925605 -0.0689068 -3.4075e-21)
(0.909384 -0.0823498 -6.19265e-22)
(0.888433 -0.106565 3.0303e-21)
(0.869121 -0.126864 -4.35936e-21)
(0.845381 -0.162691 -3.30974e-21)
(0.824364 -0.190793 3.95641e-21)
(0.800848 -0.245504 -3.43315e-21)
(0.998925 -0.00202703 1.3371e-21)
(0.997943 -0.0055084 -2.85139e-21)
(0.992043 -0.0116796 1.52934e-21)
(0.986778 -0.0161473 -2.18412e-21)
(0.977218 -0.0242822 -8.09508e-22)
(0.968148 -0.0299239 4.55692e-22)
(0.95475 -0.0407701 -1.67016e-21)
(0.941697 -0.0488705 2.94813e-21)
(0.924159 -0.0641696 1.6085e-21)
(0.90699 -0.0766446 -9.18601e-22)
(0.885236 -0.0990016 2.84009e-21)
(0.86424 -0.117992 -5.3639e-21)
(0.838763 -0.15118 9.35975e-21)
(0.814833 -0.1777 -6.55534e-21)
(0.787965 -0.228756 -3.36077e-21)
(0.99896 -0.00186196 -9.49809e-22)
(0.99787 -0.00512388 1.2895e-22)
(0.992039 -0.0109096 1.12237e-23)
(0.986574 -0.0150939 2.02213e-21)
(0.977047 -0.0226826 5.05975e-22)
(0.967667 -0.0278973 -9.37144e-22)
(0.954204 -0.037911 1.08766e-21)
(0.940646 -0.0453496 -2.1425e-21)
(0.922821 -0.0593703 9.09158e-22)
(0.904783 -0.0708544 6.04047e-22)
(0.882281 -0.0912962 -2.7929e-21)
(0.859745 -0.10888 2.11671e-21)
(0.832664 -0.139318 5.59504e-21)
(0.806054 -0.164034 -2.72801e-21)
(0.77609 -0.211148 -7.45248e-21)
(0.998994 -0.00169441 -1.08093e-21)
(0.997801 -0.00474113 -2.28784e-22)
(0.992039 -0.0101352 -9.89381e-22)
(0.986385 -0.0140429 -2.94323e-21)
(0.976893 -0.0210698 1.4281e-21)
(0.967223 -0.0258659 -1.37838e-21)
(0.953703 -0.0350247 1.85669e-21)
(0.939682 -0.0418036 2.77558e-21)
(0.921592 -0.0545145 -1.82011e-21)
(0.902765 -0.064982 3.75014e-21)
(0.879571 -0.0834606 -2.0173e-21)
(0.855642 -0.0995452 -3.1177e-21)
(0.827095 -0.127131 -1.99167e-21)
(0.798048 -0.149847 8.13493e-21)
(0.765253 -0.192757 -2.68678e-21)
(0.999026 -0.0015245 1.12286e-21)
(0.997736 -0.00436038 5.43997e-22)
(0.992042 -0.00935756 -7.87998e-23)
(0.98621 -0.0129946 1.18133e-21)
(0.976755 -0.0194448 -1.89385e-21)
(0.966817 -0.0238299 -4.72424e-22)
(0.953248 -0.0321138 -4.27922e-23)
(0.938806 -0.0382329 -9.3638e-22)
(0.920473 -0.0496077 -2.77323e-21)
(0.900938 -0.0590312 -1.43625e-21)
(0.877113 -0.0755061 5.33724e-21)
(0.851936 -0.0900064 -8.2688e-22)
(0.822068 -0.114647 -8.70393e-22)
(0.790834 -0.135191 -7.31439e-22)
(0.755487 -0.173662 -3.48906e-21)
(0.999056 -0.00135235 6.79388e-22)
(0.997676 -0.00398182 -1.25549e-21)
(0.992047 -0.00857714 5.34908e-22)
(0.986052 -0.0119491 -1.44664e-21)
(0.976633 -0.0178089 -9.25658e-23)
(0.966451 -0.0217895 7.92549e-23)
(0.952837 -0.0291809 1.1703e-22)
(0.938019 -0.0346383 1.76211e-22)
(0.919464 -0.0446554 -1.28911e-21)
(0.899304 -0.0530069 1.6728e-21)
(0.874913 -0.0674436 -2.75354e-21)
(0.848633 -0.0802823 6.0621e-22)
(0.817593 -0.101894 1.88571e-21)
(0.784428 -0.120114 -1.28106e-22)
(0.746816 -0.153944 2.35306e-21)
(0.999083 -0.00117814 -6.61572e-22)
(0.997621 -0.00360556 1.5226e-21)
(0.992053 -0.0077933 -9.58066e-22)
(0.98591 -0.0109058 1.18019e-21)
(0.976524 -0.0161632 6.53703e-22)
(0.966125 -0.0197446 -4.10597e-22)
(0.952469 -0.0262285 -7.43578e-23)
(0.937323 -0.0310209 -4.81453e-22)
(0.918569 -0.0396626 1.71e-22)
(0.897866 -0.046915 -1.43941e-21)
(0.872975 -0.0592844 6.75318e-22)
(0.84574 -0.0703926 -4.72538e-21)
(0.813681 -0.0889027 6.68561e-21)
(0.778846 -0.104668 -2.02294e-21)
(0.739266 -0.133683 -4.40948e-21)
(0.999107 -0.00100205 -3.08234e-22)
(0.997573 -0.00323157 -4.70294e-22)
(0.992059 -0.00700504 3.27573e-22)
(0.985786 -0.00986397 8.15176e-23)
(0.976429 -0.0145088 9.01738e-22)
(0.96584 -0.017695 -3.25205e-22)
(0.952146 -0.023259 1.80896e-22)
(0.936718 -0.0273819 -7.50218e-23)
(0.917789 -0.0346342 5.30803e-22)
(0.896626 -0.0407622 1.01686e-21)
(0.871305 -0.0510397 1.48871e-21)
(0.843263 -0.0603578 -2.46823e-21)
(0.810339 -0.0757035 1.10033e-21)
(0.7741 -0.088904 -1.44416e-21)
(0.732854 -0.112959 -4.14208e-21)
(0.999126 -0.000824349 1.09401e-21)
(0.997531 -0.00285889 -1.282e-22)
(0.992063 -0.00621173 5.11955e-22)
(0.985681 -0.00882277 4.40792e-22)
(0.976345 -0.0128468 -1.40573e-21)
(0.965597 -0.0156404 5.39088e-23)
(0.951867 -0.0202748 2.21089e-22)
(0.936205 -0.0237231 1.37747e-22)
(0.917125 -0.0295754 -5.2467e-22)
(0.895584 -0.0345565 4.79594e-22)
(0.869907 -0.0427222 2.27406e-21)
(0.841205 -0.0502001 -9.10062e-22)
(0.807575 -0.062329 2.12294e-21)
(0.770198 -0.0728739 -4.69576e-21)
(0.727596 -0.0918566 5.96963e-21)
(0.999142 -0.000645423 -7.81218e-22)
(0.997496 -0.00248628 1.47109e-23)
(0.992066 -0.00541326 -4.56497e-22)
(0.985594 -0.00778109 -2.28911e-22)
(0.976274 -0.0111778 5.01434e-22)
(0.965396 -0.0135803 -2.65044e-23)
(0.951632 -0.0172776 -9.1499e-22)
(0.935784 -0.020046 5.31028e-22)
(0.916579 -0.0244909 -2.40212e-22)
(0.894743 -0.0283061 2.14171e-22)
(0.868783 -0.0343458 7.85252e-22)
(0.839572 -0.0399439 2.4121e-22)
(0.805396 -0.0488121 -1.38424e-21)
(0.767146 -0.0566271 1.77261e-22)
(0.723504 -0.0704531 -1.34497e-21)
(0.999153 -0.000465315 3.80655e-22)
(0.99747 -0.00211912 -2.63542e-23)
(0.992067 -0.00461055 6.65021e-23)
(0.985526 -0.00673748 3.73112e-22)
(0.976214 -0.00950138 -6.80764e-23)
(0.965237 -0.0115116 -3.68393e-22)
(0.951442 -0.0142656 -2.34993e-22)
(0.935455 -0.0163469 2.84885e-22)
(0.916153 -0.0193785 -2.57767e-22)
(0.894103 -0.0220102 3.16104e-22)
(0.867937 -0.0259087 -8.15521e-22)
(0.838367 -0.0295993 4.64122e-22)
(0.803809 -0.0351726 -1.04478e-21)
(0.764951 -0.0401904 4.22008e-22)
(0.720582 -0.0488039 1.81518e-22)
(0.999158 -0.000284442 -6.78856e-23)
(0.997453 -0.00175615 6.66697e-23)
(0.992065 -0.00380451 -8.6384e-23)
(0.985478 -0.00569067 -1.2355e-22)
(0.976165 -0.00781634 1.16494e-22)
(0.965121 -0.00942966 1.8655e-22)
(0.951296 -0.0112327 1.30477e-22)
(0.935219 -0.0126151 -7.96529e-23)
(0.915848 -0.0142206 3.18589e-22)
(0.893667 -0.0156499 5.89325e-23)
(0.867371 -0.0173794 1.52604e-22)
(0.837592 -0.0191456 2.15283e-22)
(0.802823 -0.0214332 -2.99944e-24)
(0.763618 -0.0236423 -1.58507e-22)
(0.718828 -0.0269892 -2.66176e-23)
(1.00001 -0.000269417 0)
(1.00202 -0.000746678 0)
(1.00553 -0.00126092 0)
(1.01012 -0.00168611 0)
(1.01548 -0.00212358 0)
(1.02128 -0.00245796 0)
(1.02731 -0.00278506 0)
(1.03335 -0.00300062 0)
(1.03925 -0.00321008 0)
(1.04486 -0.00330902 0)
(1.05014 -0.00342004 0)
(1.05499 -0.00342107 0)
(1.05943 -0.00346476 0)
(1.06344 -0.00338794 0)
(1.06704 -0.00339987 0)
(1.00002 -0.000794838 0)
(1.00201 -0.00220243 0)
(1.00551 -0.00372173 0)
(1.01009 -0.00497875 0)
(1.01545 -0.00627573 0)
(1.02127 -0.00726871 0)
(1.02735 -0.00824459 0)
(1.03344 -0.00889039 0)
(1.03941 -0.00952144 0)
(1.0451 -0.00982302 0)
(1.05047 -0.0101619 0)
(1.05541 -0.0101716 0)
(1.05996 -0.0103086 0)
(1.06404 -0.0100852 0)
(1.06776 -0.0101257 0)
(1.00002 -0.00129456 0)
(1.00199 -0.00357663 0)
(1.00548 -0.00605935 0)
(1.01002 -0.00811075 0)
(1.0154 -0.0102468 0)
(1.02124 -0.0118823 0)
(1.02741 -0.0135081 0)
(1.03358 -0.0145866 0)
(1.0397 -0.0156561 0)
(1.04552 -0.0161719 0)
(1.05108 -0.0167616 0)
(1.05617 -0.0167918 0)
(1.06092 -0.0170457 0)
(1.06514 -0.0166831 0)
(1.06908 -0.0167762 0)
(1.00003 -0.00176948 0)
(1.00196 -0.00485987 0)
(1.00542 -0.00827156 0)
(1.00991 -0.011081 0)
(1.0153 -0.0140501 0)
(1.02117 -0.0163203 0)
(1.02744 -0.0186149 0)
(1.03373 -0.0201388 0)
(1.04005 -0.021681 0)
(1.04606 -0.0224317 0)
(1.05187 -0.0233111 0)
(1.05717 -0.0233795 0)
(1.06222 -0.0237873 0)
(1.06665 -0.0232941 0)
(1.07089 -0.0234739 0)
(1.00004 -0.00221971 0)
(1.00192 -0.0060462 0)
(1.00533 -0.0103567 0)
(1.00975 -0.0138878 0)
(1.01513 -0.0176923 0)
(1.02102 -0.0205933 0)
(1.0274 -0.0235873 0)
(1.03383 -0.0255768 0)
(1.04039 -0.0276408 0)
(1.04663 -0.0286555 0)
(1.05277 -0.0298782 0)
(1.05834 -0.0300087 0)
(1.06375 -0.0306202 0)
(1.06844 -0.0300066 0)
(1.07309 -0.0303185 0)
(1.00005 -0.00264544 0)
(1.00187 -0.00713022 0)
(1.0052 -0.0123132 0)
(1.00952 -0.0165264 0)
(1.01488 -0.0211732 0)
(1.02076 -0.0247013 0)
(1.02727 -0.0284353 0)
(1.03383 -0.0309157 0)
(1.04066 -0.0335642 0)
(1.04716 -0.034879 0)
(1.05368 -0.0365129 0)
(1.05957 -0.0367351 0)
(1.06542 -0.0376135 0)
(1.07044 -0.0368922 0)
(1.07556 -0.0373937 0)
(1.00006 -0.00304656 0)
(1.0018 -0.00810664 0)
(1.00502 -0.014139 0)
(1.00921 -0.0189887 0)
(1.01451 -0.0244877 0)
(1.02037 -0.0286368 0)
(1.02698 -0.033159 0)
(1.03368 -0.0361584 0)
(1.04079 -0.0394663 0)
(1.04757 -0.0411228 0)
(1.05451 -0.0432501 0)
(1.06077 -0.0435993 0)
(1.06712 -0.0448216 0)
(1.07253 -0.0440084 0)
(1.0782 -0.0447695 0)
(1.00007 -0.00342236 0)
(1.00171 -0.00897094 0)
(1.0048 -0.0158325 0)
(1.00882 -0.0212646 0)
(1.01402 -0.0276274 0)
(1.01982 -0.0323859 0)
(1.0265 -0.0377507 0)
(1.03332 -0.0412973 0)
(1.04071 -0.0453502 0)
(1.04778 -0.0473943 0)
(1.05518 -0.0501112 0)
(1.06185 -0.0506281 0)
(1.06876 -0.052286 0)
(1.07462 -0.0514001 0)
(1.08091 -0.0525045 0)
(1.00007 -0.00377128 0)
(1.00161 -0.00972031 0)
(1.00452 -0.0173918 0)
(1.00834 -0.0233427 0)
(1.01339 -0.0305817 0)
(1.01908 -0.0359305 0)
(1.02579 -0.0421964 0)
(1.0327 -0.0463158 0)
(1.04036 -0.0512086 0)
(1.04773 -0.0536891 0)
(1.0556 -0.0571055 0)
(1.06272 -0.0578366 0)
(1.07023 -0.0600368 0)
(1.0766 -0.0591022 0)
(1.08357 -0.060648 0)
(1.00008 -0.0040908 0)
(1.00149 -0.0103546 0)
(1.00418 -0.0188151 0)
(1.00777 -0.0252114 0)
(1.01261 -0.0333393 0)
(1.01815 -0.039249 0)
(1.02483 -0.0464774 0)
(1.03179 -0.0511895 0)
(1.03967 -0.0570251 0)
(1.04734 -0.059992 0)
(1.05568 -0.0642319 0)
(1.06329 -0.0652288 0)
(1.07144 -0.0680945 0)
(1.07838 -0.0671399 0)
(1.08609 -0.0692411 0)
(1.00007 -0.00437751 0)
(1.00135 -0.0108771 0)
(1.00378 -0.0200996 0)
(1.0071 -0.0268607 0)
(1.01167 -0.0358888 0)
(1.01701 -0.0423182 0)
(1.02358 -0.0505715 0)
(1.03055 -0.0558879 0)
(1.0386 -0.0627756 0)
(1.04655 -0.0662784 0)
(1.05535 -0.0714794 0)
(1.06347 -0.0727987 0)
(1.07229 -0.0764701 0)
(1.07987 -0.0755302 0)
(1.08836 -0.0783175 0)
(1.00006 -0.00462742 0)
(1.0012 -0.0112943 0)
(1.00332 -0.021241 0)
(1.00636 -0.0282834 0)
(1.01058 -0.0382192 0)
(1.01566 -0.045115 0)
(1.02203 -0.0544546 0)
(1.02895 -0.0603753 0)
(1.0371 -0.0684294 0)
(1.04531 -0.0725155 0)
(1.05454 -0.0788277 0)
(1.06319 -0.080531 0)
(1.07269 -0.0851659 0)
(1.08098 -0.0842821 0)
(1.09029 -0.0879045 0)
(1.00003 -0.00483643 0)
(1.00102 -0.0116159 0)
(1.00281 -0.0222333 0)
(1.00553 -0.0294776 0)
(1.00933 -0.0403198 0)
(1.0141 -0.0476182 0)
(1.02017 -0.0581017 0)
(1.02698 -0.0646132 0)
(1.03514 -0.0739511 0)
(1.04357 -0.0786628 0)
(1.05317 -0.0862482 0)
(1.06237 -0.0884009 0)
(1.07254 -0.0941756 0)
(1.08161 -0.093397 0)
(1.09177 -0.098023 0)
(0.999995 -0.00500101 0)
(1.00083 -0.0118537 0)
(1.00225 -0.0230689 0)
(1.00463 -0.0304475 0)
(1.00794 -0.0421794 0)
(1.01234 -0.0498109 0)
(1.018 -0.0614873 0)
(1.02464 -0.0685614 0)
(1.03269 -0.079301 0)
(1.04129 -0.0846734 0)
(1.05119 -0.093704 0)
(1.06095 -0.0963752 0)
(1.07177 -0.103485 0)
(1.08168 -0.102869 0)
(1.09272 -0.108688 0)
(0.999939 -0.00511889 0)
(1.00064 -0.0120199 0)
(1.00165 -0.0237404 0)
(1.00368 -0.0312038 0)
(1.00641 -0.0437858 0)
(1.01041 -0.0516827 0)
(1.01553 -0.064585 0)
(1.02193 -0.0721805 0)
(1.02974 -0.0844368 0)
(1.03846 -0.0904944 0)
(1.04855 -0.101151 0)
(1.05886 -0.104412 0)
(1.07029 -0.113069 0)
(1.08111 -0.112683 0)
(1.09302 -0.119907 0)
(0.999862 -0.00518949 0)
(1.00045 -0.0121257 0)
(1.00101 -0.0242419 0)
(1.00268 -0.0317621 0)
(1.00476 -0.0451255 0)
(1.00831 -0.0532312 0)
(1.01277 -0.0673674 0)
(1.01887 -0.0754352 0)
(1.02627 -0.0893139 0)
(1.03505 -0.0960684 0)
(1.0452 -0.108537 0)
(1.05605 -0.112461 0)
(1.06803 -0.122898 0)
(1.07981 -0.122819 0)
(1.09259 -0.131683 0)
(0.999762 -0.00521424 0)
(1.00028 -0.0121801 0)
(1.00034 -0.0245712 0)
(1.00166 -0.0321409 0)
(1.00301 -0.0461857 0)
(1.00607 -0.0544632 0)
(1.00975 -0.069805 0)
(1.01547 -0.0782974 0)
(1.02229 -0.093885 0)
(1.03106 -0.101335 0)
(1.04112 -0.115806 0)
(1.05249 -0.120464 0)
(1.0649 -0.132928 0)
(1.07772 -0.133247 0)
(1.09134 -0.144011 0)
(0.999636 -0.00519653 0)
(1.00013 -0.0121895 0)
(0.999638 -0.0247311 0)
(1.00063 -0.0323589 0)
(1.00118 -0.0469563 0)
(1.00373 -0.0553927 0)
(1.0065 -0.0718673 0)
(1.01177 -0.080749 0)
(1.01783 -0.0980993 0)
(1.02651 -0.106236 0)
(1.03626 -0.122895 0)
(1.04812 -0.128353 0)
(1.06085 -0.143109 0)
(1.07476 -0.143929 0)
(1.08916 -0.156878 0)
(0.999486 -0.00514133 0)
(1.00001 -0.0121571 0)
(0.998913 -0.0247298 0)
(0.999604 -0.0324328 0)
(0.999278 -0.0474328 0)
(1.00131 -0.0560391 0)
(1.00305 -0.0735237 0)
(1.0078 -0.0827838 0)
(1.01291 -0.1019 0)
(1.02141 -0.110713 0)
(1.03063 -0.129735 0)
(1.04293 -0.136052 0)
(1.0558 -0.153381 0)
(1.07085 -0.154819 0)
(1.08595 -0.170263 0)
(0.999314 -0.00505472 0)
(0.99992 -0.012084 0)
(0.998166 -0.0245809 0)
(0.998611 -0.032376 0)
(0.997328 -0.0476187 0)
(0.998843 -0.0564234 0)
(0.999439 -0.0747477 0)
(1.00359 -0.0844071 0)
(1.00757 -0.105226 0)
(1.01577 -0.114723 0)
(1.02423 -0.136252 0)
(1.0369 -0.143477 0)
(1.04971 -0.16368 0)
(1.06593 -0.165861 0)
(1.08163 -0.184137 0)
(0.999128 -0.00494322 0)
(0.999871 -0.0119695 0)
(0.997403 -0.0243017 0)
(0.997662 -0.0321975 0)
(0.995339 -0.0475263 0)
(0.996373 -0.0565645 0)
(0.995692 -0.0755217 0)
(0.999204 -0.0856327 0)
(1.00185 -0.108012 0)
(1.00963 -0.118234 0)
(1.01707 -0.142357 0)
(1.03002 -0.150543 0)
(1.04252 -0.173934 0)
(1.05993 -0.176985 0)
(1.0761 -0.198466 0)
(0.998939 -0.00481315 0)
(0.999848 -0.0118123 0)
(0.996637 -0.0239121 0)
(0.996762 -0.031903 0)
(0.993328 -0.0471773 0)
(0.993932 -0.0564766 0)
(0.991841 -0.0758412 0)
(0.994688 -0.0864781 0)
(0.995822 -0.110194 0)
(1.00304 -0.121232 0)
(1.0092 -0.147943 0)
(1.02228 -0.157165 0)
(1.03419 -0.184062 0)
(1.05282 -0.188111 0)
(1.06929 -0.213222 0)
(0.998761 -0.00467001 0)
(0.999836 -0.0116122 0)
(0.995885 -0.0234322 0)
(0.995907 -0.031496 0)
(0.991321 -0.0466005 0)
(0.991541 -0.0561683 0)
(0.987918 -0.0757191 0)
(0.990107 -0.0869574 0)
(0.989514 -0.111718 0)
(0.99605 -0.123719 0)
(1.00067 -0.152889 0)
(1.01369 -0.163279 0)
(1.02473 -0.193961 0)
(1.04453 -0.199144 0)
(1.06112 -0.228374 0)
(0.99861 -0.00451806 0)
(0.999815 -0.0113706 0)
(0.995173 -0.0228806 0)
(0.995078 -0.0309802 0)
(0.989356 -0.0458292 0)
(0.989207 -0.0556438 0)
(0.983973 -0.0751868 0)
(0.985517 -0.0870768 0)
(0.982984 -0.112558 0)
(0.988761 -0.125702 0)
(0.991545 -0.157061 0)
(1.00428 -0.168847 0)
(1.01416 -0.203493 0)
(1.03502 -0.209962 0)
(1.05155 -0.243868 0)
(0.998495 -0.00436016 0)
(0.999767 -0.011091 0)
(0.994524 -0.0222727 0)
(0.994253 -0.0303621 0)
(0.987479 -0.0448967 0)
(0.986915 -0.0549076 0)
(0.980079 -0.0742905 0)
(0.980948 -0.0868343 0)
(0.976313 -0.112721 0)
(0.981271 -0.127182 0)
(0.981875 -0.16034 0)
(0.994148 -0.173864 0)
(1.00251 -0.212483 0)
(1.02429 -0.220417 0)
(1.0405 -0.259581 0)
(0.998424 -0.004198 0)
(0.999679 -0.0107782 0)
(0.993955 -0.0216204 0)
(0.993412 -0.029651 0)
(0.985734 -0.0438315 0)
(0.984642 -0.0539675 0)
(0.976327 -0.0730803 0)
(0.976402 -0.0862213 0)
(0.969633 -0.112245 0)
(0.973658 -0.128133 0)
(0.971765 -0.16263 0)
(0.983424 -0.178327 0)
(0.989838 -0.220739 0)
(1.01236 -0.230401 0)
(1.02791 -0.275423 0)
(0.998396 -0.00403241 0)
(0.999548 -0.0104377 0)
(0.993476 -0.0209308 0)
(0.992548 -0.0288566 0)
(0.984156 -0.0426504 0)
(0.982379 -0.0528303 0)
(0.972809 -0.0715884 0)
(0.971875 -0.0852194 0)
(0.963124 -0.111167 0)
(0.965954 -0.128489 0)
(0.96141 -0.163859 0)
(0.972198 -0.182205 0)
(0.976188 -0.22806 0)
(0.999335 -0.240082 0)
(1.01369 -0.291757 0)
(0.998407 -0.00386383 0)
(0.999378 -0.010077 0)
(0.993084 -0.0202076 0)
(0.991672 -0.0279895 0)
(0.982764 -0.0413581 0)
(0.980148 -0.0515039 0)
(0.969598 -0.0698242 0)
(0.967393 -0.0838176 0)
(0.956968 -0.109512 0)
(0.958172 -0.128195 0)
(0.951092 -0.164021 0)
(0.960417 -0.185484 0)
(0.961596 -0.234228 0)
(0.985013 -0.250133 0)
(0.997774 -0.30989 0)
(0.998447 -0.00369398 0)
(0.999181 -0.00970989 0)
(0.992773 -0.0194689 0)
(0.990814 -0.0270871 0)
(0.981566 -0.0399989 0)
(0.978004 -0.0500614 0)
(0.966741 -0.0678807 0)
(0.963039 -0.0821402 0)
(0.951296 -0.107466 0)
(0.950368 -0.127405 0)
(0.941078 -0.163364 0)
(0.947919 -0.188202 0)
(0.946089 -0.238834 0)
(0.968424 -0.260837 0)
(0.980068 -0.33069 0)
(0.998506 -0.00352883 0)
(0.998974 -0.00935209 0)
(0.992536 -0.0187804 0)
(0.990011 -0.0262541 0)
(0.980564 -0.0387745 0)
(0.976023 -0.0487644 0)
(0.964251 -0.0661579 0)
(0.958926 -0.080616 0)
(0.946143 -0.1056 0)
(0.94266 -0.126484 0)
(0.931506 -0.162315 0)
(0.934699 -0.189747 0)
(0.929896 -0.240586 0)
(0.948079 -0.268668 0)
(0.959961 -0.347801 0)
(1.06933 -0.00329596 -1.22364e-23)
(1.07052 -0.00323898 2.28019e-23)
(1.07169 -0.00318032 -2.14044e-23)
(1.07284 -0.00312048 3.69939e-23)
(1.07398 -0.00305957 6.62829e-24)
(1.07511 -0.00299768 -1.03179e-23)
(1.07623 -0.00293499 -2.09467e-23)
(1.07733 -0.0028717 3.06016e-24)
(1.07842 -0.00280802 -1.11051e-23)
(1.07949 -0.0027441 2.32862e-23)
(1.08053 -0.00268005 -1.60735e-23)
(1.08156 -0.00261597 4.95308e-24)
(1.08257 -0.0025519 4.78639e-24)
(1.08356 -0.0024879 1.93645e-23)
(1.08453 -0.00242398 -1.37902e-23)
(1.08547 -0.00236013 1.62245e-23)
(1.08639 -0.00229634 -2.03227e-23)
(1.08728 -0.00223253 -2.68997e-23)
(1.08815 -0.00216867 1.343e-23)
(1.08899 -0.00210451 -5.06094e-25)
(1.07009 -0.00982151 1.30109e-24)
(1.07128 -0.00965957 -2.1578e-23)
(1.07245 -0.00949517 -8.71525e-25)
(1.07361 -0.00932886 -1.05863e-23)
(1.07476 -0.00916026 3.29504e-23)
(1.0759 -0.00898908 1.30583e-23)
(1.07703 -0.00881534 -7.15389e-24)
(1.07814 -0.00863922 -1.38814e-24)
(1.07924 -0.00846089 3.94973e-24)
(1.08033 -0.00828047 7.95465e-24)
(1.08139 -0.00809802 -1.28663e-23)
(1.08244 -0.00791358 1.79081e-23)
(1.08347 -0.00772719 1.29406e-23)
(1.08448 -0.00753888 -3.39704e-23)
(1.08547 -0.00734867 2.82011e-23)
(1.08643 -0.00715657 -2.84045e-23)
(1.08738 -0.00696257 -1.32405e-23)
(1.0883 -0.00676664 2.41449e-23)
(1.08919 -0.00656877 -4.5033e-24)
(1.09006 -0.00636887 -9.09632e-26)
(1.07148 -0.0162728 2.7126e-23)
(1.0727 -0.016007 -6.45276e-24)
(1.07389 -0.0157367 -4.36374e-23)
(1.07507 -0.0154627 -5.72747e-24)
(1.07624 -0.0151843 -1.02623e-23)
(1.07741 -0.014901 1.14855e-23)
(1.07857 -0.014613 1.88717e-23)
(1.07972 -0.0143204 3.62142e-24)
(1.08085 -0.0140237 9.70564e-24)
(1.08197 -0.0137229 5.30324e-24)
(1.08307 -0.0134183 -2.06418e-23)
(1.08416 -0.01311 -6.97886e-23)
(1.08522 -0.0127981 4.16381e-23)
(1.08627 -0.0124827 -8.45943e-24)
(1.0873 -0.0121639 -6.86627e-24)
(1.0883 -0.0118417 -4.68095e-23)
(1.08928 -0.0115162 4.18031e-23)
(1.09024 -0.0111875 -7.4858e-24)
(1.09117 -0.0108556 2.07747e-23)
(1.09208 -0.0105205 -9.95105e-25)
(1.07341 -0.0227686 2.72169e-23)
(1.07467 -0.0223985 -1.45373e-23)
(1.07589 -0.022022 5.23644e-23)
(1.07711 -0.0216402 -3.46283e-23)
(1.07832 -0.0212521 -7.43321e-24)
(1.07953 -0.0208571 -7.47561e-24)
(1.08074 -0.0204551 -3.90844e-25)
(1.08193 -0.0200467 -2.33845e-23)
(1.08311 -0.0196321 1.63408e-23)
(1.08428 -0.0192117 1.63464e-24)
(1.08543 -0.0187856 -9.46512e-24)
(1.08657 -0.018354 2.19539e-23)
(1.08769 -0.017917 5.40571e-23)
(1.08879 -0.0174748 -4.16873e-23)
(1.08987 -0.0170274 -3.55802e-23)
(1.09093 -0.0165749 5.51816e-23)
(1.09196 -0.0161176 -3.69706e-23)
(1.09297 -0.0156553 1.29267e-23)
(1.09396 -0.0151881 1.59669e-23)
(1.09492 -0.014716 -9.58004e-24)
(1.07577 -0.0294065 -4.1459e-23)
(1.07709 -0.0289306 6.55075e-23)
(1.07835 -0.0284463 2.13161e-23)
(1.07962 -0.0279549 -1.41638e-23)
(1.08089 -0.027455 -4.17336e-24)
(1.08216 -0.026946 7.15908e-24)
(1.08343 -0.0264277 -9.11817e-24)
(1.08469 -0.0259006 -1.53345e-23)
(1.08594 -0.0253654 3.25095e-23)
(1.08717 -0.0248221 -8.03408e-23)
(1.08839 -0.0242712 2.75635e-23)
(1.08959 -0.0237126 8.95684e-24)
(1.09078 -0.0231466 1.72524e-24)
(1.09195 -0.0225733 -1.43378e-23)
(1.0931 -0.0219929 -2.4255e-23)
(1.09423 -0.0214056 -1.7602e-23)
(1.09533 -0.0208114 4.5575e-23)
(1.09642 -0.0202104 -5.18866e-24)
(1.09748 -0.0196026 -1.912e-24)
(1.09851 -0.0189882 -1.07929e-23)
(1.07844 -0.0362686 -3.58388e-23)
(1.07984 -0.0356844 -6.20891e-23)
(1.08117 -0.0350893 1.61882e-23)
(1.0825 -0.0344851 1.56701e-23)
(1.08385 -0.0338703 -3.11992e-24)
(1.08521 -0.0332438 -8.01552e-24)
(1.08656 -0.0326056 3.49069e-23)
(1.08789 -0.0319563 -2.44398e-23)
(1.08922 -0.0312965 1.10015e-23)
(1.09054 -0.0306265 6.65542e-23)
(1.09184 -0.0299464 -3.48209e-23)
(1.09313 -0.0292565 6.5575e-23)
(1.0944 -0.0285569 -3.92435e-25)
(1.09566 -0.027848 -4.04505e-23)
(1.0969 -0.0271297 -1.48614e-23)
(1.09811 -0.0264024 -1.91152e-23)
(1.09931 -0.0256661 -2.51212e-23)
(1.10048 -0.0249208 -6.635e-26)
(1.10163 -0.0241668 8.53482e-24)
(1.10276 -0.0234041 -1.56229e-25)
(1.08132 -0.043424 3.29957e-23)
(1.08283 -0.0427281 -6.83888e-24)
(1.08425 -0.0420187 -5.22311e-23)
(1.08567 -0.0412978 -6.81806e-24)
(1.08711 -0.0405639 1.07603e-23)
(1.08857 -0.0398156 7.79772e-25)
(1.09002 -0.0390531 -5.4041e-23)
(1.09146 -0.0382769 4.08677e-23)
(1.09289 -0.0374876 -7.36881e-23)
(1.09431 -0.0366857 5.19825e-23)
(1.09571 -0.0358712 -8.85998e-23)
(1.09711 -0.0350444 1.09092e-22)
(1.09849 -0.0342056 -8.94557e-23)
(1.09985 -0.0333549 -7.9223e-25)
(1.10119 -0.0324925 1.01987e-22)
(1.10252 -0.0316186 3.50541e-24)
(1.10382 -0.0307334 3.74206e-23)
(1.1051 -0.0298369 -3.24499e-23)
(1.10636 -0.0289293 -3.76108e-23)
(1.10759 -0.0280106 1.64097e-23)
(1.08432 -0.0509312 -3.50186e-23)
(1.08597 -0.0501202 4.36955e-23)
(1.0875 -0.0492922 2.61548e-23)
(1.08902 -0.0484501 3.51238e-25)
(1.09058 -0.0475924 3.04625e-24)
(1.09216 -0.0467175 1.1025e-23)
(1.09374 -0.0458255 5.18044e-24)
(1.0953 -0.0449171 -3.14209e-23)
(1.09686 -0.0439929 -3.78167e-23)
(1.0984 -0.0430532 -1.29928e-22)
(1.09993 -0.0420982 7.28518e-23)
(1.10145 -0.0411283 -1.65072e-22)
(1.10295 -0.0401436 6.05797e-23)
(1.10444 -0.0391443 1.27505e-22)
(1.10591 -0.0381307 -1.09117e-22)
(1.10736 -0.037103 9.78592e-23)
(1.10879 -0.0360612 2.04505e-23)
(1.1102 -0.0350056 -5.63712e-23)
(1.11159 -0.0339363 1.19185e-23)
(1.11295 -0.0328534 3.01464e-24)
(1.08733 -0.0588402 8.62681e-23)
(1.08915 -0.0579105 -6.26219e-23)
(1.09081 -0.0569598 -8.20159e-24)
(1.09248 -0.0559918 -1.95375e-24)
(1.09418 -0.0550052 1.0561e-23)
(1.09591 -0.0539984 -3.91721e-23)
(1.09764 -0.0529715 -1.5811e-23)
(1.09935 -0.0519252 7.60049e-23)
(1.10105 -0.0508599 1.753e-22)
(1.10274 -0.0497762 9.86583e-23)
(1.10442 -0.0486742 -2.22788e-22)
(1.10609 -0.0475542 2.08637e-22)
(1.10774 -0.0464165 -1.72963e-22)
(1.10938 -0.0452612 1.59656e-22)
(1.11099 -0.0440886 9.5622e-23)
(1.11259 -0.042899 -1.0293e-22)
(1.11417 -0.0416925 -3.06789e-23)
(1.11573 -0.0404691 4.68621e-23)
(1.11726 -0.0392293 4.2726e-23)
(1.11878 -0.0379729 -2.72293e-24)
(1.09026 -0.0671935 -8.73971e-23)
(1.09227 -0.0661421 2.58151e-23)
(1.09412 -0.0650646 6.79298e-24)
(1.09595 -0.063966 -6.35453e-24)
(1.09783 -0.0628454 -1.54503e-23)
(1.09973 -0.0617014 1.25893e-22)
(1.10164 -0.060534 -5.62191e-24)
(1.10352 -0.0593437 -2.24103e-22)
(1.1054 -0.0581312 -3.0133e-22)
(1.10726 -0.0568967 3.44932e-23)
(1.10912 -0.0556407 1.28324e-22)
(1.11096 -0.0543633 -1.4238e-22)
(1.11278 -0.0530649 2.15384e-22)
(1.11459 -0.0517457 1.81199e-23)
(1.11638 -0.0504059 -6.55677e-23)
(1.11815 -0.0490458 -2.87229e-23)
(1.1199 -0.0476656 7.64275e-23)
(1.12163 -0.0462653 1.7485e-23)
(1.12334 -0.0448455 4.46317e-23)
(1.12502 -0.0434061 -4.11683e-23)
(1.093 -0.0760269 6.27056e-23)
(1.09526 -0.0748517 3.41452e-24)
(1.09732 -0.073644 9.64665e-24)
(1.09935 -0.0724102 3.49947e-23)
(1.10144 -0.0711507 2.5959e-23)
(1.10355 -0.0698643 -1.12096e-22)
(1.10566 -0.0685508 -9.00275e-23)
(1.10776 -0.0672106 9.44148e-23)
(1.10984 -0.0658443 2.56935e-22)
(1.1119 -0.0644523 2.07668e-22)
(1.11396 -0.0630349 -9.46179e-23)
(1.116 -0.0615925 2.14007e-23)
(1.11803 -0.0601254 -1.84569e-22)
(1.12003 -0.0586338 -2.33935e-22)
(1.12202 -0.0571182 1.53974e-22)
(1.12399 -0.0555785 -7.04471e-23)
(1.12594 -0.0540152 6.08464e-23)
(1.12786 -0.0524282 1.85606e-23)
(1.12976 -0.0508188 -6.78859e-23)
(1.13164 -0.0491862 2.70168e-23)
(1.09547 -0.0853707 7.35979e-23)
(1.09802 -0.0840708 -4.97069e-24)
(1.10034 -0.0827301 1.97925e-24)
(1.10262 -0.0813572 -4.02904e-23)
(1.10494 -0.0799542 -1.56977e-22)
(1.1073 -0.0785205 -9.306e-23)
(1.10965 -0.0770555 8.37167e-23)
(1.11198 -0.0755595 3.12036e-22)
(1.1143 -0.0740329 9.80181e-23)
(1.1166 -0.0724763 7.89738e-23)
(1.11889 -0.0708902 -1.2304e-22)
(1.12116 -0.0692749 -3.52912e-22)
(1.12341 -0.0676308 2.76896e-22)
(1.12565 -0.0659583 1.32734e-22)
(1.12786 -0.0642576 -2.32754e-22)
(1.13005 -0.0625287 2.19336e-22)
(1.13222 -0.0607723 2.06098e-23)
(1.13437 -0.0589876 2.60981e-23)
(1.13648 -0.0571782 6.04468e-23)
(1.13858 -0.0553423 5.48175e-23)
(1.09756 -0.0952498 -1.04038e-22)
(1.10046 -0.0938259 1.9969e-24)
(1.10309 -0.0923506 -1.6984e-23)
(1.10566 -0.0908353 -1.1933e-22)
(1.10826 -0.0892848 5.17264e-23)
(1.1109 -0.0876994 3.13511e-22)
(1.11353 -0.086078 2.85967e-23)
(1.11614 -0.0844204 -7.53901e-23)
(1.11873 -0.0827271 -2.91043e-22)
(1.1213 -0.0809988 1.35234e-22)
(1.12386 -0.0792362 4.66211e-22)
(1.12639 -0.07744 1.23831e-22)
(1.1289 -0.0756106 3.19758e-22)
(1.13139 -0.0737484 -1.24267e-22)
(1.13386 -0.0718539 -3.29858e-22)
(1.13631 -0.0699274 9.74679e-24)
(1.13873 -0.0679692 1.49093e-22)
(1.14112 -0.0659797 -1.67198e-22)
(1.14348 -0.0639566 9.04844e-24)
(1.14582 -0.0619015 -5.38854e-23)
(1.09919 -0.105684 -3.30338e-24)
(1.10249 -0.104139 1.62441e-23)
(1.1055 -0.102529 9.13214e-23)
(1.10841 -0.100869 2.13692e-22)
(1.11134 -0.0991682 7.47467e-23)
(1.1143 -0.0974273 -1.88475e-23)
(1.11725 -0.0956449 -2.7186e-23)
(1.12018 -0.0938202 -2.17913e-22)
(1.12308 -0.0919536 2.49165e-22)
(1.12596 -0.0900462 -2.29031e-22)
(1.12881 -0.0880991 -4.71845e-22)
(1.13164 -0.0861132 -1.60916e-22)
(1.13445 -0.0840891 -6.39943e-23)
(1.13723 -0.0820276 2.55343e-22)
(1.13998 -0.0799291 1.55491e-22)
(1.14271 -0.0777947 -2.68453e-22)
(1.1454 -0.0756244 -4.439e-22)
(1.14807 -0.0734199 -8.96443e-25)
(1.15072 -0.0711753 1.42699e-22)
(1.15334 -0.0688917 7.10013e-23)
(1.10026 -0.116689 -2.83073e-23)
(1.10404 -0.115028 -1.68301e-23)
(1.1075 -0.113286 1.20235e-23)
(1.1108 -0.11148 5.19524e-23)
(1.1141 -0.109627 -1.9577e-22)
(1.11742 -0.107728 1.63007e-22)
(1.12074 -0.105781 -2.16317e-22)
(1.12403 -0.103783 1.6048e-22)
(1.12729 -0.101737 1.03945e-22)
(1.13051 -0.0996429 1.46894e-23)
(1.13371 -0.0975027 -3.66459e-23)
(1.13687 -0.0953177 -4.42657e-22)
(1.14001 -0.0930884 -2.9936e-22)
(1.14311 -0.0908158 2.70453e-22)
(1.14618 -0.0885005 -5.64452e-23)
(1.14922 -0.0861434 3.56035e-22)
(1.15222 -0.0837451 4.94232e-22)
(1.1552 -0.0813064 -5.83938e-23)
(1.15816 -0.0788274 -1.99393e-22)
(1.16109 -0.0763058 -4.8939e-23)
(1.10069 -0.128273 1.13992e-22)
(1.10501 -0.126507 1.34082e-23)
(1.109 -0.124636 2.30845e-23)
(1.11276 -0.122687 -1.74819e-22)
(1.11649 -0.120681 1.57065e-22)
(1.12022 -0.118622 -3.65122e-22)
(1.12396 -0.116507 2.10952e-22)
(1.12766 -0.114333 2.76531e-23)
(1.13132 -0.112101 -1.74746e-22)
(1.13494 -0.109812 8.70889e-23)
(1.13851 -0.10747 -4.14422e-22)
(1.14205 -0.105076 6.54765e-22)
(1.14556 -0.102631 -1.04767e-22)
(1.14902 -0.100136 -2.93522e-22)
(1.15245 -0.0975908 -3.22577e-22)
(1.15583 -0.0949981 4.24116e-22)
(1.15918 -0.092358 -8.10222e-22)
(1.16249 -0.0896726 3.94055e-22)
(1.16578 -0.0869432 3.40965e-23)
(1.16904 -0.0841677 -8.55145e-23)
(1.10036 -0.140443 -2.77847e-22)
(1.10532 -0.138585 8.59487e-24)
(1.10993 -0.136593 -1.16771e-22)
(1.11423 -0.134504 5.84022e-23)
(1.11843 -0.132347 5.23844e-22)
(1.12263 -0.13013 1.18735e-22)
(1.12684 -0.127846 2.47649e-22)
(1.13101 -0.125491 -1.03265e-22)
(1.13513 -0.123067 6.52409e-22)
(1.13919 -0.120576 -6.57162e-22)
(1.14319 -0.118024 5.25832e-22)
(1.14715 -0.115411 3.33397e-22)
(1.15106 -0.112738 -5.52824e-22)
(1.15493 -0.110008 7.44669e-22)
(1.15875 -0.107221 2.79841e-22)
(1.16252 -0.10438 -8.71563e-22)
(1.16623 -0.101485 2.44356e-22)
(1.16991 -0.0985422 -4.77693e-22)
(1.17356 -0.0955495 -8.88717e-23)
(1.17718 -0.0925041 8.71604e-23)
(1.0992 -0.153197 -1.29243e-22)
(1.10488 -0.151265 3.14744e-23)
(1.11021 -0.149166 8.08304e-23)
(1.11513 -0.146944 -7.20635e-23)
(1.11987 -0.144642 -7.91161e-22)
(1.1246 -0.14227 1.1217e-23)
(1.12934 -0.139816 -4.94561e-22)
(1.13404 -0.137277 3.49664e-22)
(1.13867 -0.134655 -4.67713e-22)
(1.14322 -0.131956 -3.87286e-22)
(1.14771 -0.129184 -3.3195e-22)
(1.15213 -0.126342 -1.65533e-22)
(1.1565 -0.12343 9.56162e-22)
(1.16081 -0.120451 -6.55007e-22)
(1.16506 -0.117407 -5.12643e-22)
(1.16925 -0.114301 5.37069e-22)
(1.17337 -0.111132 1.05961e-22)
(1.17745 -0.107913 5.79298e-22)
(1.18149 -0.104639 1.71075e-22)
(1.18551 -0.101306 -3.46554e-23)
(1.0971 -0.166529 1.49306e-22)
(1.1036 -0.164548 -4.33015e-23)
(1.10978 -0.162358 -1.51872e-22)
(1.11539 -0.160015 -2.20732e-22)
(1.12073 -0.157578 -5.88726e-23)
(1.12606 -0.155056 1.0458e-21)
(1.1314 -0.152436 1.41179e-22)
(1.1367 -0.149711 -1.05033e-21)
(1.14191 -0.146887 -4.95494e-22)
(1.14701 -0.143972 8.57334e-23)
(1.15203 -0.140971 -1.33507e-22)
(1.15697 -0.137887 3.52121e-23)
(1.16185 -0.134724 -6.52379e-22)
(1.16665 -0.131483 7.46218e-22)
(1.17137 -0.128167 4.78059e-22)
(1.17603 -0.124782 -4.84788e-22)
(1.18059 -0.121326 8.65614e-23)
(1.18509 -0.117802 -4.28344e-22)
(1.18956 -0.114214 1.91657e-22)
(1.194 -0.110564 -5.22487e-23)
(1.09396 -0.180422 1.03104e-21)
(1.1014 -0.178426 1.21378e-22)
(1.10854 -0.176168 6.62194e-23)
(1.11494 -0.173723 1.81009e-22)
(1.12095 -0.171165 3.05651e-22)
(1.12695 -0.168505 -6.45033e-22)
(1.13297 -0.165722 -1.31009e-21)
(1.13895 -0.162811 3.77623e-22)
(1.1448 -0.159781 7.40511e-22)
(1.15052 -0.156643 5.74952e-22)
(1.15613 -0.153404 -2.33447e-22)
(1.16165 -0.150066 -4.28661e-22)
(1.16708 -0.146635 8.16865e-22)
(1.17241 -0.143114 -5.43923e-22)
(1.17766 -0.139513 -1.2489e-21)
(1.18281 -0.135834 4.52181e-22)
(1.18788 -0.13209 4.54175e-22)
(1.19287 -0.12825 6.26695e-23)
(1.19781 -0.124324 -1.96954e-22)
(1.20269 -0.120325 1.63826e-22)
(1.0897 -0.19486 -1.42049e-21)
(1.09818 -0.192885 -2.85514e-22)
(1.10642 -0.190589 2.29671e-23)
(1.1137 -0.188067 2.02627e-22)
(1.12047 -0.185412 -1.37934e-22)
(1.12721 -0.182628 -7.90649e-22)
(1.13401 -0.179691 1.71486e-21)
(1.14074 -0.176597 1.35551e-21)
(1.14731 -0.173359 -2.08017e-22)
(1.15372 -0.169992 -2.43336e-22)
(1.15999 -0.166504 2.78554e-22)
(1.16615 -0.162897 -1.24425e-21)
(1.17219 -0.159178 -8.70831e-22)
(1.17811 -0.155353 1.02007e-22)
(1.18391 -0.151433 1.85891e-21)
(1.18959 -0.147419 -3.24621e-23)
(1.19518 -0.143328 -5.13092e-22)
(1.20074 -0.139145 -5.68944e-23)
(1.20621 -0.134868 -7.26771e-22)
(1.21157 -0.130507 -6.8434e-23)
(1.08424 -0.209822 -4.51862e-22)
(1.09389 -0.207909 4.23653e-23)
(1.10335 -0.20561 -1.59536e-22)
(1.11159 -0.203047 -1.45578e-22)
(1.11919 -0.200325 5.77234e-22)
(1.12679 -0.19744 1.69829e-21)
(1.13446 -0.19436 -1.04152e-21)
(1.14204 -0.191087 1.10893e-21)
(1.14941 -0.187644 3.44243e-22)
(1.15657 -0.184045 4.57363e-22)
(1.16358 -0.180297 -2.29735e-23)
(1.17045 -0.176406 7.32125e-22)
(1.17718 -0.172378 9.97957e-22)
(1.18376 -0.168224 7.61818e-22)
(1.19019 -0.163952 1.27914e-21)
(1.19647 -0.159568 1.08864e-21)
(1.20263 -0.155092 6.75346e-22)
(1.20874 -0.15053 1.61401e-22)
(1.21474 -0.145872 3.77269e-23)
(1.22062 -0.141122 -1.05773e-22)
(1.07751 -0.225292 1.31636e-21)
(1.08845 -0.223481 9.70817e-23)
(1.09926 -0.221218 2.0118e-22)
(1.10855 -0.218658 1.97268e-22)
(1.11707 -0.21591 -1.16708e-21)
(1.12563 -0.21295 -2.29233e-21)
(1.13429 -0.209743 -9.41448e-22)
(1.1428 -0.206303 -4.81431e-22)
(1.15105 -0.202661 1.77138e-22)
(1.15907 -0.19883 -3.14039e-22)
(1.1669 -0.194815 -1.36625e-21)
(1.17456 -0.190626 1.61369e-21)
(1.18205 -0.186273 -5.45568e-22)
(1.18935 -0.181769 -2.92925e-21)
(1.19647 -0.177126 -1.23164e-21)
(1.20339 -0.172338 -2.13557e-22)
(1.21015 -0.167464 2.25468e-22)
(1.21686 -0.162485 -9.74092e-22)
(1.22345 -0.157395 4.00365e-22)
(1.22988 -0.152204 2.1522e-22)
(1.06948 -0.24124 -1.46802e-21)
(1.08186 -0.239575 -1.04799e-21)
(1.0941 -0.237398 1.5434e-22)
(1.10449 -0.2349 -1.51478e-22)
(1.11403 -0.232175 7.22216e-22)
(1.12368 -0.229171 1.75786e-21)
(1.13344 -0.225858 1.18046e-21)
(1.14299 -0.222269 -3.90914e-21)
(1.15222 -0.218438 -1.0998e-21)
(1.16117 -0.214377 -2.83316e-22)
(1.16992 -0.210089 -2.16191e-23)
(1.17846 -0.205589 -1.9173e-22)
(1.18679 -0.200894 -1.54606e-21)
(1.19488 -0.196028 2.64922e-21)
(1.20278 -0.191001 4.42823e-22)
(1.21039 -0.185852 -1.21385e-21)
(1.21781 -0.180511 -6.94778e-22)
(1.22517 -0.17502 4.43482e-22)
(1.23239 -0.169418 8.77742e-22)
(1.23941 -0.163719 -9.19101e-23)
(1.06017 -0.257576 -4.3877e-23)
(1.0741 -0.25612 1.29138e-21)
(1.08782 -0.254106 2.69547e-22)
(1.09936 -0.251756 4.79403e-23)
(1.11003 -0.249116 2.95644e-24)
(1.12092 -0.246105 -3.40759e-22)
(1.13189 -0.242716 1.63357e-21)
(1.14257 -0.239007 1.72281e-21)
(1.15287 -0.235007 3.28483e-21)
(1.16288 -0.23072 1.59057e-21)
(1.17265 -0.226153 1.23929e-21)
(1.18216 -0.221326 -1.85919e-22)
(1.19139 -0.216262 6.89257e-22)
(1.20034 -0.210993 1.58827e-21)
(1.20899 -0.205524 -1.22736e-21)
(1.21743 -0.19993 -2.98301e-22)
(1.22575 -0.194098 9.02433e-22)
(1.23384 -0.188077 1.30938e-21)
(1.24168 -0.181926 -8.4423e-22)
(1.2493 -0.175668 -8.63314e-25)
(1.0496 -0.274149 3.37803e-21)
(1.06518 -0.272975 -1.83708e-21)
(1.08034 -0.271248 5.90676e-22)
(1.09306 -0.269173 -7.19749e-23)
(1.10502 -0.266701 -5.37182e-23)
(1.1173 -0.263736 3.12071e-22)
(1.12959 -0.260321 -8.00523e-22)
(1.14149 -0.256533 2.48968e-21)
(1.15297 -0.252391 -3.9771e-21)
(1.16416 -0.24789 -5.14411e-21)
(1.17507 -0.243042 -2.18216e-22)
(1.18567 -0.237877 -1.87404e-21)
(1.19592 -0.232415 1.03466e-21)
(1.20585 -0.226688 -1.06464e-21)
(1.2154 -0.220702 -1.51356e-21)
(1.2247 -0.214533 1.31857e-22)
(1.23387 -0.208175 -6.22262e-22)
(1.24276 -0.201611 -1.79315e-21)
(1.25132 -0.194876 -7.80458e-22)
(1.25961 -0.188008 -2.10084e-23)
(1.0378 -0.290923 -2.09491e-21)
(1.05506 -0.290015 2.67973e-21)
(1.07155 -0.288702 -5.9857e-22)
(1.0855 -0.287057 -4.13095e-23)
(1.09895 -0.284862 8.12026e-23)
(1.11277 -0.28203 -7.11758e-22)
(1.12647 -0.278672 -9.51797e-22)
(1.13969 -0.27487 -4.31451e-21)
(1.1525 -0.270622 -1.62058e-21)
(1.165 -0.265927 4.53628e-21)
(1.17717 -0.260811 -2.54789e-21)
(1.18897 -0.255307 4.03712e-21)
(1.20038 -0.249436 -2.77851e-22)
(1.21142 -0.24323 -2.46578e-21)
(1.22199 -0.236678 6.20424e-21)
(1.23222 -0.229909 2.95715e-21)
(1.24231 -0.222921 -8.87404e-22)
(1.25209 -0.215719 1.32298e-21)
(1.26147 -0.208334 1.57389e-21)
(1.2705 -0.200792 1.46109e-22)
(1.02481 -0.308412 -1.20707e-21)
(1.04371 -0.307407 -2.22267e-21)
(1.06132 -0.306463 7.37093e-22)
(1.07659 -0.305309 1.29291e-21)
(1.09177 -0.303461 -1.4475e-23)
(1.10728 -0.30087 8.57926e-23)
(1.12246 -0.297689 9.22692e-22)
(1.13713 -0.293963 2.58887e-21)
(1.15141 -0.289673 5.29028e-21)
(1.16536 -0.284834 -2.06623e-22)
(1.17893 -0.279489 4.23972e-21)
(1.19208 -0.273667 -8.68353e-22)
(1.2048 -0.267424 -5.30675e-22)
(1.21712 -0.260756 7.21685e-23)
(1.22883 -0.25386 -3.44903e-21)
(1.24016 -0.246434 -2.61491e-21)
(1.25132 -0.238645 -2.1842e-21)
(1.26208 -0.23066 -4.80143e-22)
(1.27237 -0.222507 -9.17596e-22)
(1.28227 -0.214179 -4.3905e-22)
(1.01088 -0.327518 -2.55086e-21)
(1.03112 -0.325906 1.55777e-21)
(1.04937 -0.325107 -3.16135e-21)
(1.0661 -0.324247 -1.73784e-21)
(1.08325 -0.322678 -1.17971e-22)
(1.1005 -0.320419 -1.32511e-22)
(1.11728 -0.317546 5.68211e-22)
(1.1336 -0.314013 3.0588e-21)
(1.14957 -0.309793 -3.97759e-21)
(1.16518 -0.304916 2.96441e-21)
(1.18036 -0.29943 -6.60342e-22)
(1.19508 -0.293363 -3.87478e-21)
(1.20931 -0.286769 3.05392e-21)
(1.22291 -0.279616 -1.78103e-21)
(1.23612 -0.272057 7.2851e-22)
(1.24921 -0.263829 -1.29657e-21)
(1.26164 -0.255185 4.43464e-21)
(1.27338 -0.246315 -9.86057e-22)
(1.28459 -0.237249 -1.25133e-21)
(1.29532 -0.227985 4.05799e-23)
(0.997236 -0.345028 6.65034e-21)
(1.01773 -0.343818 6.22662e-22)
(1.03631 -0.343333 7.74696e-22)
(1.05505 -0.342579 1.38756e-21)
(1.07448 -0.341223 3.58341e-22)
(1.09379 -0.339307 5.84912e-22)
(1.11261 -0.336768 -2.09477e-21)
(1.13099 -0.333504 -4.54637e-21)
(1.14897 -0.329479 2.27219e-21)
(1.16647 -0.324701 -1.38475e-21)
(1.18345 -0.319193 4.38757e-22)
(1.19988 -0.312985 1.31805e-21)
(1.21578 -0.306089 1.58579e-21)
(1.23104 -0.298519 6.76054e-21)
(1.24587 -0.290081 -4.42467e-21)
(1.2602 -0.281119 7.04561e-21)
(1.27361 -0.271765 -5.94862e-21)
(1.28617 -0.262055 3.05836e-21)
(1.29806 -0.252028 1.27953e-21)
(1.30934 -0.241734 3.14932e-22)
(1.0898 -0.00204003 4.89608e-25)
(1.09059 -0.00197524 2.07769e-23)
(1.09135 -0.00191008 -4.59038e-23)
(1.09208 -0.00184444 -3.16472e-23)
(1.09278 -0.00177821 2.33525e-23)
(1.09345 -0.00171127 -3.87574e-23)
(1.0941 -0.00164354 4.35818e-23)
(1.09471 -0.00157491 3.50255e-23)
(1.09529 -0.00150531 3.30665e-23)
(1.0909 -0.00616693 -3.61515e-24)
(1.09171 -0.00596294 -2.54385e-24)
(1.09249 -0.0057569 6.1778e-23)
(1.09325 -0.00554875 -9.33059e-24)
(1.09397 -0.00533845 -5.81149e-23)
(1.09467 -0.00512595 1.50547e-23)
(1.09533 -0.00491123 -1.08498e-22)
(1.09597 -0.00469424 -1.50247e-24)
(1.09657 -0.00447498 4.418e-24)
(1.09296 -0.0101822 -3.18934e-24)
(1.09381 -0.00984065 1.2243e-23)
(1.09463 -0.00949579 -1.85256e-23)
(1.09543 -0.00914762 8.91716e-23)
(1.09619 -0.0087961 -3.08174e-23)
(1.09693 -0.00844119 -1.12687e-23)
(1.09763 -0.00808285 6.39236e-23)
(1.09831 -0.00772105 1.84593e-22)
(1.09895 -0.00735574 -1.69619e-22)
(1.09586 -0.014239 -4.49148e-24)
(1.09677 -0.0137572 3.63134e-23)
(1.09765 -0.0132704 2.43217e-23)
(1.0985 -0.0127787 -6.95969e-23)
(1.09933 -0.0122821 -8.90042e-25)
(1.10012 -0.0117805 -1.72579e-23)
(1.10088 -0.0112739 -1.55044e-22)
(1.10161 -0.0107623 1.99552e-22)
(1.10231 -0.0102456 2.46814e-23)
(1.09952 -0.0183671 -5.98486e-24)
(1.10051 -0.0177393 -1.50556e-23)
(1.10146 -0.0171048 -1.92003e-23)
(1.10239 -0.0164637 6.96908e-23)
(1.10328 -0.0158158 -8.13503e-23)
(1.10415 -0.0151612 -9.51208e-24)
(1.10499 -0.0144999 -1.34922e-22)
(1.1058 -0.0138318 4.23885e-23)
(1.10658 -0.0131569 3.84364e-22)
(1.10386 -0.0226326 2.70163e-24)
(1.10493 -0.0218523 -1.41897e-23)
(1.10598 -0.0210633 1.59023e-23)
(1.107 -0.0202656 3.00119e-23)
(1.10799 -0.0194591 1.62922e-22)
(1.10895 -0.0186438 -4.57141e-24)
(1.10988 -0.0178198 -1.35813e-23)
(1.11078 -0.0169869 -6.13686e-24)
(1.11165 -0.0161451 7.4738e-23)
(1.1088 -0.0270808 -2.51132e-24)
(1.10999 -0.0261399 3.39116e-23)
(1.11114 -0.0251879 -7.98321e-24)
(1.11227 -0.0242248 1.77846e-23)
(1.11337 -0.0232506 -5.36158e-23)
(1.11445 -0.0222653 1.24825e-24)
(1.11549 -0.0212687 9.01643e-23)
(1.11651 -0.0202609 -1.1469e-22)
(1.11749 -0.0192418 9.32948e-23)
(1.11429 -0.0317566 1.9227e-24)
(1.1156 -0.0306461 7.19564e-23)
(1.11689 -0.0295218 -1.41583e-22)
(1.11815 -0.0283837 -6.94479e-23)
(1.11938 -0.0272319 3.96508e-23)
(1.12059 -0.0260661 -1.33252e-22)
(1.12176 -0.0248863 1.99994e-22)
(1.12291 -0.0236924 -2.80456e-22)
(1.12403 -0.0224845 5.11187e-23)
(1.12027 -0.0366998 -2.15013e-24)
(1.12173 -0.0354099 -6.05286e-23)
(1.12317 -0.0341032 -3.58993e-24)
(1.12458 -0.0327797 1.16561e-22)
(1.12596 -0.0314393 -1.80629e-22)
(1.12732 -0.0300819 -2.48914e-23)
(1.12865 -0.0287073 1.91795e-22)
(1.12996 -0.0273154 -1.08991e-22)
(1.13123 -0.0259061 -1.0131e-22)
(1.12668 -0.0419466 -1.72812e-23)
(1.12832 -0.0404669 1.06427e-23)
(1.12993 -0.0389672 2.05749e-23)
(1.13151 -0.0374472 -1.1876e-22)
(1.13307 -0.0359068 7.14501e-23)
(1.13461 -0.034346 2.12627e-22)
(1.13611 -0.0327645 -1.57827e-22)
(1.1376 -0.031162 -1.89496e-23)
(1.13905 -0.0295384 -3.35206e-22)
(1.13349 -0.0475298 1.67341e-23)
(1.13533 -0.0458495 3.96669e-23)
(1.13713 -0.0441452 -1.33122e-22)
(1.13892 -0.0424171 2.98833e-22)
(1.14067 -0.0406649 -3.90294e-22)
(1.1424 -0.0388883 1.00393e-22)
(1.14411 -0.0370872 6.82626e-23)
(1.14579 -0.0352611 6.01837e-22)
(1.14745 -0.0334098 2.0181e-22)
(1.14066 -0.0534785 -3.17646e-23)
(1.14272 -0.0515865 1.70337e-23)
(1.14474 -0.0496663 1.85903e-23)
(1.14675 -0.047718 -2.44971e-22)
(1.14872 -0.0457415 7.94232e-23)
(1.15068 -0.0437365 1.19097e-22)
(1.15261 -0.0417026 -2.18549e-22)
(1.15452 -0.0396395 -8.19898e-22)
(1.14815 -0.0598157 3.24511e-23)
(1.15045 -0.0576987 8.37424e-23)
(1.15272 -0.05555 -2.17965e-23)
(1.15497 -0.0533691 1.38202e-22)
(1.1572 -0.0511557 2.89122e-22)
(1.1594 -0.0489095 1.25411e-22)
(1.16158 -0.0466299 3.40554e-22)
(1.16373 -0.0443164 -3.98658e-22)
(1.15593 -0.0665716 -5.76138e-23)
(1.1585 -0.064216 -7.5396e-23)
(1.16104 -0.0618248 1.59586e-22)
(1.16356 -0.0593973 5.30936e-22)
(1.16606 -0.0569329 5.33702e-22)
(1.16853 -0.0544309 -5.31904e-22)
(1.17098 -0.051891 -2.73276e-23)
(1.17342 -0.0493125 1.12712e-22)
(1.16398 -0.0737419 5.07054e-23)
(1.16685 -0.071137 5.17299e-24)
(1.16969 -0.0684914 2.53938e-22)
(1.1725 -0.0658047 -7.77543e-22)
(1.17529 -0.0630763 -5.21337e-22)
(1.17806 -0.0603055 -2.54667e-22)
(1.18081 -0.057492 3.61953e-22)
(1.18355 -0.0546348 7.90751e-22)
(1.17226 -0.0813458 5.75735e-23)
(1.17545 -0.0784775 -1.39314e-22)
(1.17861 -0.0755631 -2.06161e-22)
(1.18175 -0.0726025 6.7822e-22)
(1.18486 -0.0695953 -3.69203e-22)
(1.18796 -0.066541 5.18493e-22)
(1.19103 -0.063439 2.51448e-24)
(1.19409 -0.0602884 1.31302e-21)
(1.18076 -0.0894057 -6.62998e-23)
(1.18431 -0.0862553 1.81441e-22)
(1.18782 -0.0830538 4.80189e-22)
(1.1913 -0.0798015 -3.02744e-22)
(1.19476 -0.076498 1.46961e-21)
(1.1982 -0.0731428 -8.05987e-22)
(1.20162 -0.0697353 1.31031e-21)
(1.20502 -0.0662747 1.6872e-21)
(1.18948 -0.0979123 2.91599e-23)
(1.1934 -0.0944612 1.2115e-22)
(1.19729 -0.090954 -6.26947e-22)
(1.20114 -0.0873913 -5.39304e-22)
(1.20497 -0.083773 -3.16515e-22)
(1.20877 -0.0800987 8.66954e-22)
(1.21256 -0.0763679 -3.40708e-21)
(1.21633 -0.0725798 -2.68318e-21)
(1.19839 -0.106853 -2.45245e-24)
(1.20272 -0.103081 -5.44746e-22)
(1.207 -0.0992484 1.75704e-22)
(1.21125 -0.0953555 1.13472e-22)
(1.21547 -0.0914026 3.44877e-22)
(1.21966 -0.0873897 -5.51594e-22)
(1.22383 -0.0833166 1.84152e-21)
(1.22798 -0.0791826 5.18012e-22)
(1.2075 -0.116262 -1.29358e-22)
(1.21226 -0.112137 2.18641e-22)
(1.21696 -0.107949 -2.9039e-22)
(1.22163 -0.103696 -5.06877e-22)
(1.22625 -0.0993806 -8.83356e-22)
(1.23084 -0.0950024 2.38593e-21)
(1.23542 -0.090562 1.01267e-21)
(1.23997 -0.0860586 -1.69252e-21)
(1.21685 -0.126074 6.83254e-23)
(1.22205 -0.121571 7.40014e-22)
(1.22719 -0.117001 2.9361e-22)
(1.23229 -0.112364 5.73182e-22)
(1.23733 -0.107661 2.68406e-22)
(1.24234 -0.102892 -3.39789e-21)
(1.24733 -0.0980604 4.17959e-22)
(1.25229 -0.093164 1.221e-21)
(1.22639 -0.136288 1.47745e-22)
(1.23207 -0.131376 -2.76991e-22)
(1.23767 -0.126391 2.91115e-22)
(1.24321 -0.121335 -1.20535e-21)
(1.2487 -0.116212 -2.01776e-21)
(1.25414 -0.111022 -1.2488e-21)
(1.25954 -0.10577 -2.23833e-21)
(1.26493 -0.100454 -2.81176e-21)
(1.23618 -0.14692 -2.27763e-22)
(1.24236 -0.141552 -5.33255e-22)
(1.24845 -0.136107 -3.32256e-22)
(1.25445 -0.130589 -1.05542e-21)
(1.26039 -0.125003 3.30836e-22)
(1.26626 -0.119352 2.90002e-21)
(1.2721 -0.113643 5.08317e-21)
(1.27791 -0.107874 1.52651e-21)
(1.24626 -0.157929 1.44054e-22)
(1.25297 -0.152053 -1.17503e-21)
(1.25956 -0.146098 1.5039e-21)
(1.26604 -0.14007 1.44542e-21)
(1.27244 -0.133977 1.73761e-21)
(1.27876 -0.127823 -9.76814e-22)
(1.28505 -0.121616 -5.20346e-21)
(1.29128 -0.115357 2.91747e-21)
(1.25672 -0.169314 -3.95461e-23)
(1.26398 -0.16287 1.12121e-21)
(1.27109 -0.156346 -1.72805e-21)
(1.27807 -0.149752 -1.69914e-21)
(1.28495 -0.143098 1.0226e-21)
(1.29174 -0.136393 2.40472e-21)
(1.29848 -0.129644 -3.80854e-21)
(1.30517 -0.122855 -1.09053e-21)
(1.26765 -0.181027 8.01059e-23)
(1.2755 -0.173949 7.2498e-22)
(1.28317 -0.166791 2.23593e-21)
(1.29068 -0.159567 7.46946e-22)
(1.29806 -0.15229 -1.59885e-22)
(1.30534 -0.144974 3.24484e-21)
(1.31253 -0.137626 1.91356e-21)
(1.31965 -0.130256 -1.95974e-21)
(1.27924 -0.193113 -1.95137e-22)
(1.28774 -0.185322 -1.86628e-21)
(1.29601 -0.177442 -1.29946e-21)
(1.30408 -0.169494 1.07712e-21)
(1.31196 -0.161496 -4.12353e-21)
(1.31967 -0.153465 -1.09501e-20)
(1.32724 -0.145414 4.73606e-21)
(1.33467 -0.13736 6.66445e-22)
(1.2918 -0.205688 5.06779e-22)
(1.301 -0.197061 1.17522e-21)
(1.30988 -0.188328 5.91301e-22)
(1.31845 -0.179516 2.5957e-21)
(1.32673 -0.170649 3.96361e-21)
(1.33472 -0.161752 7.14738e-21)
(1.34244 -0.152846 -4.76619e-22)
(1.34987 -0.143955 1.52195e-21)
(1.30559 -0.218541 -1.71579e-23)
(1.31537 -0.208947 1.47958e-21)
(1.3247 -0.199234 1.02875e-21)
(1.33356 -0.189433 -6.01248e-21)
(1.34198 -0.179578 1.57756e-21)
(1.34996 -0.169701 -7.88267e-22)
(1.35746 -0.15983 3.32975e-21)
(1.36448 -0.149994 -5.71478e-21)
(1.32002 -0.231219 -4.24361e-22)
(1.33008 -0.220529 -1.5511e-21)
(1.33954 -0.209708 -3.88449e-21)
(1.34839 -0.198802 8.3239e-21)
(1.35663 -0.187855 -1.02055e-20)
(1.36425 -0.176907 7.59866e-21)
(1.37118 -0.165988 -1.32111e-20)
(1.37735 -0.155121 -2.98403e-21)
)
;

boundaryField
{
    inlet
    {
        type            uniformFixedValue;
        uniformValue    constant (1 0 0);
        value           uniform (1 0 0);
    }
    outlet
    {
        type            pressureInletOutletVelocity;
        value           nonuniform 0();
    }
    cylinder
    {
        type            fixedValue;
        value           uniform (0 0 0);
    }
    top
    {
        type            symmetryPlane;
    }
    bottom
    {
        type            symmetryPlane;
    }
    defaultFaces
    {
        type            empty;
    }
    procBoundary0to1
    {
        type            processor;
        value           nonuniform List<vector> 
50
(
(1.3922 -0.146014 -1.03875e-20)
(1.3922 -0.146014 -1.03875e-20)
(1.38097 -0.141806 -2.98727e-20)
(1.38097 -0.141806 -2.98727e-20)
(1.30378 -0.12084 2.07481e-20)
(0.899804 -0.0571933 5.80443e-20)
(1.30378 -0.12084 2.07481e-20)
(1.11409 -0.0854043 -1.21321e-19)
(0.899804 -0.0571933 5.80443e-20)
(0.554226 -0.0189535 1.19756e-20)
(0.554226 -0.0189535 1.19756e-20)
(0.256999 -0.006064 -4.46972e-22)
(0.256999 -0.006064 -4.46972e-22)
(0.0700763 -0.012132 7.525e-21)
(0.0700763 -0.012132 7.525e-21)
(0.0412349 -0.0177584 5.84019e-21)
(-0.0229088 -0.0240403 3.2417e-20)
(-0.0229088 -0.0240403 3.2417e-20)
(-0.0215525 -0.0162888 9.13941e-20)
(1.09584 -0.00143466 -1.23714e-22)
(1.09715 -0.00425343 -9.47969e-23)
(1.09956 -0.00698691 -1.63314e-22)
(1.10298 -0.00972383 1.95962e-22)
(1.10732 -0.0124752 1.62673e-22)
(1.1125 -0.0152945 -1.70623e-22)
(1.11845 -0.0182113 3.82964e-23)
(1.12512 -0.0212622 3.2065e-22)
(1.13248 -0.0244792 2.77783e-22)
(1.14048 -0.0278933 -4.73946e-22)
(1.14908 -0.0315328 9.99574e-23)
(1.1564 -0.0375466 6.31643e-22)
(1.1564 -0.0375466 6.31643e-22)
(1.16587 -0.0419684 -3.89085e-22)
(1.17583 -0.0466947 1.07853e-21)
(1.18626 -0.0517334 1.59466e-21)
(1.19713 -0.0570886 -1.24941e-21)
(1.20841 -0.0627603 -1.8797e-22)
(1.22009 -0.0687339 8.3141e-23)
(1.23213 -0.0749877 -3.46264e-22)
(1.24452 -0.0814932 1.30596e-21)
(1.25725 -0.0882056 2.50938e-21)
(1.27031 -0.095079 -7.87003e-22)
(1.28372 -0.102055 -4.30068e-21)
(1.29753 -0.109058 1.58626e-21)
(1.31186 -0.116034 4.1879e-22)
(1.32674 -0.122866 4.78996e-21)
(1.34197 -0.129306 -9.76168e-21)
(1.35699 -0.135094 2.74967e-21)
(1.37095 -0.140213 8.92551e-21)
(1.38259 -0.144316 -2.8112e-21)
)
;
    }
    procBoundary0to2
    {
        type            processor;
        value           nonuniform List<vector> 
26
(
(0.0203326 0.0314967 1.37439e-21)
(0.0874365 0.0563845 -2.83405e-21)
(0.18786 0.0595078 6.41804e-21)
(0.279632 0.00272551 -3.67602e-21)
(0.279632 0.00272551 -3.67602e-21)
(0.365178 0.00100367 3.49965e-21)
(0.441434 -0.000499001 1.57881e-21)
(0.509232 -0.00177976 -1.57319e-21)
(0.569582 -0.00286803 -7.16444e-21)
(0.623274 -0.00380091 2.35862e-21)
(0.671014 -0.00461395 -2.2061e-21)
(0.999159 -0.000103429 -6.85745e-23)
(0.997445 -0.00139116 4.81923e-23)
(0.992062 -0.00299726 -1.16714e-22)
(0.985451 -0.00464267 -7.86469e-23)
(0.976129 -0.00612766 8.67681e-23)
(0.965049 -0.00734049 1.61355e-22)
(0.951198 -0.00818995 1.10934e-22)
(0.935079 -0.00886819 1.28749e-22)
(0.915667 -0.0090373 1.92703e-22)
(0.893439 -0.00927171 1.70448e-22)
(0.86709 -0.00886253 1.20916e-22)
(0.837239 -0.0087024 9.41005e-23)
(0.802416 -0.00777382 -4.18977e-22)
(0.763146 -0.00735984 4.78949e-22)
(0.718252 -0.00532959 -4.30269e-23)
)
;
    }
}


// ************************************************************************* //
