/*--------------------------------*- C++ -*----------------------------------*\
  =========                 |
  \\      /  F ield         | OpenFOAM: The Open Source CFD Toolbox
   \\    /   O peration     | Website:  https://openfoam.org
    \\  /    A nd           | Version:  7
     \\/     M anipulation  |
\*---------------------------------------------------------------------------*/
FoamFile
{
    version     2.0;
    format      ascii;
    class       volVectorField;
    location    "220";
    object      U;
}
// * * * * * * * * * * * * * * * * * * * * * * * * * * * * * * * * * * * * * //

dimensions      [0 1 -1 0 0 0 0];

internalField   nonuniform List<vector> 
2125
(
(-0.0219528 0.0157223 -8.90217e-20)
(-0.0208054 0.0142059 3.22787e-20)
(-0.0116296 0.0193382 3.4973e-20)
(-0.0186735 0.0122852 -2.19311e-20)
(0.00143159 0.0142044 -1.61648e-20)
(-0.0154282 0.0100149 4.61256e-20)
(0.0177799 0.00874473 -1.27602e-20)
(0.116559 0.00454053 -7.67957e-21)
(-0.0109502 0.00748157 -1.69485e-20)
(0.037664 0.00319739 -1.01223e-19)
(0.158476 -0.00029137 1.05081e-20)
(0.348231 0.00126832 3.6445e-20)
(-0.00512736 0.00479441 -1.87085e-20)
(0.0612824 -0.00212986 3.58692e-20)
(0.205927 -0.00383597 4.70564e-20)
(0.421211 0.00297008 -3.37116e-20)
(0.683132 0.022339 1.25646e-20)
(0.943538 0.0493336 -7.64968e-20)
(0.00214418 0.00207896 -2.42851e-20)
(0.0887647 -0.00687934 -8.32658e-21)
(0.258687 -0.0055662 -8.55285e-20)
(0.498352 0.00781213 -1.34589e-20)
(0.772643 0.0345349 -1.4023e-21)
(1.02627 0.0660376 4.58756e-21)
(1.2167 0.0918052 7.83211e-21)
(0.0109551 -0.00052628 -6.3843e-21)
(0.12015 -0.0106616 2.96416e-20)
(0.316301 -0.0049553 4.18505e-20)
(0.578118 0.0160969 2.62339e-20)
(0.859022 0.0499105 -7.7389e-21)
(1.10048 0.0847446 -6.4524e-21)
(1.26837 0.110262 6.36494e-20)
(1.36245 0.122857 8.54203e-21)
(0.0213752 -0.00287182 6.09669e-20)
(0.155368 -0.0130719 3.94311e-20)
(0.378069 -0.00152354 -4.006e-20)
(0.658797 0.027958 -7.99873e-21)
(0.940495 0.0681624 4.20503e-21)
(1.16564 0.105061 -1.52163e-20)
(1.31042 0.129366 -3.27554e-20)
(1.38372 0.139615 -5.37812e-21)
(1.40824 0.139262 3.90783e-22)
(1.40681 0.128616 1.3337e-20)
(0.0334454 -0.0047987 7.61853e-21)
(0.194221 -0.0137057 -2.15654e-20)
(0.443066 0.00512155 5.11469e-20)
(0.738657 0.0433693 3.33495e-20)
(1.01573 0.0889441 1.05516e-21)
(1.22171 0.126641 2.35698e-20)
(1.34379 0.14891 3.44679e-21)
(1.39858 0.156448 -2.47701e-20)
(1.41126 0.153482 2.09398e-20)
(1.40362 0.142007 -6.54342e-24)
(0.04717 -0.00614035 -5.04627e-20)
(0.236381 -0.0121751 -1.48868e-20)
(0.510187 0.0152572 -1.34445e-20)
(0.816089 0.0621777 -2.3447e-20)
(1.08386 0.1119 5.54439e-21)
(1.26896 0.149196 1.21886e-22)
(1.36948 0.168746 1.81184e-20)
(1.40812 0.173325 -2.93175e-21)
(1.41123 0.167792 -2.15831e-20)
(1.39886 0.155498 -2.00908e-20)
(0.0625096 -0.00672555 4.11174e-21)
(0.281381 -0.00812611 2.41724e-20)
(0.578213 0.0290328 1.17529e-20)
(0.889701 0.0841401 -3.66746e-20)
(1.14437 0.136685 -1.81799e-21)
(1.30791 0.172483 -1.57199e-20)
(1.38846 0.188771 4.03003e-22)
(1.41328 0.190235 7.32649e-21)
(1.40877 0.182208 -8.13894e-21)
(1.39286 0.169096 2.27383e-20)
(0.0793771 -0.0063831 9.68674e-21)
(0.328634 -0.00125694 -2.37126e-20)
(0.645889 0.0464719 -5.60608e-20)
(0.958373 0.108957 5.16445e-20)
(1.19711 0.162975 -3.8442e-21)
(1.33918 0.196304 1.13576e-20)
(1.40163 0.208913 -1.56849e-21)
(1.41482 0.207178 1.0879e-20)
(1.40435 0.196741 -8.15464e-22)
(1.38582 0.182791 -1.76211e-20)
(0.0976355 -0.0049476 -1.97658e-20)
(0.377446 0.00866527 3.09166e-20)
(0.711998 0.0674842 2.55312e-20)
(1.02127 0.136294 -3.6867e-20)
(1.24212 0.190469 -6.11191e-21)
(1.36343 0.220493 2.31978e-21)
(1.40979 0.22912 2.32933e-20)
(1.41334 0.224153 1.16547e-21)
(1.39829 0.211387 4.52471e-21)
(1.37785 0.19656 -9.74064e-21)
(0.117099 -0.00226635 1.5001e-20)
(0.427045 0.0217915 -1.35184e-20)
(0.775422 0.0918826 -1.155e-20)
(1.0778 0.165802 1.97745e-20)
(1.27964 0.218893 6.81121e-21)
(1.38134 0.244911 5.14293e-21)
(1.41361 0.249347 -2.3747e-20)
(1.40932 0.241151 -8.13862e-21)
(1.39082 0.226129 -7.2754e-21)
(1.36902 0.210365 3.20332e-21)
(0.137536 0.00179352 -7.50346e-21)
(0.476615 0.0381827 -1.75018e-22)
(0.835176 0.119403 2.18629e-20)
(1.12762 0.197124 -8.00495e-21)
(1.31 0.247989 -3.53997e-21)
(1.39353 0.269435 -2.32579e-21)
(1.41368 0.269549 5.75568e-21)
(1.4031 0.25815 9.92715e-21)
(1.38209 0.240932 -3.20762e-22)
(1.35937 0.224156 3.62398e-21)
(0.158675 0.0073381 5.29198e-21)
(0.525326 0.0578078 -1.48653e-21)
(0.890441 0.149719 -3.91933e-21)
(1.17055 0.229901 -3.54877e-21)
(1.33358 0.277521 3.19061e-21)
(1.40059 0.293951 2.48474e-21)
(1.41046 0.289678 -2.28881e-21)
(1.39495 0.275116 8.28644e-22)
(1.37218 0.255749 1.16429e-21)
(1.3489 0.237874 -1.54724e-21)
(0.180211 0.0144407 2.84798e-21)
(0.572371 0.0805458 8.10967e-22)
(0.940557 0.182461 -4.87394e-21)
(1.20656 0.26378 -3.88446e-21)
(1.3508 0.307263 4.04345e-21)
(1.40301 0.318347 7.91207e-22)
(1.40432 0.309675 -1.8404e-21)
(1.38506 0.291998 1.72906e-21)
(1.36115 0.270512 9.65678e-22)
(1.33763 0.251449 -1.11101e-21)
(0.201819 0.0231374 -1.11211e-21)
(0.616989 0.106193 2.27727e-21)
(0.985028 0.217227 1.50339e-20)
(1.23573 0.29841 -6.68324e-21)
(1.36209 0.337002 -3.26099e-21)
(1.40124 0.342513 -3.67451e-21)
(1.39556 0.329467 7.52838e-21)
(1.37355 0.308728 5.05937e-21)
(1.34903 0.285142 4.04011e-21)
(1.32556 0.264806 2.19706e-21)
(0.223155 0.0334239 2.28776e-20)
(0.658491 0.134471 -1.26069e-20)
(1.0235 0.253591 -1.43316e-20)
(1.25822 0.333448 1.94561e-20)
(1.36786 0.366529 1.02311e-20)
(1.39567 0.366332 -6.8279e-22)
(1.38441 0.348973 -1.26135e-20)
(1.36052 0.325223 -9.07673e-21)
(1.33584 0.299538 -9.49541e-21)
(1.31268 0.277864 5.66768e-21)
(0.243876 0.0452549 -3.09631e-20)
(0.696275 0.165039 2.91725e-20)
(1.05576 0.291116 3.35629e-20)
(1.27425 0.36856 -3.30292e-20)
(1.36848 0.395639 -1.1404e-20)
(1.38663 0.389681 7.3288e-21)
(1.37105 0.368098 1.32846e-20)
(1.34601 0.341388 2.10568e-21)
(1.32155 0.313596 -3.8621e-22)
(1.29893 0.290531 -7.76821e-21)
(0.263642 0.0585445 -4.4524e-21)
(0.729834 0.197506 -4.10737e-20)
(1.08169 0.329357 -4.39617e-20)
(1.28408 0.403418 4.92422e-20)
(1.36434 0.424131 -5.59466e-21)
(1.37441 0.412432 1.02974e-20)
(1.35565 0.386738 2.0323e-21)
(1.3301 0.357131 -5.69654e-21)
(1.30615 0.327224 3.06474e-21)
(1.28416 0.302723 -4.6799e-22)
(0.282129 0.0731688 9.06227e-21)
(0.758764 0.23144 2.54818e-20)
(1.10129 0.367868 1.44176e-20)
(1.288 0.437705 -1.1335e-20)
(1.35578 0.451804 -1.76637e-20)
(1.35925 0.434445 -1.64279e-20)
(1.33831 0.404774 -3.33065e-21)
(1.31281 0.372355 8.94514e-21)
(1.28965 0.340386 -1.89161e-21)
(1.26824 0.314397 4.31827e-21)
(0.299036 0.0889687 -3.43422e-20)
(0.782765 0.266384 -3.20611e-20)
(1.11463 0.406205 -5.10038e-21)
(1.28632 0.471115 -5.75149e-21)
(1.34312 0.47846 -1.30963e-20)
(1.34137 0.455575 8.00831e-21)
(1.31914 0.422076 -1.42179e-21)
(1.29415 0.386934 -7.8164e-21)
(1.27212 0.353073 7.11038e-21)
(1.25128 0.325538 -1.05075e-20)
(0.314094 0.105754 8.10358e-21)
(0.801639 0.301867 2.72011e-20)
(1.12184 0.443939 2.36832e-20)
(1.27935 0.503348 2.57509e-20)
(1.32667 0.503902 4.31361e-22)
(1.32095 0.475682 2.2723e-20)
(1.29818 0.438522 1.59127e-21)
(1.27414 0.400694 -2.70823e-20)
(1.25356 0.365146 1.9534e-20)
(1.23365 0.335925 7.18279e-21)
(0.327072 0.123307 2.22759e-20)
(0.81528 0.337416 4.99497e-20)
(1.12311 0.48065 -6.58605e-21)
(1.26744 0.534119 -3.25206e-20)
(1.30672 0.527938 1.46568e-20)
(1.29817 0.494618 -1.53132e-20)
(1.27558 0.453998 -2.07554e-20)
(1.25301 0.41357 -2.02575e-21)
(1.23385 0.376354 -1.64823e-20)
(1.21536 0.345609 6.45097e-21)
(0.337779 0.141389 1.05632e-20)
(0.823662 0.372561 7.96682e-21)
(1.11871 0.515936 6.26818e-20)
(1.2509 0.563154 1.18136e-20)
(1.28352 0.550381 -1.04024e-20)
(1.2732 0.512221 -5.30093e-21)
(1.25152 0.468313 3.2223e-20)
(1.23073 0.425484 2.6745e-20)
(1.21304 0.386645 1.34231e-20)
(1.19632 0.354364 -1.89248e-21)
(0.346069 0.159751 2.27443e-21)
(0.826835 0.406844 -5.11996e-20)
(1.1089 0.549413 -7.38945e-20)
(1.2301 0.590195 2.43419e-21)
(1.25735 0.571049 1.47379e-20)
(1.24626 0.528322 -2.05673e-20)
(1.22605 0.481348 -4.78454e-20)
(1.20725 0.436293 -1.44107e-20)
(1.19131 0.395917 -9.09224e-22)
(1.17654 0.362139 7.55706e-21)
(0.351838 0.178134 -1.84305e-20)
(0.824924 0.43983 4.67697e-20)
(1.09403 0.58073 4.46339e-20)
(1.20535 0.61499 -4.1673e-20)
(1.22848 0.589745 6.30541e-21)
(1.21751 0.542779 5.09613e-20)
(1.19922 0.492965 -1.2095e-20)
(1.1827 0.44588 9.94886e-21)
(1.16871 0.404067 -5.26996e-21)
(1.15606 0.368845 -7.0535e-21)
(0.355031 0.196276 -4.18297e-20)
(0.818135 0.471094 -7.36353e-20)
(1.07453 0.609589 -1.44733e-20)
(1.17694 0.637286 2.39084e-20)
(1.19715 0.60629 2.41545e-20)
(1.18709 0.555427 -5.14102e-20)
(1.17117 0.503045 2.87262e-20)
(1.15716 0.454131 -1.61808e-20)
(1.1453 0.410994 1.36341e-20)
(1.13496 0.374421 1.50377e-22)
(0.355643 0.213913 3.18647e-20)
(0.806761 0.500222 2.01072e-21)
(1.05073 0.635736 -7.1907e-21)
(1.14511 0.656871 -3.03564e-20)
(1.16363 0.620478 2.0654e-20)
(1.15518 0.566122 3.77925e-21)
(1.14202 0.511461 -1.77042e-20)
(1.13074 0.460938 2.24862e-21)
(1.12117 0.416596 -4.24369e-21)
(1.11334 0.378789 3.20615e-21)
(0.353735 0.230794 -8.9553e-21)
(0.791156 0.526871 -1.29243e-20)
(1.02265 0.658741 3.21836e-20)
(1.11039 0.67367 1.50138e-20)
(1.12823 0.63214 -2.07552e-20)
(1.12198 0.574726 3.18684e-20)
(1.11191 0.518099 1.77732e-21)
(1.10354 0.466204 1.59534e-21)
(1.0964 0.420769 -3.05593e-21)
(1.09126 0.38185 -2.46295e-22)
(0.349416 0.246653 5.86008e-20)
(0.771603 0.550953 4.52191e-20)
(0.990525 0.678224 -2.49626e-21)
(1.07324 0.68734 -7.57837e-21)
(1.09119 0.64122 -8.72737e-21)
(1.08766 0.58113 -4.39842e-21)
(1.08099 0.522854 1.26536e-21)
(1.07569 0.469841 2.48894e-21)
(1.07109 0.423417 3.45331e-21)
(1.06883 0.383501 -4.55076e-22)
(0.342772 0.261109 5.82011e-21)
(0.748161 0.572089 8.46264e-21)
(0.955313 0.69441 -4.40924e-20)
(1.034 0.697633 2.03066e-20)
(1.05279 0.647566 7.80165e-21)
(1.05243 0.585231 -1.78924e-20)
(1.0494 0.525633 5.30714e-21)
(1.04729 0.471774 1.02384e-21)
(1.04537 0.42447 -2.01423e-21)
(1.04626 0.383696 1.11318e-21)
(0.33378 0.273924 -2.21859e-20)
(0.721045 0.589655 -1.69967e-20)
(0.917515 0.706985 1.55618e-20)
(0.992965 0.70458 5.41967e-21)
(1.01327 0.65108 -7.40722e-21)
(1.01647 0.586932 8.26834e-21)
(1.01728 0.526344 1.04339e-21)
(1.01843 0.471905 -1.29975e-21)
(1.01949 0.423854 1.08001e-20)
(1.02426 0.382481 5.36045e-21)
(0.322696 0.284917 -1.79711e-20)
(0.690912 0.603506 4.88107e-20)
(0.877404 0.715709 -3.24418e-20)
(0.950464 0.708086 -3.59373e-21)
(0.972886 0.651673 -7.5923e-21)
(0.979977 0.586154 3.75519e-21)
(0.984724 0.524905 -3.05902e-21)
(0.989226 0.470097 1.98481e-21)
(0.993868 0.421356 1.16277e-21)
(1.00359 0.379862 -1.8595e-21)
(0.309771 0.294054 -4.17186e-22)
(0.658194 0.613523 -1.4268e-20)
(0.835388 0.720395 9.82657e-21)
(0.906844 0.708068 -6.72543e-21)
(0.931912 0.649288 1.1231e-22)
(0.943127 0.582846 2.93672e-21)
(0.951871 0.521273 8.08073e-21)
(0.959886 0.466257 -7.33796e-21)
(0.96889 0.4166 -1.48179e-20)
(0.983479 0.375077 7.41493e-21)
(0.295149 0.301137 2.19248e-21)
(0.623348 0.619579 -3.68308e-22)
(0.791894 0.720947 4.87545e-22)
(0.862456 0.704463 -1.1415e-21)
(0.89061 0.643881 -4.49134e-21)
(0.906121 0.57698 -1.21933e-20)
(0.918915 0.51545 -3.45302e-21)
(0.930702 0.460524 -2.07035e-21)
(0.94453 0.409847 2.22551e-20)
(0.960816 0.364489 -4.10739e-21)
(0.279059 0.30602 -7.86907e-21)
(0.586816 0.621573 -5.41367e-21)
(0.747354 0.717319 2.52168e-21)
(0.817648 0.697234 1.41506e-21)
(0.849247 0.635428 -6.47793e-21)
(0.869179 0.568529 2.57383e-20)
(0.886125 0.507399 -1.97579e-20)
(0.9019 0.452962 2.4343e-20)
(0.919635 0.403015 -1.71065e-20)
(0.935684 0.359148 -2.35291e-20)
(0.261752 0.308597 2.60753e-21)
(0.549031 0.619432 -3.27742e-21)
(0.702194 0.709493 1.4546e-21)
(0.772769 0.686373 9.62298e-21)
(0.80809 0.62392 -5.1542e-21)
(0.83253 0.557475 7.7764e-21)
(0.853708 0.497069 1.13795e-20)
(0.87349 0.443287 -6.07059e-21)
(0.894591 0.393842 -1.77491e-20)
(0.911689 0.350166 2.4293e-20)
(0.243489 0.308789 6.23319e-21)
(0.510427 0.613125 7.76662e-21)
(0.656832 0.697488 -8.9955e-21)
(0.728156 0.6719 -7.85794e-21)
(0.767406 0.609373 3.38938e-20)
(0.796397 0.543834 -3.55428e-20)
(0.821815 0.484515 4.41233e-20)
(0.84548 0.431752 -1.1004e-20)
(0.869615 0.383411 1.19087e-20)
(0.888421 0.340952 2.30668e-20)
(0.224534 0.306548 -1.53954e-21)
(0.471432 0.602657 -8.78953e-21)
(0.611679 0.681348 -7.46037e-21)
(0.684145 0.65386 -3.50551e-21)
(0.72746 0.591822 5.52527e-21)
(0.761002 0.527628 -1.01315e-20)
(0.790619 0.469737 -1.31031e-20)
(0.818037 0.418275 -2.99603e-20)
(0.845083 0.371278 2.99746e-20)
(0.866025 0.330233 -9.48606e-21)
(0.205151 0.301854 2.10685e-20)
(0.43247 0.588072 -3.23897e-21)
(0.567131 0.661148 -1.06436e-20)
(0.641058 0.632325 1.28728e-20)
(0.688512 0.571323 -2.305e-20)
(0.726555 0.508904 6.42075e-20)
(0.760288 0.45279 -3.45783e-20)
(0.791329 0.402951 3.16932e-20)
(0.82122 0.357617 -5.82499e-20)
(0.844527 0.318178 -1.56162e-20)
(0.185606 0.294715 -5.32399e-21)
(0.393953 0.569448 2.26082e-20)
(0.523572 0.636996 4.91788e-21)
(0.59921 0.607389 -1.24187e-20)
(0.650813 0.547953 -2.17075e-20)
(0.693265 0.487725 -3.24075e-22)
(0.730995 0.433724 1.15412e-20)
(0.765524 0.385807 -2.88314e-20)
(0.798188 0.342393 1.40429e-20)
(0.823967 0.304704 1.82795e-21)
(0.166157 0.285166 -3.86309e-20)
(0.35628 0.5469 -9.28829e-21)
(0.481373 0.609023 -2.77491e-21)
(0.5589 0.57917 3.2807e-20)
(0.614607 0.521808 -3.09329e-20)
(0.661333 0.464171 -7.82647e-21)
(0.702912 0.412611 -4.9649e-21)
(0.740782 0.366906 8.97884e-21)
(0.77613 0.325652 -1.17119e-20)
(0.804412 0.289849 -1.82015e-20)
(0.147059 0.273268 3.5434e-20)
(0.319831 0.520574 -2.04357e-20)
(0.440882 0.57739 8.25198e-22)
(0.520415 0.547809 -5.01586e-20)
(0.580126 0.493006 5.48377e-20)
(0.630953 0.438341 -1.74307e-20)
(0.676205 0.389533 1.04499e-20)
(0.717254 0.346314 9.17676e-21)
(0.755169 0.307434 2.6649e-20)
(0.785932 0.273658 -1.11002e-20)
(0.128555 0.259108 -1.4304e-20)
(0.284971 0.490649 4.26535e-20)
(0.402434 0.542285 2.42579e-20)
(0.484027 0.513469 4.03523e-20)
(0.547591 0.46168 -9.27896e-21)
(0.602309 0.410346 3.78243e-21)
(0.651033 0.364589 3.0633e-20)
(0.695077 0.324111 6.9325e-21)
(0.735422 0.287804 6.69291e-22)
(0.768605 0.2562 -1.33565e-20)
(0.110879 0.242796 -3.43785e-20)
(0.252041 0.457332 -2.41982e-21)
(0.366337 0.50392 -1.44699e-20)
(0.449989 0.476332 -6.55588e-20)
(0.517209 0.427984 -6.3678e-20)
(0.575577 0.380317 1.05794e-20)
(0.627547 0.337888 -2.62597e-20)
(0.674383 0.300391 1.69524e-20)
(0.717 0.266839 9.1984e-21)
(0.752505 0.237555 1.90257e-20)
(0.0942496 0.224463 5.14133e-20)
(0.221357 0.420857 -4.21445e-20)
(0.332881 0.462527 -2.15767e-20)
(0.418537 0.436599 3.79697e-20)
(0.489175 0.392086 4.3573e-20)
(0.550921 0.348398 -1.46119e-20)
(0.605887 0.309554 -1.95416e-21)
(0.655294 0.275255 -5.25734e-20)
(0.700006 0.244627 -2.97422e-20)
(0.737706 0.217812 1.13924e-20)
(0.0788687 0.204262 -2.93842e-20)
(0.19321 0.381483 1.23491e-20)
(0.302329 0.418364 4.58581e-20)
(0.389888 0.394491 -2.08549e-20)
(0.463665 0.35417 1.75287e-21)
(0.528491 0.314745 5.87632e-20)
(0.586182 0.279722 2.63516e-21)
(0.63792 0.248819 5.06049e-20)
(0.684536 0.221269 2.11071e-20)
(0.724275 0.197069 -3.36083e-20)
(0.0649221 0.182364 4.1351e-20)
(0.167866 0.339492 4.68465e-21)
(0.274918 0.371705 3.05663e-21)
(0.364236 0.350243 4.22351e-20)
(0.440842 0.314436 -5.56104e-21)
(0.508424 0.279527 -3.69608e-20)
(0.568549 0.248537 1.81351e-20)
(0.622364 0.221209 -2.90454e-20)
(0.67068 0.196876 -1.21056e-20)
(0.712275 0.175427 1.22535e-20)
(0.0525754 0.158958 -2.57552e-20)
(0.145558 0.295187 -4.97569e-20)
(0.250861 0.322841 1.15943e-20)
(0.341756 0.304105 -2.26754e-20)
(0.420849 0.273095 -1.36314e-20)
(0.490841 0.242926 3.322e-20)
(0.553094 0.216156 -8.03412e-21)
(0.608718 0.192557 7.36897e-21)
(0.658517 0.171563 -9.01585e-21)
(0.701761 0.152996 1.79541e-20)
(0.0419736 0.134245 9.46079e-21)
(0.126489 0.248887 3.36635e-20)
(0.230341 0.27208 -4.69399e-20)
(0.322599 0.256339 2.21534e-20)
(0.403812 0.230368 -1.01214e-20)
(0.47585 0.205131 -2.85047e-20)
(0.539906 0.182741 2.33239e-20)
(0.597064 0.163006 4.86295e-21)
(0.648119 0.145457 -7.47724e-22)
(0.692784 0.129887 -2.08737e-20)
(0.0332398 0.108442 3.13545e-21)
(0.110832 0.200927 1.09633e-20)
(0.213511 0.219741 4.2633e-20)
(0.306891 0.20722 -8.21436e-21)
(0.389835 0.186487 -6.47769e-21)
(0.463541 0.166342 2.37758e-21)
(0.529065 0.148464 1.108e-21)
(0.587469 0.132702 8.71769e-21)
(0.639546 0.118688 -1.14728e-20)
(0.685384 0.106215 -7.29209e-21)
(0.0264738 0.081773 -7.78959e-21)
(0.0987261 0.151655 -1.33348e-20)
(0.200497 0.166155 -3.33099e-20)
(0.294735 0.157029 1.67768e-20)
(0.379005 0.141692 1.3667e-20)
(0.453985 0.126764 5.82245e-22)
(0.520634 0.113502 -2.2863e-20)
(0.579989 0.101801 -1.01737e-20)
(0.632849 0.0913911 8.03553e-21)
(0.679594 0.0820946 8.61665e-21)
(0.0217515 0.0544733 1.36695e-21)
(0.090276 0.101428 -2.82107e-21)
(0.191394 0.111661 6.31522e-21)
(0.28621 0.106057 -4.27604e-21)
(0.371385 0.0962292 -3.79862e-21)
(0.44724 0.0866073 -2.57206e-21)
(0.514659 0.0780374 4.71654e-21)
(0.574669 0.0704587 1.7975e-20)
(0.628065 0.0637007 2.59743e-21)
(0.675437 0.0576325 -4.60432e-21)
(0.281367 0.0545985 -3.65198e-21)
(0.367021 0.0503481 3.47649e-21)
(0.443342 0.0460874 1.56816e-21)
(0.511174 0.0422555 -1.56138e-21)
(0.571535 0.0388368 -7.11835e-21)
(0.625214 0.0357603 2.3434e-21)
(0.672918 0.0329595 -2.19037e-21)
(1.33037 0.220748 -1.80593e-22)
(1.34056 0.209237 -1.76584e-21)
(1.35015 0.197572 -3.73575e-22)
(1.35915 0.185799 -1.04281e-21)
(1.36756 0.173965 6.00763e-21)
(1.37536 0.162111 -5.69256e-21)
(1.38254 0.150272 3.56103e-21)
(1.38901 0.138476 1.48309e-20)
(1.31494 0.207916 -4.57375e-23)
(1.32481 0.197539 1.5106e-21)
(1.33421 0.187016 1.30466e-21)
(1.34316 0.176378 -6.47084e-21)
(1.35167 0.16566 2.10146e-21)
(1.35975 0.154894 -1.30053e-21)
(1.36739 0.144111 3.60441e-21)
(1.37458 0.133339 -7.07398e-21)
(1.30031 0.194932 4.84935e-22)
(1.30952 0.185568 1.10821e-21)
(1.31841 0.176069 6.28983e-22)
(1.327 0.166462 3.20275e-21)
(1.33529 0.156772 4.27585e-21)
(1.34332 0.147022 6.23888e-21)
(1.35107 0.137233 -1.93897e-22)
(1.35856 0.12743 1.17243e-21)
(1.28688 0.182363 -1.6078e-22)
(1.29536 0.173861 -1.9077e-21)
(1.3036 0.165246 -1.77246e-21)
(1.31164 0.156538 1.29858e-21)
(1.31949 0.147752 -4.84048e-21)
(1.32717 0.138906 -1.12907e-20)
(1.33471 0.13001 5.00139e-21)
(1.3421 0.121079 6.13398e-22)
(1.27443 0.170278 2.18565e-23)
(1.28222 0.162535 9.49763e-22)
(1.28983 0.154687 2.40394e-21)
(1.29728 0.146749 9.34742e-22)
(1.30459 0.138733 -2.01686e-22)
(1.31179 0.130649 2.74702e-21)
(1.3189 0.122503 2.16479e-21)
(1.32594 0.114305 -2.41972e-21)
(1.26264 0.158595 1.9576e-24)
(1.26982 0.151533 1.02613e-21)
(1.27684 0.144369 -1.7578e-21)
(1.28373 0.137111 -1.32334e-21)
(1.29051 0.129769 8.47784e-22)
(1.29719 0.122349 1.86605e-21)
(1.30381 0.114856 -3.25252e-21)
(1.31038 0.107295 -1.58953e-21)
(1.25135 0.147321 1.00619e-22)
(1.25795 0.14087 -1.06689e-21)
(1.26442 0.134318 1.58871e-21)
(1.27078 0.127673 1.02314e-21)
(1.27705 0.120939 1.97326e-21)
(1.28323 0.114121 -8.13507e-22)
(1.28937 0.107224 -5.41041e-21)
(1.29545 0.100248 3.59017e-21)
(1.24043 0.13647 -2.38309e-22)
(1.24648 0.130565 -4.85398e-22)
(1.25243 0.124567 -5.30406e-22)
(1.25828 0.118477 -5.87944e-22)
(1.26406 0.1123 3.72252e-22)
(1.26978 0.106036 2.24693e-21)
(1.27544 0.0996906 5.97875e-21)
(1.28107 0.0932619 1.26451e-21)
(1.22985 0.126066 1.16148e-22)
(1.23537 0.120655 -4.14037e-23)
(1.24082 0.115156 -2.18555e-22)
(1.24619 0.109572 -1.00905e-21)
(1.25149 0.103903 -1.77797e-21)
(1.25674 0.0981502 -2.34444e-21)
(1.26196 0.0923151 -1.57652e-21)
(1.26713 0.0863954 -2.27619e-21)
(1.2195 0.116087 7.56755e-23)
(1.22455 0.111132 8.86522e-22)
(1.22952 0.106095 7.61171e-23)
(1.23442 0.100977 7.55897e-22)
(1.23928 0.0957789 4.91308e-23)
(1.24408 0.0904997 -3.38358e-21)
(1.24885 0.08514 -2.28319e-22)
(1.25359 0.0796975 1.96903e-21)
(1.20947 0.106551 -1.82071e-22)
(1.21404 0.102022 2.3707e-22)
(1.21855 0.097416 -2.52963e-22)
(1.22301 0.0927325 -4.91814e-22)
(1.22742 0.0879724 -7.30244e-22)
(1.23179 0.083135 2.27655e-21)
(1.23614 0.0782204 1.1045e-21)
(1.24045 0.0732268 -1.86058e-21)
(1.19967 0.0975181 5.912e-23)
(1.2038 0.0933744 -7.78403e-22)
(1.20788 0.0891602 4.23297e-22)
(1.21191 0.0848756 3.01051e-23)
(1.21591 0.0805205 8.02131e-22)
(1.21987 0.0760941 -8.46859e-22)
(1.22379 0.0715955 1.13198e-21)
(1.2277 0.0670233 1.4736e-21)
(1.19012 0.0889491 3.8375e-23)
(1.19384 0.0851668 3.17511e-22)
(1.19751 0.0813207 -7.65803e-22)
(1.20114 0.0774107 -1.41122e-22)
(1.20474 0.0734362 -8.60533e-22)
(1.2083 0.0693961 9.26121e-22)
(1.21184 0.0652896 -3.52639e-21)
(1.21536 0.0611152 -2.14297e-21)
(1.18081 0.0808722 -9.65537e-23)
(1.18415 0.0774267 1.04336e-22)
(1.18745 0.073924 6.34312e-22)
(1.1907 0.0703639 -3.58342e-22)
(1.19393 0.0667454 1.4117e-21)
(1.19713 0.0630677 -5.02485e-22)
(1.20029 0.0593299 7.02343e-22)
(1.20344 0.0555306 1.20787e-21)
(1.17177 0.0732764 9.48358e-23)
(1.17475 0.0701456 -3.70443e-23)
(1.1777 0.0669648 -5.24783e-22)
(1.18061 0.0637332 1.19269e-21)
(1.18349 0.0604496 -6.79593e-22)
(1.18634 0.0571133 5.83877e-22)
(1.18917 0.0537234 6.10353e-22)
(1.19197 0.0502788 2.44513e-22)
(1.16298 0.0661361 5.36965e-23)
(1.16565 0.0633048 8.86084e-23)
(1.16828 0.0604293 2.49448e-22)
(1.17087 0.0575087 -9.00554e-22)
(1.17344 0.0545422 -5.80099e-22)
(1.17597 0.0515293 1.07567e-22)
(1.17848 0.048469 -5.51676e-22)
(1.18096 0.0453605 6.33446e-22)
(1.18342 0.0422026 -2.43442e-21)
(1.15451 0.059458 -7.83259e-23)
(1.15688 0.0569105 -2.43615e-23)
(1.15922 0.054323 -1.03401e-24)
(1.16152 0.0516957 6.47068e-22)
(1.16379 0.0490281 4.31154e-22)
(1.16604 0.0463198 -2.82356e-22)
(1.16825 0.0435702 -5.21189e-22)
(1.17044 0.0407785 1.25855e-22)
(1.1726 0.0379439 3.74299e-22)
(1.14635 0.0532272 5.96219e-23)
(1.14845 0.0509438 -1.19939e-23)
(1.15052 0.0486262 2.24706e-22)
(1.15256 0.0462744 -2.18868e-22)
(1.15457 0.0438881 -3.32836e-23)
(1.15655 0.0414669 5.78964e-22)
(1.1585 0.0390103 2.44334e-22)
(1.16043 0.0365176 -7.40994e-22)
(1.16232 0.0339882 -3.37283e-22)
(1.13853 0.0474169 -6.06755e-23)
(1.1404 0.0453832 -7.65323e-23)
(1.14223 0.0433205 -4.20116e-23)
(1.14403 0.0412286 -3.41424e-23)
(1.1458 0.0391074 -3.66778e-22)
(1.14754 0.0369565 4.07725e-22)
(1.14926 0.0347755 -2.78786e-22)
(1.15094 0.0325641 -6.38587e-22)
(1.1526 0.0303218 9.19218e-22)
(1.13108 0.0420041 -3.06985e-23)
(1.13273 0.0402054 8.05272e-23)
(1.13435 0.0383823 -2.21005e-23)
(1.13594 0.0365348 -9.45806e-23)
(1.13751 0.0346626 1.13913e-22)
(1.13904 0.0327656 -2.80438e-22)
(1.14054 0.0308435 4.83426e-22)
(1.14201 0.028896 4.38216e-22)
(1.14345 0.0269229 -5.8647e-23)
(1.12403 0.0369589 4.65829e-23)
(1.12549 0.0353814 -5.225e-23)
(1.12693 0.0337836 -2.43252e-23)
(1.12833 0.0321654 -1.15927e-22)
(1.12971 0.030527 4.50334e-23)
(1.13106 0.0288681 1.15535e-22)
(1.13237 0.0271885 -4.25658e-23)
(1.13366 0.0254883 -5.25911e-22)
(1.13491 0.023767 3.72724e-22)
(1.11742 0.0322494 3.11004e-24)
(1.11872 0.0308797 -5.13299e-23)
(1.11999 0.0294933 -6.36758e-23)
(1.12124 0.0280904 4.13713e-23)
(1.12245 0.0266709 1.76452e-22)
(1.12363 0.0252348 -1.68759e-22)
(1.12478 0.0237821 -3.49986e-22)
(1.1259 0.0223126 4.06814e-22)
(1.12699 0.0208264 -5.95919e-22)
(1.11129 0.02784 -3.43385e-24)
(1.11245 0.0266653 -1.73688e-23)
(1.11358 0.0254772 7.70229e-23)
(1.11468 0.0242759 -2.26439e-23)
(1.11575 0.0230613 -1.61959e-22)
(1.11679 0.0218334 2.19648e-22)
(1.11781 0.0205923 -2.73442e-22)
(1.11878 0.019338 -1.58012e-22)
(1.11973 0.0180705 4.88765e-22)
(1.10568 0.0236939 -1.83734e-23)
(1.10672 0.0227023 4.53586e-23)
(1.10773 0.0217001 4.54463e-23)
(1.10871 0.0206874 -5.74816e-23)
(1.10966 0.0196643 -6.91088e-24)
(1.11059 0.0186309 -2.06066e-22)
(1.11148 0.0175871 -1.62471e-23)
(1.11234 0.016533 2.19599e-22)
(1.11316 0.0154686 -3.49452e-22)
(1.10064 0.0197704 8.88252e-26)
(1.10158 0.0189505 7.98129e-24)
(1.10249 0.0181226 7.69011e-25)
(1.10338 0.0172866 3.93663e-23)
(1.10423 0.0164427 2.08006e-22)
(1.10505 0.0155909 -1.55609e-22)
(1.10584 0.0147311 9.18948e-23)
(1.10659 0.0138636 -9.90114e-25)
(1.10732 0.0129883 -2.35235e-22)
(1.09624 0.0160222 1.23771e-23)
(1.09709 0.0153645 -2.94418e-23)
(1.09792 0.0147009 8.38632e-24)
(1.09872 0.0140313 -7.56271e-23)
(1.09949 0.0133557 2.93564e-23)
(1.10023 0.0126741 5.25949e-23)
(1.10093 0.0119867 1.25481e-22)
(1.10161 0.0112934 1.98276e-23)
(1.10225 0.0105944 -2.84953e-23)
(1.09253 0.0124072 1.10085e-23)
(1.09332 0.0119042 -5.59603e-24)
(1.09408 0.0113967 -2.18334e-23)
(1.09481 0.0108847 5.94157e-23)
(1.09552 0.0103684 -1.03524e-22)
(1.09619 0.00984776 7.86022e-23)
(1.09683 0.00932283 4.6009e-23)
(1.09743 0.00879365 -1.63048e-22)
(1.09801 0.00826026 -1.04985e-22)
(1.0896 0.00886519 1.24466e-24)
(1.09034 0.00850925 -2.71606e-23)
(1.09105 0.00815039 9.23201e-24)
(1.09173 0.00778863 -7.66007e-23)
(1.09238 0.00742398 8.13626e-23)
(1.093 0.00705644 1.24366e-23)
(1.09359 0.00668603 4.65845e-23)
(1.09414 0.00631275 -1.64168e-22)
(1.09467 0.00593663 2.72848e-22)
(1.08752 0.00536726 2.33484e-25)
(1.08822 0.005155 6.27944e-24)
(1.0889 0.00494092 8.11722e-24)
(1.08954 0.00472499 -2.94808e-23)
(1.09016 0.00450721 5.62659e-23)
(1.09075 0.00428756 -6.52257e-23)
(1.0913 0.00406604 7.58891e-23)
(1.09182 0.00384266 -2.94602e-23)
(1.09232 0.00361743 -6.83923e-23)
(1.08642 0.00177219 5.59994e-25)
(1.0871 0.00170456 -1.84497e-23)
(1.08775 0.0016366 3.97721e-23)
(1.08838 0.0015682 4.1297e-23)
(1.08897 0.00149929 -2.46207e-23)
(1.08954 0.00142976 4.3503e-23)
(1.09007 0.00135954 -4.53213e-23)
(1.09057 0.00128856 -1.2834e-23)
(1.09105 0.00121674 -2.58956e-23)
(1.00361 0.345538 1.34496e-21)
(1.02437 0.343994 -9.17825e-22)
(1.04313 0.343146 2.22771e-21)
(1.0621 0.342001 -3.58051e-22)
(1.0818 0.340239 -4.64626e-23)
(1.10137 0.337902 1.64573e-22)
(1.12042 0.334925 -1.15644e-21)
(1.13904 0.331199 -1.45064e-21)
(1.15725 0.326688 2.62513e-22)
(1.17497 0.321401 -5.11563e-21)
(1.19216 0.315358 -3.5059e-21)
(1.20878 0.30859 3.31437e-21)
(1.22482 0.301133 -7.18949e-21)
(1.24018 0.292998 -1.8111e-21)
(1.25517 0.284134 3.37552e-21)
(1.26977 0.274518 -4.39881e-21)
(1.28339 0.264395 7.01729e-22)
(1.29613 0.253916 3.29433e-22)
(1.30816 0.243128 1.62514e-21)
(1.31957 0.23206 2.68789e-22)
(1.01719 0.327514 -2.28472e-21)
(1.03769 0.325537 1.32049e-21)
(1.0561 0.324374 -2.45263e-21)
(1.07302 0.323138 -9.19879e-22)
(1.09039 0.321179 -7.95726e-23)
(1.10786 0.318515 -2.39796e-22)
(1.12484 0.315219 7.79824e-22)
(1.14134 0.311242 3.72497e-21)
(1.15749 0.306554 -4.53469e-21)
(1.17327 0.301184 3.14994e-21)
(1.18862 0.295181 -7.52601e-22)
(1.20351 0.288578 -3.68899e-21)
(1.21792 0.281429 2.84636e-21)
(1.2318 0.273725 -1.87015e-21)
(1.24507 0.265607 4.88445e-22)
(1.25799 0.256751 -1.1105e-21)
(1.2705 0.247444 4.62378e-21)
(1.28243 0.237884 -8.7478e-22)
(1.29377 0.228109 -1.36899e-21)
(1.3046 0.218115 1.77779e-23)
(1.03101 0.307898 -1.11629e-21)
(1.05014 0.306553 -1.84942e-21)
(1.06788 0.305262 6.5876e-22)
(1.08329 0.303748 6.17682e-22)
(1.09866 0.30152 2.16695e-22)
(1.11434 0.298531 4.90292e-23)
(1.12968 0.294935 1.1795e-21)
(1.14449 0.290773 3.14238e-21)
(1.15892 0.286028 6.14354e-21)
(1.17301 0.280714 -2.93924e-22)
(1.1867 0.274871 5.01158e-21)
(1.19997 0.268533 -7.56373e-22)
(1.21279 0.261727 -7.30336e-22)
(1.22517 0.254475 2.85424e-22)
(1.23699 0.246843 -4.45116e-21)
(1.24844 0.238832 -2.75422e-21)
(1.25969 0.230513 -1.99314e-21)
(1.27051 0.22194 -4.92713e-22)
(1.28084 0.21314 -1.08079e-21)
(1.29076 0.204131 -5.11659e-22)
(1.04384 0.289956 -1.78667e-21)
(1.0613 0.288721 2.14873e-21)
(1.07789 0.287067 -3.64719e-22)
(1.09194 0.285066 1.6994e-24)
(1.10554 0.282498 2.45289e-22)
(1.1195 0.279275 -1.12897e-21)
(1.13332 0.27551 -1.03421e-21)
(1.14665 0.271285 -5.44796e-21)
(1.15957 0.266598 -1.83657e-21)
(1.17216 0.261446 5.28749e-21)
(1.18442 0.255855 -2.68099e-21)
(1.1963 0.249859 4.44504e-21)
(1.20778 0.243482 -3.15099e-22)
(1.21886 0.236756 -2.62395e-21)
(1.22949 0.229689 6.83592e-21)
(1.2398 0.222367 2.86323e-21)
(1.24995 0.214801 -8.12443e-22)
(1.25973 0.206979 1.09391e-21)
(1.26911 0.198944 1.71919e-21)
(1.27814 0.190731 1.96397e-22)
(1.05545 0.272758 2.90614e-21)
(1.0712 0.271263 -1.50272e-21)
(1.08641 0.2692 4.41375e-22)
(1.09921 0.266774 1.32641e-22)
(1.11128 0.263937 -2.41669e-22)
(1.12367 0.260593 4.81354e-22)
(1.13605 0.256784 -8.16563e-22)
(1.14802 0.252589 2.79681e-21)
(1.15958 0.248025 -4.24444e-21)
(1.17083 0.243086 -6.24951e-21)
(1.18179 0.237787 -1.13329e-22)
(1.19243 0.232157 -1.82565e-21)
(1.20273 0.226219 9.78128e-22)
(1.21268 0.220011 -1.05114e-21)
(1.22225 0.213538 -2.01646e-21)
(1.23157 0.206902 9.87248e-23)
(1.24075 0.199952 -5.73839e-22)
(1.24962 0.19276 -1.88168e-21)
(1.25816 0.185401 -6.69685e-22)
(1.26642 0.177904 -7.95685e-23)
(1.06579 0.25578 -7.63237e-23)
(1.07985 0.254011 8.73081e-22)
(1.09358 0.251669 2.01852e-22)
(1.10517 0.248978 -3.44511e-22)
(1.11593 0.245985 1.97977e-23)
(1.12689 0.242608 -4.00028e-22)
(1.13792 0.238842 2.10666e-21)
(1.14864 0.234742 1.70192e-21)
(1.15898 0.230339 3.62864e-21)
(1.16902 0.225635 2.07875e-21)
(1.17882 0.220636 1.47798e-21)
(1.18835 0.215364 -1.01109e-22)
(1.19761 0.20984 5.37279e-22)
(1.20658 0.204094 2.11838e-21)
(1.21531 0.198136 -1.70166e-21)
(1.22367 0.192026 -4.87591e-22)
(1.2318 0.185654 1.28632e-21)
(1.23984 0.179087 1.44845e-21)
(1.24768 0.172378 -1.02925e-21)
(1.25527 0.165546 3.90059e-23)
(1.07483 0.239062 -1.21511e-21)
(1.0873 0.237095 -6.82946e-22)
(1.09953 0.234601 6.67966e-23)
(1.10994 0.231775 -2.86232e-22)
(1.11953 0.228712 9.76416e-22)
(1.12923 0.225358 2.31565e-21)
(1.13902 0.221685 1.68221e-21)
(1.14859 0.217724 -4.78007e-21)
(1.15782 0.21351 -1.33519e-21)
(1.16678 0.209052 -1.78903e-22)
(1.17553 0.204355 4.41297e-22)
(1.18406 0.19943 -9.20337e-22)
(1.19236 0.194296 -1.44823e-21)
(1.20043 0.188965 2.88665e-21)
(1.20827 0.183452 6.08309e-22)
(1.21584 0.177751 -1.18273e-21)
(1.22323 0.171937 -1.09024e-21)
(1.23053 0.165986 4.69886e-22)
(1.23767 0.159892 1.07855e-21)
(1.2446 0.153666 -1.44165e-22)
(1.08255 0.222764 9.74299e-22)
(1.09355 0.220663 4.39489e-23)
(1.10432 0.218098 -9.16383e-23)
(1.1136 0.215225 5.86562e-22)
(1.12215 0.212154 -1.72845e-21)
(1.13073 0.208863 -3.06093e-21)
(1.13939 0.205314 -1.38402e-21)
(1.1479 0.201523 -5.35488e-22)
(1.15613 0.197517 3.02708e-22)
(1.16413 0.193313 -7.99704e-22)
(1.17193 0.188914 -1.19767e-21)
(1.17955 0.184328 1.86043e-21)
(1.18699 0.179567 -7.61123e-22)
(1.19423 0.174641 -2.82016e-21)
(1.20129 0.169563 -1.79458e-21)
(1.20814 0.164339 -2.39685e-22)
(1.21485 0.158987 6.06015e-22)
(1.22147 0.153536 -1.18114e-21)
(1.22795 0.147967 4.87548e-22)
(1.23426 0.142274 2.29628e-22)
(1.08894 0.20698 -3.60891e-22)
(1.09862 0.20479 -8.14139e-24)
(1.10801 0.202204 2.08831e-22)
(1.11623 0.199344 -2.89884e-22)
(1.12383 0.196318 8.85938e-22)
(1.13142 0.19312 2.23405e-21)
(1.13908 0.189718 -1.08887e-21)
(1.14663 0.186115 9.12808e-22)
(1.15396 0.182331 5.56206e-22)
(1.16108 0.178383 3.67227e-22)
(1.16804 0.174277 6.07115e-22)
(1.17485 0.170017 9.36363e-23)
(1.1815 0.165613 1.38299e-21)
(1.18799 0.161074 1.25376e-21)
(1.19433 0.156415 7.79752e-22)
(1.20049 0.151637 1.37912e-21)
(1.20656 0.14677 9.18669e-22)
(1.21261 0.141763 -2.40871e-22)
(1.2185 0.136626 2.49779e-22)
(1.22423 0.13139 -1.47977e-22)
(1.09404 0.191743 -9.02583e-22)
(1.10252 0.189506 -8.38189e-23)
(1.11067 0.186939 -3.16726e-22)
(1.11789 0.184139 3.63875e-22)
(1.12464 0.181198 -5.91975e-23)
(1.13137 0.178121 -1.28375e-21)
(1.13813 0.174883 2.37219e-21)
(1.14481 0.171479 1.57221e-21)
(1.15132 0.167924 -2.76975e-22)
(1.15766 0.164232 -5.88241e-22)
(1.16387 0.160409 2.71065e-22)
(1.16995 0.156459 -1.10682e-21)
(1.17591 0.152389 -5.96244e-22)
(1.18175 0.148205 -2.21136e-22)
(1.18746 0.14392 2.10472e-21)
(1.19308 0.139534 -1.81372e-22)
(1.19853 0.135072 -4.31845e-22)
(1.20385 0.130475 -2.44391e-22)
(1.20914 0.12576 -6.80267e-22)
(1.21437 0.120962 -6.87404e-23)
(1.09791 0.177073 6.03831e-22)
(1.10532 0.17483 2.12672e-23)
(1.11235 0.172318 4.2569e-22)
(1.11868 0.169614 2.18951e-22)
(1.12466 0.16679 5.81579e-22)
(1.13061 0.163856 -9.04727e-22)
(1.13659 0.160794 -1.51403e-21)
(1.14249 0.157596 4.83866e-22)
(1.14827 0.154271 5.46834e-22)
(1.15391 0.150831 9.94992e-22)
(1.15944 0.147282 -4.8975e-22)
(1.16486 0.143626 -3.90831e-22)
(1.17019 0.139867 8.40251e-22)
(1.17542 0.136009 -5.65233e-22)
(1.18054 0.132054 -1.47966e-21)
(1.18557 0.128009 6.00125e-22)
(1.19048 0.123862 5.10315e-22)
(1.1953 0.119651 1.07796e-22)
(1.20009 0.115368 -1.98076e-22)
(1.20482 0.111001 1.31074e-22)
(1.10063 0.162992 3.47415e-23)
(1.10709 0.160781 2.89057e-23)
(1.11314 0.158356 -4.95061e-22)
(1.11867 0.155773 -4.13117e-22)
(1.12396 0.153089 -1.57803e-22)
(1.12923 0.150315 1.53411e-21)
(1.13451 0.147436 1.40715e-22)
(1.13973 0.144446 -1.40158e-21)
(1.14484 0.141351 -6.65347e-22)
(1.14985 0.138158 1.4314e-22)
(1.15477 0.134872 1.33294e-23)
(1.15961 0.131497 -1.56432e-22)
(1.16436 0.128033 -2.54342e-22)
(1.16903 0.124484 4.09944e-22)
(1.17362 0.120853 3.31528e-22)
(1.17813 0.117144 -2.43548e-22)
(1.18256 0.113357 2.47883e-23)
(1.18691 0.109506 -2.62412e-22)
(1.19122 0.105586 2.51465e-23)
(1.19548 0.10159 1.08245e-24)
(1.10231 0.14952 -7.92241e-23)
(1.10793 0.147375 -9.05718e-24)
(1.11313 0.145058 2.01857e-22)
(1.11795 0.142616 -4.94082e-23)
(1.12262 0.140088 -1.1048e-21)
(1.12729 0.137484 -2.09296e-22)
(1.13194 0.134793 -3.44652e-22)
(1.13655 0.132012 2.93321e-22)
(1.14108 0.129142 -5.97068e-22)
(1.14553 0.12619 -6.44167e-22)
(1.1499 0.123159 -2.21336e-22)
(1.15421 0.120051 -3.15313e-22)
(1.15844 0.116868 1.33091e-21)
(1.16262 0.113613 -7.16798e-22)
(1.16672 0.110286 -5.35844e-22)
(1.17076 0.106891 2.08377e-22)
(1.17473 0.103428 3.96558e-22)
(1.17865 0.099904 5.1518e-22)
(1.18252 0.0963181 3.38859e-22)
(1.18635 0.0926667 -2.94189e-23)
(1.10304 0.136673 -8.08902e-23)
(1.10792 0.134618 -5.21722e-24)
(1.11239 0.132429 -2.81207e-22)
(1.11659 0.130138 8.19979e-23)
(1.12071 0.127776 7.69477e-22)
(1.12484 0.125348 -7.61649e-23)
(1.12895 0.122848 3.52075e-22)
(1.13302 0.120273 -1.12384e-22)
(1.13703 0.117624 8.44072e-22)
(1.14097 0.114905 -5.77168e-22)
(1.14486 0.112118 7.75526e-22)
(1.14869 0.109266 5.32861e-22)
(1.15247 0.10635 -8.22754e-22)
(1.15619 0.103372 4.66257e-22)
(1.15985 0.100332 4.97017e-22)
(1.16346 0.0972319 -1.00187e-21)
(1.16702 0.094073 2.27684e-22)
(1.17053 0.0908563 -3.9667e-22)
(1.17401 0.0875872 -1.62668e-22)
(1.17743 0.0842595 6.70023e-23)
(1.10293 0.124458 1.42974e-23)
(1.10717 0.122513 -7.71712e-23)
(1.11102 0.120462 1.13329e-22)
(1.11467 0.118331 -2.39479e-22)
(1.11831 0.116139 1.58922e-22)
(1.12196 0.11389 -7.01475e-22)
(1.1256 0.11158 5.27708e-22)
(1.12919 0.109208 1.61522e-22)
(1.13273 0.106773 -2.95029e-22)
(1.13623 0.104279 1.14025e-22)
(1.13968 0.101727 -4.03084e-22)
(1.14309 0.0991195 7.48833e-22)
(1.14645 0.0964569 -6.58926e-22)
(1.14976 0.0937406 -1.20684e-23)
(1.15303 0.0909716 -3.21927e-22)
(1.15626 0.0881519 2.46807e-22)
(1.15943 0.0852816 -5.13232e-22)
(1.16258 0.0823643 1.71122e-22)
(1.16569 0.0793884 1.2324e-22)
(1.16875 0.0763577 -5.83941e-23)
(1.10208 0.112876 -3.15549e-24)
(1.10577 0.111055 1.2925e-22)
(1.10908 0.10915 5.31533e-23)
(1.11227 0.107181 7.48632e-23)
(1.11548 0.10516 -2.61089e-22)
(1.11871 0.10309 1.8075e-22)
(1.12192 0.100968 -3.59106e-22)
(1.1251 0.0987939 2.39002e-22)
(1.12824 0.0965668 -5.24779e-23)
(1.13134 0.0942888 1.76863e-22)
(1.1344 0.0919616 2.51808e-22)
(1.13743 0.0895861 -3.44675e-22)
(1.14042 0.0871632 -3.73537e-22)
(1.14338 0.0846937 -1.96242e-22)
(1.1463 0.0821785 1.53154e-22)
(1.14918 0.0796185 3.56589e-22)
(1.15202 0.0770141 4.55135e-22)
(1.15481 0.0743676 -7.89217e-23)
(1.15755 0.0716693 -1.40953e-22)
(1.16028 0.0689243 -5.06053e-23)
(1.10059 0.101921 -2.59856e-24)
(1.1038 0.100231 -1.23775e-22)
(1.10667 0.098476 2.27263e-22)
(1.10946 0.09667 2.46636e-22)
(1.11229 0.0948202 1.83625e-22)
(1.11515 0.0929272 4.43624e-23)
(1.118 0.0909897 -6.77654e-24)
(1.12081 0.0890072 -2.25814e-22)
(1.12359 0.0869803 3.77826e-23)
(1.12634 0.08491 -2.35785e-22)
(1.12906 0.0827971 -1.20905e-22)
(1.13175 0.0806426 -3.03843e-22)
(1.13442 0.078447 -4.29983e-23)
(1.13705 0.0762107 1.87701e-23)
(1.13964 0.0739342 3.26026e-22)
(1.14221 0.0716174 -3.59575e-22)
(1.14474 0.0692613 -3.95274e-22)
(1.14723 0.0668638 -1.29907e-22)
(1.14968 0.0644333 1.96731e-22)
(1.15211 0.0619655 5.79193e-23)
(1.09856 0.0915797 -4.00148e-24)
(1.10136 0.0900271 1.75238e-23)
(1.10386 0.0884232 -1.11905e-22)
(1.10631 0.0867786 -7.65982e-23)
(1.10881 0.0850967 4.57189e-23)
(1.11135 0.083377 2.57413e-22)
(1.11387 0.0816189 1.66344e-22)
(1.11637 0.0798224 -1.5753e-22)
(1.11883 0.0779881 -1.82475e-22)
(1.12127 0.0761168 -8.85817e-23)
(1.12369 0.074209 6.43079e-22)
(1.12609 0.0722652 3.92606e-22)
(1.12846 0.0702861 2.08414e-22)
(1.1308 0.068272 -1.8371e-22)
(1.13312 0.0662233 -6.8975e-23)
(1.1354 0.0641403 -1.83e-22)
(1.13765 0.0620236 -1.02621e-22)
(1.13987 0.0598731 1.63656e-23)
(1.14206 0.0576911 -7.49253e-23)
(1.14422 0.0554762 -3.28477e-23)
(1.09608 0.0818357 4.1118e-24)
(1.09854 0.0804224 2.50826e-23)
(1.10073 0.0789685 2.0718e-24)
(1.10289 0.0774822 -5.0928e-23)
(1.10511 0.075964 -2.0276e-22)
(1.10737 0.0744129 -1.9573e-22)
(1.10961 0.0728285 1.41689e-22)
(1.11183 0.0712114 2.0344e-22)
(1.11402 0.0695621 4.36735e-22)
(1.1162 0.0678812 2.64806e-23)
(1.11835 0.0661691 -3.2666e-22)
(1.12049 0.0644263 -3.08118e-22)
(1.1226 0.0626532 4.02333e-22)
(1.12469 0.0608502 1.23526e-22)
(1.12675 0.0590175 -6.41389e-23)
(1.12879 0.0571556 -4.61428e-23)
(1.13079 0.0552648 1.84602e-22)
(1.13277 0.053345 -8.85615e-24)
(1.13472 0.0513975 -1.235e-23)
(1.13664 0.0494216 3.22305e-23)
(1.09326 0.0726657 1.84063e-23)
(1.09542 0.0713914 -7.11228e-24)
(1.09736 0.0700851 2.05345e-23)
(1.09928 0.0687527 6.12968e-23)
(1.10126 0.0673932 1.48763e-23)
(1.10327 0.0660051 -1.55657e-22)
(1.10528 0.0645883 -1.36759e-22)
(1.10726 0.0631434 2.43313e-22)
(1.10922 0.0616713 -1.01341e-23)
(1.11116 0.0601723 4.15287e-22)
(1.11308 0.0586468 3.1243e-23)
(1.11499 0.0570951 -8.42291e-23)
(1.11688 0.0555176 -2.93793e-22)
(1.11875 0.0539147 -3.76451e-23)
(1.12059 0.0522866 -6.11349e-23)
(1.1224 0.0506336 2.61679e-22)
(1.12419 0.0489561 -2.16962e-22)
(1.12596 0.0472541 1.06937e-22)
(1.12769 0.0455283 -3.44629e-23)
(1.1294 0.0437783 -1.55059e-23)
(1.09018 0.0640414 -2.92382e-23)
(1.09211 0.0629044 7.22512e-25)
(1.09383 0.0617418 -1.95268e-23)
(1.09555 0.0605581 -2.39851e-23)
(1.09733 0.0593516 4.83987e-23)
(1.09914 0.0581204 6.12076e-23)
(1.10094 0.0568644 1.54374e-22)
(1.10271 0.0555846 -3.51047e-22)
(1.10447 0.0542817 -3.13652e-22)
(1.10621 0.0529562 -4.91548e-23)
(1.10794 0.0516082 1.12476e-22)
(1.10965 0.0502381 1.46262e-22)
(1.11135 0.0488461 1.81612e-23)
(1.11302 0.0474328 8.77982e-23)
(1.11467 0.0459982 -1.2171e-22)
(1.11629 0.0445427 -4.50378e-23)
(1.11789 0.0430666 8.82519e-23)
(1.11947 0.04157 -1.55683e-23)
(1.12102 0.0400532 -1.09334e-23)
(1.12254 0.0385162 1.55833e-23)
(1.08696 0.0559291 4.33005e-23)
(1.08868 0.054926 -4.98001e-24)
(1.09024 0.0539026 1.08549e-23)
(1.0918 0.0528621 4.25163e-24)
(1.0934 0.0518023 -5.2479e-23)
(1.09503 0.0507215 7.43362e-24)
(1.09666 0.0496196 1.60933e-23)
(1.09826 0.0484975 1.09804e-22)
(1.09985 0.047356 2.44911e-22)
(1.10142 0.0461955 -7.86389e-24)
(1.10298 0.0450162 -5.80195e-23)
(1.10453 0.0438183 4.46698e-23)
(1.10605 0.0426023 5.60301e-23)
(1.10756 0.0413684 -9.40931e-23)
(1.10904 0.0401168 9.84588e-24)
(1.1105 0.0388479 1.15866e-22)
(1.11193 0.0375618 -8.13381e-23)
(1.11334 0.0362587 3.56235e-24)
(1.11473 0.0349389 5.32316e-23)
(1.11609 0.0336025 2.00865e-24)
(1.08368 0.048289 -2.10716e-23)
(1.08524 0.0474159 1.9486e-23)
(1.08666 0.0465265 -3.92107e-24)
(1.08809 0.0456234 1.79721e-23)
(1.08956 0.0447041 -4.49749e-23)
(1.09104 0.0437671 1.60841e-23)
(1.09252 0.0428123 -3.34777e-23)
(1.09398 0.0418407 5.99341e-23)
(1.09542 0.0408529 -7.87556e-23)
(1.09685 0.0398494 -6.95376e-23)
(1.09827 0.0388303 -1.43073e-22)
(1.09967 0.0377959 -2.66017e-23)
(1.10105 0.0367465 1.27333e-22)
(1.10241 0.0356824 -1.04358e-22)
(1.10375 0.0346038 7.16394e-23)
(1.10507 0.033511 -2.7675e-23)
(1.10636 0.0324041 4.3763e-23)
(1.10763 0.0312835 1.11868e-22)
(1.10888 0.0301491 -6.1568e-23)
(1.1101 0.0290013 -1.74011e-24)
(1.08044 0.0410751 1.49335e-23)
(1.08187 0.0403276 8.50199e-24)
(1.08319 0.039567 -1.18626e-23)
(1.08452 0.0387954 2.83822e-24)
(1.08587 0.0380106 3.18816e-23)
(1.08723 0.037211 -1.84315e-23)
(1.08858 0.0363968 -5.85885e-23)
(1.08992 0.0355686 6.31653e-24)
(1.09125 0.0347272 -1.12572e-22)
(1.09256 0.033873 3.81025e-23)
(1.09386 0.0330061 1.21644e-22)
(1.09514 0.0321269 -3.02729e-23)
(1.0964 0.0312355 5.12742e-23)
(1.09764 0.0303322 -3.72127e-23)
(1.09886 0.0294173 2.24173e-24)
(1.10006 0.0284909 3.32517e-23)
(1.10123 0.0275533 -1.33549e-23)
(1.10238 0.0266046 5.17454e-24)
(1.10351 0.0256449 -2.92817e-23)
(1.10461 0.0246748 2.85951e-24)
(1.07736 0.0342344 -1.47428e-23)
(1.07868 0.033608 -4.18135e-23)
(1.07992 0.0329712 -9.81835e-24)
(1.08116 0.0323257 3.51142e-24)
(1.08242 0.0316696 -3.30747e-24)
(1.08369 0.0310015 2.2527e-23)
(1.08494 0.0303216 -5.52582e-24)
(1.08619 0.0296304 -1.12702e-23)
(1.08741 0.0289287 7.70739e-23)
(1.08863 0.0282167 -5.43281e-23)
(1.08982 0.0274947 1.40106e-22)
(1.091 0.0267629 -2.51421e-23)
(1.09217 0.0260216 8.88874e-25)
(1.09331 0.025271 7.76456e-24)
(1.09443 0.0245112 -9.48067e-23)
(1.09553 0.0237426 3.26827e-24)
(1.0966 0.0229653 -2.13622e-23)
(1.09765 0.0221795 -1.2905e-23)
(1.09868 0.0213852 2.72068e-23)
(1.09967 0.0205821 -2.5821e-24)
(1.07452 0.0277058 -3.8582e-23)
(1.07576 0.0271963 5.20865e-23)
(1.07694 0.0266789 -8.51887e-24)
(1.07812 0.0261547 1.25911e-23)
(1.07931 0.0256222 -2.38414e-24)
(1.0805 0.0250803 -1.33208e-23)
(1.08167 0.0245292 -1.93224e-23)
(1.08284 0.0239693 1.44756e-24)
(1.08399 0.0234013 1.34867e-23)
(1.08512 0.0228253 -8.28658e-24)
(1.08624 0.0222417 -6.83817e-24)
(1.08734 0.0216505 -1.29875e-22)
(1.08842 0.0210521 -2.67437e-23)
(1.08948 0.0204467 8.80341e-23)
(1.09052 0.0198343 3.55656e-24)
(1.09154 0.0192152 5.11498e-23)
(1.09253 0.0185895 -4.53914e-23)
(1.0935 0.0179574 1.37614e-23)
(1.09444 0.017319 -1.50049e-23)
(1.09535 0.0166737 5.29322e-24)
(1.07203 0.0214181 2.23647e-23)
(1.07321 0.0210224 -8.85461e-24)
(1.07436 0.0206207 1.3703e-23)
(1.07549 0.020214 1.94648e-24)
(1.07662 0.0198012 -3.62891e-24)
(1.07775 0.0193814 -1.18299e-24)
(1.07886 0.0189547 9.0239e-24)
(1.07997 0.0185215 1.55016e-23)
(1.08106 0.0180823 -4.26491e-23)
(1.08213 0.0176374 -9.63766e-24)
(1.08318 0.0171869 8.42901e-23)
(1.08422 0.016731 -2.2966e-24)
(1.08524 0.0162699 -7.48035e-23)
(1.08623 0.0158037 2.91255e-23)
(1.08721 0.0153325 8.6898e-24)
(1.08816 0.0148564 3.47121e-25)
(1.08909 0.0143756 4.59562e-23)
(1.08999 0.0138902 -1.59096e-23)
(1.09086 0.0134 -1.84159e-23)
(1.09171 0.0129058 3.8944e-24)
(1.07 0.0152885 2.2632e-24)
(1.07114 0.0150045 2.16613e-24)
(1.07225 0.0147164 -1.06134e-23)
(1.07335 0.0144248 4.25942e-24)
(1.07445 0.0141291 6.0487e-25)
(1.07553 0.0138285 -1.10483e-23)
(1.07661 0.0135231 5.4663e-24)
(1.07767 0.0132134 -2.13756e-23)
(1.07871 0.0128995 -9.73571e-24)
(1.07974 0.0125818 -1.0063e-23)
(1.08075 0.0122603 2.1442e-23)
(1.08174 0.0119352 5.25966e-23)
(1.0827 0.0116067 -5.54675e-23)
(1.08365 0.0112748 -1.30728e-23)
(1.08458 0.0109397 7.62212e-24)
(1.08548 0.0106014 2.17471e-23)
(1.08636 0.01026 -5.34743e-23)
(1.08721 0.00991569 1.46454e-23)
(1.08803 0.00956836 -9.5038e-24)
(1.08883 0.00921821 2.94256e-24)
(1.06853 0.00921908 -1.94871e-23)
(1.06965 0.00904625 -7.88181e-24)
(1.07075 0.00887118 7.91494e-24)
(1.07183 0.00869438 2.11504e-23)
(1.0729 0.00851539 -7.96299e-24)
(1.07396 0.00833386 2.83284e-25)
(1.075 0.00814981 4.68962e-24)
(1.07603 0.00796343 -7.46869e-24)
(1.07704 0.00777492 -1.11954e-23)
(1.07804 0.0075844 -1.54632e-24)
(1.07902 0.00739192 4.16788e-24)
(1.07997 0.00719755 -3.68535e-24)
(1.08091 0.00700131 -4.1961e-24)
(1.08182 0.00680327 2.9045e-23)
(1.08271 0.00660343 -7.3067e-24)
(1.08358 0.00640181 3.17347e-23)
(1.08442 0.00619844 -2.16717e-23)
(1.08523 0.0059933 -1.21795e-23)
(1.08602 0.00578638 1.64521e-24)
(1.08678 0.00557771 3.34989e-24)
(1.06774 0.00309224 1.12429e-23)
(1.06885 0.00303169 -1.35703e-23)
(1.06995 0.00296956 2.39409e-23)
(1.07103 0.00290636 -2.9368e-23)
(1.07209 0.00284214 -5.92145e-24)
(1.07314 0.00277698 9.70916e-24)
(1.07417 0.00271102 9.85677e-24)
(1.07519 0.00264451 -9.5737e-24)
(1.07619 0.00257762 2.75732e-23)
(1.07717 0.00251051 -4.27809e-23)
(1.07813 0.0024433 2.8856e-23)
(1.07907 0.00237605 -7.8776e-24)
(1.07998 0.00230883 -1.23543e-23)
(1.08088 0.00224167 -2.0512e-23)
(1.08175 0.0021746 1.33484e-23)
(1.08259 0.0021076 -1.65514e-23)
(1.08341 0.00204066 1.59415e-23)
(1.0842 0.00197372 3.3067e-23)
(1.08497 0.00190673 -1.62143e-23)
(1.08571 0.00183957 -4.71657e-25)
(0.998518 0.00368284 0)
(0.999023 0.00991959 0)
(0.992711 0.0196673 0)
(0.990374 0.0273988 0)
(0.981103 0.0400873 0)
(0.976876 0.0501072 0)
(0.965327 0.0675513 0)
(0.96042 0.0818836 0)
(0.947922 0.106885 0)
(0.944965 0.127558 0)
(0.934186 0.163445 0)
(0.938037 0.190606 0)
(0.933757 0.241633 0)
(0.952788 0.26932 0)
(0.96552 0.348981 0)
(0.998461 0.00384399 0)
(0.999229 0.0102647 0)
(0.992957 0.0203311 0)
(0.991183 0.0281992 0)
(0.982123 0.0412652 0)
(0.978877 0.051347 0)
(0.967845 0.0692045 0)
(0.964567 0.0833178 0)
(0.953115 0.108653 0)
(0.952721 0.128342 0)
(0.943812 0.164364 0)
(0.951318 0.188846 0)
(0.950024 0.239694 0)
(0.973185 0.261111 0)
(0.985641 0.331421 0)
(0.998422 0.00400977 0)
(0.999423 0.0106176 0)
(0.993276 0.0210426 0)
(0.992046 0.0290652 0)
(0.983339 0.0425724 0)
(0.981032 0.0527246 0)
(0.970728 0.071068 0)
(0.96894 0.0848889 0)
(0.958823 0.110581 0)
(0.960549 0.12896 0)
(0.953874 0.164846 0)
(0.963831 0.185851 0)
(0.965576 0.2348 0)
(0.989741 0.249975 0)
(1.0033 0.310067 0)
(0.998412 0.0041743 0)
(0.999591 0.0109632 0)
(0.993676 0.0217376 0)
(0.992923 0.0298945 0)
(0.984749 0.043811 0)
(0.983269 0.0539839 0)
(0.973965 0.0727491 0)
(0.973428 0.0861806 0)
(0.965011 0.112112 0)
(0.968329 0.129078 0)
(0.964226 0.164495 0)
(0.975588 0.182301 0)
(0.980172 0.22832 0)
(1.00399 0.239554 0)
(1.01914 0.291435 0)
(0.998441 0.00433574 0)
(0.999721 0.0112875 0)
(0.994164 0.0223977 0)
(0.993786 0.0306489 0)
(0.986344 0.0449356 0)
(0.98553 0.0550507 0)
(0.977507 0.0741544 0)
(0.977949 0.0870693 0)
(0.971546 0.113063 0)
(0.976014 0.128548 0)
(0.974595 0.16307 0)
(0.986769 0.178172 0)
(0.993787 0.220683 0)
(1.01691 0.229548 0)
(1.03323 0.274656 0)
(0.998512 0.0044936 0)
(0.999808 0.0115828 0)
(0.99474 0.0230187 0)
(0.994625 0.0313172 0)
(0.988104 0.0459415 0)
(0.987798 0.0559168 0)
(0.98128 0.0752739 0)
(0.98248 0.0875661 0)
(0.97824 0.113404 0)
(0.983596 0.127424 0)
(0.984691 0.160572 0)
(0.997427 0.173472 0)
(1.00639 0.21211 0)
(1.02869 0.219257 0)
(1.04565 0.258395 0)
(0.998627 0.00464697 0)
(0.999856 0.0118435 0)
(0.995395 0.0235938 0)
(0.995449 0.0318898 0)
(0.989994 0.0468118 0)
(0.990083 0.0565758 0)
(0.985186 0.0760749 0)
(0.987031 0.087691 0)
(0.984909 0.113098 0)
(0.991045 0.125776 0)
(0.994321 0.157076 0)
(1.00747 0.168229 0)
(1.01793 0.202803 0)
(1.03926 0.208507 0)
(1.05649 0.242282 0)
(0.998777 0.0047941 0)
(0.999879 0.0120648 0)
(0.996111 0.024111 0)
(0.996277 0.0323577 0)
(0.991967 0.047518 0)
(0.99241 0.0570211 0)
(0.989133 0.0765071 0)
(0.991599 0.0874545 0)
(0.991419 0.112108 0)
(0.998284 0.123631 0)
(1.00339 0.15268 0)
(1.01677 0.162446 0)
(1.02836 0.192966 0)
(1.04856 0.19741 0)
(1.06581 0.226416 0)
(0.998953 0.004932 0)
(0.999894 0.0122436 0)
(0.996863 0.0245548 0)
(0.997132 0.0327147 0)
(0.993976 0.0480267 0)
(0.994791 0.0572488 0)
(0.993047 0.0765246 0)
(0.996153 0.08686 0)
(0.99769 0.110429 0)
(1.00521 0.120989 0)
(1.01182 0.147513 0)
(1.02523 0.156127 0)
(1.03765 0.182778 0)
(1.05662 0.186119 0)
(1.07369 0.210923 0)
(0.999139 0.00505634 0)
(0.999921 0.0123784 0)
(0.997629 0.0249066 0)
(0.998032 0.0329575 0)
(0.995982 0.0483049 0)
(0.997221 0.0572553 0)
(0.996879 0.076097 0)
(1.00064 0.085902 0)
(1.00367 0.108091 0)
(1.01172 0.117842 0)
(1.01958 0.141713 0)
(1.03282 0.149312 0)
(1.04578 0.172384 0)
(1.06348 0.174757 0)
(1.08019 0.195866 0)
(0.999323 0.00516156 0)
(0.999975 0.0124699 0)
(0.998389 0.0251463 0)
(0.99898 0.0330827 0)
(0.997962 0.048324 0)
(0.999677 0.0570327 0)
(1.0006 0.0752129 0)
(1.00498 0.0845664 0)
(1.00932 0.10515 0)
(1.01777 0.114189 0)
(1.02661 0.135406 0)
(1.03953 0.142069 0)
(1.05275 0.16189 0)
(1.06919 0.163426 0)
(1.08537 0.181274 0)
(0.999493 0.00524134 0)
(1.00006 0.0125191 0)
(0.999131 0.0252543 0)
(0.99997 0.0330852 0)
(0.999898 0.0480632 0)
(1.00212 0.056567 0)
(1.00417 0.0738785 0)
(1.00913 0.0828365 0)
(1.01458 0.101675 0)
(1.02329 0.110045 0)
(1.03287 0.128704 0)
(1.04537 0.134482 0)
(1.0586 0.15138 0)
(1.07382 0.152208 0)
(1.08933 0.167181 0)
(0.999642 0.00528917 0)
(1.00019 0.0125271 0)
(0.99985 0.0252134 0)
(1.00099 0.0329557 0)
(1.00178 0.0475109 0)
(1.00452 0.0558397 0)
(1.00758 0.0721135 0)
(1.01304 0.0806989 0)
(1.0194 0.097733 0)
(1.02828 0.105443 0)
(1.03833 0.121697 0)
(1.05035 0.126641 0)
(1.06338 0.140929 0)
(1.07741 0.141175 0)
(1.09215 0.153623 0)
(0.999766 0.00529905 0)
(1.00034 0.0124928 0)
(1.00054 0.0250105 0)
(1.00201 0.0326814 0)
(1.00358 0.0466648 0)
(1.00683 0.0548302 0)
(1.01077 0.0699465 0)
(1.01667 0.0781492 0)
(1.02376 0.0933892 0)
(1.0327 0.100429 0)
(1.043 0.114463 0)
(1.0545 0.118632 0)
(1.06715 0.130603 0)
(1.08006 0.130384 0)
(1.09394 0.140629 0)
(0.999865 0.00526611 0)
(1.00052 0.0124132 0)
(1.0012 0.0246378 0)
(1.00302 0.0322458 0)
(1.0053 0.0455305 0)
(1.00903 0.05352 0)
(1.01373 0.0674096 0)
(1.01999 0.0751948 0)
(1.02762 0.0887023 0)
(1.03653 0.0950622 0)
(1.0469 0.107074 0)
(1.05783 0.110533 0)
(1.06999 0.120464 0)
(1.08182 0.119883 0)
(1.0948 0.128222 0)
(0.999941 0.00518709 0)
(1.0007 0.012282 0)
(1.00183 0.0240932 0)
(1.00401 0.0316307 0)
(1.00692 0.0441189 0)
(1.01109 0.0518955 0)
(1.01641 0.0645355 0)
(1.02297 0.0718551 0)
(1.03096 0.0837251 0)
(1.03979 0.0894034 0)
(1.05004 0.0995938 0)
(1.0604 0.102415 0)
(1.07196 0.110564 0)
(1.08278 0.109713 0)
(1.09483 0.116414 0)
(0.999996 0.00506074 0)
(1.00089 0.0120904 0)
(1.00242 0.0233794 0)
(1.00494 0.030818 0)
(1.00841 0.0424441 0)
(1.01298 0.0499513 0)
(1.01881 0.061355 0)
(1.02558 0.0681598 0)
(1.03378 0.0785066 0)
(1.04246 0.0835152 0)
(1.05247 0.0920802 0)
(1.06225 0.0943366 0)
(1.07314 0.100946 0)
(1.08302 0.0999013 0)
(1.09414 0.105211 0)
(1.00003 0.00488778 0)
(1.00107 0.0118273 0)
(1.00297 0.0225028 0)
(1.00582 0.0297929 0)
(1.00977 0.0405202 0)
(1.01468 0.0476908 0)
(1.02089 0.0578969 0)
(1.02781 0.064146 0)
(1.03609 0.0730926 0)
(1.04456 0.0774568 0)
(1.05424 0.0845856 0)
(1.06342 0.0863499 0)
(1.07362 0.0916405 0)
(1.08262 0.09047 0)
(1.09282 0.0946077 0)
(1.00006 0.0046707 0)
(1.00125 0.0114806 0)
(1.00347 0.0214715 0)
(1.00663 0.0285455 0)
(1.01097 0.0383605 0)
(1.01618 0.0451258 0)
(1.02266 0.0541888 0)
(1.02967 0.0598549 0)
(1.0379 0.0675265 0)
(1.04613 0.0712825 0)
(1.05539 0.0771549 0)
(1.064 0.078497 0)
(1.07348 0.0826714 0)
(1.08168 0.081432 0)
(1.09097 0.0845941 0)
(1.00007 0.0044132 0)
(1.0014 0.0110389 0)
(1.00391 0.0202933 0)
(1.00735 0.0270724 0)
(1.01202 0.0359769 0)
(1.01747 0.0422744 0)
(1.02412 0.0502571 0)
(1.03116 0.0553281 0)
(1.03925 0.0618487 0)
(1.0472 0.0650405 0)
(1.05599 0.069825 0)
(1.06404 0.0708113 0)
(1.07281 0.0740519 0)
(1.08027 0.0727919 0)
(1.0887 0.0751525 0)
(1.00008 0.00411951 0)
(1.00153 0.0104927 0)
(1.00429 0.0189746 0)
(1.00798 0.0253768 0)
(1.01292 0.033381 0)
(1.01855 0.0391591 0)
(1.02528 0.0461278 0)
(1.03228 0.0506058 0)
(1.04017 0.0560951 0)
(1.04781 0.0587719 0)
(1.05611 0.0626243 0)
(1.06363 0.0633171 0)
(1.07169 0.0657865 0)
(1.0785 0.0645466 0)
(1.08611 0.0662586 0)
(1.00007 0.00379376 0)
(1.00165 0.00983593 0)
(1.00462 0.01752 0)
(1.00853 0.0234664 0)
(1.01365 0.0305844 0)
(1.01941 0.0358041 0)
(1.02616 0.0418256 0)
(1.03308 0.0457244 0)
(1.04071 0.0502965 0)
(1.04804 0.0525099 0)
(1.05583 0.055572 0)
(1.06284 0.0560288 0)
(1.07024 0.0578709 0)
(1.07646 0.0566847 0)
(1.0833 0.0578819 0)
(1.00007 0.00343943 0)
(1.00174 0.00906559 0)
(1.00488 0.0159327 0)
(1.00898 0.021352 0)
(1.01423 0.0275991 0)
(1.02008 0.0322335 0)
(1.02677 0.037373 0)
(1.03359 0.0407152 0)
(1.04093 0.0444769 0)
(1.04793 0.046279 0)
(1.05523 0.0486781 0)
(1.06177 0.0489513 0)
(1.06855 0.0502915 0)
(1.07424 0.049187 0)
(1.08038 0.0499848 0)
(1.00006 0.00305906 0)
(1.00182 0.00818219 0)
(1.00509 0.0142148 0)
(1.00934 0.0190458 0)
(1.01468 0.024437 0)
(1.02057 0.0284696 0)
(1.02717 0.032789 0)
(1.03384 0.0356031 0)
(1.04089 0.0386524 0)
(1.04757 0.0400938 0)
(1.05439 0.0419424 0)
(1.06051 0.0420789 0)
(1.06671 0.0430256 0)
(1.07194 0.0420253 0)
(1.07745 0.0425226 0)
(1.00005 0.00265421 0)
(1.00188 0.00718877 0)
(1.00525 0.0123682 0)
(1.00962 0.0165594 0)
(1.015 0.0211088 0)
(1.0209 0.0245311 0)
(1.02738 0.0280875 0)
(1.0339 0.0304045 0)
(1.04064 0.0328296 0)
(1.04702 0.033958 0)
(1.05341 0.0353539 0)
(1.05914 0.035395 0)
(1.06483 0.0360402 0)
(1.06967 0.0351626 0)
(1.07461 0.0354427 0)
(1.00004 0.00222555 0)
(1.00193 0.00609002 0)
(1.00537 0.0103946 0)
(1.00983 0.0139031 0)
(1.01522 0.0176231 0)
(1.0211 0.0204317 0)
(1.02745 0.0232759 0)
(1.03381 0.0251266 0)
(1.04027 0.0270044 0)
(1.04638 0.0278633 0)
(1.05237 0.0288895 0)
(1.05777 0.0288708 0)
(1.06301 0.0292918 0)
(1.06751 0.0285513 0)
(1.07198 0.0286838 0)
(1.00003 0.00177313 0)
(1.00197 0.00489119 0)
(1.00545 0.00829608 0)
(1.00997 0.0110846 0)
(1.01535 0.0139846 0)
(1.0212 0.0161787 0)
(1.02742 0.0183534 0)
(1.03363 0.0197656 0)
(1.03984 0.0211604 0)
(1.04571 0.0217874 0)
(1.05137 0.0225128 0)
(1.05649 0.0224641 0)
(1.06135 0.0227238 0)
(1.06559 0.0221324 0)
(1.06965 0.0221737 0)
(1.00002 0.00129666 0)
(1.002 0.00359751 0)
(1.0055 0.00607404 0)
(1.01006 0.00810845 0)
(1.01543 0.0101927 0)
(1.02124 0.011771 0)
(1.02734 0.013309 0)
(1.03342 0.0143051 0)
(1.03942 0.0152675 0)
(1.0451 0.0156932 0)
(1.05049 0.0161719 0)
(1.05539 0.0161176 0)
(1.05996 0.0162655 0)
(1.06399 0.0158328 0)
(1.06773 0.0158273 0)
(1.00002 0.000795875 0)
(1.00202 0.00221452 0)
(1.00553 0.00372947 0)
(1.01011 0.00497531 0)
(1.01546 0.00623999 0)
(1.02124 0.00719712 0)
(1.02725 0.00811888 0)
(1.03323 0.00871387 0)
(1.03908 0.00927951 0)
(1.04462 0.00952592 0)
(1.04982 0.00979746 0)
(1.05457 0.00975585 0)
(1.05893 0.00982878 0)
(1.06282 0.00956319 0)
(1.06634 0.00954443 0)
(1.00001 0.000269715 0)
(1.00203 0.000750688 0)
(1.00554 0.00126337 0)
(1.01014 0.00168463 0)
(1.01547 0.00211102 0)
(1.02124 0.00243313 0)
(1.02719 0.00274183 0)
(1.03312 0.00294013 0)
(1.03889 0.00312747 0)
(1.04435 0.00320777 0)
(1.04945 0.00329607 0)
(1.05412 0.00327987 0)
(1.05837 0.00330203 0)
(1.06218 0.00321111 0)
(1.06559 0.00320313 0)
(0.999153 0.000460259 -6.79444e-23)
(0.997472 0.00239633 4.77503e-23)
(0.992134 0.00484907 -1.15636e-22)
(0.985611 0.00708318 -7.79114e-23)
(0.976387 0.00950863 8.59404e-23)
(0.965435 0.0113142 1.59843e-22)
(0.951723 0.0133043 1.09873e-22)
(0.935751 0.0148017 1.27583e-22)
(0.916508 0.0165473 1.90949e-22)
(0.894436 0.0180717 1.68992e-22)
(0.868249 0.01996 1.19903e-22)
(0.838574 0.0218445 9.32753e-23)
(0.803876 0.0243326 -4.15954e-22)
(0.764803 0.0267989 4.75669e-22)
(0.720077 0.030317 -4.27077e-23)
(0.999148 0.000640461 4.10748e-22)
(0.997491 0.00275725 -6.5181e-23)
(0.992139 0.00564976 6.9135e-23)
(0.985671 0.00811955 5.57215e-22)
(0.97645 0.011182 -3.54288e-22)
(0.965576 0.0133787 -5.45271e-22)
(0.951901 0.0163197 2.12939e-22)
(0.936032 0.0185094 1.11175e-22)
(0.916868 0.0216798 -3.69077e-22)
(0.894945 0.0244071 -5.5784e-22)
(0.868901 0.0284545 6.99965e-22)
(0.839458 0.0322929 -9.31613e-22)
(0.805 0.038067 1.13166e-21)
(0.766274 0.0433349 -6.42695e-22)
(0.721991 0.0521157 -1.81634e-22)
(0.999138 0.00082011 -7.84675e-22)
(0.997518 0.0031175 3.00277e-23)
(0.992142 0.0064473 -5.6777e-22)
(0.98575 0.00915329 -1.58054e-22)
(0.976525 0.0128469 4.95474e-22)
(0.965761 0.0154296 8.77258e-24)
(0.952124 0.0193131 -2.25883e-22)
(0.936408 0.0221828 -3.33247e-22)
(0.91735 0.0267656 3.91949e-22)
(0.895658 0.0306715 -1.78195e-22)
(0.869835 0.0368579 -2.02021e-21)
(0.840773 0.0426065 -4.90024e-22)
(0.80672 0.0516656 1.83899e-21)
(0.768617 0.059719 1.9975e-22)
(0.725084 0.0737521 2.16075e-21)
(0.999123 0.000998542 1.04174e-21)
(0.997555 0.00348258 -2.22174e-22)
(0.992143 0.00724119 9.94877e-22)
(0.985848 0.0101854 -2.80066e-22)
(0.976611 0.0145039 -9.14614e-22)
(0.965988 0.0174709 -2.41591e-22)
(0.952391 0.0222899 2.56204e-22)
(0.936875 0.0258314 -3.59395e-23)
(0.917952 0.0318193 1.4878e-21)
(0.896573 0.0368861 -3.81772e-22)
(0.871049 0.0451959 -1.23702e-21)
(0.842517 0.05282 2.12646e-21)
(0.809032 0.0651364 -1.33944e-21)
(0.771824 0.0759168 3.80227e-21)
(0.729355 0.0951248 -6.03883e-21)
(0.999104 0.0011754 -3.49294e-22)
(0.997599 0.00385272 -5.26191e-22)
(0.992143 0.00803088 1.71754e-22)
(0.985966 0.0112169 2.7187e-22)
(0.976709 0.0161531 1.0325e-21)
(0.966258 0.0195051 4.88245e-22)
(0.952703 0.0252516 2.74093e-22)
(0.937436 0.0294586 -1.26166e-22)
(0.918672 0.036844 -7.5344e-23)
(0.897689 0.0430512 1.34915e-21)
(0.872538 0.0534695 -7.15564e-22)
(0.844687 0.0629287 2.0615e-21)
(0.81193 0.0784608 -3.42078e-21)
(0.775886 0.0918929 1.84102e-21)
(0.734798 0.116184 4.37607e-21)
(0.999081 0.00135068 -5.63444e-22)
(0.99765 0.00422379 1.69855e-21)
(0.992141 0.00881559 -1.2775e-21)
(0.986101 0.0122488 1.61902e-21)
(0.97682 0.0177937 -9.53374e-22)
(0.96657 0.0215331 1.2318e-21)
(0.953059 0.0281968 -2.75873e-22)
(0.938089 0.0330632 -6.1796e-22)
(0.91951 0.0418354 3.74021e-23)
(0.899005 0.0491585 1.46242e-21)
(0.8743 0.0616658 -2.9956e-21)
(0.847279 0.0729079 2.6672e-21)
(0.815409 0.0916036 -6.09236e-21)
(0.780796 0.107595 2.42528e-21)
(0.7414 0.136853 1.94723e-21)
(0.999055 0.00152406 7.27467e-22)
(0.997707 0.00459639 -1.42164e-21)
(0.992139 0.00959541 5.11458e-22)
(0.986255 0.0132817 -1.52342e-21)
(0.976944 0.0194247 9.07869e-22)
(0.966923 0.0235552 -6.90358e-22)
(0.953459 0.0311231 2.72373e-23)
(0.938833 0.0366436 7.91408e-22)
(0.920464 0.0467884 1.83386e-21)
(0.900519 0.0552001 -5.20377e-21)
(0.876331 0.0697723 2.35135e-21)
(0.850288 0.0827353 1.75063e-21)
(0.819461 0.104532 -1.29979e-21)
(0.786546 0.12297 -1.30513e-21)
(0.749147 0.157049 2.4443e-23)
(0.999026 0.00169526 1.11692e-21)
(0.997769 0.00497139 6.12313e-22)
(0.992139 0.0103706 -2.37035e-22)
(0.986425 0.0143163 2.95254e-22)
(0.977081 0.0210449 -1.51255e-21)
(0.967317 0.0255715 1.77112e-22)
(0.953904 0.0340281 6.62305e-22)
(0.939669 0.0401986 -2.4925e-21)
(0.921531 0.0516984 -8.92578e-24)
(0.902229 0.0611696 1.64506e-21)
(0.878626 0.0777776 -3.15187e-21)
(0.853708 0.0923906 1.58657e-21)
(0.824077 0.117214 2.75147e-21)
(0.793123 0.137967 1.26052e-21)
(0.75802 0.176691 1.16359e-21)
(0.998995 0.00186414 -9.99975e-22)
(0.997836 0.00534871 -2.05865e-22)
(0.99214 0.0111412 -1.46777e-21)
(0.986612 0.0153529 -2.73035e-21)
(0.977234 0.0226532 9.47558e-22)
(0.967751 0.0275821 1.49646e-21)
(0.954393 0.0369093 -4.69112e-22)
(0.940594 0.0437271 1.37721e-21)
(0.92271 0.0565599 3.45437e-21)
(0.904135 0.0670611 -4.85732e-21)
(0.881179 0.0856707 2.33024e-22)
(0.857533 0.101854 3.36694e-21)
(0.829248 0.129621 5.57567e-22)
(0.800513 0.152536 -5.87657e-21)
(0.767995 0.195698 2.77178e-21)
(0.998962 0.00203058 -1.07147e-21)
(0.997908 0.00572811 -6.30267e-24)
(0.992145 0.0119071 4.65794e-23)
(0.986813 0.0163917 2.34876e-21)
(0.977404 0.0242484 1.80837e-22)
(0.968223 0.029587 -1.21791e-21)
(0.954927 0.0397641 -8.59209e-22)
(0.941608 0.0472285 -1.02332e-21)
(0.923998 0.0613678 -1.26586e-21)
(0.906232 0.0728696 1.98989e-21)
(0.883984 0.0934406 4.77247e-21)
(0.861757 0.111106 -4.75681e-21)
(0.834963 0.141724 -6.16145e-21)
(0.808699 0.166624 2.92571e-21)
(0.779046 0.213989 9.26888e-21)
(0.998927 0.00219445 1.08266e-21)
(0.997983 0.00610927 -2.22069e-21)
(0.992154 0.0126676 7.11397e-22)
(0.987029 0.0174324 -1.78393e-21)
(0.97759 0.0258293 -3.57706e-22)
(0.968732 0.0315861 3.00747e-22)
(0.955507 0.04259 8.88598e-22)
(0.942709 0.0507024 5.91617e-22)
(0.925395 0.0661164 -9.51682e-22)
(0.908519 0.0785915 3.31775e-22)
(0.887037 0.101076 -1.04712e-21)
(0.866374 0.120128 6.68921e-21)
(0.841212 0.153494 -9.7077e-21)
(0.81766 0.180182 4.91406e-21)
(0.791142 0.231483 3.28069e-21)
(0.998892 0.00235566 -3.99414e-22)
(0.998061 0.00649216 4.18249e-21)
(0.992168 0.0134219 1.45701e-21)
(0.987259 0.0184746 -1.21969e-21)
(0.977796 0.0273949 2.77166e-21)
(0.969278 0.0335788 1.48286e-21)
(0.956134 0.0453845 -3.53374e-22)
(0.943895 0.0541485 -1.09747e-21)
(0.9269 0.0708 -7.65758e-22)
(0.910994 0.084224 2.98225e-22)
(0.890331 0.108565 -6.03254e-21)
(0.871379 0.128903 2.31073e-21)
(0.847983 0.164905 6.70143e-21)
(0.827377 0.193155 -4.1096e-21)
(0.80425 0.248104 1.2544e-21)
(0.998857 0.00251396 7.44832e-23)
(0.998143 0.00687702 6.88053e-24)
(0.992188 0.0141694 -3.32213e-22)
(0.987501 0.0195174 1.03834e-21)
(0.978022 0.0289442 -1.37436e-21)
(0.969859 0.0355644 -9.32642e-22)
(0.956811 0.0481455 -2.96149e-21)
(0.945165 0.0575665 6.79535e-22)
(0.928516 0.075413 5.86078e-21)
(0.913655 0.0897657 -7.19719e-21)
(0.893864 0.115896 4.52406e-21)
(0.876768 0.137416 3.72523e-21)
(0.855261 0.175931 8.84966e-22)
(0.837828 0.205488 -5.1433e-21)
(0.818337 0.263777 8.01348e-21)
(0.998821 0.00266939 4.74906e-22)
(0.998228 0.007257 -1.89603e-21)
(0.992214 0.0149093 -2.40805e-22)
(0.987757 0.0205601 -3.36514e-22)
(0.97827 0.0304764 1.36378e-21)
(0.970476 0.0375423 -5.64578e-22)
(0.95754 0.0508711 1.86209e-21)
(0.946518 0.0609563 2.54759e-22)
(0.930244 0.0799501 -4.43338e-21)
(0.9165 0.0952162 7.06591e-21)
(0.897632 0.123054 -5.81438e-21)
(0.88254 0.145652 -6.38152e-21)
(0.863033 0.186543 7.68404e-21)
(0.848992 0.217121 -1.07756e-21)
(0.833369 0.278432 6.91637e-21)
(0.998783 0.00282305 4.67502e-22)
(0.998318 0.00761277 -6.20983e-22)
(0.992248 0.0156394 9.67942e-22)
(0.988028 0.0216016 -9.33043e-22)
(0.97854 0.031991 1.43289e-21)
(0.971131 0.0395117 -1.00215e-21)
(0.958325 0.0535606 -4.47551e-23)
(0.947957 0.064318 -5.46038e-21)
(0.932091 0.0844074 7.22247e-21)
(0.919532 0.100577 -7.60916e-21)
(0.90164 0.130025 6.20475e-21)
(0.888695 0.153602 -1.38655e-21)
(0.871284 0.196713 -6.90566e-21)
(0.860855 0.227984 1.36185e-21)
(0.849319 0.292004 8.1679e-21)
(0.998743 0.00297309 -1.33791e-21)
(0.998411 0.00800113 -1.96331e-22)
(0.992291 0.0163608 5.52612e-22)
(0.988316 0.0226397 8.22714e-22)
(0.978836 0.0334854 -9.5792e-22)
(0.971828 0.041469 9.67877e-22)
(0.959172 0.0562099 6.11587e-22)
(0.949489 0.0676481 1.42472e-21)
(0.934069 0.0887782 -7.19022e-21)
(0.922759 0.105846 9.65634e-22)
(0.905898 0.136791 4.32955e-21)
(0.895243 0.161256 -4.1444e-21)
(0.880004 0.206401 -2.34955e-21)
(0.873411 0.237996 3.36231e-21)
(0.866173 0.304429 -1.49566e-21)
(0.998704 0.00311877 2.35487e-22)
(0.998508 0.00842133 -1.56814e-21)
(0.99234 0.0170728 -1.20077e-21)
(0.988624 0.0236708 -1.33893e-21)
(0.97916 0.0349549 9.12063e-22)
(0.972578 0.0434059 -4.5925e-22)
(0.960089 0.0588089 -1.81318e-21)
(0.951131 0.0709317 3.35217e-21)
(0.936197 0.0930447 -1.04216e-21)
(0.926202 0.111006 6.40595e-21)
(0.910434 0.143323 -2.24227e-21)
(0.902205 0.168602 -1.12751e-21)
(0.889192 0.215565 -2.3046e-21)
(0.88668 0.247063 9.37773e-21)
(0.88394 0.315684 8.56869e-22)
(0.998663 0.00326165 1.1365e-21)
(0.998611 0.008819 5.94575e-22)
(0.992396 0.017778 1.33978e-21)
(0.988959 0.024705 -4.93035e-22)
(0.979517 0.0364145 -2.04471e-22)
(0.973395 0.0453415 -4.58784e-22)
(0.961091 0.0613814 1.8928e-21)
(0.952915 0.0741956 -3.62925e-21)
(0.938508 0.0972366 3.2643e-21)
(0.929914 0.116092 1.13763e-21)
(0.915306 0.149645 1.76449e-21)
(0.909647 0.175695 -1.92644e-21)
(0.898884 0.224202 -6.34908e-21)
(0.900759 0.255154 1.15048e-20)
(0.902701 0.32601 -1.27228e-20)
(0.998621 0.00340478 -9.41133e-22)
(0.998723 0.00921881 1.30901e-22)
(0.992466 0.0184942 4.84786e-22)
(0.98933 0.0257767 -1.07948e-21)
(0.979921 0.037919 1.85611e-21)
(0.974307 0.0473638 -1.04078e-21)
(0.962208 0.0640451 -1.64306e-21)
(0.954902 0.0776016 1.91062e-21)
(0.941065 0.101537 -3.46262e-21)
(0.934007 0.121321 4.21987e-21)
(0.920636 0.155923 -6.06557e-21)
(0.917732 0.182699 6.17904e-21)
(0.909232 0.232176 1.87262e-21)
(0.915976 0.262243 -7.59439e-21)
(0.922691 0.335555 1.74917e-21)
(0.998576 0.00354415 1.38966e-22)
(0.998849 0.00960001 -4.23493e-23)
(0.992559 0.0191658 2.73864e-22)
(0.989759 0.0267837 2.12611e-22)
(0.980399 0.0393218 -4.38748e-22)
(0.975366 0.0492602 1.26535e-21)
(0.963504 0.0665237 1.94635e-21)
(0.957212 0.0807829 -4.38008e-21)
(0.944 0.105488 2.70049e-21)
(0.938721 0.126095 -1.88552e-21)
(0.926674 0.161393 -3.97173e-21)
(0.926863 0.188623 1.3341e-21)
(0.920737 0.238077 5.54978e-21)
(0.933401 0.267096 1.55357e-21)
(0.945191 0.340871 -3.81869e-21)
)
;

boundaryField
{
    inlet
    {
        type            uniformFixedValue;
        uniformValue    constant (1 0 0);
        value           uniform (1 0 0);
    }
    outlet
    {
        type            pressureInletOutletVelocity;
        value           nonuniform 0();
    }
    cylinder
    {
        type            fixedValue;
        value           uniform (0 0 0);
    }
    top
    {
        type            symmetryPlane;
    }
    bottom
    {
        type            symmetryPlane;
    }
    defaultFaces
    {
        type            empty;
    }
    procBoundary2to0
    {
        type            processor;
        value           nonuniform List<vector> 
26
(
(0.0191244 0.0267825 1.68788e-21)
(0.0855528 0.0506095 -4.64321e-21)
(0.186264 0.0566033 -5.26502e-21)
(0.186264 0.0566033 -5.26502e-21)
(0.280235 0.00295105 -5.06155e-21)
(0.365935 0.00430181 4.4544e-21)
(0.44231 0.0054215 2.229e-21)
(0.510195 0.00634437 -3.55639e-21)
(0.570603 0.00710211 -4.13466e-21)
(0.624317 0.00773185 6.10177e-22)
(0.672051 0.00828246 -1.7188e-21)
(0.999152 0.00027972 -6.73707e-23)
(0.997462 0.00203495 6.61704e-23)
(0.992127 0.00404767 -8.57403e-23)
(0.985572 0.00604599 -1.22622e-22)
(0.976336 0.0078315 1.15614e-22)
(0.965337 0.009242 1.8518e-22)
(0.951593 0.0102777 1.29542e-22)
(0.935565 0.0110759 -7.902e-23)
(0.916275 0.0113944 3.16409e-22)
(0.894135 0.0116897 5.86019e-23)
(0.867888 0.0114581 1.51703e-22)
(0.838122 0.011399 2.14136e-22)
(0.803338 0.0106188 -3.10627e-24)
(0.76418 0.0103301 -1.57542e-22)
(0.719333 0.00876484 -2.66091e-23)
)
;
    }
    procBoundary2to3
    {
        type            processor;
        value           nonuniform List<vector> 
50
(
(-0.0222579 0.0168219 -2.60445e-20)
(-0.0216882 0.0239961 1.78797e-20)
(-0.0216882 0.0239961 1.78797e-20)
(0.0492854 0.0162407 -2.09992e-21)
(0.0802024 0.0101804 6.9821e-20)
(0.0802024 0.0101804 6.9821e-20)
(0.280659 0.00226455 -2.90929e-20)
(0.280659 0.00226455 -2.90929e-20)
(0.592624 0.0135342 2.60076e-20)
(0.592624 0.0135342 2.60076e-20)
(0.853423 0.0350637 -8.67618e-20)
(1.15466 0.0742775 -1.42e-20)
(1.15466 0.0742775 -1.42e-20)
(1.3335 0.106241 -3.77744e-20)
(1.3335 0.106241 -3.77744e-20)
(1.40133 0.125114 2.85229e-20)
(1.40133 0.125114 2.85229e-20)
(1.40796 0.115304 -1.23013e-20)
(1.39467 0.126739 -4.415e-21)
(1.39467 0.126739 -4.415e-21)
(1.38128 0.122602 8.6873e-21)
(1.36579 0.117624 1.25709e-21)
(1.3494 0.112116 -1.12809e-20)
(1.33295 0.106055 4.38773e-21)
(1.31694 0.0996709 2.995e-22)
(1.30154 0.0932028 1.04977e-21)
(1.28669 0.086757 -4.19172e-21)
(1.2723 0.0803947 -1.28965e-21)
(1.25832 0.0741738 3.26563e-21)
(1.24475 0.0681544 1.5173e-21)
(1.23159 0.0623766 -1.07848e-22)
(1.21885 0.0568718 1.06639e-21)
(1.20656 0.0516688 -1.89205e-21)
(1.19474 0.0467782 -2.11303e-21)
(1.19474 0.0467782 -2.11303e-21)
(1.18585 0.0389941 -4.56783e-22)
(1.17474 0.0350655 6.34212e-22)
(1.16419 0.0314214 -1.29647e-21)
(1.15423 0.028048 5.81412e-22)
(1.14487 0.0249238 1.01843e-22)
(1.13613 0.0220247 -2.40717e-22)
(1.12805 0.0193232 -3.97256e-23)
(1.12065 0.0167897 4.86021e-22)
(1.11396 0.0143941 -6.92395e-23)
(1.10801 0.0121053 -1.44038e-22)
(1.10286 0.00988969 -2.59269e-22)
(1.09855 0.00772274 8.12119e-23)
(1.09516 0.0055577 1.82505e-22)
(1.09278 0.00339037 1.5982e-22)
(1.09149 0.00114404 8.84841e-23)
)
;
    }
}


// ************************************************************************* //
