/*--------------------------------*- C++ -*----------------------------------*\
  =========                 |
  \\      /  F ield         | OpenFOAM: The Open Source CFD Toolbox
   \\    /   O peration     | Website:  https://openfoam.org
    \\  /    A nd           | Version:  7
     \\/     M anipulation  |
\*---------------------------------------------------------------------------*/
FoamFile
{
    version     2.0;
    format      ascii;
    class       volVectorField;
    location    "305";
    object      U;
}
// * * * * * * * * * * * * * * * * * * * * * * * * * * * * * * * * * * * * * //

dimensions      [0 1 -1 0 0 0 0];

internalField   nonuniform List<vector> 
2125
(
(-0.0120663 0.0101538 -1.03109e-19)
(-0.00948716 0.00769813 3.72342e-20)
(0.014757 0.00632645 4.0072e-20)
(-0.00622433 0.00526594 -2.51549e-20)
(0.0291305 9.19939e-05 -1.87513e-20)
(-0.00211732 0.00284252 5.23345e-20)
(0.0463424 -0.0057793 -1.47074e-20)
(0.152434 -0.0137801 -8.72806e-21)
(0.00299518 0.000432708 -1.93195e-20)
(0.0666723 -0.011156 -1.14469e-19)
(0.193027 -0.0184897 1.19934e-20)
(0.378399 -0.0198651 4.1356e-20)
(0.00926491 -0.00193219 -2.10337e-20)
(0.0903417 -0.0158648 4.06954e-20)
(0.238705 -0.0213919 5.29651e-20)
(0.44691 -0.0175155 -3.81934e-20)
(0.692804 -0.00144906 1.41672e-20)
(0.934016 0.0222211 -8.67898e-20)
(0.0168254 -0.00419169 -2.70434e-20)
(0.117494 -0.0196835 -9.03014e-21)
(0.289234 -0.0221312 -9.57567e-20)
(0.519335 -0.0118031 -1.49889e-20)
(0.77621 0.0116191 -1.69596e-21)
(1.0115 0.0402467 5.12283e-21)
(1.18773 0.0644314 9.15435e-21)
(0.0257854 -0.00625672 -6.99663e-21)
(0.148178 -0.0223431 3.32052e-20)
(0.344171 -0.0203447 4.67441e-20)
(0.594238 -0.00256221 2.92435e-20)
(0.857076 0.0279189 -8.74715e-21)
(1.08154 0.0602626 -7.10131e-21)
(1.23739 0.0847503 7.05206e-20)
(1.32407 0.0977769 9.10691e-21)
(0.036223 -0.00801286 6.69154e-20)
(0.182335 -0.0235372 4.35759e-20)
(0.402858 -0.0156886 -4.41416e-20)
(0.670044 0.0102449 -8.79035e-21)
(0.933691 0.0470978 4.50667e-21)
(1.14348 0.0818394 -1.65901e-20)
(1.27818 0.10554 -3.59825e-20)
(1.34564 0.116518 -6.07799e-21)
(1.3665 0.117972 5.15546e-22)
(1.36192 0.109924 1.42806e-20)
(0.0481808 -0.0093253 8.04797e-21)
(0.219782 -0.0229376 -2.36914e-20)
(0.46444 -0.00787084 5.60633e-20)
(0.745158 0.0265349 3.65573e-20)
(1.00474 0.0687731 9.78834e-22)
(1.19709 0.104604 2.58853e-20)
(1.31084 0.126587 3.86953e-21)
(1.36102 0.135043 -2.6979e-20)
(1.37078 0.133907 2.25993e-20)
(1.36052 0.124936 -1.63659e-23)
(0.0616617 -0.0100447 -5.47745e-20)
(0.260215 -0.0202141 -1.61796e-20)
(0.527908 0.00332029 -1.47098e-20)
(0.818088 0.0461239 -2.55478e-20)
(1.0693 0.0925622 5.87796e-21)
(1.24251 0.128245 1.35424e-22)
(1.33621 0.147743 1.96632e-20)
(1.37121 0.153346 -3.12694e-21)
(1.37195 0.149618 -2.32519e-20)
(1.35739 0.139707 -2.14213e-20)
(0.0766254 -0.0100135 4.41596e-21)
(0.303202 -0.0150569 2.60509e-20)
(0.59215 0.0179965 1.25826e-20)
(0.887526 0.0687539 -3.9466e-20)
(1.12685 0.1181 -2.0357e-21)
(1.28013 0.152504 -1.68787e-20)
(1.35513 0.168906 4.39574e-22)
(1.37707 0.171441 7.94323e-21)
(1.37062 0.165161 -8.71927e-21)
(1.35285 0.154295 2.41975e-20)
(0.0929857 -0.00907271 1.02935e-20)
(0.348197 -0.00719762 -2.53767e-20)
(0.656013 0.0361634 -6.00114e-20)
(0.952401 0.0941178 5.53035e-20)
(1.17712 0.145048 -4.13499e-21)
(1.31044 0.177171 1.2245e-20)
(1.36841 0.19001 -1.6682e-21)
(1.37932 0.189351 1.16684e-20)
(1.36725 0.180581 -8.86291e-22)
(1.34715 0.168734 -1.87399e-20)
(0.11061 -0.00706857 -2.09007e-20)
(0.394555 0.00357191 3.28783e-20)
(0.718372 0.0577254 2.72707e-20)
(1.01189 0.121879 -3.92676e-20)
(1.22011 0.173096 -6.47052e-21)
(1.33403 0.202076 2.49081e-21)
(1.3768 0.211007 2.47854e-20)
(1.37854 0.207092 1.2539e-21)
(1.36217 0.195904 4.79967e-21)
(1.3404 0.183034 -1.03459e-20)
(0.12932 -0.00385976 1.5851e-20)
(0.441558 0.0173852 -1.43058e-20)
(0.778183 0.082498 -1.21374e-20)
(1.06541 0.151687 2.08716e-20)
(1.25598 0.201961 7.22937e-21)
(1.35149 0.227076 5.44327e-21)
(1.38091 0.231861 -2.52029e-20)
(1.3752 0.224675 -8.61904e-21)
(1.35562 0.211138 -7.71792e-21)
(1.33271 0.197188 3.40151e-21)
(0.148894 0.000675734 -7.8317e-21)
(0.488444 0.0342927 -1.83498e-22)
(0.834516 0.110223 2.29551e-20)
(1.11257 0.183186 -8.44563e-21)
(1.28499 0.231383 -3.70532e-21)
(1.36339 0.252048 -2.44586e-21)
(1.38131 0.252537 6.0829e-21)
(1.36962 0.242096 1.05162e-20)
(1.34774 0.226271 -3.31563e-22)
(1.3241 0.211169 3.83021e-21)
(0.169074 0.00663414 5.51103e-21)
(0.534437 0.0542581 -1.54696e-21)
(0.886586 0.140582 -4.09627e-21)
(1.15319 0.216018 -3.71002e-21)
(1.30748 0.261123 3.34432e-21)
(1.37027 0.27688 2.60867e-21)
(1.37842 0.272993 -2.40743e-21)
(1.36209 0.259333 8.76152e-22)
(1.33863 0.241271 1.2296e-21)
(1.31462 0.224935 -1.6334e-21)
(0.189572 0.0140804 2.92506e-21)
(0.578778 0.0771606 8.38374e-22)
(0.933756 0.173217 -5.02907e-21)
(1.1872 0.249833 -4.01435e-21)
(1.32383 0.290958 4.18942e-21)
(1.37261 0.301464 8.19121e-22)
(1.37263 0.29318 -1.92341e-21)
(1.35277 0.276351 1.81101e-21)
(1.32836 0.25609 1.01393e-21)
(1.30426 0.238435 -1.16882e-21)
(0.210076 0.0230437 -1.15204e-21)
(0.620749 0.1028 2.34062e-21)
(0.975536 0.207732 1.54293e-20)
(1.21464 0.284285 -6.84503e-21)
(1.33442 0.320674 -3.38315e-21)
(1.37082 0.325694 -3.81726e-21)
(1.36422 0.313036 7.83453e-21)
(1.34182 0.293094 5.27071e-21)
(1.31695 0.270659 4.22928e-21)
(1.29306 0.251606 2.31007e-21)
(0.230263 0.0335151 2.32781e-20)
(0.659699 0.130907 -1.2844e-20)
(1.01158 0.243714 -1.46985e-20)
(1.23565 0.319035 1.99359e-20)
(1.33963 0.350068 1.04965e-20)
(1.36529 0.34946 -7.05892e-22)
(1.35341 0.332488 -1.3071e-20)
(1.32931 0.309491 -9.46625e-21)
(1.30444 0.28489 -9.93354e-21)
(1.28103 0.264379 5.94066e-21)
(0.249804 0.0454463 -3.14389e-20)
(0.695052 0.16115 2.96128e-20)
(1.04165 0.280734 3.40268e-20)
(1.25042 0.353755 -3.36067e-20)
(1.33984 0.37894 -1.16859e-20)
(1.35634 0.372647 7.52453e-21)
(1.3404 0.351451 1.37604e-20)
(1.31531 0.325457 2.18217e-21)
(1.2908 0.298678 -4.03491e-22)
(1.26811 0.276665 -8.1503e-21)
(0.268377 0.0587502 -4.45892e-21)
(0.726325 0.193149 -4.14927e-20)
(1.06564 0.318358 -4.44742e-20)
(1.25919 0.388123 4.99424e-20)
(1.33538 0.407094 -5.67555e-21)
(1.34423 0.395134 1.0504e-20)
(1.32534 0.369834 2.09933e-21)
(1.29988 0.340909 -5.91278e-21)
(1.27604 0.311939 3.17653e-21)
(1.25411 0.288393 -4.75512e-22)
(0.285675 0.0733033 9.09498e-21)
(0.753129 0.226485 2.56074e-20)
(1.08353 0.356148 1.45708e-20)
(1.26223 0.42183 -1.14695e-20)
(1.3266 0.434337 -1.78222e-20)
(1.32923 0.41679 -1.67687e-20)
(1.30835 0.387529 -3.41958e-21)
(1.28307 0.355759 9.19839e-21)
(1.26018 0.324665 -1.94848e-21)
(1.23885 0.299566 4.5228e-21)
(0.301411 0.0889483 -3.41734e-20)
(0.775176 0.260715 -3.20288e-20)
(1.09537 0.393674 -5.0469e-21)
(1.25984 0.454574 -5.72486e-21)
(1.31382 0.460476 -1.31223e-20)
(1.31154 0.437481 8.13096e-21)
(1.28954 0.404412 -1.467e-21)
(1.26494 0.369888 -8.10829e-21)
(1.24331 0.336884 7.36567e-21)
(1.22254 0.310245 -1.0931e-20)
(0.315331 0.105497 8.24398e-21)
(0.792271 0.295381 2.71076e-20)
(1.10129 0.430513 2.35717e-20)
(1.2523 0.486065 2.57144e-20)
(1.29732 0.485323 5.0988e-22)
(1.29135 0.457067 2.2904e-20)
(1.269 0.420354 1.59099e-21)
(1.24552 0.383135 -2.7754e-20)
(1.2253 0.348418 2.01497e-20)
(1.2056 0.320091 7.4997e-21)
(0.327215 0.122738 2.20585e-20)
(0.80431 0.330023 4.93016e-20)
(1.10147 0.466257 -6.57029e-21)
(1.23995 0.516023 -3.23353e-20)
(1.27739 0.508693 1.46907e-20)
(1.26885 0.475406 -1.54626e-20)
(1.24684 0.435237 -2.10304e-20)
(1.22489 0.395464 -2.01615e-21)
(1.20612 0.359059 -1.69722e-20)
(1.18803 0.329148 6.7168e-21)
(0.336883 0.140436 1.03163e-20)
(0.811265 0.364184 7.59056e-21)
(1.09614 0.500514 6.15975e-20)
(1.22311 0.544181 1.16737e-20)
(1.2543 0.530403 -1.02695e-20)
(1.24421 0.492347 -5.33258e-21)
(1.2232 0.448917 3.24396e-20)
(1.20308 0.406763 2.71722e-20)
(1.18593 0.368738 1.37717e-20)
(1.16969 0.337242 -1.96018e-21)
(0.344196 0.158348 2.18931e-21)
(0.813186 0.397419 -5.03026e-20)
(1.08558 0.532912 -7.23942e-20)
(1.20212 0.570289 2.34922e-21)
(1.22831 0.55027 1.46889e-20)
(1.21763 0.507737 -2.0398e-20)
(1.19816 0.461273 -4.79824e-20)
(1.18011 0.416913 -1.46159e-20)
(1.16482 0.377352 -9.19727e-22)
(1.1506 0.344326 7.85276e-21)
(0.34906 0.176219 -1.78762e-20)
(0.810198 0.429299 4.51398e-20)
(1.07014 0.563109 4.35133e-20)
(1.17731 0.594109 -4.0634e-20)
(1.19966 0.568114 6.18409e-21)
(1.18926 0.521427 5.02735e-20)
(1.1718 0.472174 -1.18749e-20)
(1.15609 0.425802 9.99033e-21)
(1.14284 0.384808 -5.34984e-21)
(1.13082 0.350321 -7.30493e-21)
(0.351425 0.193794 -4.01987e-20)
(0.802507 0.459411 -7.12148e-20)
(1.05019 0.590808 -1.40446e-20)
(1.1489 0.61539 2.322e-20)
(1.16863 0.583773 2.34648e-20)
(1.15927 0.533264 -5.04614e-20)
(1.14425 0.4815 2.84979e-20)
(1.13111 0.433323 -1.61618e-20)
(1.12007 0.391012 1.38141e-20)
(1.11041 0.35517 1.44706e-22)
(0.351299 0.210815 3.0649e-20)
(0.790397 0.487366 2.11087e-21)
(1.026 0.61574 -6.84543e-21)
(1.1172 0.633933 -2.91294e-20)
(1.13549 0.597041 1.96793e-20)
(1.12784 0.543124 3.8678e-21)
(1.11564 0.489133 -1.72798e-20)
(1.10528 0.439375 2.28583e-21)
(1.09657 0.39587 -4.31748e-21)
(1.08948 0.3588 3.29835e-21)
(0.348743 0.227024 -8.44443e-21)
(0.774176 0.512859 -1.19631e-20)
(0.997659 0.637507 3.04595e-20)
(1.08275 0.649632 1.4322e-20)
(1.10054 0.607767 -2.00834e-20)
(1.09517 0.550871 3.05554e-20)
(1.0861 0.494965 1.81801e-21)
(1.0787 0.443864 1.66304e-21)
(1.07246 0.399286 -3.01907e-21)
(1.06811 0.36112 -2.91737e-22)
(0.343834 0.242134 5.49437e-20)
(0.754036 0.535699 4.25598e-20)
(0.965593 0.655865 -2.66781e-21)
(1.04597 0.662181 -7.0249e-21)
(1.06402 0.61589 -8.37148e-21)
(1.06143 0.556404 -4.32965e-21)
(1.05579 0.498898 1.42623e-21)
(1.05148 0.446711 2.49197e-21)
(1.04782 0.401166 3.35645e-21)
(1.04637 0.362033 -4.6784e-22)
(0.336624 0.255833 4.88608e-21)
(0.730133 0.555461 7.5905e-21)
(0.930566 0.67083 -4.07898e-20)
(1.00715 0.671408 1.8699e-20)
(1.02618 0.621272 6.75682e-21)
(1.02681 0.55962 -1.59235e-20)
(1.02485 0.500846 5.05542e-21)
(1.02375 0.447844 1.09649e-21)
(1.02278 0.401448 -2.09264e-21)
(1.0245 0.361492 1.13326e-21)
(0.327196 0.2679 -2.07942e-20)
(0.702813 0.571716 -1.54816e-20)
(0.892989 0.682141 1.38686e-20)
(0.966606 0.677276 4.53857e-21)
(0.987275 0.623815 -7.09026e-21)
(0.991524 0.56043 7.70967e-21)
(0.993407 0.50072 1.22691e-21)
(0.99559 0.447176 -2.06377e-21)
(0.997618 0.400064 1.15217e-20)
(1.00322 0.359548 5.49719e-21)
(0.315772 0.27819 -1.63777e-20)
(0.672606 0.584303 4.28967e-20)
(0.853206 0.689586 -2.83134e-20)
(0.924675 0.679697 -3.50577e-21)
(0.947575 0.623438 -6.48122e-21)
(0.955741 0.558757 2.80753e-21)
(0.961581 0.498441 -3.86765e-21)
(0.96713 0.444569 2.22393e-21)
(0.972748 0.396811 1.09956e-21)
(0.983297 0.356238 -1.9257e-21)
(0.302552 0.286581 -7.99818e-22)
(0.639946 0.593075 -1.2597e-20)
(0.811622 0.693013 8.12418e-21)
(0.881704 0.678596 -5.34366e-21)
(0.90734 0.620087 1.3509e-21)
(0.919651 0.554558 3.34569e-21)
(0.929495 0.493969 9.22634e-21)
(0.938561 0.439925 -7.94657e-21)
(0.948541 0.391284 -1.55034e-20)
(0.964004 0.350819 7.58351e-21)
(0.287718 0.292905 1.04695e-21)
(0.605272 0.597903 -1.19637e-21)
(0.76866 0.692336 7.41944e-22)
(0.838041 0.673918 1.33111e-21)
(0.866834 0.613723 -6.47474e-21)
(0.88345 0.54781 -1.38992e-20)
(0.897341 0.487315 -3.86097e-21)
(0.910163 0.433387 -2.00687e-21)
(0.924951 0.383705 2.30455e-20)
(0.942221 0.339349 -4.24957e-21)
(0.2715 0.29703 -4.39767e-21)
(0.569015 0.598689 -5.01951e-21)
(0.724746 0.687509 1.79745e-21)
(0.794032 0.665634 1.26635e-21)
(0.826323 0.604328 -7.11135e-21)
(0.847361 0.538492 2.85245e-20)
(0.865388 0.478452 -2.10835e-20)
(0.882165 0.425058 2.54042e-20)
(0.900791 0.376146 -1.77301e-20)
(0.917691 0.33332 -2.40805e-20)
(0.254143 0.298854 1.06894e-21)
(0.531605 0.595368 -2.38694e-21)
(0.6803 0.678521 1.09037e-21)
(0.75002 0.653743 1.09436e-20)
(0.786072 0.591898 -5.37696e-21)
(0.81161 0.52659 8.01809e-21)
(0.833849 0.467327 1.21489e-20)
(0.854603 0.414633 -6.42544e-21)
(0.876553 0.36627 -1.82008e-20)
(0.894457 0.323701 2.48076e-20)
(0.235904 0.298305 8.31568e-21)
(0.49347 0.587913 1.06236e-20)
(0.635736 0.665389 -1.10311e-20)
(0.706343 0.638271 -9.49265e-21)
(0.746347 0.576455 3.69642e-20)
(0.776418 0.512123 -3.78308e-20)
(0.802869 0.453999 4.61758e-20)
(0.827474 0.402366 -1.13968e-20)
(0.852428 0.355134 1.22737e-20)
(0.872031 0.313786 2.35194e-20)
(0.217042 0.295341 -2.63651e-21)
(0.455037 0.576336 -1.1139e-20)
(0.591459 0.648165 -7.96455e-21)
(0.663329 0.619267 -3.94563e-21)
(0.707411 0.558037 5.49078e-21)
(0.742006 0.495118 -1.05687e-20)
(0.772624 0.438475 -1.37312e-20)
(0.800946 0.388186 -3.08303e-20)
(0.828781 0.342332 3.07246e-20)
(0.850513 0.302408 -9.65712e-21)
(0.197819 0.289944 2.36083e-20)
(0.416722 0.560686 -3.23133e-21)
(0.547861 0.626928 -1.12113e-20)
(0.621299 0.596806 1.38772e-20)
(0.66952 0.536705 -2.45481e-20)
(0.708583 0.475627 6.70449e-20)
(0.743277 0.42081 -3.5821e-20)
(0.775185 0.372184 3.25025e-20)
(0.805833 0.32802 -5.95075e-20)
(0.829914 0.289708 -1.58524e-20)
(0.178495 0.282129 -6.73274e-21)
(0.378932 0.541046 2.50874e-20)
(0.505324 0.601787 5.65842e-21)
(0.580564 0.570987 -1.3083e-20)
(0.632925 0.51254 -2.26739e-20)
(0.676355 0.453715 -4.59899e-22)
(0.715003 0.401058 1.19384e-20)
(0.750357 0.354393 -2.95456e-20)
(0.783744 0.312177 1.43282e-20)
(0.810273 0.275621 1.86829e-21)
(0.159327 0.271934 -4.21214e-20)
(0.342062 0.517534 -1.02301e-20)
(0.46421 0.572879 -2.94554e-21)
(0.541419 0.541933 3.43804e-20)
(0.597866 0.485642 -3.21212e-20)
(0.645522 0.429466 -8.14237e-21)
(0.68797 0.379295 -5.08262e-21)
(0.726621 0.334878 9.21614e-21)
(0.762653 0.294846 -1.18725e-20)
(0.791655 0.260186 -1.84101e-20)
(0.140564 0.259424 3.79193e-20)
(0.306488 0.490303 -2.16562e-20)
(0.424867 0.540368 9.46917e-22)
(0.504149 0.509787 -5.24374e-20)
(0.564572 0.45613 5.69016e-20)
(0.616276 0.402981 -1.79612e-20)
(0.662344 0.355606 1.07394e-20)
(0.704125 0.313709 9.345e-21)
(0.742682 0.276074 2.70709e-20)
(0.774131 0.243453 -1.12457e-20)
(0.122447 0.244689 -1.53697e-20)
(0.272567 0.459533 4.50885e-20)
(0.387621 0.504445 2.54439e-20)
(0.469021 0.474715 4.18258e-20)
(0.533261 0.424143 -9.58349e-21)
(0.588798 0.374377 3.91385e-21)
(0.638282 0.330091 3.12808e-20)
(0.683005 0.290967 7.03208e-21)
(0.723948 0.255926 6.81276e-22)
(0.757776 0.225491 -1.3494e-20)
(0.105206 0.227842 -3.60889e-20)
(0.240635 0.425435 -2.59445e-21)
(0.352779 0.465325 -1.50402e-20)
(0.436285 0.436902 -6.76393e-20)
(0.504139 0.389837 -6.53359e-20)
(0.563263 0.343785 1.08727e-20)
(0.615933 0.302863 -2.67723e-20)
(0.663392 0.266749 1.71703e-20)
(0.706557 0.234483 9.29975e-21)
(0.742664 0.206382 1.92573e-20)
(0.0890532 0.209019 5.34215e-20)
(0.211004 0.388248 -4.36996e-20)
(0.320624 0.423245 -2.22104e-20)
(0.406174 0.396554 3.91594e-20)
(0.477396 0.353381 4.46132e-20)
(0.539831 0.311351 -1.48561e-20)
(0.595433 0.274049 -1.96287e-21)
(0.645404 0.241159 -5.33419e-20)
(0.690614 0.211836 -3.01227e-20)
(0.728867 0.186218 1.14958e-20)
(0.0741891 0.188375 -3.04534e-20)
(0.18396 0.348233 1.28139e-20)
(0.291415 0.378463 4.72005e-20)
(0.378899 0.353891 -2.12541e-20)
(0.453206 0.314964 1.72809e-21)
(0.518649 0.277234 5.97785e-20)
(0.576909 0.243783 2.70563e-21)
(0.629151 0.214314 5.1262e-20)
(0.676213 0.188087 2.13391e-20)
(0.716452 0.165097 -3.39214e-20)
(0.0607942 0.166084 4.24365e-20)
(0.159761 0.305675 4.74269e-21)
(0.265385 0.331257 3.10574e-21)
(0.354653 0.309152 4.31569e-20)
(0.431729 0.274786 -5.71542e-21)
(0.499853 0.241607 -3.75654e-20)
(0.560478 0.212215 1.83768e-20)
(0.614734 0.186341 -2.93898e-20)
(0.66344 0.163346 -1.22473e-20)
(0.705479 0.143124 1.23607e-20)
(0.0490299 0.142335 -2.64535e-20)
(0.138636 0.260878 -5.08845e-20)
(0.242741 0.281919 1.17803e-20)
(0.333605 0.262589 -2.30282e-20)
(0.413105 0.23306 -1.38581e-20)
(0.483562 0.20465 3.36277e-20)
(0.546241 0.179502 -8.13158e-21)
(0.602243 0.157376 7.4611e-21)
(0.652376 0.137734 -9.09683e-21)
(0.696004 0.120406 1.8091e-20)
(0.0390365 0.117334 9.62257e-21)
(0.120783 0.214164 3.43234e-20)
(0.223662 0.230759 -4.76965e-20)
(0.315902 0.214465 2.25006e-20)
(0.397454 0.190009 -1.02559e-20)
(0.469878 0.166557 -2.88309e-20)
(0.534288 0.145807 2.35413e-20)
(0.591756 0.12756 4.91026e-21)
(0.643088 0.111376 -7.58822e-22)
(0.688073 0.0970576 -2.10267e-20)
(0.0309327 0.0912974 3.16111e-21)
(0.106368 0.16587 1.10944e-20)
(0.208296 0.178098 4.32111e-20)
(0.301668 0.165057 -8.29248e-21)
(0.384881 0.145867 -6.53244e-21)
(0.45889 0.127526 2.40676e-21)
(0.524692 0.111305 1.09465e-21)
(0.58334 0.0970444 8.78701e-21)
(0.635636 0.0844046 -1.15488e-20)
(0.681727 0.0731949 -7.33805e-21)
(0.0248134 0.0644522 -7.88771e-21)
(0.0955249 0.116346 -1.35016e-20)
(0.196764 0.124268 -3.36458e-20)
(0.291001 0.114648 1.69279e-20)
(0.375466 0.100874 1.37903e-20)
(0.450667 0.087765 5.86856e-22)
(0.517516 0.0761722 -2.30229e-20)
(0.577049 0.0659814 -1.0229e-20)
(0.630068 0.0569527 8.08733e-21)
(0.677 0.0489286 8.66242e-21)
(0.0207501 0.0370337 1.37406e-21)
(0.0883524 0.0659478 -2.83396e-21)
(0.189155 0.0696091 6.38719e-21)
(0.283974 0.0635276 -4.32192e-21)
(0.369271 0.055277 -3.81748e-21)
(0.445261 0.0474848 -2.58659e-21)
(0.512804 0.040592 4.74354e-21)
(0.572922 0.0345294 1.80688e-20)
(0.626418 0.0291562 2.61287e-21)
(0.673908 0.0243622 -4.62912e-21)
(0.280637 0.0119922 -3.67157e-21)
(0.366337 0.00932657 3.49413e-21)
(0.442707 0.00690116 1.57583e-21)
(0.510585 0.00475074 -1.56916e-21)
(0.570985 0.00285297 -7.1489e-21)
(0.624704 0.00117026 2.35313e-21)
(0.672447 -0.000329812 -2.1996e-21)
(1.29554 0.209302 -1.90105e-22)
(1.30465 0.19788 -1.86133e-21)
(1.31309 0.186181 -3.8903e-22)
(1.32085 0.174233 -1.11735e-21)
(1.32791 0.162058 6.37888e-21)
(1.33425 0.149669 -6.04804e-21)
(1.33982 0.137072 3.81982e-21)
(1.34453 0.124256 1.57328e-20)
(1.27977 0.197717 -4.75417e-23)
(1.2885 0.187501 1.59271e-21)
(1.29667 0.177032 1.37921e-21)
(1.30429 0.166325 -6.81532e-21)
(1.31135 0.155392 2.21959e-21)
(1.31785 0.144242 -1.37255e-21)
(1.32376 0.132877 3.81663e-21)
(1.32904 0.121293 -7.4579e-21)
(1.26491 0.18609 5.09488e-22)
(1.27293 0.176978 1.16146e-21)
(1.28052 0.16764 6.62375e-22)
(1.28771 0.15809 3.36237e-21)
(1.29448 0.148339 4.46497e-21)
(1.30085 0.13839 6.49799e-21)
(1.30678 0.128243 -1.89693e-22)
(1.31227 0.117898 1.22509e-21)
(1.25136 0.175002 -1.68696e-22)
(1.2586 0.166851 -1.99527e-21)
(1.26552 0.158518 -1.84529e-21)
(1.27212 0.150013 1.34823e-21)
(1.27841 0.141339 -5.04488e-21)
(1.28439 0.132501 -1.17271e-20)
(1.29008 0.123493 5.17193e-21)
(1.29546 0.114313 6.27362e-22)
(1.23895 0.164511 2.27037e-23)
(1.24551 0.157228 9.90781e-22)
(1.25178 0.149789 2.49997e-21)
(1.25778 0.142202 9.55824e-22)
(1.26352 0.134471 -2.02162e-22)
(1.26902 0.126596 2.85457e-21)
(1.27429 0.118574 2.18692e-21)
(1.27933 0.110402 -2.47454e-21)
(1.2274 0.154524 1.77969e-24)
(1.23335 0.14803 1.05932e-21)
(1.23905 0.141399 -1.81309e-21)
(1.2445 0.134635 -1.37293e-21)
(1.24974 0.127742 8.73503e-22)
(1.25475 0.12072 1.90994e-21)
(1.25957 0.113566 -3.34122e-21)
(1.26418 0.106276 -1.59461e-21)
(1.21655 0.144976 1.03366e-22)
(1.22195 0.139201 -1.10137e-21)
(1.22714 0.133306 1.63191e-21)
(1.23211 0.127295 1.03635e-21)
(1.23689 0.121169 2.00375e-21)
(1.24146 0.114927 -8.28345e-22)
(1.24585 0.10857 -5.45042e-21)
(1.25006 0.10209 3.61325e-21)
(1.20627 0.135897 -2.44745e-22)
(1.21118 0.130766 -4.93893e-22)
(1.2159 0.125535 -5.41624e-22)
(1.22045 0.120206 -6.08885e-22)
(1.22481 0.11478 3.59935e-22)
(1.229 0.109254 2.24786e-21)
(1.23303 0.10363 5.99048e-21)
(1.23689 0.0979033 1.2433e-21)
(1.19651 0.127218 1.18538e-22)
(1.20097 0.122677 -3.71058e-23)
(1.20528 0.118053 -2.19882e-22)
(1.20943 0.113348 -1.01923e-21)
(1.21343 0.108561 -1.78907e-21)
(1.21728 0.103692 -2.34971e-21)
(1.22098 0.098741 -1.56904e-21)
(1.22453 0.0937035 -2.25329e-21)
(1.18723 0.118953 7.58521e-23)
(1.1913 0.114942 8.9511e-22)
(1.19522 0.110865 7.62018e-23)
(1.19902 0.106722 7.51788e-22)
(1.20268 0.102513 4.86337e-23)
(1.20622 0.0982383 -3.33155e-21)
(1.20962 0.0938966 -2.21743e-22)
(1.2129 0.0894849 1.9199e-21)
(1.17839 0.111059 -1.829e-22)
(1.1821 0.107531 2.34783e-22)
(1.18568 0.103949 -2.51219e-22)
(1.18916 0.100315 -4.88912e-22)
(1.19252 0.096629 -7.16104e-22)
(1.19577 0.0928905 2.24111e-21)
(1.19891 0.0890995 1.07031e-21)
(1.20194 0.085254 -1.80215e-21)
(1.17001 0.10351 5.89259e-23)
(1.17338 0.10042 -7.69873e-22)
(1.17665 0.0972873 4.15968e-22)
(1.17983 0.0941139 2.95683e-23)
(1.18292 0.0908998 7.84592e-22)
(1.18591 0.0876452 -8.15421e-22)
(1.18881 0.0843502 1.07584e-21)
(1.19162 0.081014 1.41286e-21)
(1.16203 0.0963178 3.77066e-23)
(1.1651 0.0936154 3.12961e-22)
(1.1681 0.0908817 -7.46299e-22)
(1.17101 0.0881176 -1.35996e-22)
(1.17385 0.0853237 -8.27262e-22)
(1.17661 0.0825002 8.93742e-22)
(1.17929 0.0796473 -3.37108e-21)
(1.18189 0.0767647 -2.02649e-21)
(1.15444 0.0894348 -9.384e-23)
(1.15725 0.0870822 1.01671e-22)
(1.15999 0.0847065 6.13501e-22)
(1.16267 0.0823087 -3.39116e-22)
(1.16528 0.0798895 1.34819e-21)
(1.16783 0.0774495 -4.74007e-22)
(1.17031 0.074989 6.69897e-22)
(1.17273 0.0725081 1.14846e-21)
(1.14723 0.0828419 9.15678e-23)
(1.1498 0.0808008 -3.5707e-23)
(1.15232 0.0787434 -5.00729e-22)
(1.15478 0.0766708 1.13491e-21)
(1.15719 0.0745838 -6.48039e-22)
(1.15955 0.0724831 5.53085e-22)
(1.16185 0.0703692 5.6948e-22)
(1.1641 0.0682425 2.28286e-22)
(1.14039 0.0765149 5.06504e-23)
(1.14275 0.0747504 8.4223e-23)
(1.14506 0.0729751 2.36497e-22)
(1.14733 0.0711901 -8.45821e-22)
(1.14956 0.0693962 -5.42229e-22)
(1.15174 0.067594 1.01381e-22)
(1.15388 0.0657844 -5.12073e-22)
(1.15598 0.0639676 5.79768e-22)
(1.15803 0.0621443 -2.2342e-21)
(1.1339 0.0704284 -7.41065e-23)
(1.13607 0.068909 -2.2558e-23)
(1.1382 0.0673828 -9.1698e-25)
(1.1403 0.065851 6.03319e-22)
(1.14236 0.0643144 3.99924e-22)
(1.14439 0.0627737 -2.56276e-22)
(1.14638 0.0612297 -4.77381e-22)
(1.14833 0.0596829 1.06539e-22)
(1.15025 0.0581338 3.45433e-22)
(1.12775 0.0645621 5.50734e-23)
(1.12975 0.0632573 -1.06679e-23)
(1.13172 0.0619494 2.05997e-22)
(1.13367 0.0606391 -2.02289e-22)
(1.13558 0.0593272 -3.2251e-23)
(1.13746 0.0580143 5.3219e-22)
(1.13931 0.056701 2.221e-22)
(1.14114 0.055388 -6.75685e-22)
(1.14293 0.0540757 -2.98805e-22)
(1.12193 0.0588864 -5.58336e-23)
(1.12379 0.0577711 -6.94423e-23)
(1.12561 0.0566551 -3.96343e-23)
(1.12742 0.0555388 -3.11708e-23)
(1.12919 0.0544229 -3.3377e-22)
(1.13095 0.0533079 3.68763e-22)
(1.13268 0.0521945 -2.5024e-22)
(1.13438 0.0510832 -5.72002e-22)
(1.13606 0.0499746 8.22296e-22)
(1.11646 0.0533762 -2.75874e-23)
(1.11818 0.0524287 7.26546e-23)
(1.11987 0.0514815 -2.09714e-23)
(1.12155 0.0505351 -8.4621e-23)
(1.1232 0.0495901 1.00968e-22)
(1.12484 0.0486471 -2.49921e-22)
(1.12645 0.0477065 4.29151e-22)
(1.12804 0.046769 3.88152e-22)
(1.12962 0.0458351 -5.2185e-23)
(1.11132 0.0480193 4.13647e-23)
(1.11292 0.0472177 -4.64873e-23)
(1.1145 0.046417 -2.20497e-23)
(1.11606 0.0456179 -1.02426e-22)
(1.1176 0.0448209 3.94714e-23)
(1.11913 0.0440265 1.01419e-22)
(1.12063 0.043235 -3.83914e-23)
(1.12212 0.0424468 -4.61527e-22)
(1.12359 0.0416624 3.25153e-22)
(1.10653 0.0427938 2.62711e-24)
(1.10802 0.0421194 -4.43858e-23)
(1.10949 0.0414465 -5.5828e-23)
(1.11095 0.0407755 3.63695e-23)
(1.11239 0.0401068 1.52939e-22)
(1.11381 0.0394408 -1.4766e-22)
(1.11522 0.0387777 -3.03978e-22)
(1.11662 0.038118 3.52557e-22)
(1.11799 0.0374617 -5.15207e-22)
(1.1021 0.037676 -3.02879e-24)
(1.10349 0.0371135 -1.42652e-23)
(1.10487 0.0365525 6.62465e-23)
(1.10623 0.0359935 -1.93836e-23)
(1.10758 0.0354366 -1.39283e-22)
(1.10891 0.0348823 1.88015e-22)
(1.11023 0.0343306 -2.34211e-22)
(1.11153 0.0337818 -1.35505e-22)
(1.11282 0.033236 4.19668e-22)
(1.09805 0.0326445 -1.54202e-23)
(1.09936 0.0321805 3.82595e-23)
(1.10065 0.0317181 3.86295e-23)
(1.10193 0.0312574 -4.80464e-23)
(1.10319 0.0307986 -5.52308e-24)
(1.10444 0.030342 -1.74672e-22)
(1.10568 0.0298875 -1.34131e-23)
(1.1069 0.0294353 1.8698e-22)
(1.10811 0.0289855 -2.96132e-22)
(1.09442 0.0276755 1.64272e-25)
(1.09564 0.0272993 6.37791e-24)
(1.09686 0.0269244 7.36111e-25)
(1.09806 0.026551 3.31018e-23)
(1.09925 0.0261791 1.73256e-22)
(1.10043 0.0258089 -1.29392e-22)
(1.10159 0.0254403 7.68145e-23)
(1.10274 0.0250734 -2.50401e-25)
(1.10387 0.0247082 -1.96282e-22)
(1.09123 0.0227417 9.99361e-24)
(1.09239 0.0224443 -2.37217e-23)
(1.09354 0.022148 6.89504e-24)
(1.09468 0.0218529 -6.16095e-23)
(1.0958 0.0215589 2.33658e-23)
(1.09691 0.021266 4.35224e-23)
(1.09801 0.0209744 1.0358e-22)
(1.09909 0.0206838 1.7184e-23)
(1.10015 0.0203943 -2.28288e-23)
(1.08853 0.0178147 8.6237e-24)
(1.08964 0.0175897 -4.35291e-24)
(1.09074 0.0173655 -1.7432e-23)
(1.09182 0.0171421 4.77492e-23)
(1.09289 0.0169195 -8.34786e-23)
(1.09394 0.0166977 6.36147e-23)
(1.09498 0.0164766 3.78266e-23)
(1.096 0.016256 -1.33062e-22)
(1.09701 0.016036 -8.64389e-23)
(1.08639 0.0128462 9.29888e-25)
(1.08746 0.0126882 -2.10574e-23)
(1.08851 0.0125308 7.21131e-24)
(1.08955 0.012374 -6.04562e-23)
(1.09057 0.0122178 6.4379e-23)
(1.09158 0.012062 9.57777e-24)
(1.09257 0.0119066 3.74936e-23)
(1.09355 0.0117516 -1.33243e-22)
(1.09451 0.0115967 2.21438e-22)
(1.08487 0.00782067 1.78386e-25)
(1.0859 0.00772724 4.83509e-24)
(1.08692 0.00763401 6.31996e-24)
(1.08793 0.00754093 -2.29336e-23)
(1.08892 0.00744797 4.40732e-23)
(1.08989 0.00735507 -5.16077e-23)
(1.09085 0.00726216 6.05238e-23)
(1.0918 0.00716919 -2.32431e-23)
(1.09272 0.00707608 -5.50279e-23)
(1.08406 0.00260567 4.16686e-25)
(1.08507 0.00257752 -1.39556e-23)
(1.08607 0.0025497 3.02746e-23)
(1.08705 0.00252213 3.21641e-23)
(1.08802 0.0024947 -1.87995e-23)
(1.08898 0.00246731 3.4531e-23)
(1.08991 0.00243989 -3.55406e-23)
(1.09084 0.00241233 -1.00953e-23)
(1.09174 0.00238454 -2.08053e-23)
(0.984161 0.321907 1.35038e-21)
(1.00428 0.320839 -9.36564e-22)
(1.02248 0.320644 2.23677e-21)
(1.04076 0.320239 -3.70724e-22)
(1.05972 0.319239 -6.60791e-23)
(1.07854 0.317671 1.89581e-22)
(1.09686 0.315464 -1.24273e-21)
(1.11475 0.312505 -1.55372e-21)
(1.13222 0.308752 2.86583e-22)
(1.14921 0.304208 -5.36027e-21)
(1.16566 0.298893 -3.66694e-21)
(1.18152 0.292834 3.47187e-21)
(1.19678 0.286083 -7.52163e-21)
(1.2113 0.278642 -1.88051e-21)
(1.22555 0.270562 3.52756e-21)
(1.23955 0.261464 -4.60574e-21)
(1.25241 0.251746 7.32096e-22)
(1.26423 0.241651 3.47771e-22)
(1.27532 0.231211 1.70982e-21)
(1.28576 0.220421 2.82961e-22)
(0.997392 0.304831 -2.33293e-21)
(1.01724 0.303594 1.31847e-21)
(1.03511 0.303216 -2.40844e-21)
(1.05132 0.30277 -7.93315e-22)
(1.06793 0.301578 -8.3394e-23)
(1.08468 0.299658 -2.53933e-22)
(1.10096 0.297093 8.16201e-22)
(1.11677 0.293839 3.93763e-21)
(1.13222 0.289867 -4.79607e-21)
(1.14731 0.285204 3.30829e-21)
(1.16196 0.279897 -8.01523e-22)
(1.17616 0.273979 -3.87621e-21)
(1.18985 0.26751 2.98698e-21)
(1.20313 0.260479 -1.95988e-21)
(1.21554 0.253052 5.12583e-22)
(1.22742 0.24473 -1.1657e-21)
(1.2391 0.235864 4.86041e-21)
(1.25021 0.226722 -9.19846e-22)
(1.26065 0.217333 -1.44058e-21)
(1.27049 0.207666 1.83544e-23)
(1.01083 0.286407 -1.12172e-21)
(1.02935 0.285797 -1.82647e-21)
(1.04661 0.285225 6.53714e-22)
(1.06138 0.284428 5.08712e-22)
(1.07604 0.282917 2.68087e-22)
(1.09104 0.280643 5.76992e-23)
(1.10572 0.277762 1.27143e-21)
(1.11988 0.27432 3.37422e-21)
(1.13363 0.270295 6.53052e-21)
(1.14704 0.265697 -3.11663e-22)
(1.16004 0.26056 5.29644e-21)
(1.1726 0.254916 -8.04659e-22)
(1.18469 0.248771 -7.69718e-22)
(1.19631 0.242153 3.0148e-22)
(1.20735 0.23501 -4.68681e-21)
(1.21795 0.227619 -2.89798e-21)
(1.22834 0.219919 -2.09587e-21)
(1.23825 0.211887 -5.18333e-22)
(1.24761 0.20356 -1.13548e-21)
(1.25648 0.194957 -5.37751e-22)
(1.02337 0.269627 -1.7431e-21)
(1.04025 0.269098 2.06066e-21)
(1.05639 0.268135 -2.71624e-22)
(1.06987 0.266833 -4.84033e-24)
(1.0828 0.264979 2.92817e-22)
(1.09611 0.262477 -1.26367e-21)
(1.1093 0.259436 -1.12966e-21)
(1.12199 0.255936 -5.85746e-21)
(1.13426 0.251971 -1.95195e-21)
(1.14619 0.247538 5.63382e-21)
(1.15777 0.242657 -2.83921e-21)
(1.16894 0.237359 4.70234e-21)
(1.17969 0.231663 -3.33593e-22)
(1.19001 0.225607 -2.76843e-21)
(1.19984 0.219199 7.20121e-21)
(1.20931 0.212549 3.01314e-21)
(1.21858 0.205554 -8.53882e-22)
(1.22742 0.198255 1.14766e-21)
(1.2358 0.190714 1.80422e-21)
(1.24377 0.18296 2.06148e-22)
(1.03478 0.253538 2.80973e-21)
(1.04998 0.252746 -1.42335e-21)
(1.06478 0.251378 4.15231e-22)
(1.07704 0.249652 2.02334e-22)
(1.08849 0.247532 -2.90083e-22)
(1.10025 0.244913 5.40034e-22)
(1.11202 0.241832 -9.02545e-22)
(1.12339 0.238364 3.02067e-21)
(1.13432 0.234526 -4.5572e-21)
(1.14492 0.230311 -6.6639e-21)
(1.15521 0.225731 -1.20923e-22)
(1.16516 0.220812 -1.93355e-21)
(1.17474 0.215574 1.03404e-21)
(1.18395 0.210054 -1.10936e-21)
(1.19278 0.204255 -2.12635e-21)
(1.20121 0.198266 1.03226e-22)
(1.2094 0.19195 -5.99686e-22)
(1.21734 0.185368 -1.97362e-21)
(1.2249 0.178587 -7.02073e-22)
(1.2321 0.171633 -8.30685e-23)
(1.04502 0.237694 -9.87554e-23)
(1.05857 0.236637 7.62408e-22)
(1.07189 0.235001 1.71228e-22)
(1.08297 0.233016 -4.8676e-22)
(1.09315 0.230741 2.36067e-23)
(1.10351 0.228091 -4.51767e-22)
(1.11396 0.225056 2.31207e-21)
(1.12409 0.221687 1.85091e-21)
(1.13382 0.218015 3.90055e-21)
(1.14323 0.214043 2.22226e-21)
(1.15237 0.209775 1.5729e-21)
(1.16123 0.205229 -1.07253e-22)
(1.16977 0.200426 5.67435e-22)
(1.178 0.195387 2.23666e-21)
(1.18592 0.190125 -1.7908e-21)
(1.19348 0.184665 -5.12967e-22)
(1.20075 0.179004 1.35097e-21)
(1.20784 0.173133 1.51327e-21)
(1.21467 0.167082 -1.07159e-21)
(1.22119 0.160876 4.08061e-23)
(1.05404 0.222168 -1.12859e-21)
(1.06603 0.220917 -5.9354e-22)
(1.07784 0.219132 4.46849e-23)
(1.08777 0.217014 -3.60037e-22)
(1.09682 0.214667 1.14588e-21)
(1.10595 0.21204 2.61154e-21)
(1.11517 0.209099 1.85398e-21)
(1.12417 0.205874 -5.19128e-21)
(1.13282 0.202399 -1.43685e-21)
(1.14117 0.198683 -1.91173e-22)
(1.14928 0.19473 4.68174e-22)
(1.15715 0.190552 -9.75246e-22)
(1.16476 0.186163 -1.52973e-21)
(1.1721 0.181577 3.03712e-21)
(1.17917 0.176808 6.39123e-22)
(1.18595 0.171857 -1.23663e-21)
(1.19249 0.166772 -1.13479e-21)
(1.19886 0.16154 4.84298e-22)
(1.20502 0.156155 1.12221e-21)
(1.21091 0.15063 -1.48824e-22)
(1.06179 0.207109 8.47813e-22)
(1.07236 0.205719 2.38679e-23)
(1.08271 0.203859 -2.07584e-22)
(1.09152 0.201692 7.5999e-22)
(1.09955 0.199338 -2.02354e-21)
(1.1076 0.196772 -3.44559e-21)
(1.11573 0.193958 -1.525e-21)
(1.12369 0.190908 -5.7845e-22)
(1.13136 0.187649 3.27104e-22)
(1.13877 0.184199 -8.53461e-22)
(1.14596 0.180559 -1.27326e-21)
(1.15295 0.176738 1.96702e-21)
(1.15972 0.172747 -7.99364e-22)
(1.16627 0.168596 -2.96224e-21)
(1.17259 0.164299 -1.87453e-21)
(1.17867 0.15986 -2.44357e-22)
(1.18455 0.155303 6.35699e-22)
(1.19029 0.150634 -1.22777e-21)
(1.19583 0.14584 5.01886e-22)
(1.20116 0.140924 2.36615e-22)
(1.06829 0.19259 -3.33989e-22)
(1.07755 0.191103 -1.9128e-23)
(1.08653 0.189217 3.55936e-22)
(1.0943 0.187062 -3.59885e-22)
(1.10142 0.18475 1.02935e-21)
(1.10851 0.182279 2.50555e-21)
(1.11566 0.179615 -1.19622e-21)
(1.12269 0.176758 9.94436e-22)
(1.12949 0.17373 5.98318e-22)
(1.13605 0.170547 3.92215e-22)
(1.14243 0.167215 6.42759e-22)
(1.14864 0.163738 9.25164e-23)
(1.15467 0.160126 1.45396e-21)
(1.16051 0.156386 1.31246e-21)
(1.16616 0.152529 8.16847e-22)
(1.17161 0.14856 1.43503e-21)
(1.1769 0.144496 9.52073e-22)
(1.18208 0.14032 -2.48789e-22)
(1.18707 0.136044 2.5292e-22)
(1.19188 0.131675 -1.51531e-22)
(1.07355 0.178634 -7.0135e-22)
(1.08164 0.17709 -5.37739e-24)
(1.08939 0.17522 -4.67168e-22)
(1.09619 0.173122 4.4161e-22)
(1.10249 0.170895 -7.11544e-23)
(1.10875 0.168545 -1.43406e-21)
(1.11504 0.166047 2.59277e-21)
(1.12123 0.163395 1.69826e-21)
(1.12724 0.160604 -2.96255e-22)
(1.13306 0.157687 -6.23578e-22)
(1.13872 0.154652 2.84804e-22)
(1.14424 0.151503 -1.16663e-21)
(1.14961 0.148246 -6.22062e-22)
(1.15482 0.144888 -2.30901e-22)
(1.15988 0.14144 2.17574e-21)
(1.16478 0.137903 -1.87027e-22)
(1.16952 0.134295 -4.42547e-22)
(1.17415 0.130583 -2.50176e-22)
(1.17866 0.126778 -6.9571e-22)
(1.18303 0.122899 -6.91954e-23)
(1.07765 0.165255 4.37382e-22)
(1.08471 0.163697 -2.18147e-23)
(1.09135 0.161877 5.84033e-22)
(1.09728 0.159871 2.56578e-22)
(1.10285 0.15776 6.57929e-22)
(1.10838 0.155553 -9.94879e-22)
(1.11391 0.153231 -1.65141e-21)
(1.11937 0.150788 5.13327e-22)
(1.12468 0.148232 5.80566e-22)
(1.12984 0.145576 1.04978e-21)
(1.13487 0.142826 -5.15977e-22)
(1.13977 0.139985 -4.07872e-22)
(1.14456 0.137058 8.73161e-22)
(1.14922 0.13405 -5.82208e-22)
(1.15376 0.130968 -1.52886e-21)
(1.15817 0.127815 6.136e-22)
(1.16244 0.124595 5.22391e-22)
(1.16657 0.121312 1.09471e-22)
(1.17062 0.117956 -1.98831e-22)
(1.17456 0.114535 1.3234e-22)
(1.0807 0.15247 -1.31964e-25)
(1.08683 0.150935 5.1636e-23)
(1.09252 0.149193 -6.41133e-22)
(1.09768 0.147304 -4.8975e-22)
(1.10259 0.145329 -1.84059e-22)
(1.10747 0.143278 1.68593e-21)
(1.11235 0.141139 1.52194e-22)
(1.11716 0.138904 -1.4951e-21)
(1.12185 0.13658 -7.03261e-22)
(1.12642 0.134174 1.45893e-22)
(1.13089 0.131694 1.28109e-23)
(1.13526 0.129142 -1.60582e-22)
(1.13953 0.126521 -2.6263e-22)
(1.14369 0.123835 4.21815e-22)
(1.14775 0.121087 3.35374e-22)
(1.15171 0.118281 -2.49483e-22)
(1.15555 0.115417 2.50179e-23)
(1.15929 0.11251 -2.63779e-22)
(1.16295 0.109557 2.73191e-23)
(1.16653 0.106557 9.04922e-25)
(1.08278 0.140289 -6.17485e-23)
(1.0881 0.138806 -1.96191e-23)
(1.09297 0.137164 2.60798e-22)
(1.09745 0.135408 -5.5536e-23)
(1.10179 0.133582 -1.22114e-21)
(1.1061 0.131695 -2.3002e-22)
(1.1104 0.129739 -3.64391e-22)
(1.11464 0.127709 3.12208e-22)
(1.11879 0.125608 -6.20423e-22)
(1.12285 0.123442 -6.71154e-22)
(1.12683 0.121216 -2.26549e-22)
(1.13072 0.118934 -3.2011e-22)
(1.13453 0.116598 1.3548e-21)
(1.13826 0.11421 -7.25665e-22)
(1.1419 0.111774 -5.44966e-22)
(1.14546 0.109293 2.07675e-22)
(1.14892 0.10677 3.9666e-22)
(1.1523 0.104212 5.13838e-22)
(1.15562 0.101618 3.37148e-22)
(1.15886 0.0989864 -2.9029e-23)
(1.08401 0.128714 -1.50321e-23)
(1.08863 0.127308 -9.65718e-24)
(1.0928 0.12578 -3.25566e-22)
(1.09669 0.124165 9.32314e-23)
(1.10052 0.122493 8.43705e-22)
(1.10434 0.120773 -8.45647e-23)
(1.10814 0.118998 3.76082e-22)
(1.11188 0.117166 -1.13388e-22)
(1.11556 0.115278 8.75569e-22)
(1.11917 0.113338 -5.90056e-22)
(1.1227 0.111352 7.90692e-22)
(1.12618 0.109321 5.41787e-22)
(1.12959 0.107248 -8.38815e-22)
(1.13293 0.105135 4.71652e-22)
(1.1362 0.102984 4.94879e-22)
(1.13941 0.100799 -9.97821e-22)
(1.14254 0.0985814 2.21954e-22)
(1.1456 0.0963358 -3.92941e-22)
(1.14861 0.094063 -1.60343e-22)
(1.15156 0.0917623 6.53635e-23)
(1.0845 0.11774 -1.06969e-23)
(1.08851 0.116426 -1.02241e-22)
(1.09209 0.115021 1.41226e-22)
(1.09548 0.11355 -2.60273e-22)
(1.09885 0.112034 1.64799e-22)
(1.10224 0.110478 -7.34378e-22)
(1.1056 0.10888 5.45828e-22)
(1.10892 0.107236 1.68847e-22)
(1.11219 0.10555 -3.01198e-22)
(1.1154 0.103823 1.20451e-22)
(1.11856 0.102059 -4.07915e-22)
(1.12166 0.10026 7.44493e-22)
(1.12472 0.0984288 -6.57865e-22)
(1.12772 0.0965667 -1.11295e-23)
(1.13067 0.0946757 -3.21383e-22)
(1.13357 0.0927584 2.47454e-22)
(1.1364 0.0908163 -5.04734e-22)
(1.13918 0.0888527 1.66817e-22)
(1.14192 0.086869 1.19943e-22)
(1.1446 0.0848651 -5.67037e-23)
(1.08434 0.107351 6.94214e-24)
(1.08783 0.10614 1.57145e-22)
(1.09091 0.104861 6.84445e-23)
(1.09387 0.103534 8.57729e-23)
(1.09686 0.102171 -2.75285e-22)
(1.09987 0.100775 1.91047e-22)
(1.10286 0.0993454 -3.67472e-22)
(1.10581 0.0978808 2.42491e-22)
(1.10871 0.0963827 -5.02914e-23)
(1.11158 0.0948533 1.80922e-22)
(1.11441 0.093295 2.50717e-22)
(1.1172 0.0917099 -3.49718e-22)
(1.11994 0.0900995 -3.63681e-22)
(1.12265 0.0884657 -1.9115e-22)
(1.12531 0.0868099 1.48251e-22)
(1.12793 0.0851342 3.46189e-22)
(1.13051 0.0834402 4.39994e-22)
(1.13304 0.08173 -7.71282e-23)
(1.13553 0.0800057 -1.34816e-22)
(1.13798 0.0782671 -4.79208e-23)
(1.08363 0.0975261 6.79869e-26)
(1.08668 0.0964231 -1.41073e-22)
(1.08935 0.0952706 2.42536e-22)
(1.09196 0.0940831 2.52799e-22)
(1.09461 0.0928674 1.83974e-22)
(1.09729 0.0916248 4.76568e-23)
(1.09995 0.0903549 -5.78082e-24)
(1.10258 0.0890581 -2.22083e-22)
(1.10518 0.0877353 3.73449e-23)
(1.10774 0.0863883 -2.24821e-22)
(1.11028 0.0850191 -1.1521e-22)
(1.11279 0.0836291 -2.99431e-22)
(1.11527 0.08222 -3.39601e-23)
(1.11772 0.080793 1.78424e-23)
(1.12013 0.0793497 3.10025e-22)
(1.12251 0.0778912 -3.45296e-22)
(1.12486 0.0764194 -3.79107e-22)
(1.12717 0.0749345 -1.23582e-22)
(1.12945 0.0734415 1.87096e-22)
(1.13169 0.0719397 5.51179e-23)
(1.08247 0.088237 -2.85778e-24)
(1.08514 0.087244 2.13387e-23)
(1.08748 0.0862151 -1.11135e-22)
(1.08978 0.0851612 -7.91598e-23)
(1.09214 0.0840852 3.81176e-23)
(1.09454 0.0829871 2.48006e-22)
(1.09692 0.0818671 1.61188e-22)
(1.09928 0.0807261 -1.45689e-22)
(1.10161 0.0795652 -1.74219e-22)
(1.10392 0.0783858 -7.61962e-23)
(1.10621 0.0771892 6.15963e-22)
(1.10848 0.075977 3.70315e-22)
(1.11073 0.0747504 2.04656e-22)
(1.11295 0.0735108 -1.74497e-22)
(1.11514 0.0722595 -6.9422e-23)
(1.11731 0.070998 -1.7057e-22)
(1.11945 0.0697274 -9.52738e-23)
(1.12157 0.06845 1.64533e-23)
(1.12366 0.0671606 -7.0462e-23)
(1.12573 0.0658634 -3.03164e-23)
(1.08094 0.0794512 6.64066e-24)
(1.0833 0.0785668 2.34448e-23)
(1.08536 0.0776566 4.9209e-24)
(1.08741 0.0767289 -4.56897e-23)
(1.08953 0.0757838 -1.92039e-22)
(1.09168 0.0748207 -1.88325e-22)
(1.09383 0.0738399 1.28866e-22)
(1.09595 0.0728426 1.94944e-22)
(1.09806 0.0718301 4.10129e-22)
(1.10015 0.0708033 3.32508e-23)
(1.10222 0.0697635 -3.087e-22)
(1.10429 0.0687118 -2.91311e-22)
(1.10633 0.0676494 3.75983e-22)
(1.10836 0.0665775 1.15074e-22)
(1.11036 0.0654971 -6.06669e-23)
(1.11235 0.0644098 -4.04549e-23)
(1.11432 0.0633162 1.71024e-22)
(1.11625 0.0622185 -6.67523e-24)
(1.11816 0.0611126 -1.17771e-23)
(1.12005 0.0600007 2.98761e-23)
(1.07912 0.0711321 2.91846e-23)
(1.08121 0.0703527 -2.12001e-24)
(1.08306 0.0695551 1.80522e-23)
(1.0849 0.0687451 5.26824e-23)
(1.08681 0.0679216 1.40194e-23)
(1.08876 0.0670833 -1.37046e-22)
(1.0907 0.0662307 -1.26938e-22)
(1.09263 0.0653652 2.1624e-22)
(1.09454 0.0644878 -1.46297e-23)
(1.09644 0.0635996 3.81167e-22)
(1.09834 0.0627013 2.83466e-23)
(1.10022 0.0617941 -7.60878e-23)
(1.10209 0.0608787 -2.68003e-22)
(1.10395 0.0599561 -3.40512e-23)
(1.10579 0.0590272 -5.55854e-23)
(1.10761 0.0580928 2.38878e-22)
(1.10942 0.0571538 -1.97098e-22)
(1.11121 0.0562099 9.81352e-23)
(1.11297 0.0552669 -3.13751e-23)
(1.11472 0.0543228 -1.41109e-23)
(1.07709 0.0632399 -4.83281e-23)
(1.07897 0.0625606 1.57914e-23)
(1.08064 0.0618682 -9.47282e-24)
(1.08231 0.0611673 -1.912e-23)
(1.08405 0.0604558 3.85427e-23)
(1.08582 0.0597322 5.30424e-23)
(1.0876 0.0589971 1.27047e-22)
(1.08935 0.0582517 -3.02606e-22)
(1.0911 0.0574971 -2.75174e-22)
(1.09285 0.0567342 -4.39715e-23)
(1.09458 0.0559638 9.75742e-23)
(1.09631 0.0551865 1.30708e-22)
(1.09803 0.0544032 1.74686e-23)
(1.09974 0.0536148 7.94126e-23)
(1.10144 0.052822 -1.07752e-22)
(1.10312 0.0520255 -3.97343e-23)
(1.10479 0.0512264 7.85587e-23)
(1.10645 0.0504251 -1.32879e-23)
(1.10809 0.0496233 -9.56546e-24)
(1.10971 0.0488213 1.3831e-23)
(1.07493 0.055732 6.63816e-23)
(1.07663 0.0551468 -3.099e-23)
(1.07816 0.0545521 -3.4357e-24)
(1.0797 0.0539516 4.4569e-24)
(1.0813 0.0533428 -3.55541e-23)
(1.08293 0.0527241 4.00708e-24)
(1.08455 0.052096 5.54131e-24)
(1.08617 0.0514598 9.42308e-23)
(1.08778 0.0508165 2.02361e-22)
(1.08939 0.0501668 -8.53536e-24)
(1.09099 0.0495114 -5.01295e-23)
(1.09259 0.048851 3.75809e-23)
(1.09418 0.0481862 4.87968e-23)
(1.09577 0.0475177 -8.08583e-23)
(1.09734 0.0468463 9.45276e-24)
(1.0989 0.0461727 1.01388e-22)
(1.10046 0.0454975 -7.10812e-23)
(1.10199 0.0448212 3.44857e-24)
(1.10352 0.044145 4.60009e-23)
(1.10503 0.0434691 1.84054e-24)
(1.07272 0.0485632 -3.29197e-23)
(1.07427 0.0480657 4.37739e-23)
(1.07569 0.0475613 1.59622e-23)
(1.07713 0.0470527 5.41171e-24)
(1.07861 0.0465375 -1.4988e-23)
(1.08011 0.0460144 7.78027e-24)
(1.08162 0.0454837 -3.41157e-23)
(1.08312 0.0449466 4.59796e-23)
(1.08462 0.0444039 -6.60483e-23)
(1.08611 0.0438563 -5.57471e-23)
(1.0876 0.0433045 -1.13024e-22)
(1.08909 0.0427489 -2.36825e-23)
(1.09057 0.0421901 1.05564e-22)
(1.09205 0.0416289 -8.78666e-23)
(1.09352 0.0410657 6.06721e-23)
(1.09497 0.0405011 -2.31516e-23)
(1.09642 0.0399357 3.69188e-23)
(1.09786 0.03937 9.50241e-23)
(1.09929 0.0388045 -5.31952e-23)
(1.1007 0.0382398 -1.39722e-24)
(1.07052 0.0416857 2.00831e-23)
(1.07196 0.0412693 1.15097e-23)
(1.0733 0.0408478 -2.67126e-23)
(1.07464 0.0404233 -3.80182e-23)
(1.07603 0.0399936 1.32497e-23)
(1.07744 0.0395575 -1.03524e-23)
(1.07884 0.0391152 -3.80708e-23)
(1.08025 0.0386679 3.69669e-24)
(1.08165 0.0382162 -8.00007e-23)
(1.08305 0.0377609 2.75556e-23)
(1.08445 0.0373023 9.60357e-23)
(1.08584 0.036841 -2.33779e-23)
(1.08723 0.0363774 3.94462e-23)
(1.08862 0.0359121 -2.99073e-23)
(1.08999 0.0354456 2.23902e-24)
(1.09136 0.0349783 2.67769e-23)
(1.09272 0.0345107 -1.1649e-23)
(1.09407 0.034043 3.91071e-24)
(1.09541 0.033576 -2.44964e-23)
(1.09674 0.0331097 2.39655e-24)
(1.06841 0.0350482 -2.09063e-23)
(1.06976 0.0347067 -6.58647e-23)
(1.07103 0.0343614 -1.653e-23)
(1.07231 0.0340137 3.12949e-23)
(1.07363 0.0336621 6.7758e-24)
(1.07495 0.0333053 7.21545e-25)
(1.07628 0.0329436 -2.9812e-24)
(1.07761 0.0325779 -1.24829e-23)
(1.07893 0.0322089 4.98349e-23)
(1.08026 0.0318371 -3.77637e-23)
(1.08158 0.0314629 1.00023e-22)
(1.08289 0.0310867 -2.00704e-23)
(1.0842 0.030709 -4.67729e-25)
(1.08551 0.0303301 6.09722e-24)
(1.08681 0.0299504 -7.45992e-23)
(1.0881 0.0295704 2.3339e-24)
(1.08939 0.0291903 -1.75826e-23)
(1.09066 0.0288105 -1.05175e-23)
(1.09192 0.0284313 2.2127e-23)
(1.09317 0.0280529 -2.20261e-24)
(1.06646 0.028595 -5.28691e-23)
(1.06774 0.0283228 7.89209e-23)
(1.06897 0.0280476 -1.49984e-23)
(1.0702 0.0277707 2.67518e-23)
(1.07145 0.0274907 -2.24324e-24)
(1.07272 0.0272066 6.59754e-24)
(1.07398 0.0269188 -6.49461e-24)
(1.07525 0.0266278 -4.1949e-24)
(1.07651 0.0263344 6.98152e-24)
(1.07777 0.0260388 -3.63641e-24)
(1.07903 0.0257416 -2.52859e-24)
(1.08028 0.0254429 -8.85726e-23)
(1.08153 0.0251431 -2.11314e-23)
(1.08277 0.0248426 6.22189e-23)
(1.08401 0.0245417 2.13252e-24)
(1.08523 0.0242407 3.9739e-23)
(1.08645 0.0239398 -3.49024e-23)
(1.08766 0.0236392 1.05837e-23)
(1.08886 0.0233392 -1.18973e-23)
(1.09005 0.02304 4.12275e-24)
(1.06475 0.0222646 3.04547e-23)
(1.06598 0.0220569 -1.35944e-23)
(1.06717 0.0218469 2.11774e-23)
(1.06837 0.0216357 2.63117e-24)
(1.06958 0.021422 -2.75398e-24)
(1.0708 0.0212054 -3.06946e-23)
(1.07201 0.0209859 -1.2122e-23)
(1.07323 0.0207642 1.3998e-24)
(1.07444 0.0205406 -1.055e-23)
(1.07565 0.0203156 -5.48388e-24)
(1.07686 0.0200894 4.33101e-23)
(1.07806 0.0198622 2.5112e-26)
(1.07926 0.0196345 -4.86555e-23)
(1.08045 0.0194063 1.76455e-23)
(1.08163 0.019178 6.21337e-24)
(1.08281 0.0189497 3.09222e-25)
(1.08397 0.0187217 3.36757e-23)
(1.08513 0.018494 -1.18226e-23)
(1.08627 0.0182669 -1.39597e-23)
(1.08741 0.0180405 2.98879e-24)
(1.06335 0.0159873 2.59795e-24)
(1.06454 0.0158405 1.94628e-24)
(1.06572 0.015692 -1.67458e-23)
(1.06689 0.0155425 1.10418e-23)
(1.06807 0.0153914 1.35265e-23)
(1.06925 0.0152381 2.10808e-24)
(1.07043 0.0150828 -3.73169e-23)
(1.07162 0.0149259 1.77369e-23)
(1.07279 0.0147678 -7.084e-24)
(1.07397 0.0146086 -7.8706e-24)
(1.07513 0.0144487 6.44075e-24)
(1.0763 0.0142882 2.90431e-23)
(1.07746 0.0141274 -3.01196e-23)
(1.07861 0.0139664 -8.31123e-24)
(1.07975 0.0138053 5.80316e-24)
(1.08088 0.0136444 1.54675e-23)
(1.08201 0.0134838 -3.75169e-23)
(1.08312 0.0133236 1.06366e-23)
(1.08422 0.0131639 -6.93463e-24)
(1.08531 0.0130048 2.23511e-24)
(1.06234 0.00968283 -2.60869e-23)
(1.06351 0.00959437 -1.17458e-23)
(1.06467 0.00950498 1.17634e-23)
(1.06584 0.00941521 3.7955e-23)
(1.067 0.00932467 -1.33244e-23)
(1.06816 0.00923309 -4.6404e-24)
(1.06932 0.00914054 1.00781e-23)
(1.07047 0.00904724 1.13091e-23)
(1.07162 0.0089534 -1.98791e-24)
(1.07277 0.00885916 -4.34394e-24)
(1.07391 0.00876465 -7.14445e-25)
(1.07505 0.00866996 -2.5114e-24)
(1.07618 0.00857517 -3.75596e-24)
(1.0773 0.00848037 1.61832e-23)
(1.07841 0.00838563 -4.4832e-24)
(1.07952 0.008291 2.08847e-23)
(1.08061 0.00819653 -1.46789e-23)
(1.08169 0.00810224 -8.68707e-24)
(1.08276 0.00800816 1.09873e-24)
(1.08382 0.0079143 2.4597e-24)
(1.06179 0.00325582 1.5099e-23)
(1.06296 0.0032241 -1.86396e-23)
(1.06413 0.00319125 3.6343e-23)
(1.06529 0.00315775 -4.8978e-23)
(1.06644 0.0031237 -1.92385e-23)
(1.0676 0.00308917 8.76817e-24)
(1.06875 0.00305433 1.07375e-23)
(1.0699 0.00301942 3.16036e-23)
(1.07104 0.00298461 -1.34186e-23)
(1.07218 0.00295006 4.57774e-25)
(1.0733 0.0029159 5.77575e-24)
(1.07442 0.00288221 -2.99756e-24)
(1.07554 0.00284907 -6.6253e-24)
(1.07664 0.00281654 -1.25466e-23)
(1.07774 0.00278463 7.01048e-24)
(1.07882 0.00275337 -1.1399e-23)
(1.07989 0.00272275 9.97782e-24)
(1.08095 0.00269272 2.2847e-23)
(1.082 0.00266324 -1.13824e-23)
(1.08304 0.00263423 -3.45114e-25)
(0.998421 0.00387162 0)
(0.998942 0.00765563 0)
(0.992557 0.0140271 0)
(0.989378 0.0179822 0)
(0.979764 0.0268385 0)
(0.974065 0.0340456 0)
(0.96183 0.0485627 0)
(0.955109 0.0614542 0)
(0.941615 0.0845131 0)
(0.936666 0.1048 0)
(0.924604 0.139421 0)
(0.926364 0.166895 0)
(0.92048 0.217028 0)
(0.937319 0.245562 0)
(0.948281 0.324667 0)
(0.998352 0.00404479 0)
(0.999169 0.0080062 0)
(0.992776 0.014779 0)
(0.990134 0.0189093 0)
(0.980692 0.0282229 0)
(0.975878 0.0355681 0)
(0.964156 0.0505328 0)
(0.958902 0.0633228 0)
(0.946497 0.0866798 0)
(0.943887 0.10616 0)
(0.933811 0.140773 0)
(0.938924 0.165867 0)
(0.936315 0.215494 0)
(0.956827 0.238309 0)
(0.968159 0.307419 0)
(0.998305 0.00422282 0)
(0.999389 0.00836791 0)
(0.993069 0.0155866 0)
(0.990958 0.0199073 0)
(0.981814 0.0297417 0)
(0.977874 0.0372352 0)
(0.966854 0.0527168 0)
(0.962975 0.0653573 0)
(0.951917 0.0890326 0)
(0.951269 0.10745 0)
(0.943485 0.141782 0)
(0.95086 0.163802 0)
(0.951425 0.21127 0)
(0.972758 0.228357 0)
(0.985375 0.287083 0)
(0.998292 0.00439796 0)
(0.999583 0.00872168 0)
(0.993438 0.0163784 0)
(0.99181 0.0208683 0)
(0.983117 0.0311954 0)
(0.979981 0.0387902 0)
(0.969887 0.0547295 0)
(0.967221 0.0671342 0)
(0.957804 0.0910138 0)
(0.958715 0.10828 0)
(0.953448 0.142028 0)
(0.962229 0.161219 0)
(0.96559 0.205639 0)
(0.986663 0.219062 0)
(1.00072 0.269665 0)
(0.998323 0.00456821 0)
(0.999738 0.00905662 0)
(0.993887 0.017142 0)
(0.992661 0.0217674 0)
(0.984588 0.0325547 0)
(0.982148 0.0401797 0)
(0.9732 0.0564973 0)
(0.971561 0.0685454 0)
(0.964012 0.0924563 0)
(0.966162 0.10849 0)
(0.963425 0.141266 0)
(0.973157 0.15802 0)
(0.978804 0.198943 0)
(0.999404 0.210058 0)
(1.01438 0.25404 0)
(0.998405 0.00473278 0)
(0.999847 0.00936753 0)
(0.99442 0.0178748 0)
(0.993499 0.0225991 0)
(0.986208 0.0338171 0)
(0.984351 0.0414009 0)
(0.976723 0.0580134 0)
(0.975959 0.0696019 0)
(0.970368 0.0933401 0)
(0.973563 0.108123 0)
(0.97315 0.139513 0)
(0.983632 0.154215 0)
(0.99105 0.19138 0)
(1.01108 0.200737 0)
(1.02647 0.238908 0)
(0.998537 0.00489029 0)
(0.999912 0.0096504 0)
(0.99503 0.0185688 0)
(0.994328 0.0233549 0)
(0.987951 0.0349648 0)
(0.98659 0.0424455 0)
(0.980379 0.0592466 0)
(0.9804 0.0703142 0)
(0.976718 0.0936366 0)
(0.980856 0.107235 0)
(0.982455 0.136848 0)
(0.993528 0.149852 0)
(1.00229 0.183146 0)
(1.02157 0.190989 0)
(1.03707 0.223972 0)
(0.998713 0.00503855 0)
(0.999944 0.00990168 0)
(0.995703 0.0192114 0)
(0.99516 0.0240261 0)
(0.989782 0.0359699 0)
(0.988874 0.0433032 0)
(0.984096 0.0601522 0)
(0.984864 0.0706836 0)
(0.982954 0.0933171 0)
(0.987952 0.105847 0)
(0.991249 0.133364 0)
(1.00271 0.144948 0)
(1.01249 0.174432 0)
(1.03083 0.180935 0)
(1.04625 0.209344 0)
(0.99892 0.00517434 0)
(0.999961 0.010119 0)
(0.996418 0.0197874 0)
(0.996013 0.0246063 0)
(0.991666 0.036802 0)
(0.991208 0.0439669 0)
(0.987816 0.0606909 0)
(0.989314 0.0707074 0)
(0.989003 0.0923786 0)
(0.994753 0.103962 0)
(0.999474 0.129175 0)
(1.0111 0.139523 0)
(1.02161 0.165402 0)
(1.0389 0.17072 0)
(1.05406 0.195126 0)
(0.999141 0.00529323 0)
(0.999984 0.0103014 0)
(0.997156 0.0202787 0)
(0.996899 0.0250913 0)
(0.993573 0.0374311 0)
(0.993581 0.0444295 0)
(0.991497 0.0608362 0)
(0.993698 0.0703785 0)
(0.994813 0.0908472 0)
(1.00118 0.101582 0)
(1.00708 0.1244 0)
(1.01865 0.133627 0)
(1.02965 0.156189 0)
(1.04582 0.160463 0)
(1.06058 0.181363 0)
(0.999357 0.00538968 0)
(1.00003 0.0104495 0)
(0.997899 0.0206664 0)
(0.997824 0.0254768 0)
(0.995479 0.037831 0)
(0.995974 0.044681 0)
(0.995104 0.0605763 0)
(0.99796 0.0696855 0)
(1.00033 0.0887686 0)
(1.00717 0.0987157 0)
(1.01401 0.119152 0)
(1.02539 0.127335 0)
(1.0366 0.14689 0)
(1.05166 0.150258 0)
(1.06587 0.168079 0)
(0.999555 0.00545748 0)
(1.00011 0.0105642 0)
(0.998634 0.0209314 0)
(0.998784 0.0257566 0)
(0.997368 0.0379814 0)
(0.998359 0.0447075 0)
(0.998606 0.0599132 0)
(1.00205 0.0686164 0)
(1.00552 0.0861972 0)
(1.01269 0.0953854 0)
(1.02024 0.113528 0)
(1.0313 0.120728 0)
(1.04253 0.137585 0)
(1.05648 0.140182 0)
(1.07003 0.155302 0)
(0.999725 0.00549029 0)
(1.00022 0.0106462 0)
(0.999354 0.0210568 0)
(0.999768 0.0259212 0)
(0.999221 0.0378701 0)
(1.00071 0.0444915 0)
(1.00197 0.0588603 0)
(1.00593 0.0671632 0)
(1.01032 0.0831897 0)
(1.0177 0.0916279 0)
(1.02575 0.107611 0)
(1.03642 0.113893 0)
(1.04747 0.128342 0)
(1.06035 0.130297 0)
(1.07316 0.143059 0)
(0.999864 0.00548237 0)
(1.00036 0.010694 0)
(1.00005 0.0210295 0)
(1.00076 0.0259574 0)
(1.00102 0.0374924 0)
(1.00298 0.0440146 0)
(1.00515 0.0574383 0)
(1.00957 0.0653257 0)
(1.01471 0.0798 0)
(1.0222 0.0874903 0)
(1.03054 0.101473 0)
(1.04076 0.106908 0)
(1.0515 0.119223 0)
(1.06334 0.120653 0)
(1.07537 0.131367 0)
(0.999973 0.00542924 0)
(1.00053 0.0107039 0)
(1.00073 0.0208413 0)
(1.00174 0.0258487 0)
(1.00275 0.0368512 0)
(1.00517 0.0432601 0)
(1.00813 0.0556719 0)
(1.01292 0.0631137 0)
(1.01864 0.0760785 0)
(1.02617 0.0830263 0)
(1.03462 0.0951788 0)
(1.04436 0.099842 0)
(1.05467 0.110278 0)
(1.06554 0.111288 0)
(1.07674 0.120237 0)
(1.00005 0.00532822 0)
(1.0007 0.0106687 0)
(1.00137 0.0204897 0)
(1.00271 0.0255765 0)
(1.00439 0.0359538 0)
(1.00723 0.0422156 0)
(1.01087 0.0535861 0)
(1.01597 0.0605464 0)
(1.02211 0.0720713 0)
(1.0296 0.0782916 0)
(1.03803 0.0887857 0)
(1.04726 0.092756 0)
(1.05708 0.101551 0)
(1.06702 0.102228 0)
(1.0774 0.109665 0)
(1.00011 0.00517873 0)
(1.00088 0.0105786 0)
(1.00198 0.0199772 0)
(1.00363 0.0251221 0)
(1.00592 0.0348106 0)
(1.00914 0.040876 0)
(1.01335 0.0512051 0)
(1.01868 0.0576507 0)
(1.02512 0.0678216 0)
(1.0325 0.0733405 0)
(1.04079 0.082345 0)
(1.04951 0.0857 0)
(1.05877 0.09307 0)
(1.06786 0.0934902 0)
(1.07743 0.0996414 0)
(1.00014 0.00498229 0)
(1.00106 0.0104212 0)
(1.00254 0.0193101 0)
(1.0045 0.0244695 0)
(1.00732 0.033432 0)
(1.01089 0.0392437 0)
(1.01554 0.0485522 0)
(1.02106 0.0544586 0)
(1.02766 0.0633701 0)
(1.03489 0.0682234 0)
(1.04295 0.0759005 0)
(1.05115 0.0787149 0)
(1.05985 0.0848572 0)
(1.06814 0.0850836 0)
(1.07692 0.0901466 0)
(1.00016 0.00474227 0)
(1.00122 0.0101833 0)
(1.00305 0.0184963 0)
(1.00531 0.0236074 0)
(1.00857 0.0318279 0)
(1.01246 0.037328 0)
(1.01745 0.0456501 0)
(1.02309 0.0510043 0)
(1.02975 0.0587546 0)
(1.03679 0.0629853 0)
(1.04456 0.0694883 0)
(1.05224 0.0718322 0)
(1.06037 0.0769231 0)
(1.06794 0.0770076 0)
(1.07597 0.0811546 0)
(1.00016 0.00446323 0)
(1.00136 0.00985215 0)
(1.0035 0.0175437 0)
(1.00605 0.0225309 0)
(1.00968 0.0300068 0)
(1.01384 0.0351436 0)
(1.01907 0.0425213 0)
(1.02478 0.0473218 0)
(1.03141 0.0540096 0)
(1.03823 0.0576651 0)
(1.04566 0.0631362 0)
(1.05286 0.0650745 0)
(1.06042 0.0692695 0)
(1.06733 0.0692546 0)
(1.07467 0.0726339 0)
(1.00016 0.00415023 0)
(1.00149 0.00941726 0)
(1.00389 0.0164583 0)
(1.00671 0.0212413 0)
(1.01064 0.0279772 0)
(1.01502 0.0327082 0)
(1.02041 0.0391881 0)
(1.02614 0.0434433 0)
(1.03267 0.0491652 0)
(1.03925 0.0522949 0)
(1.04633 0.0568641 0)
(1.05307 0.0584554 0)
(1.06008 0.0618905 0)
(1.06641 0.0618103 0)
(1.07309 0.0645483 0)
(1.00015 0.00380805 0)
(1.0016 0.00887156 0)
(1.00422 0.0152441 0)
(1.00729 0.019745 0)
(1.01144 0.0257484 0)
(1.016 0.0300409 0)
(1.02148 0.0356721 0)
(1.0272 0.0393978 0)
(1.03358 0.0442463 0)
(1.03991 0.0468993 0)
(1.04662 0.0506836 0)
(1.05293 0.05198 0)
(1.05942 0.0547726 0)
(1.06524 0.054654 0)
(1.07131 0.0568576 0)
(1.00014 0.00344061 0)
(1.00169 0.00821184 0)
(1.00449 0.0139036 0)
(1.00778 0.0180512 0)
(1.0121 0.0233306 0)
(1.01679 0.0271607 0)
(1.0223 0.0319929 0)
(1.02797 0.0352097 0)
(1.03418 0.0392717 0)
(1.04026 0.041495 0)
(1.0466 0.0445982 0)
(1.05252 0.0456452 0)
(1.05853 0.0478956 0)
(1.06389 0.0477592 0)
(1.06943 0.0495181 0)
(1.00012 0.00305067 0)
(1.00177 0.00743853 0)
(1.0047 0.0124379 0)
(1.00818 0.0161705 0)
(1.01262 0.0207344 0)
(1.01741 0.0240854 0)
(1.0229 0.0281671 0)
(1.0285 0.0308984 0)
(1.03451 0.0342533 0)
(1.04035 0.0360906 0)
(1.04635 0.0386032 0)
(1.05191 0.0394397 0)
(1.05749 0.0412324 0)
(1.06246 0.0410937 0)
(1.0675 0.0424821 0)
(1.0001 0.00263978 0)
(1.00183 0.00655496 0)
(1.00486 0.0108487 0)
(1.0085 0.0141133 0)
(1.01301 0.0179701 0)
(1.01787 0.0208302 0)
(1.02332 0.024207 0)
(1.02883 0.0264767 0)
(1.03464 0.0291953 0)
(1.04026 0.0306858 0)
(1.04592 0.0326852 0)
(1.05118 0.0333438 0)
(1.05637 0.0347492 0)
(1.061 0.0346193 0)
(1.06562 0.0356984 0)
(1.00009 0.00220841 0)
(1.00188 0.00556637 0)
(1.00498 0.00913753 0)
(1.00875 0.0118892 0)
(1.0133 0.0150464 0)
(1.0182 0.0174069 0)
(1.02357 0.0201196 0)
(1.029 0.02195 0)
(1.03461 0.0240937 0)
(1.04003 0.0252708 0)
(1.04541 0.0268221 0)
(1.0504 0.0273289 0)
(1.05525 0.0284047 0)
(1.05961 0.0282913 0)
(1.06386 0.0291105 0)
(1.00007 0.00175622 0)
(1.00192 0.00447886 0)
(1.00506 0.00730635 0)
(1.00893 0.00950599 0)
(1.0135 0.0119694 0)
(1.01842 0.0138232 0)
(1.02372 0.0159057 0)
(1.02906 0.0173155 0)
(1.03449 0.018935 0)
(1.03973 0.0198259 0)
(1.04486 0.0209815 0)
(1.04964 0.0213571 0)
(1.05421 0.0221489 0)
(1.05834 0.022057 0)
(1.06229 0.0226554 0)
(1.00006 0.00128241 0)
(1.00195 0.00329856 0)
(1.00511 0.00535708 0)
(1.00905 0.00696949 0)
(1.01363 0.00874142 0)
(1.01856 0.010081 0)
(1.02378 0.0115587 0)
(1.02905 0.0125615 0)
(1.03433 0.0136954 0)
(1.03943 0.0143203 0)
(1.04436 0.0151202 0)
(1.04897 0.0153794 0)
(1.05332 0.015922 0)
(1.05728 0.0158544 0)
(1.061 0.0162615 0)
(1.00005 0.000786302 0)
(1.00196 0.00203189 0)
(1.00514 0.00329195 0)
(1.00913 0.00428294 0)
(1.01371 0.00535919 0)
(1.01863 0.00617442 0)
(1.0238 0.00706248 0)
(1.02901 0.00766521 0)
(1.03419 0.00833927 0)
(1.03918 0.00871081 0)
(1.04398 0.00918223 0)
(1.04846 0.00933442 0)
(1.05265 0.00965181 0)
(1.0565 0.00961013 0)
(1.06006 0.00984659 0)
(1.00005 0.000266325 0)
(1.00197 0.000688884 0)
(1.00516 0.00111541 0)
(1.00917 0.00145117 0)
(1.01374 0.00181443 0)
(1.01867 0.0020893 0)
(1.0238 0.00238726 0)
(1.02897 0.0025888 0)
(1.03409 0.00281353 0)
(1.03904 0.00293667 0)
(1.04375 0.00309326 0)
(1.04818 0.00314289 0)
(1.05229 0.0032483 0)
(1.05607 0.00323315 0)
(1.05954 0.003312 0)
(0.999152 0.000630598 -6.85402e-23)
(0.997469 0.000623095 4.81586e-23)
(0.992152 -0.000297652 -1.16593e-22)
(0.985599 -0.00156586 -7.85089e-23)
(0.976373 -0.00301409 8.65898e-23)
(0.96539 -0.00441006 1.60964e-22)
(0.951657 -0.00544537 1.10601e-22)
(0.935659 -0.00642621 1.28376e-22)
(0.916386 -0.00672588 1.92029e-22)
(0.89428 -0.00705805 1.69829e-22)
(0.868046 -0.00660925 1.20468e-22)
(0.838349 -0.00632653 9.37079e-23)
(0.803583 -0.00515775 -4.17729e-22)
(0.764401 -0.0041356 4.77648e-22)
(0.719618 -0.00163641 -4.28912e-23)
(0.999151 0.000810859 4.14278e-22)
(0.99747 0.000981665 -6.5739e-23)
(0.992161 0.000498736 6.97185e-23)
(0.985618 -0.000536227 5.61443e-22)
(0.976388 -0.00135415 -3.56899e-22)
(0.965421 -0.00236078 -5.48901e-22)
(0.951675 -0.0024588 2.14258e-22)
(0.935707 -0.00275891 1.1177e-22)
(0.916439 -0.00170138 -3.71103e-22)
(0.894386 -0.000987192 -5.60464e-22)
(0.868189 0.00164143 7.03259e-22)
(0.83857 0.0038949 -9.36007e-22)
(0.803959 0.00845495 1.1369e-21)
(0.76511 0.0123032 -6.45625e-22)
(0.720605 0.0200883 -1.82475e-22)
(0.999144 0.000990747 -7.913e-22)
(0.99748 0.00133946 3.02725e-23)
(0.992167 0.00128899 -5.72236e-22)
(0.985656 0.000485721 -1.59272e-22)
(0.976413 0.000286028 4.98983e-22)
(0.965492 -0.000339938 8.92016e-24)
(0.951734 0.000470211 -2.27193e-22)
(0.935833 0.000811917 -3.35201e-22)
(0.916566 0.00319968 3.9415e-22)
(0.894676 0.00513355 -1.79228e-22)
(0.868645 0.00995987 -2.03019e-21)
(0.839327 0.0141835 -4.92006e-22)
(0.805 0.0222573 1.84766e-21)
(0.766647 0.0288493 2.00657e-22)
(0.722735 0.041839 2.17176e-21)
(0.999131 0.00116988 1.05033e-21)
(0.997499 0.00169648 -2.23947e-22)
(0.992171 0.0020736 1.00262e-21)
(0.985712 0.00150225 -2.8215e-22)
(0.976447 0.00190845 -9.20874e-22)
(0.965598 0.0016593 -2.43011e-22)
(0.951826 0.00326382 2.57593e-22)
(0.936038 0.00428893 -3.61615e-23)
(0.916848 0.00820819 1.49587e-21)
(0.895209 0.0114746 -3.84032e-22)
(0.869375 0.0184241 -1.2429e-21)
(0.840495 0.0245209 2.13652e-21)
(0.806618 0.0358168 -1.34595e-21)
(0.769042 0.0451476 3.82158e-21)
(0.726043 0.0633423 -6.07221e-21)
(0.999114 0.00134791 -3.52194e-22)
(0.997527 0.00205295 -5.30271e-22)
(0.992174 0.0028521 1.73039e-22)
(0.985784 0.0025144 2.73745e-22)
(0.97649 0.00351245 1.03948e-21)
(0.965724 0.00363944 4.91443e-22)
(0.951946 0.00612477 2.7563e-22)
(0.936372 0.00789514 -1.27431e-22)
(0.917276 0.0133135 -7.60819e-23)
(0.895934 0.0177113 1.35542e-21)
(0.870375 0.0267695 -7.18958e-22)
(0.84208 0.0347164 2.07125e-21)
(0.808817 0.0492392 -3.43729e-21)
(0.772296 0.0612495 1.85102e-21)
(0.730527 0.0845746 4.40579e-21)
(0.999092 0.00152451 -5.67869e-22)
(0.997562 0.00240907 1.71162e-21)
(0.992175 0.00362361 -1.28692e-21)
(0.985872 0.0035221 1.62975e-21)
(0.976541 0.00509493 -9.59469e-22)
(0.965901 0.00557525 1.23935e-21)
(0.952128 0.0091277 -2.77612e-22)
(0.93679 0.011597 -6.21218e-22)
(0.917804 0.0183433 3.73875e-23)
(0.896853 0.023872 1.46878e-21)
(0.871646 0.0350378 -3.00915e-21)
(0.844087 0.044797 2.68014e-21)
(0.811597 0.0625171 -6.12304e-21)
(0.7764 0.0771167 2.43782e-21)
(0.736174 0.105466 1.96133e-21)
(0.999065 0.00169937 7.33035e-22)
(0.997606 0.00276497 -1.43242e-21)
(0.992175 0.00438733 5.15238e-22)
(0.985975 0.00452436 -1.53362e-21)
(0.976597 0.00665221 9.13772e-22)
(0.966125 0.0074844 -6.9467e-22)
(0.952364 0.0120594 2.74659e-23)
(0.937291 0.0152102 7.95153e-22)
(0.918444 0.0233227 1.84186e-21)
(0.89797 0.0299821 -5.22684e-21)
(0.873184 0.0432344 2.3619e-21)
(0.846511 0.0547508 1.75927e-21)
(0.81495 0.0756108 -1.3059e-21)
(0.781346 0.0926901 -1.31294e-21)
(0.74297 0.125929 2.29171e-23)
(0.999035 0.00187223 1.1251e-21)
(0.997657 0.00312071 6.16834e-22)
(0.992175 0.00514251 -2.38635e-22)
(0.986091 0.0055243 2.97018e-22)
(0.97666 0.00815013 -1.52236e-21)
(0.96639 0.0094978 1.78443e-22)
(0.952652 0.0149512 6.65746e-22)
(0.937882 0.0188009 -2.50348e-21)
(0.919196 0.0282667 -9.17116e-24)
(0.899281 0.0360352 1.65201e-21)
(0.874983 0.0513436 -3.16535e-21)
(0.849346 0.064553 1.59347e-21)
(0.818866 0.0884857 2.76631e-21)
(0.787122 0.107917 1.2705e-21)
(0.750897 0.145882 1.17952e-21)
(0.999002 0.00204285 -1.00744e-21)
(0.997714 0.00347626 -2.07378e-22)
(0.992176 0.00588849 -1.47745e-21)
(0.986213 0.0065175 -2.74757e-21)
(0.976747 0.00971488 9.54045e-22)
(0.966703 0.0115574 1.50461e-21)
(0.952974 0.0178292 -4.7176e-22)
(0.938557 0.0223728 1.38299e-21)
(0.920057 0.0331668 3.46842e-21)
(0.900783 0.0420233 -4.87658e-21)
(0.877039 0.0593525 2.33439e-22)
(0.852586 0.0741837 3.38259e-21)
(0.823338 0.101111 5.63331e-22)
(0.793714 0.122746 -5.91523e-21)
(0.759933 0.165243 2.7893e-21)
(0.998965 0.00221102 -1.07908e-21)
(0.997778 0.00383159 -6.3108e-24)
(0.992178 0.00662428 4.72386e-23)
(0.986358 0.00749996 2.36347e-21)
(0.976851 0.011334 1.81972e-22)
(0.967043 0.0135633 -1.22353e-21)
(0.95334 0.0206737 -8.629e-22)
(0.939315 0.0259203 -1.02658e-21)
(0.921025 0.0380165 -1.27068e-21)
(0.902476 0.0479418 1.99722e-21)
(0.879346 0.0672499 4.79188e-21)
(0.856226 0.0836247 -4.77823e-21)
(0.828354 0.113458 -6.20033e-21)
(0.801106 0.137127 2.93627e-21)
(0.770053 0.18393 9.34656e-21)
(0.998927 0.00237655 1.09017e-21)
(0.997847 0.00418656 -2.23577e-21)
(0.992181 0.00734782 7.16066e-22)
(0.986519 0.00847308 -1.7947e-21)
(0.976973 0.0128851 -3.59841e-22)
(0.967416 0.0155606 3.02405e-22)
(0.95375 0.023488 8.91595e-22)
(0.940155 0.0294441 5.93058e-22)
(0.922101 0.0428109 -9.55135e-22)
(0.904354 0.0537875 3.32909e-22)
(0.881899 0.0750235 -1.05203e-21)
(0.86026 0.0928584 6.71986e-21)
(0.833904 0.125496 -9.76314e-21)
(0.80928 0.151007 4.94345e-21)
(0.781226 0.201864 3.31426e-21)
(0.998886 0.00253933 -4.02193e-22)
(0.997922 0.0045407 4.21065e-21)
(0.992186 0.00805784 1.46604e-21)
(0.986696 0.00937983 -1.22651e-21)
(0.977115 0.0144143 2.78651e-21)
(0.967822 0.0175496 1.48879e-21)
(0.954205 0.0262714 -3.54704e-22)
(0.941076 0.0329443 -1.10102e-21)
(0.923285 0.0475447 -7.68499e-22)
(0.906418 0.0595577 2.99303e-22)
(0.884694 0.0826608 -6.05626e-21)
(0.864685 0.101869 2.31879e-21)
(0.839976 0.137197 6.74043e-21)
(0.818218 0.164335 -4.13598e-21)
(0.793423 0.218965 1.27082e-21)
(0.998842 0.00269926 7.49343e-23)
(0.998002 0.00489488 6.74043e-24)
(0.992187 0.00872443 -3.34178e-22)
(0.986888 0.0103684 1.04471e-21)
(0.977286 0.0159288 -1.38116e-21)
(0.96826 0.0195281 -9.36384e-22)
(0.954708 0.029022 -2.97273e-21)
(0.942076 0.0364202 6.81601e-22)
(0.924579 0.0522125 5.87917e-21)
(0.908664 0.0652507 -7.2199e-21)
(0.88773 0.090148 4.5389e-21)
(0.869496 0.110641 3.74206e-21)
(0.846559 0.148532 8.96022e-22)
(0.8279 0.177054 -5.17816e-21)
(0.80661 0.235158 8.10404e-21)
(0.998798 0.00285613 4.7791e-22)
(0.998084 0.00524979 -1.9084e-21)
(0.9922 0.00940404 -2.42388e-22)
(0.987099 0.0114382 -3.38301e-22)
(0.977467 0.0174295 1.3704e-21)
(0.968731 0.0214958 -5.66879e-22)
(0.955261 0.0317384 1.8685e-21)
(0.943156 0.039871 2.55e-22)
(0.925989 0.0568093 -4.44603e-21)
(0.911093 0.0708656 7.08642e-21)
(0.891007 0.0974706 -5.83269e-21)
(0.874694 0.119162 -6.41234e-21)
(0.853643 0.159469 7.72041e-21)
(0.838309 0.189106 -1.08524e-21)
(0.820758 0.250373 7.00615e-21)
(0.998751 0.0030099 4.7034e-22)
(0.998173 0.00560092 -6.24962e-22)
(0.992217 0.010135 9.74038e-22)
(0.987324 0.0124453 -9.37557e-22)
(0.977667 0.0189056 1.43937e-21)
(0.969238 0.0234514 -1.00557e-21)
(0.955869 0.03442 -4.48773e-23)
(0.94432 0.0432962 -5.47396e-21)
(0.927522 0.0613318 7.24123e-21)
(0.91371 0.0764027 -7.62928e-21)
(0.894534 0.104614 6.22371e-21)
(0.880281 0.127424 -1.39018e-21)
(0.861217 0.169976 -6.9481e-21)
(0.849436 0.200428 1.35822e-21)
(0.835838 0.264545 8.25118e-21)
(0.998703 0.00316067 -1.34619e-21)
(0.998272 0.00594288 -1.97619e-22)
(0.992241 0.0108472 5.55461e-22)
(0.987565 0.0134399 8.26403e-22)
(0.97789 0.0203593 -9.61865e-22)
(0.969787 0.0253929 9.71422e-22)
(0.956539 0.0370643 6.12817e-22)
(0.945579 0.0466927 1.42776e-21)
(0.929193 0.0657746 -7.20703e-21)
(0.916524 0.0818592 9.67088e-22)
(0.898328 0.111561 4.34138e-21)
(0.886269 0.135418 -4.16148e-21)
(0.869279 0.180008 -2.37084e-21)
(0.861282 0.210943 3.37941e-21)
(0.851839 0.27761 -1.52315e-21)
(0.998653 0.003308 2.36948e-22)
(0.998378 0.00627996 -1.57767e-21)
(0.992271 0.0115299 -1.20761e-21)
(0.987826 0.0144223 -1.34536e-21)
(0.978138 0.0217866 9.15857e-22)
(0.970389 0.0273116 -4.60441e-22)
(0.957281 0.0396608 -1.81666e-21)
(0.946951 0.0500446 3.3595e-21)
(0.931022 0.0701193 -1.04406e-21)
(0.919562 0.0872153 6.41942e-21)
(0.90242 0.118279 -2.24679e-21)
(0.892685 0.143128 -1.13165e-21)
(0.877842 0.189516 -2.32231e-21)
(0.873874 0.220573 9.44859e-21)
(0.868776 0.289513 8.93057e-22)
(0.9986 0.00344984 1.14317e-21)
(0.998493 0.00663664 5.9829e-22)
(0.99231 0.0122004 1.34712e-21)
(0.988115 0.0153985 -4.95354e-22)
(0.978418 0.0231972 -2.05739e-22)
(0.97106 0.0292187 -4.60341e-22)
(0.958111 0.0422257 1.89745e-21)
(0.948469 0.0533697 -3.63614e-21)
(0.933045 0.0743902 3.27014e-21)
(0.922879 0.0924985 1.13965e-21)
(0.906876 0.124796 1.76958e-21)
(0.899599 0.150608 -1.93052e-21)
(0.88696 0.198501 -6.38427e-21)
(0.887308 0.229301 1.15945e-20)
(0.886736 0.300454 -1.28736e-20)
(0.998547 0.00359065 -9.46631e-22)
(0.998616 0.00701044 1.31789e-22)
(0.99236 0.012877 4.8724e-22)
(0.988441 0.0164009 -1.08387e-21)
(0.978745 0.0246427 1.86278e-21)
(0.971827 0.0311985 -1.04368e-21)
(0.95906 0.0448744 -1.64585e-21)
(0.950193 0.0568276 1.91409e-21)
(0.935327 0.0787743 -3.4681e-21)
(0.926587 0.0979292 4.22697e-21)
(0.911817 0.131291 -6.07808e-21)
(0.907175 0.158026 6.19712e-21)
(0.896797 0.20684 1.88855e-21)
(0.901898 0.237035 -7.64441e-21)
(0.905974 0.3105 1.75708e-21)
(0.998492 0.00372838 1.39756e-22)
(0.998753 0.00735793 -4.25088e-23)
(0.992431 0.0135137 2.75476e-22)
(0.988822 0.0173496 2.13703e-22)
(0.979148 0.0260048 -4.39903e-22)
(0.972738 0.0330765 1.26897e-21)
(0.960194 0.0473667 1.94974e-21)
(0.952234 0.0600886 -4.38841e-21)
(0.937993 0.0828344 2.70529e-21)
(0.930901 0.102917 -1.88893e-21)
(0.917474 0.136986 -3.98147e-21)
(0.915767 0.16433 1.33175e-21)
(0.907795 0.213072 5.56974e-21)
(0.918572 0.242501 1.56977e-21)
(0.927669 0.316352 -3.87104e-21)
)
;

boundaryField
{
    inlet
    {
        type            uniformFixedValue;
        uniformValue    constant (1 0 0);
        value           uniform (1 0 0);
    }
    outlet
    {
        type            pressureInletOutletVelocity;
        value           nonuniform 0();
    }
    cylinder
    {
        type            fixedValue;
        value           uniform (0 0 0);
    }
    top
    {
        type            symmetryPlane;
    }
    bottom
    {
        type            symmetryPlane;
    }
    defaultFaces
    {
        type            empty;
    }
    procBoundary2to0
    {
        type            processor;
        value           nonuniform List<vector> 
26
(
(0.0187893 0.0092824 1.69862e-21)
(0.0849159 0.0150423 -4.67175e-21)
(0.185527 0.0144667 -5.29394e-21)
(0.185527 0.0144667 -5.29394e-21)
(0.281013 -0.0396601 -5.06581e-21)
(0.366682 -0.0367241 4.45911e-21)
(0.443022 -0.0337687 2.23231e-21)
(0.510874 -0.0311645 -3.56332e-21)
(0.571255 -0.0288871 -4.14248e-21)
(0.62496 -0.0268699 6.11343e-22)
(0.672707 -0.0250594 -1.72358e-21)
(0.999149 0.000450323 -6.79894e-23)
(0.997478 0.000263531 6.67583e-23)
(0.992141 -0.00109592 -8.65021e-23)
(0.9856 -0.00260117 -1.23646e-22)
(0.97637 -0.0046873 1.16536e-22)
(0.965403 -0.00647739 1.8657e-22)
(0.951685 -0.00846463 1.30441e-22)
(0.935703 -0.0101423 -7.95065e-23)
(0.916452 -0.0118628 3.18392e-22)
(0.894368 -0.0133994 5.89504e-23)
(0.868171 -0.0150766 1.5254e-22)
(0.838493 -0.0166957 2.15195e-22)
(0.803765 -0.0186427 -3.15155e-24)
(0.764598 -0.020502 -1.58269e-22)
(0.719887 -0.0233542 -2.66577e-23)
)
;
    }
    procBoundary2to3
    {
        type            processor;
        value           nonuniform List<vector> 
50
(
(-0.0141104 0.0126568 -3.00648e-20)
(0.00290373 0.0128212 2.08159e-20)
(0.00290373 0.0128212 2.08159e-20)
(0.0864687 -0.000250857 -2.1827e-21)
(0.116963 -0.00759673 8.03402e-20)
(0.116963 -0.00759673 8.03402e-20)
(0.314988 -0.0191334 -3.33431e-20)
(0.314988 -0.0191334 -3.33431e-20)
(0.608883 -0.0110085 2.97468e-20)
(0.608883 -0.0110085 2.97468e-20)
(0.850347 0.0066566 -9.88052e-20)
(1.1287 0.0448728 -1.6599e-20)
(1.1287 0.0448728 -1.6599e-20)
(1.29522 0.0788614 -4.17173e-20)
(1.29522 0.0788614 -4.17173e-20)
(1.35833 0.10175 3.10779e-20)
(1.35833 0.10175 3.10779e-20)
(1.3611 0.0945843 -1.3202e-20)
(1.34823 0.111194 -4.64199e-21)
(1.34823 0.111194 -4.64199e-21)
(1.33361 0.109473 9.13502e-21)
(1.31728 0.107339 1.25789e-21)
(1.30054 0.104948 -1.16135e-20)
(1.28416 0.102067 4.49918e-21)
(1.26862 0.0988435 3.03554e-22)
(1.25411 0.0954898 1.04475e-21)
(1.2406 0.0920742 -4.14072e-21)
(1.22795 0.0885802 -1.22886e-21)
(1.21606 0.085003 3.18991e-21)
(1.20487 0.0813536 1.45898e-21)
(1.19433 0.0776361 -1.04998e-22)
(1.18442 0.0738521 9.99989e-22)
(1.17508 0.0700069 -1.77065e-21)
(1.1663 0.0661033 -1.94653e-21)
(1.1663 0.0661033 -1.94653e-21)
(1.16003 0.0603147 -4.18539e-22)
(1.15213 0.056583 5.68411e-22)
(1.1447 0.0527648 -1.16206e-21)
(1.13772 0.0488691 5.19474e-22)
(1.13117 0.0449051 8.93902e-23)
(1.12505 0.0408822 -2.08866e-22)
(1.11935 0.0368093 -3.25888e-23)
(1.1141 0.0326934 4.16119e-22)
(1.1093 0.0285382 -6.04312e-23)
(1.10498 0.0243447 -1.21835e-22)
(1.1012 0.0201058 -2.1582e-22)
(1.098 0.0158164 6.75109e-23)
(1.09545 0.011442 1.49415e-22)
(1.09364 0.00698275 1.29755e-22)
(1.09263 0.00235643 7.17414e-23)
)
;
    }
}


// ************************************************************************* //
