/*--------------------------------*- C++ -*----------------------------------*\
  =========                 |
  \\      /  F ield         | OpenFOAM: The Open Source CFD Toolbox
   \\    /   O peration     | Website:  https://openfoam.org
    \\  /    A nd           | Version:  7
     \\/     M anipulation  |
\*---------------------------------------------------------------------------*/
FoamFile
{
    version     2.0;
    format      ascii;
    class       surfaceScalarField;
    location    "85";
    object      phi;
}
// * * * * * * * * * * * * * * * * * * * * * * * * * * * * * * * * * * * * * //

dimensions      [0 3 -1 0 0 0 0];

internalField   nonuniform List<scalar> 
4137
(
0.000715861
7.49671e-05
0.000640894
0.000504352
9.70801e-05
0.000543814
3.67984e-05
0.000123814
0.00042
0.000684384
-0.000523772
-0.00344096
0.000155152
0.000264848
0.000819343
-0.00118796
0.00224358
-0.0048652
-0.0111447
0.000190895
7.39529e-05
0.000967887
-0.00196496
0.0025888
-0.00648611
0.00527079
-0.0138267
0.0090142
-0.0238959
-0.0357844
0.000230685
-0.000156732
0.00112762
-0.00286189
0.00294563
-0.00830412
0.00584971
-0.0167308
0.00971031
-0.0277565
0.014021
-0.040095
-0.0521195
0.000274023
-0.000430755
0.00129542
-0.00388329
0.00330356
-0.0103123
0.00638734
-0.0198146
0.0102769
-0.0316461
0.0143755
-0.0441936
0.0181035
-0.0558476
-0.0658032
0.000320266
-0.000751021
0.00146752
-0.00503054
0.00365081
-0.0124956
0.00686085
-0.0230246
0.010693
-0.0354782
0.0145088
-0.0480093
0.0178117
-0.0591505
0.0204205
-0.068412
0.022429
-0.0760757
-0.0829022
0.000368628
-0.00111965
0.00163955
-0.00630146
0.00397495
-0.014831
0.00725073
-0.0263004
0.0109481
-0.0391757
0.0144343
-0.0514955
0.0173152
-0.0620314
0.0195171
-0.070614
0.0211914
-0.07775
-0.0842409
0.02253
0.000418175
-0.00153782
0.00180671
-0.00769
0.00426384
-0.0172881
0.0075425
-0.0295791
0.0110416
-0.0426748
0.0141725
-0.0546264
0.0166491
-0.064508
0.0184866
-0.0724515
0.0198719
-0.0791353
-0.0853601
0.0209911
0.000467835
-0.00200566
0.00196394
-0.0091861
0.00450655
-0.0198307
0.00772758
-0.0328001
0.0109806
-0.0459278
0.0137479
-0.0573937
0.0158464
-0.0666066
0.0173609
-0.073966
0.0184955
-0.0802699
-0.0862859
0.0194213
0.000516425
-0.00252208
0.00210615
-0.0107758
0.00469419
-0.0224187
0.00780318
-0.0359091
0.0107775
-0.0489021
0.0131857
-0.0598018
0.0149369
-0.0683578
0.0161663
-0.0751953
0.0170809
-0.0811846
-0.0870371
0.0178321
0.000562689
-0.00308477
0.00222857
-0.0124417
0.00482051
-0.0250107
0.00777161
-0.0388602
0.0104483
-0.0515788
0.0125105
-0.061864
0.0139461
-0.0697935
0.0149234
-0.0761726
0.0156423
-0.0819034
-0.0876269
0.0162321
0.000605352
-0.00369012
0.002327
-0.0141633
0.00488216
-0.0275658
0.0076391
-0.0416171
0.0100101
-0.0539498
0.0117451
-0.063599
0.0128956
-0.0709439
0.0136487
-0.0769258
0.0141902
-0.0824449
-0.0880643
0.0146276
0.000643178
-0.0043333
0.00239809
-0.0159183
0.00487857
-0.0300463
0.00741459
-0.0441532
0.00948049
-0.0560157
0.0109097
-0.0650281
0.0118029
-0.0718372
0.0123548
-0.0774777
0.0127325
-0.0828226
-0.0883555
0.0130237
0.000675028
-0.00500833
0.0024395
-0.0176827
0.00481162
-0.0324184
0.00710861
-0.0464501
0.008876
-0.0577831
0.0100217
-0.0661739
0.0106825
-0.0724979
0.0110515
-0.0778467
0.0112753
-0.0830464
-0.0885048
0.0114245
0.000699909
-0.00570824
0.00244996
-0.0194328
0.00468515
-0.0346536
0.0067324
-0.0484974
0.00821201
-0.0592627
0.00909613
-0.067058
0.00954584
-0.0729477
0.00974615
-0.078047
0.00982315
-0.0831234
-0.0885149
0.00983328
0.00071702
-0.00642526
0.00242928
-0.021145
0.00450434
-0.0367287
0.00629719
-0.0502902
0.00750227
-0.0604678
0.00814537
-0.0677011
0.00840201
-0.0732043
0.00844466
-0.0780897
0.00837971
-0.0830585
-0.0883872
0.00825205
0.00072577
-0.00715103
0.00237823
-0.0227975
0.00427524
-0.0386257
0.00581373
-0.0518287
0.00675884
-0.0614129
0.00717968
-0.0681219
0.00725812
-0.0732827
0.00715142
-0.077983
0.00694799
-0.082855
-0.0881222
0.006683
0.000725795
-0.00787682
0.00229838
-0.0243701
0.0040043
-0.0403316
0.00529204
-0.0531165
0.00599213
-0.062113
0.00620747
-0.0683372
0.00611977
-0.073195
0.00586966
-0.0777329
0.00553017
-0.0825155
-0.0877203
0.00512823
0.000716955
-0.00859378
0.0021919
-0.025845
0.003698
-0.0418377
0.00474118
-0.0541597
0.00521101
-0.0625828
0.00523566
-0.0683619
0.00499164
-0.072951
0.0046022
-0.0773434
0.00412739
-0.0820407
-0.0871815
0.00358855
0.000699322
-0.0092931
0.00206139
-0.0272071
0.00336263
-0.043139
0.00416918
-0.0549662
0.0044229
-0.0628366
0.00426985
-0.0682089
0.00387784
-0.072559
0.00335281
-0.0768184
0.00274079
-0.0814287
-0.0864997
0.00205904
0.000673174
-0.00996627
0.00190973
-0.0284436
0.00300411
-0.0442334
0.0035831
-0.0555452
0.00363398
-0.0628874
0.0033144
-0.0678893
0.00278152
-0.0720261
0.00212633
-0.0761632
0.00137562
-0.080678
-0.0856486
0.000524489
0.000638992
-0.0106053
0.00174014
-0.0295448
0.00262796
-0.0451212
0.00298904
-0.0559063
0.00284934
-0.0627477
0.00237273
-0.0674127
0.00170423
-0.0713576
0.000922451
-0.0753814
6.36696e-05
-0.0798192
-0.0846446
-0.000940292
0.000597401
-0.0112027
0.00155566
-0.030503
0.00223916
-0.0458047
0.00239225
-0.0560594
0.00207319
-0.0624287
0.00144787
-0.0667873
0.000647481
-0.0705572
-0.000266047
-0.0744679
-0.0012731
-0.0788122
-0.0835499
-0.00236777
0.000549146
-0.0117518
0.0013592
-0.0313131
0.0018422
-0.0462877
0.00179715
-0.0560143
0.0013089
-0.0619404
0.000541855
-0.0660203
-0.000385454
-0.0696299
-0.00141617
-0.0734372
-0.00255776
-0.0776706
-0.0823294
-0.00377832
0.000495066
-0.0122469
0.0011536
-0.0319716
0.0014411
-0.0465752
0.00120732
-0.0557805
0.000559322
-0.0612924
-0.00034287
-0.0651181
-0.0013898
-0.068583
-0.00254585
-0.0722811
-0.00381142
-0.076405
-0.0809775
-0.00516333
0.000436055
-0.0126829
0.000941609
-0.0324772
0.00103944
-0.046673
0.000625906
-0.055367
-0.000173259
-0.0604933
-0.00120298
-0.0640884
-0.00237067
-0.0674153
-0.00364733
-0.0710045
-0.00503559
-0.0750167
-0.0794953
-0.00651779
0.000372993
-0.0130559
0.000725844
-0.03283
0.000640386
-0.0465876
6.07787e-05
-0.0547874
-0.000885782
-0.0595467
-0.00204084
-0.0629333
-0.00332531
-0.0661308
-0.00471934
-0.0696104
-0.00622927
-0.0735068
-0.0778854
-0.00783916
0.000306807
-0.0133627
0.000508631
-0.0330319
0.000249214
-0.0463281
-0.000500902
-0.0540373
-0.00158018
-0.0584674
-0.0028545
-0.061659
-0.00425256
-0.0647328
-0.00576122
-0.0681018
-0.00739097
-0.0718771
-0.0761519
-0.0091244
0.000239
-0.0136017
0.00029202
-0.0330849
-0.000136497
-0.0458996
-0.00104286
-0.0531309
-0.00225375
-0.0572565
-0.00364314
-0.0602696
-0.00515168
-0.0632242
-0.00677242
-0.066481
-0.00851925
-0.0701303
-0.0743016
-0.0103696
0.000170051
-0.0137718
8.50822e-05
-0.0329999
-0.000527167
-0.0452874
-0.00157162
-0.0520865
-0.00290552
-0.0559226
-0.00440601
-0.0587691
-0.00602204
-0.0616082
-0.00775224
-0.0647508
-0.00961283
-0.0682697
-0.0723395
-0.0115749
9.74949e-05
-0.0138693
-0.000135895
-0.0327665
-0.000900332
-0.0445229
-0.00208355
-0.0509033
-0.00353486
-0.0544713
-0.00514251
-0.0571615
-0.00686327
-0.0598875
-0.0087002
-0.0629139
-0.0106718
-0.066298
-0.0702628
-0.0127485
1.94695e-05
-0.0138887
-0.000359671
-0.0323874
-0.0012634
-0.0436192
-0.00257707
-0.0495896
-0.00414098
-0.0529074
-0.0058523
-0.0554501
-0.00767575
-0.058064
-0.00961746
-0.0609722
-0.0116956
-0.0642199
-0.0680705
-0.0138879
-5.28057e-05
-0.0138359
-0.000571267
-0.0318689
-0.00161456
-0.0425759
-0.00305157
-0.0481526
-0.00472302
-0.051236
-0.00653481
-0.0536383
-0.0084601
-0.0561387
-0.0105075
-0.0589248
-0.0126791
-0.0620483
-0.0657788
-0.0149709
-0.000124523
-0.0137114
-0.00077498
-0.0312185
-0.00195255
-0.0413983
-0.00350646
-0.0465987
-0.00528027
-0.0494622
-0.00718902
-0.0517296
-0.00921424
-0.0541135
-0.0113685
-0.0567705
-0.0136612
-0.0597556
-0.0635328
-0.0159071
-0.000195905
-0.0135155
-0.000971572
-0.0304428
-0.0022766
-0.0400933
-0.00394114
-0.0449341
-0.00581224
-0.047591
-0.0078139
-0.0497279
-0.00993319
-0.0519942
-0.012171
-0.0545327
-0.0144907
-0.0574359
-0.0607705
-0.0172529
-0.000265731
-0.0132498
-0.00116083
-0.0295477
-0.00258619
-0.038668
-0.0043552
-0.0431651
-0.00631877
-0.0456275
-0.00840887
-0.0476378
-0.0106137
-0.0497894
-0.012929
-0.0522174
-0.0153723
-0.0549926
-0.0580266
-0.0181162
-0.000333498
-0.0129163
-0.00134227
-0.0285389
-0.00288091
-0.0371293
-0.00474831
-0.0412977
-0.00679954
-0.0435762
-0.00897383
-0.0454635
-0.0112623
-0.0475009
-0.0136695
-0.0498102
-0.0162297
-0.0524325
-0.0552574
-0.0189989
-0.000398861
-0.0125174
-0.00151542
-0.0274224
-0.00316039
-0.0354844
-0.00512017
-0.039338
-0.00725414
-0.0414423
-0.00950798
-0.0432097
-0.011876
-0.0451329
-0.0143682
-0.047318
-0.0170152
-0.0497855
-0.052436
-0.0198366
-0.000461532
-0.0120559
-0.00167984
-0.0262041
-0.00342432
-0.0337399
-0.00547059
-0.0372917
-0.00768244
-0.0392304
-0.0100116
-0.0408805
-0.0124559
-0.0426886
-0.0150283
-0.0447456
-0.0177534
-0.0470603
-0.0495512
-0.0206382
-0.000521256
-0.0115346
-0.00183515
-0.0248902
-0.00367244
-0.0319026
-0.0057994
-0.0351647
-0.00808429
-0.0369455
-0.0104845
-0.0384803
-0.0130007
-0.0401724
-0.0156473
-0.042099
-0.0184447
-0.044263
-0.0465985
-0.0213974
-0.000577808
-0.0109568
-0.00198105
-0.0234869
-0.00390453
-0.0299791
-0.00610649
-0.0329628
-0.0084596
-0.0345924
-0.0109264
-0.0360135
-0.0135103
-0.0375885
-0.016226
-0.0393833
-0.0190917
-0.0413973
-0.0435777
-0.0221124
-0.000630987
-0.0103258
-0.00211727
-0.0220006
-0.00412042
-0.027976
-0.00639175
-0.0306914
-0.00880829
-0.0321759
-0.0113373
-0.0334845
-0.0139842
-0.0349416
-0.0167642
-0.0366033
-0.0196944
-0.0384671
-0.0404909
-0.0227812
-0.000680618
-0.00964522
-0.00224359
-0.0204377
-0.00431997
-0.0258996
-0.00665513
-0.0283563
-0.00913029
-0.0297007
-0.011717
-0.0308979
-0.0144223
-0.0322363
-0.017262
-0.0337637
-0.0202526
-0.0354764
-0.0373414
-0.0234021
-0.000726549
-0.00891868
-0.00235982
-0.0188044
-0.00450307
-0.0237563
-0.00689656
-0.0259628
-0.00942552
-0.0271718
-0.0120653
-0.0282581
-0.0148245
-0.029477
-0.0177191
-0.030869
-0.0207659
-0.0324297
-0.0341333
-0.0239741
-0.000768646
-0.00815003
-0.00246582
-0.0171072
-0.00466962
-0.0215525
-0.00711601
-0.0235164
-0.00969394
-0.0245938
-0.0123821
-0.02557
-0.0151905
-0.0266687
-0.0181354
-0.0279241
-0.0212337
-0.0293314
-0.0308711
-0.0244959
-0.000806796
-0.00734323
-0.00256146
-0.0153526
-0.00481957
-0.0192944
-0.00731345
-0.0210225
-0.00993549
-0.0219718
-0.0126673
-0.0228382
-0.0155201
-0.0238159
-0.0185106
-0.0249336
-0.0216555
-0.0261865
-0.0275598
-0.0249668
-0.000840902
-0.00650233
-0.00264662
-0.0135468
-0.00495284
-0.0169882
-0.00748885
-0.0184865
-0.0101501
-0.0193105
-0.0129209
-0.0200674
-0.0158133
-0.0209235
-0.0188443
-0.0219026
-0.0220309
-0.0229998
-0.0242047
-0.025386
-0.00087088
-0.00563145
-0.00272123
-0.0116965
-0.00506942
-0.01464
-0.00764218
-0.0159137
-0.0103378
-0.0166149
-0.0131427
-0.0172625
-0.0160698
-0.0179963
-0.0191365
-0.018836
-0.0223596
-0.0197767
-0.0208112
-0.0257531
-0.000896661
-0.00473479
-0.00278521
-0.00980794
-0.00516925
-0.012256
-0.00777344
-0.0133095
-0.0104985
-0.0138899
-0.0133327
-0.0144283
-0.0162896
-0.0150394
-0.0193868
-0.0157388
-0.0226413
-0.0165222
-0.0173848
-0.0260677
-0.000918188
-0.0038166
-0.0028385
-0.00788762
-0.0052523
-0.00984219
-0.00788262
-0.0106792
-0.0106321
-0.0111403
-0.0134907
-0.0115697
-0.0164725
-0.0120576
-0.0195952
-0.0126161
-0.0228758
-0.0132416
-0.013931
-0.0263296
-0.000935413
-0.00288119
-0.00288106
-0.00594197
-0.00531857
-0.00740468
-0.0079697
-0.00802807
-0.0107388
-0.00837126
-0.0136169
-0.00869159
-0.0166185
-0.00905595
-0.0197615
-0.00947314
-0.0230629
-0.00994022
-0.0104554
-0.0265385
-0.0009483
-0.00193289
-0.00291285
-0.00397742
-0.00536803
-0.00494951
-0.00803468
-0.00536143
-0.0108183
-0.00558759
-0.013711
-0.00579893
-0.0167275
-0.00603947
-0.0198857
-0.00631494
-0.0232026
-0.0066233
-0.00696359
-0.0266944
-0.000956822
-0.00293384
-0.00540066
-0.00807754
-0.00268455
-0.0108708
-0.00279428
-0.0137731
-0.00289666
-0.0167994
-0.00301319
-0.0199676
-0.00314669
-0.0232948
-0.00329612
-0.00346104
-0.0267974
-0.0080983
-0.0108963
-0.0138032
-0.0168342
-0.0200074
-0.0233396
-0.0268473
0.0588171
0.0109336
-0.0583262
0.0593073
0.0125335
0.0597956
0.0141393
0.0602803
0.0157474
0.0607586
0.0173539
0.0612258
0.0189541
0.0616744
0.0205426
0.0221119
0.0611216
0.0104341
-0.0606221
0.0616273
0.0120278
0.0621388
0.0136278
0.0626552
0.0152309
0.0631753
0.0168338
0.0636965
0.0184329
0.064215
0.0200241
0.0216026
0.06353
0.00994079
-0.0630367
0.0640375
0.0115204
0.0645592
0.0131062
0.0650947
0.0146954
0.0656434
0.0162851
0.0662038
0.0178724
0.066774
0.019454
0.0210261
0.066083
0.00946079
-0.065603
0.0665826
0.0110207
0.0671027
0.0125861
0.0676435
0.0141545
0.0682054
0.0157233
0.0687879
0.0172899
0.0693905
0.0188514
0.0204048
0.0687935
0.00899411
-0.0683268
0.0692834
0.0105308
0.0697976
0.0120719
0.0703371
0.0136151
0.0709025
0.0151579
0.0714945
0.0166979
0.0721133
0.0182326
0.0197593
0.0716574
0.00853865
-0.0712019
0.072139
0.0100492
0.0726476
0.0115632
0.0731843
0.0130784
0.07375
0.0145922
0.0743454
0.0161025
0.0749711
0.0176068
0.0191029
0.0746744
0.00809388
-0.0742296
0.0751482
0.00957534
0.0756519
0.0110595
0.0761862
0.0125441
0.0767518
0.0140266
0.0773493
0.0155049
0.0779794
0.0169767
0.0184396
0.0778438
0.00765925
-0.0774091
0.0783105
0.00910865
0.0788098
0.0105602
0.0793423
0.0120115
0.0799086
0.0134604
0.0805091
0.0149044
0.0811444
0.0163414
0.0177691
0.0811696
0.00723467
-0.080745
0.0816292
0.00864903
0.0821243
0.0100651
0.0826554
0.0114805
0.0832228
0.012893
0.0838268
0.0143004
0.0844679
0.0157004
0.0170909
0.0846575
0.00682003
-0.0842429
0.08511
0.00819652
0.0856008
0.00957424
0.0861303
0.010951
0.0866987
0.0123246
0.0873062
0.0136929
0.0879529
0.0150537
0.0164049
0.0883097
0.00641451
-0.0879042
0.0887558
0.00775045
0.0892427
0.00908727
0.0897709
0.0104228
0.0903405
0.011755
0.0909515
0.0130818
0.0916042
0.014401
0.0157106
0.0921383
0.00601894
-0.0917428
0.0925773
0.00731152
0.0930598
0.0086047
0.0935863
0.00989639
0.0941567
0.0111846
0.0947713
0.0124673
0.0954299
0.0137424
0.0150081
0.0961469
0.00563297
-0.0957609
0.096579
0.00687943
0.0970575
0.00812624
0.0975824
0.00937141
0.098154
0.010613
0.0987722
0.0118491
0.0994369
0.0130778
0.014297
0.100344
0.00525634
-0.0999678
0.10077
0.00645394
0.101244
0.0076517
0.101768
0.00884772
0.102341
0.0100401
0.102963
0.0112271
0.103634
0.0124068
0.0135773
0.10474
0.00488872
-0.104372
0.105159
0.00603475
0.10563
0.00718077
0.106152
0.00832499
0.106727
0.00946564
0.107353
0.0106009
0.108031
0.0117291
0.0128484
0.109342
0.00452977
-0.108983
0.109755
0.00562144
0.110223
0.00671301
0.110745
0.00780275
0.111322
0.00888898
0.111952
0.00997001
0.112637
0.0110441
0.113376
0.0121097
0.013165
0.114161
0.00417904
-0.11381
0.114569
0.00521358
0.115034
0.00624793
0.115556
0.00728047
0.116136
0.0083096
0.116772
0.00933372
0.117465
0.0103512
0.118214
0.0113605
0.01236
0.119209
0.00383569
-0.118865
0.119612
0.00481035
0.120075
0.00578474
0.120598
0.00675736
0.121181
0.00772669
0.121823
0.00869124
0.122525
0.00964949
0.123286
0.0105999
0.0115411
0.124497
0.00349947
-0.124161
0.124896
0.00441129
0.125358
0.00532284
0.125883
0.00623269
0.12647
0.00713943
0.127119
0.00804165
0.127831
0.00893792
0.128604
0.00982684
0.010707
0.130041
0.00316955
-0.129711
0.130436
0.00401563
0.130898
0.00486143
0.131425
0.00570563
0.132017
0.00654692
0.132675
0.00738397
0.133398
0.00821548
0.134184
0.00904012
0.00985658
0.135855
0.00284535
-0.13553
0.136248
0.00362265
0.136709
0.00439968
0.13724
0.00517523
0.137839
0.00594809
0.138506
0.00671705
0.13924
0.00748089
0.140042
0.00823841
0.00898837
0.141956
0.00252599
-0.141637
0.142347
0.00323138
0.14281
0.00393653
0.143345
0.00464035
0.143952
0.00534173
0.144629
0.00603957
0.145377
0.00673275
0.146195
0.00742018
0.00810075
0.148364
0.00221055
-0.148049
0.148755
0.0028408
0.14922
0.00347086
0.149761
0.00409975
0.150376
0.00472647
0.151066
0.00535004
0.151829
0.00596945
0.152666
0.00658373
0.00719187
0.155101
0.00189798
-0.154789
0.155492
0.00244974
0.155962
0.00300137
0.156509
0.003552
0.157135
0.00410075
0.157838
0.00464676
0.158619
0.00518915
0.159475
0.00572704
0.00625958
0.162192
0.00158711
-0.161881
0.162585
0.00205688
0.16306
0.00252658
0.163616
0.00299545
0.164254
0.00346276
0.164973
0.00392776
0.165773
0.0043897
0.166652
0.00484784
0.00530142
0.169666
0.00127655
-0.169355
0.170062
0.00166066
0.170544
0.00204474
0.171111
0.00242819
0.171764
0.0028104
0.172501
0.00319074
0.173322
0.00356862
0.174226
0.00394341
0.0043145
0.177555
0.000964699
-0.177243
0.177956
0.00125925
0.178447
0.00155383
0.179027
0.00184796
0.179697
0.00214117
0.180454
0.002433
0.1813
0.00272295
0.182233
0.00301057
0.00329538
0.185897
0.000649599
-0.185582
0.186306
0.000850488
0.186809
0.00105143
0.187404
0.0012521
0.188093
0.00145217
0.188875
0.00165133
0.189749
0.00184924
0.190714
0.00204559
0.00224004
0.194735
0.000328811
-0.194415
0.195154
0.000431604
0.195671
0.000534454
0.196286
0.000637191
0.196999
0.000739647
0.197808
0.000841659
0.198715
0.000943057
0.199716
0.00104368
0.00114335
0.204122
-0.203793
0.204554
0.205088
0.205725
0.206465
0.207307
0.20825
0.209293
0.0490406
-0.0161679
-0.0487799
0.049464
-0.0153942
0.0499389
-0.0143627
0.0504247
-0.0132343
0.0509121
-0.0120623
0.0514024
-0.0108599
0.0518943
-0.00961629
0.0523862
-0.00833104
0.052878
-0.00700959
0.0533698
-0.00565508
0.053861
-0.00426956
0.0543481
-0.00285482
0.0548284
-0.00142059
0.055384
-3.11344e-05
0.0558713
0.00157172
0.0563634
0.00309644
0.0568551
0.00463651
0.0573454
0.00619278
0.0578355
0.00776189
0.0093426
0.0523037
-0.0165733
-0.0518983
0.0526699
-0.0157604
0.0530697
-0.0147625
0.0534874
-0.013652
0.0538981
-0.012473
0.0543064
-0.0112683
0.0547197
-0.0100295
0.0551383
-0.00874968
0.0555619
-0.00743317
0.0559913
-0.00608454
0.0564281
-0.00470633
0.0568744
-0.00330109
0.057329
-0.00187525
0.0577355
-0.000437621
0.0582162
0.00109101
0.0586866
0.00262608
0.0591608
0.00416229
0.0596418
0.0057118
0.0601289
0.00727479
0.00884938
0.0556423
-0.0169256
-0.0552901
0.0559623
-0.0160804
0.0562886
-0.0150889
0.0566357
-0.0139991
0.0569844
-0.0128218
0.0573307
-0.0116146
0.057682
-0.0103808
0.0580411
-0.00910875
0.0584071
-0.00779916
0.05878
-0.00645742
0.0591601
-0.00508645
0.0595472
-0.00368824
0.059938
-0.00226598
0.060331
-0.000830672
0.0607647
0.000657324
0.0611976
0.00219317
0.0616385
0.00372143
0.0620913
0.00525897
0.0625573
0.00680881
0.00836992
0.0590972
-0.017198
-0.0588248
0.0593563
-0.0163395
0.0596156
-0.0153481
0.0598924
-0.0142759
0.0601788
-0.0131082
0.0604668
-0.0119026
0.0607601
-0.0106741
0.0610628
-0.00941151
0.0613752
-0.00811147
0.0616965
-0.00677875
0.0620271
-0.0054171
0.0623676
-0.00402867
0.0627175
-0.00261586
0.0630719
-0.00118515
0.063465
0.000264253
0.0638617
0.00179643
0.0642722
0.00331094
0.0646985
0.00483274
0.0651418
0.00636552
0.00790871
0.0626666
-0.0173988
-0.0624658
0.0628657
-0.0165386
0.0630629
-0.0155453
0.063273
-0.014486
0.0634963
-0.0133315
0.0637259
-0.0121322
0.0639624
-0.0109106
0.0642097
-0.00965876
0.0644692
-0.00837096
0.0647407
-0.00705033
0.0650246
-0.00570097
0.0653212
-0.00432528
0.0656301
-0.00292474
0.0659494
-0.00150443
0.0663054
-9.17321e-05
0.066671
0.00143084
0.0670553
0.00292655
0.0674589
0.00442923
0.0678823
0.0059421
0.00746422
0.0663679
-0.0175305
-0.0662362
0.0665053
-0.016676
0.0666404
-0.0156804
0.0667848
-0.0146304
0.0669441
-0.0134908
0.0671144
-0.0123025
0.0672944
-0.0110906
0.067487
-0.00985135
0.0676945
-0.00857846
0.0679175
-0.00727333
0.0681565
-0.00593999
0.0684125
-0.00458135
0.0686873
-0.00319948
0.0689811
-0.00179821
0.069278
-0.00038863
0.0696221
0.00108667
0.0699831
0.00256562
0.0703656
0.00404672
0.0707716
0.00553608
0.00703389
0.0702116
-0.0175906
-0.0701516
0.0702828
-0.0167471
0.0703537
-0.0157513
0.0704326
-0.0147093
0.0705277
-0.0135859
0.0706379
-0.0124127
0.0707615
-0.0112143
0.0709005
-0.00999028
0.0710571
-0.00873505
0.0712325
-0.00744874
0.0714274
-0.00613488
0.0716425
-0.00479643
0.0718786
-0.00343558
0.0721354
-0.00205505
0.0724097
-0.00066292
0.0727245
0.000771897
0.0730619
0.00222821
0.0734243
0.00368432
0.0738132
0.00514719
0.00661744
0.0742006
-0.0175766
-0.0742146
0.0742017
-0.0167483
0.0742065
-0.015756
0.0742201
-0.014723
0.0742514
-0.0136172
0.0743017
-0.0124629
0.0743694
-0.0112821
0.0744556
-0.0100765
0.0745624
-0.00884178
0.0746911
-0.00757753
0.0748428
-0.00628654
0.0750181
-0.00497174
0.0752179
-0.00363533
0.0754426
-0.00227976
0.0756901
-0.000910418
0.0759776
0.000484343
0.0762911
0.00191474
0.0766336
0.00334186
0.077006
0.00477481
0.00621426
0.0783358
-0.0174883
-0.0784241
0.0782651
-0.0166776
0.0782027
-0.0156936
0.0781516
-0.014672
0.0781203
-0.0135858
0.0781112
-0.0124538
0.0781237
-0.0112945
0.078158
-0.0101108
0.078216
-0.00889978
0.0782993
-0.00766075
0.0784087
-0.00639598
0.0785452
-0.00510822
0.0787096
-0.00379971
0.0789025
-0.00247274
0.0791233
-0.00113121
0.0793863
0.000221409
0.0796764
0.00162457
0.079999
0.00301931
0.080355
0.00441881
0.00582421
0.0826198
-0.0173263
-0.0827817
0.0824771
-0.0165349
0.0823473
-0.0155638
0.0822324
-0.014557
0.0821396
-0.0134931
0.0820723
-0.0123866
0.0820304
-0.0112525
0.0820139
-0.0100944
0.0820243
-0.00891021
0.0820632
-0.00769961
0.0821316
-0.0064644
0.0822303
-0.0052069
0.0823598
-0.00392922
0.0825202
-0.00263314
0.0827112
-0.00132228
0.0829544
-2.17239e-05
0.0832206
0.00135839
0.0835246
0.00271524
0.0838654
0.004078
0.0054468
0.0870575
-0.0170917
-0.087292
0.0868435
-0.0163209
0.0866468
-0.0153672
0.0864688
-0.014379
0.086316
-0.0133402
0.0861916
-0.0122622
0.0860961
-0.011157
0.0860297
-0.010028
0.0859936
-0.00887407
0.0859892
-0.00769521
0.0860178
-0.00649296
0.0860804
-0.00526952
0.0861782
-0.00402702
0.0863125
-0.00276751
0.0864841
-0.0014938
0.0866776
-0.000215211
0.0869276
0.00110832
0.0872138
0.00242908
0.0875389
0.00375285
0.00508156
0.0916555
-0.0167857
-0.0919615
0.0913711
-0.0160365
0.0911083
-0.0151044
0.0908683
-0.014139
0.0906566
-0.0131285
0.0904763
-0.012082
0.0903283
-0.011009
0.0902128
-0.00991249
0.0901309
-0.00879218
0.0900839
-0.00764825
0.0900731
-0.00648213
0.0900994
-0.0052958
0.0901635
-0.00409116
0.0902662
-0.00287014
0.0904074
-0.00163499
0.0905847
-0.000392574
0.0908116
0.000881452
0.09108
0.0021607
0.0913902
0.00344264
0.00472895
0.0964214
-0.0164092
-0.0967979
0.0960678
-0.0156829
0.09574
-0.0147766
0.0954389
-0.0138379
0.0951694
-0.0128589
0.0949343
-0.0118469
0.0947346
-0.0108093
0.0945708
-0.00974869
0.0944439
-0.00866521
0.0943549
-0.00755933
0.0943052
-0.0064324
0.0942956
-0.00528621
0.094327
-0.00412253
0.0944
-0.00294318
0.0945153
-0.00175023
0.094671
-0.000548303
0.0948762
0.000676242
0.0951259
0.00191097
0.0954208
0.00314783
0.00438875
0.101364
-0.0159635
-0.10181
0.100942
-0.0152615
0.100551
-0.0143848
0.100189
-0.0134768
0.0998631
-0.0125325
0.0995741
-0.011558
0.0993236
-0.0105588
0.0991122
-0.00953728
0.0989408
-0.00849381
0.0988106
-0.00742908
0.0987226
-0.00634439
0.0986777
-0.00524138
0.0986769
-0.0041217
0.0987208
-0.00298705
0.0988099
-0.00183933
0.0989436
-0.000681992
0.0991281
0.000491684
0.0993599
0.00167919
0.0996397
0.00286803
0.00406067
0.106492
-0.0154496
-0.107006
0.106004
-0.0147734
0.105549
-0.01393
0.105129
-0.0130565
0.104747
-0.0121502
0.104405
-0.011216
0.104104
-0.0102583
0.103846
-0.00927894
0.103631
-0.00827859
0.10346
-0.00725806
0.103334
-0.00621861
0.103254
-0.00516177
0.103222
-0.00408909
0.103237
-0.00300215
0.1033
-0.00190271
0.103412
-0.000793494
0.103576
0.000327206
0.103791
0.00146491
0.104056
0.00260288
0.0037444
0.111817
-0.0148685
-0.112398
0.111263
-0.01422
0.110747
-0.0134134
0.110268
-0.0125779
0.109831
-0.0117127
0.109436
-0.0108218
0.109086
-0.00990843
0.108782
-0.00897426
0.108523
-0.00802006
0.108312
-0.00704673
0.108149
-0.00605552
0.108035
-0.00504782
0.107971
-0.0040251
0.107958
-0.00298884
0.107996
-0.00194067
0.108085
-0.000882858
0.10823
0.000182245
0.108427
0.00126779
0.108678
0.00235206
0.00343961
0.117348
-0.0142212
-0.117995
0.11673
-0.0136024
0.116153
-0.0128358
0.115617
-0.0120419
0.115125
-0.0112208
0.114679
-0.0103759
0.11428
-0.00950979
0.11393
-0.00862376
0.113629
-0.0077187
0.113377
-0.00679555
0.113177
-0.0058555
0.113029
-0.00489988
0.112934
-0.00393005
0.112893
-0.0029474
0.112906
-0.0019534
0.112973
-0.00095001
0.113099
5.57673e-05
0.11328
0.00108752
0.113517
0.00211511
0.00314586
0.123098
-0.0135085
-0.123811
0.122418
-0.0129216
0.12178
-0.0121982
0.121187
-0.0114491
0.120642
-0.0106751
0.120145
-0.00987903
0.119698
-0.00906291
0.119302
-0.00822793
0.118958
-0.00737494
0.118667
-0.00650491
0.118431
-0.00561898
0.118249
-0.0047184
0.118124
-0.00380442
0.118055
-0.00287836
0.118043
-0.00194158
0.118089
-0.000995849
0.118193
-4.86878e-05
0.118358
0.000923111
0.118582
0.00189122
0.00286228
0.129081
-0.0127313
-0.129858
0.128338
-0.0121786
0.127641
-0.0115013
0.126992
-0.0108001
0.126393
-0.010076
0.125845
-0.00933153
0.125351
-0.00856823
0.12491
-0.00778714
0.124524
-0.00698913
0.124194
-0.00617515
0.123922
-0.00534629
0.123707
-0.00450372
0.123551
-0.00364862
0.123455
-0.00278221
0.123419
-0.00190578
0.123444
-0.00102083
0.123527
-0.000131639
0.123676
0.000774065
0.123887
0.00168013
0.00258877
0.135309
-0.0118901
-0.136151
0.134505
-0.0113741
0.13375
-0.0107458
0.133045
-0.0100953
0.132393
-0.00942402
0.131795
-0.00873381
0.131253
-0.00802606
0.130767
-0.00730168
0.13034
-0.0065615
0.129971
-0.00580646
0.129662
-0.00503757
0.129415
-0.00425591
0.129229
-0.00346258
0.129105
-0.00265869
0.129045
-0.00184545
0.129048
-0.00102419
0.129114
-0.000197946
0.129248
0.000640667
0.129447
0.00148134
0.00232448
0.141801
-0.0109854
-0.142705
0.140935
-0.0105088
0.140122
-0.00993215
0.139362
-0.00933523
0.138657
-0.00871935
0.138009
-0.0080861
0.13742
-0.00743663
0.13689
-0.00677175
0.136421
-0.00609226
0.136013
-0.00539904
0.135669
-0.00469303
0.135388
-0.00397523
0.135172
-0.00324665
0.135022
-0.00250832
0.134938
-0.00176132
0.13492
-0.00100687
0.13497
-0.000247173
0.135088
0.000522129
0.135275
0.0012944
0.00206897
0.148572
-0.0100176
-0.14954
0.147647
-0.00958318
0.146775
-0.00906076
0.14596
-0.00852005
0.145203
-0.00796222
0.144505
-0.00738859
0.143869
-0.00680009
0.143295
-0.0061975
0.142784
-0.00558155
0.142338
-0.00495305
0.141958
-0.00431288
0.141644
-0.00366192
0.141399
-0.0030011
0.141222
-0.00233137
0.141114
-0.00165371
0.141077
-0.000969181
0.141109
-0.000279514
0.141213
0.00041784
0.141389
0.00111859
0.00182145
0.155645
-0.00898689
-0.156675
0.154659
-0.00859742
0.15373
-0.00813179
0.15286
-0.00764988
0.15205
-0.0071527
0.151303
-0.00664131
0.150619
-0.00611652
0.150001
-0.00557901
0.149449
-0.00502946
0.148964
-0.00446861
0.148549
-0.00389724
0.148203
-0.00331615
0.147928
-0.00272618
0.147725
-0.00212816
0.147594
-0.00152298
0.147536
-0.00091158
0.147552
-0.000295337
0.147643
0.000327145
0.147808
0.000953164
0.00158108
0.16304
-0.00789336
-0.164134
0.161995
-0.00755162
0.161008
-0.00714526
0.160083
-0.00672469
0.159221
-0.00629072
0.158424
-0.00584421
0.157693
-0.00538585
0.15703
-0.00491624
0.156437
-0.00443598
0.155914
-0.00394575
0.155463
-0.00344621
0.155085
-0.00293808
0.154781
-0.00242209
0.154552
-0.00189898
0.154398
-0.00136952
0.154321
-0.000834533
0.154321
-0.000295124
0.154399
0.000249361
0.154554
0.00079731
0.00134694
0.170785
-0.00673688
-0.171942
0.169679
-0.00644569
0.168635
-0.00610103
0.167655
-0.00574428
0.16674
-0.00537609
0.165893
-0.00499711
0.165115
-0.00460793
0.164408
-0.00420907
0.163773
-0.00380106
0.163212
-0.00338445
0.162725
-0.00295984
0.162315
-0.00252784
0.161982
-0.00208905
0.161727
-0.00164413
0.161551
-0.00119373
0.161455
-0.000738542
0.16144
-0.000279462
0.161505
0.000183716
0.161652
0.000650131
0.001118
0.178908
-0.00551721
-0.180127
0.177741
-0.00527931
0.176639
-0.00499877
0.175603
-0.00470833
0.174636
-0.00440848
0.173738
-0.00409973
0.172913
-0.00378253
0.172161
-0.00345732
0.171485
-0.00312455
0.170885
-0.00278467
0.170363
-0.00243817
0.169921
-0.00208554
0.169559
-0.0017273
0.169279
-0.00136396
0.169081
-0.000996078
0.168967
-0.000624208
0.168936
-0.000249052
0.168991
0.000129331
0.16913
0.000510578
0.000893028
0.187441
-0.00423399
-0.188724
0.186213
-0.00405204
0.185053
-0.00383802
0.183961
-0.00361639
0.18294
-0.00338748
0.181992
-0.00315167
0.181118
-0.00290931
0.180322
-0.00266073
0.179603
-0.00240628
0.178965
-0.00214631
0.178408
-0.00188119
0.177934
-0.00161131
0.177544
-0.00133706
0.177239
-0.00105885
0.17702
-0.000777081
0.176888
-0.000492201
0.176843
-0.000204739
0.176887
8.51346e-05
0.177021
0.000377428
0.00067063
0.19642
-0.00288681
-0.197767
0.195131
-0.00276332
0.193911
-0.00261823
0.192763
-0.00246793
0.191688
-0.00231262
0.190689
-0.00215256
0.189767
-0.00198796
0.188926
-0.00181907
0.188166
-0.00164613
0.187489
-0.00146937
0.186897
-0.00128905
0.186391
-0.00110543
0.185972
-0.000918778
0.185643
-0.00072937
0.185403
-0.000537492
0.185255
-0.000343438
0.185197
-0.00014755
0.185233
4.99736e-05
0.185361
0.000249194
0.00044908
0.205886
-0.00147527
-0.207297
0.204535
-0.00141256
0.203255
-0.00133878
0.20205
-0.00126233
0.200921
-0.0011833
0.19987
-0.00110182
0.1989
-0.001018
0.198013
-0.00093196
0.19721
-0.000843822
0.196495
-0.000753706
0.195867
-0.000661742
0.19533
-0.000568061
0.194884
-0.000472803
0.194531
-0.000376106
0.194271
-0.000278121
0.194107
-0.000179004
0.194038
-7.89593e-05
0.194067
2.1887e-05
0.194192
0.000123968
0.000226227
0.215882
-0.217358
0.21447
0.213131
0.211869
0.210685
0.209584
0.208566
0.207634
0.20679
0.206036
0.205374
0.204806
0.204333
0.203957
0.203679
0.2035
0.203421
0.203443
0.203567
0.0503759
0.00148416
-0.00140912
0.0502188
0.00311368
-0.00295658
0.0499411
0.00543147
-0.00515371
0.0496125
0.00673313
-0.00640457
0.0491799
0.00908428
-0.00865165
0.0487235
0.0105103
-0.0100539
0.0481854
0.0131746
-0.0126365
0.0476765
0.0148387
-0.0143297
0.0471248
0.01788
-0.0173284
0.0467116
0.0196654
-0.0192522
0.0463095
0.0230628
-0.0226607
0.0462598
0.0245732
-0.0245235
0.0462496
0.0283426
-0.0283324
0.0470789
0.0286009
-0.0294302
0.0326989
-0.0343999
0.0528461
0.00155936
0.0526913
0.00326842
0.0524121
0.00571065
0.05209
0.0070553
0.0516626
0.00951162
0.0512255
0.0109474
0.0507109
0.0136892
0.0502501
0.0152995
0.0497583
0.0183718
0.0494424
0.0199813
0.0491643
0.0233409
0.0492687
0.0244688
0.0495527
0.0280586
0.0504819
0.0276717
0.0312825
0.055438
0.00163384
0.0552864
0.00342007
0.0550105
0.00598656
0.0546973
0.00736842
0.054283
0.00992601
0.0538703
0.0113601
0.0533897
0.0141697
0.0529834
0.0157058
0.0525637
0.0187915
0.0523464
0.0201987
0.0522034
0.0234839
0.0524411
0.0242311
0.0529416
0.0275581
0.0538158
0.0267975
0.0298083
0.0581573
0.00170718
0.0580108
0.00356658
0.0577409
0.00625645
0.0574414
0.00766787
0.0570454
0.0103221
0.0566646
0.0117409
0.0562261
0.0146082
0.0558827
0.0160493
0.0555444
0.0191297
0.0554265
0.0203166
0.0554219
0.0234884
0.0557629
0.0238902
0.0564202
0.0269008
0.0573063
0.0259114
0.0282898
0.06101
0.00177903
0.0608708
0.00370582
0.0606096
0.00651764
0.0603283
0.0079491
0.059956
0.0106944
0.0596138
0.012083
0.059226
0.014996
0.0589515
0.0163238
0.0587059
0.0193753
0.0586843
0.0203382
0.0588211
0.0233516
0.0592455
0.0234657
0.0600331
0.0261133
0.0609727
0.0249718
0.0267967
0.0640027
0.00184901
0.0638729
0.00383559
0.0636234
0.00676721
0.0633647
0.0082078
0.0630219
0.0110372
0.062724
0.0123809
0.0623961
0.0153239
0.0621939
0.016526
0.0620517
0.0195176
0.0621219
0.020268
0.0623987
0.0230747
0.0629015
0.022963
0.0637949
0.0252198
0.06479
0.0239767
0.0253505
0.0671424
0.00191656
0.0670242
0.00395384
0.0667898
0.00700162
0.0665573
0.00844022
0.066251
0.0113435
0.0660014
0.0126305
0.0657434
0.0155819
0.0656149
0.0166546
0.0655845
0.0195479
0.0657429
0.0201097
0.0661525
0.0226651
0.0667335
0.022382
0.067706
0.0242473
0.068745
0.0229377
0.0239439
0.0704366
0.00198078
0.0703316
0.00405885
0.0701168
0.00721643
0.0699137
0.00864336
0.0696516
0.0116056
0.0694531
0.012829
0.0692748
0.0157602
0.0692204
0.0167089
0.0693063
0.019462
0.0695514
0.0198646
0.070081
0.0221356
0.0707393
0.0217237
0.0717679
0.0232187
0.0728387
0.0218669
0.022568
0.0738933
0.00204032
0.0738027
0.00414943
0.0736129
0.00740628
0.0734413
0.00881496
0.0732319
0.011815
0.0730867
0.0129741
0.0729964
0.0158505
0.0730174
0.016688
0.073219
0.0192603
0.0735509
0.0195328
0.0741845
0.0215019
0.0749165
0.0209917
0.0759844
0.0221508
0.0770769
0.0207744
0.0212208
0.0775209
0.00209334
0.0774454
0.00422493
0.0772866
0.00756509
0.0771484
0.00895311
0.0769999
0.0119635
0.0769107
0.0130633
0.0769138
0.0158474
0.0770125
0.0165893
0.0773251
0.0189477
0.0777439
0.019114
0.0784656
0.0207802
0.0792647
0.0201926
0.0803602
0.0210553
0.0814651
0.0196695
0.0199041
0.081328
0.00213761
0.0812679
0.00428504
0.0811465
0.00768645
0.081044
0.00905567
0.0809635
0.012044
0.0809336
0.0130932
0.0810327
0.0157483
0.0812121
0.0164099
0.081628
0.0185318
0.0821327
0.0186094
0.0829281
0.0199847
0.0837858
0.0193349
0.0848999
0.0199412
0.0860086
0.0185608
0.0186207
0.0853235
0.00217066
0.085279
0.00432954
0.0852014
0.00776413
0.0851372
0.0091198
0.0851302
0.0120511
0.085164
0.0130593
0.0853588
0.0155536
0.0856218
0.0161469
0.0861322
0.0180214
0.0867195
0.0180221
0.0875764
0.0191278
0.088483
0.0184283
0.0896081
0.0188161
0.0907135
0.0174554
0.0173727
0.0895167
0.00219001
0.0894882
0.00435797
0.0894597
0.0077926
0.0894378
0.0091418
0.0895076
0.0119812
0.0896101
0.0129569
0.0898981
0.0152655
0.0902467
0.0157983
0.0908426
0.0174255
0.0915072
0.0173575
0.0924153
0.0182197
0.093361
0.0174826
0.0944904
0.0176867
0.095587
0.0163588
0.0161618
0.0939167
0.00219343
0.0939054
0.0043692
0.0939305
0.00776757
0.0939552
0.00911702
0.0941036
0.0118328
0.0942796
0.0127809
0.0946571
0.014888
0.0950916
0.0153638
0.0957645
0.0167526
0.0964997
0.0166223
0.09745
0.0172694
0.0984257
0.016507
0.0995534
0.0165589
0.100637
0.0152753
0.0149891
0.0985332
0.00217908
0.0985411
0.00436128
0.0986225
0.00768619
0.0986993
0.00904013
0.0989262
0.011606
0.09918
0.012527
0.0996425
0.0144255
0.100161
0.0148448
0.100904
0.0160105
0.101701
0.0158245
0.102686
0.0162847
0.103684
0.0155094
0.104805
0.0154378
0.105872
0.0142081
0.013855
0.103376
0.00214575
0.103406
0.00433138
0.103545
0.00754709
0.10368
0.00890548
0.103984
0.0113019
0.104319
0.0121922
0.104861
0.0138827
0.105462
0.0142447
0.106266
0.0152064
0.107118
0.0149719
0.10813
0.0152729
0.109143
0.0144966
0.110253
0.0143275
0.111302
0.0131595
0.012759
0.108456
0.00209293
0.108511
0.00427586
0.108708
0.00735026
0.108906
0.00870766
0.109285
0.0109221
0.109703
0.0117749
0.110321
0.0132641
0.110998
0.0135683
0.111857
0.0143469
0.112757
0.0140724
0.113789
0.0142403
0.114812
0.0134742
0.115908
0.013231
0.116937
0.0121309
0.0117002
0.113783
0.00202082
0.113868
0.00419051
0.114122
0.00709663
0.114387
0.00844217
0.114841
0.0104688
0.11534
0.0112756
0.11603
0.0125741
0.116777
0.0128213
0.117686
0.0134383
0.118625
0.0131333
0.119673
0.0131925
0.1207
0.012447
0.12178
0.0121506
0.122788
0.0111233
0.0106771
0.119369
0.00193018
0.119489
0.00407097
0.119798
0.00678758
0.120134
0.00810584
0.120659
0.00994356
0.121239
0.0106961
0.121996
0.011817
0.122807
0.0120097
0.123759
0.0124864
0.124732
0.0121608
0.12579
0.012134
0.126819
0.0114184
0.127882
0.0110874
0.128869
0.0101365
0.00968778
0.125227
0.00182216
0.125385
0.00391318
0.125748
0.00642453
0.126156
0.00769719
0.126751
0.00934841
0.127408
0.0100395
0.128228
0.0109969
0.129098
0.0111396
0.130088
0.0114967
0.131088
0.0111606
0.132154
0.0110685
0.133181
0.0103912
0.134226
0.0100417
0.135193
0.00917025
0.0087298
0.131369
0.00169813
0.131569
0.00371383
0.131984
0.00600858
0.132465
0.00721629
0.133129
0.00868522
0.133858
0.00930976
0.134737
0.0101183
0.13566
0.0102168
0.136683
0.0104738
0.137706
0.010137
0.138776
0.00999863
0.1398
0.00936697
0.140829
0.00901319
0.141776
0.00822319
0.00780045
0.13781
0.00155937
0.138053
0.00347066
0.138521
0.00554052
0.139073
0.00666453
0.139802
0.00795612
0.140601
0.00851102
0.141534
0.00918506
0.142505
0.00924619
0.143557
0.00942169
0.1446
0.00909368
0.145673
0.00892583
0.146694
0.00834631
0.147707
0.00800048
0.148636
0.00729354
0.00689657
0.144565
0.001407
0.144853
0.0031826
0.145373
0.00502086
0.145993
0.00604418
0.146786
0.00716349
0.147649
0.00764738
0.148633
0.00820095
0.149647
0.00823207
0.150726
0.00834322
0.151787
0.0080328
0.152862
0.00785052
0.15388
0.00732882
0.154878
0.00700154
0.155793
0.00637881
0.00601454
0.151649
0.00124183
0.151982
0.00284964
0.152552
0.00445006
0.153239
0.00535797
0.154092
0.00630983
0.155017
0.00672262
0.156049
0.00716903
0.157103
0.00717761
0.158207
0.00724006
0.159284
0.00695539
0.160363
0.00677191
0.161378
0.00631303
0.162367
0.00601341
0.16327
0.00547582
0.00515023
0.159078
0.00106441
0.159455
0.00247269
0.160077
0.00382866
0.160826
0.00460874
0.161738
0.0053975
0.162721
0.00573995
0.163798
0.00609146
0.164891
0.00608479
0.166019
0.00611256
0.167113
0.00586107
0.168197
0.00568793
0.169214
0.00529624
0.170195
0.00503218
0.17109
0.00458056
0.00429885
0.166871
0.000875036
0.16729
0.0020533
0.167961
0.00315747
0.168771
0.00379918
0.16974
0.00442854
0.170778
0.00470176
0.1719
0.0049693
0.173031
0.00495412
0.174184
0.00495952
0.175297
0.00474787
0.17639
0.00459505
0.177412
0.0042745
0.178391
0.00405281
0.179283
0.00368806
0.00345487
0.175044
0.000673848
0.175504
0.00159345
0.176224
0.00243755
0.177091
0.00293165
0.178115
0.00340437
0.179208
0.00360941
0.180375
0.00380217
0.181544
0.00378447
0.182726
0.00377797
0.183862
0.00361208
0.184969
0.0034881
0.186001
0.00324233
0.186985
0.00306892
0.187881
0.00279222
0.00261173
0.183617
0.000460871
0.184115
0.0010954
0.184882
0.00167022
0.185806
0.00200817
0.186884
0.00232559
0.188031
0.002463
0.189245
0.00258808
0.190456
0.00257281
0.191672
0.00256292
0.192836
0.00244796
0.193964
0.00236001
0.195014
0.00219249
0.19601
0.00207254
0.196917
0.00188543
0.00176153
0.192609
0.000236146
0.193142
0.000561764
0.193955
0.000857021
0.194933
0.00103036
0.196067
0.00119194
0.197269
0.00126118
0.198534
0.00132325
0.199792
0.00131396
0.201048
0.0013071
0.202249
0.00124743
0.203407
0.0012014
0.204484
0.00111561
0.205503
0.00105382
0.20643
0.000958448
0.000894297
0.20204
0.202602
0.203459
0.204489
0.205681
0.206942
0.208266
0.209579
0.210887
0.212134
0.213335
0.214451
0.215505
0.216463
0.0357634
-0.000355449
0.036064
-0.000231066
0.0362022
-0.000117465
0.0362542
-8.2409e-05
0.0361451
2.68533e-05
0.0359524
7.32855e-05
0.0355879
0.0002224
0.0351271
0.000306401
0.0344776
0.000497491
0.0337097
0.000620572
0.0327274
0.000849499
0.0316035
0.00100408
0.030225
0.00127655
0.0286993
0.00143899
0.0017813
0.035756
-0.000756154
0.0360497
-0.000524705
0.036182
-0.000249761
0.0362281
-0.000128529
0.0361144
0.000140553
0.035917
0.000270646
0.0355485
0.000590975
0.035084
0.000770818
0.0344312
0.00115033
0.0336608
0.00139099
0.0326763
0.00183401
0.0315513
0.00212908
0.0301723
0.00265551
0.0286476
0.00296368
0.00363154
0.0357413
-0.00114213
0.0360211
-0.000804507
0.0361413
-0.00036991
0.0361759
-0.000163121
0.0360523
0.000264091
0.0358453
0.000477623
0.0354685
0.000967824
0.0349964
0.00124288
0.0343368
0.00180999
0.033561
0.0021668
0.0325718
0.00282316
0.0314444
0.0032565
0.0300643
0.00403557
0.0285413
0.00448668
0.00547844
0.0357192
-0.00150604
0.0359783
-0.00106356
0.0360802
-0.0004718
0.0360974
-0.000180362
0.0359589
0.000402598
0.0357375
0.000699069
0.035348
0.00135726
0.0348644
0.00172658
0.0341943
0.00248001
0.0334102
0.00295089
0.032414
0.00381942
0.0312827
0.00438775
0.0299009
0.00541741
0.0283803
0.0060073
0.00732023
0.0356899
-0.00184058
0.0359213
-0.00129498
0.0359989
-0.000549358
0.0359929
-0.00017443
0.0358344
0.000561097
0.0355936
0.000939902
0.0351873
0.00176352
0.034688
0.00222593
0.0340041
0.0031639
0.0332088
0.00374619
0.0322029
0.00482529
0.0310664
0.00552431
0.029682
0.0068018
0.0281643
0.00752493
0.00915501
0.0356533
-0.00213851
0.0358502
-0.00149195
0.0358974
-0.000596541
0.0358626
-0.000139594
0.035679
0.000744637
0.0354139
0.00120503
0.0349866
0.00219083
0.0344675
0.002745
0.0337663
0.00386513
0.0329568
0.00455574
0.0319388
0.00584329
0.0307953
0.00666776
0.0294075
0.00818959
0.0278934
0.009039
0.0109807
0.0356094
-0.00239259
0.0357652
-0.00164769
0.035776
-0.000607379
0.0357067
-7.02343e-05
0.035493
0.000958326
0.0351987
0.00149933
0.0347461
0.00264336
0.0342033
0.00328788
0.0334812
0.00458713
0.0326544
0.00538263
0.0316217
0.00687597
0.0304697
0.00781977
0.0290776
0.00958168
0.0275676
0.010549
0.0127952
0.0355584
-0.0025957
0.0356662
-0.00175545
0.035635
-0.000576134
0.0355252
3.95518e-05
0.0352766
0.00120694
0.0349482
0.0018277
0.0344663
0.00312526
0.0338955
0.00385868
0.0331493
0.00533331
0.0323019
0.00623006
0.031252
0.00792589
0.0300897
0.00898207
0.0286923
0.0109791
0.0271868
0.0120545
0.014596
0.0355004
-0.00274077
0.0355536
-0.00180868
0.0354738
-0.000496344
0.0353191
0.000194242
0.03503
0.00149606
0.0346629
0.00219485
0.0341475
0.00364064
0.0335446
0.00446156
0.0327709
0.006107
0.0318997
0.00710134
0.03083
0.00899556
0.0296555
0.0101565
0.0282519
0.0123827
0.0267515
0.0135549
0.0163807
0.0354354
-0.00282078
0.0354276
-0.00180088
0.035294
-0.000362809
0.0350877
0.000400567
0.0347538
0.00182993
0.0343432
0.00260552
0.0337902
0.00419355
0.0331512
0.00510065
0.0323467
0.00691146
0.0314481
0.0079999
0.0303562
0.0100875
0.0291677
0.011345
0.0277567
0.0137938
0.0262619
0.0150497
0.0181467
0.0353634
-0.00282884
0.0352884
-0.00172585
0.035095
-0.000169457
0.0348319
0.000663673
0.0344484
0.00221347
0.0339895
0.00306435
0.0333951
0.00478801
0.0327156
0.0057801
0.0318772
0.00774992
0.0309478
0.00892926
0.0298313
0.0112039
0.0286267
0.0125496
0.0272074
0.0152131
0.0257187
0.0165383
0.0198913
0.0352846
-0.00275809
0.0351362
-0.00157742
0.0348773
8.93963e-05
0.0345522
0.000988746
0.0341141
0.00265156
0.0336026
0.00357587
0.0329626
0.005428
0.0322387
0.00650399
0.0313631
0.00862554
0.0303993
0.00989305
0.029256
0.0123472
0.0280332
0.0137724
0.0266046
0.0166418
0.025123
0.01802
0.0216122
0.0351992
-0.00260193
0.0349709
-0.00134912
0.0346416
0.000418685
0.034249
0.00138135
0.0337517
0.00314883
0.0331831
0.00414452
0.0324936
0.0061175
0.0317212
0.00727632
0.0308053
0.00954145
0.0298034
0.010895
0.0286313
0.0135194
0.0273879
0.0150157
0.0259493
0.0180804
0.0244758
0.0194935
0.0233068
0.0351072
-0.00235381
0.0347935
-0.00103539
0.0343875
0.000824721
0.0339228
0.00184603
0.0333617
0.00370994
0.0327316
0.00477454
0.0319887
0.00686042
0.0311641
0.00810099
0.0302047
0.0105008
0.029161
0.0119386
0.0279582
0.0147222
0.0266919
0.0162821
0.0252429
0.0195294
0.0237787
0.0209577
0.0249731
0.035009
-0.00200745
0.0346038
-0.000630191
0.0341158
0.00131271
0.0335742
0.00238765
0.0329447
0.00433938
0.0322492
0.00547006
0.031449
0.00766061
0.0305683
0.0089817
0.0295625
0.0115066
0.0284734
0.0130277
0.0272382
0.0159574
0.0259461
0.0175742
0.0244869
0.0209885
0.023034
0.0224107
0.0266096
0.0349045
-0.00155664
0.0344022
-0.000127864
0.0338272
0.00188775
0.0332038
0.00301097
0.0325018
0.00504147
0.0317368
0.00623498
0.0308757
0.00852177
0.0299355
0.00992189
0.0288801
0.012562
0.0277421
0.0141657
0.0264732
0.0172263
0.0251522
0.0188952
0.023684
0.0224568
0.0222442
0.0238504
0.0282156
0.0347939
-0.000995238
0.0341892
0.000476827
0.033522
0.00255495
0.0328125
0.0037205
0.0320336
0.00582034
0.0311956
0.007073
0.03027
0.00944743
0.0292671
0.0109248
0.0281591
0.01367
0.0269693
0.0153555
0.0256652
0.0185304
0.0243121
0.0202483
0.0228372
0.0239317
0.021413
0.0252746
0.029792
0.0346776
-0.000317466
0.033965
0.00118943
0.0332009
0.00331901
0.0324008
0.00452064
0.0315411
0.00668001
0.0306263
0.00798782
0.0296327
0.010441
0.0285642
0.0119933
0.0274008
0.0148333
0.0261569
0.0165994
0.0248165
0.0198708
0.0234288
0.021636
0.021952
0.0254085
0.0205448
0.0266818
0.0313379
0.0345556
0.000482283
0.0337301
0.00201497
0.0328649
0.0041842
0.0319703
0.00541519
0.0310266
0.00762375
0.0300321
0.00898227
0.0289682
0.011505
0.027832
0.0131294
0.0266116
0.0160538
0.0253126
0.0178983
0.023936
0.0212475
0.022513
0.023059
0.0210427
0.0268788
0.0196556
0.0280689
0.0328774
0.0344285
0.0334869
0.0325174
0.031528
0.0305001
0.0294285
0.0282969
0.0270966
0.025822
0.0244681
0.023055
0.0215905
0.0201368
0.0187755
)
;

boundaryField
{
    inlet
    {
        type            calculated;
        value           nonuniform List<scalar> 
50
(
-0.050451
-0.0529213
-0.0555125
-0.0582306
-0.0610819
-0.0640727
-0.06721
-0.0705008
-0.0739529
-0.0775739
-0.0813723
-0.0853566
-0.089536
-0.0939201
-0.0985188
-0.103343
-0.108403
-0.113711
-0.119278
-0.125119
-0.131245
-0.137671
-0.144412
-0.151483
-0.158901
-0.166681
-0.174843
-0.183404
-0.192384
-0.201804
-0.0353553
-0.0353553
-0.0353553
-0.0353553
-0.0353553
-0.0353553
-0.0353553
-0.0353553
-0.0353553
-0.0353553
-0.0353553
-0.0353553
-0.0353553
-0.0353553
-0.0353553
-0.0353553
-0.0353553
-0.0353553
-0.0353553
-0.0353553
)
;
    }
    outlet
    {
        type            calculated;
        value           nonuniform 0();
    }
    cylinder
    {
        type            calculated;
        value           uniform 0;
    }
    top
    {
        type            symmetryPlane;
        value           uniform 0;
    }
    bottom
    {
        type            symmetryPlane;
        value           nonuniform 0();
    }
    defaultFaces
    {
        type            empty;
        value           nonuniform 0();
    }
    procBoundary2to0
    {
        type            processor;
        value           nonuniform List<scalar> 
26
(
-0.000976069
-0.0020004
-0.00248269
0.00541647
-2.72093e-06
3.68213e-06
1.02813e-05
1.78548e-05
2.64462e-05
3.60585e-05
4.67187e-05
-5.2634e-05
-6.94774e-05
-2.08122e-05
3.04985e-05
8.21597e-05
0.000119467
0.000142114
0.000154368
0.000152037
0.000147321
0.000132783
0.000119872
0.000101925
8.66964e-05
7.06836e-05
)
;
    }
    procBoundary2to3
    {
        type            processor;
        value           nonuniform List<scalar> 
50
(
-0.000773143
5.72821e-05
-0.000890265
0.000460881
0.000564633
0.00220665
0.0019187
0.00871382
0.00467451
0.0201525
0.0313552
0.0134434
0.0479847
0.0181559
0.0627481
0.0211587
0.0740673
0.0813091
0.0240221
0.0620925
0.0647243
0.0673505
0.0700118
0.0727588
0.0756276
0.0786427
0.0818149
0.0851461
0.0886388
0.0922985
0.0961324
0.100148
0.104354
0.10876
-0.013957
0.114168
0.119019
0.124105
0.129438
0.135035
0.14091
0.147083
0.153574
0.160408
0.16761
0.175213
0.183252
0.191769
0.200813
0.210437
)
;
    }
}


// ************************************************************************* //
