/*--------------------------------*- C++ -*----------------------------------*\
  =========                 |
  \\      /  F ield         | OpenFOAM: The Open Source CFD Toolbox
   \\    /   O peration     | Website:  https://openfoam.org
    \\  /    A nd           | Version:  7
     \\/     M anipulation  |
\*---------------------------------------------------------------------------*/
FoamFile
{
    version     2.0;
    format      ascii;
    class       surfaceScalarField;
    location    "70";
    object      phi;
}
// * * * * * * * * * * * * * * * * * * * * * * * * * * * * * * * * * * * * * //

dimensions      [0 3 -1 0 0 0 0];

internalField   nonuniform List<scalar> 
4136
(
-0.000948717
4.16054e-06
-0.00291053
8.34613e-06
1.00678e-05
-0.000948726
0.000952887
-0.00291055
0.00197017
-0.00536051
0.00246002
-0.00802113
0.00267114
-0.0107992
0.0027886
-0.0136874
0.00289855
-0.0167009
0.00302368
-0.019858
0.00316698
-0.0231758
0.00332745
0.00350469
-0.0266713
-0.000944302
0.00189719
-0.00289963
0.0039255
-0.0053435
0.0049039
-0.00799878
0.00532641
-0.0107719
0.00556167
-0.013655
0.00578173
-0.0166635
0.0060321
-0.0198153
0.00631883
-0.0231278
0.00663996
0.00699457
-0.0266177
-0.000935454
0.00283264
-0.00287777
0.00586781
-0.00530946
0.00733558
-0.00795402
0.00797098
-0.010717
0.00832468
-0.0135902
0.00865488
-0.0165884
0.00903032
-0.0197298
0.00946025
-0.0230317
0.00994184
0.0104734
-0.0265105
-0.000922201
0.00375484
-0.00284499
0.0077906
-0.00525837
0.00974897
-0.00788686
0.0105995
-0.0106348
0.0110726
-0.0134929
0.011513
-0.0164758
0.0120132
-0.0196015
0.012586
-0.0228874
0.0132277
0.0139355
-0.0263495
-0.00090457
0.00465941
-0.00280131
0.00968734
-0.00519026
0.0121379
-0.00779729
0.0132065
-0.0105251
0.0138004
-0.0133631
0.014351
-0.0163257
0.0149758
-0.0194305
0.0156909
-0.0226951
0.0164923
0.0173753
-0.0261349
-0.000882599
0.00554201
-0.00274677
0.0115515
-0.00510514
0.0144963
-0.00768532
0.0157867
-0.010388
0.016503
-0.013201
0.0171641
-0.0161381
0.0179128
-0.0192169
0.0187697
-0.0224548
0.0197302
0.0207872
-0.0258667
-0.000856338
0.00639835
-0.00268143
0.0133766
-0.00500302
0.0168179
-0.00755095
0.0183346
-0.0102234
0.0191755
-0.0130065
0.0199472
-0.0159131
0.0208194
-0.0189607
0.0218173
-0.0221667
0.0229361
0.0241656
-0.0255451
-0.000825847
0.0072242
-0.00260534
0.0151561
-0.00488395
0.0190965
-0.00739421
0.0208449
-0.0100316
0.0218129
-0.0127798
0.0226954
-0.0156509
0.0236906
-0.0186622
0.0248286
-0.0218308
0.0261048
0.0275049
-0.0251702
-0.000791199
0.0080154
-0.00251858
0.0168835
-0.00474795
0.0213258
-0.00721509
0.023312
-0.00981234
0.0244101
-0.0125208
0.0254038
-0.0153515
0.0265213
-0.0183214
0.0277985
-0.0214476
0.0292311
0.0307997
-0.0247424
-0.00075248
0.00876788
-0.00242124
0.0185522
-0.00459507
0.0234997
-0.00701362
0.0257306
-0.00956581
0.0269623
-0.0122297
0.0280677
-0.0150151
0.0293067
-0.0179386
0.030722
-0.0210173
0.0323098
0.0340446
-0.0242623
-0.000709795
0.00947767
-0.00231343
0.0201559
-0.00442536
0.0256116
-0.00678983
0.028095
-0.00929202
0.0294645
-0.0119065
0.0306821
-0.0146418
0.0320421
-0.0175142
0.0335943
-0.0205404
0.035336
0.0372347
-0.0237304
-0.000663263
0.0101409
-0.00219529
0.0216879
-0.00423891
0.0276552
-0.00654374
0.0303999
-0.00899102
0.0319118
-0.0115514
0.0332425
-0.0142319
0.0347226
-0.0170482
0.0364106
-0.0200173
0.0383051
0.0403651
-0.0231477
-0.000613025
0.010754
-0.00206698
0.0231418
-0.00403581
0.0296241
-0.00627541
0.0326395
-0.00866286
0.0342992
-0.0111645
0.0357442
-0.0137854
0.0373435
-0.016541
0.0391662
-0.0194485
0.0412127
0.0434317
-0.0225152
-0.000559241
0.0113132
-0.0019287
0.0245113
-0.00381617
0.0315115
-0.00598488
0.0348082
-0.00830762
0.036622
-0.0107459
0.0381825
-0.0133027
0.0399002
-0.0159928
0.0418562
-0.0188346
0.0440545
0.0464311
-0.021834
-0.000502099
0.0118153
-0.0017807
0.0257899
-0.00358016
0.033311
-0.00567223
0.0369002
-0.00792537
0.0388751
-0.0102958
0.0405529
-0.0127837
0.0423882
-0.0154035
0.044476
-0.0181756
0.0468266
0.0493611
-0.0211056
-0.000441809
0.0122571
-0.00162324
0.0269713
-0.00332796
0.0350157
-0.00533757
0.0389099
-0.00751619
0.0410537
-0.00981428
0.042851
-0.012229
0.0448029
-0.0147732
0.0470203
-0.0174716
0.0495249
0.0522214
-0.0203319
-0.000378612
0.0126357
-0.00145667
0.0280494
-0.00305981
0.0366189
-0.00498103
0.0408311
-0.00708017
0.0431529
-0.00930154
0.0450723
-0.0116387
0.04714
-0.0141015
0.0494831
-0.0167202
0.0521435
0.0550158
-0.0195146
-0.000312778
0.0129485
-0.00128139
0.029018
-0.00277601
0.0381135
-0.00460278
0.0426578
-0.0066175
0.0451676
-0.00875784
0.0472127
-0.011014
0.0493962
-0.0133905
0.0518597
-0.0159208
0.0546739
0.0577548
-0.0186598
-0.000244619
0.0131931
-0.00109788
0.0298713
-0.00247688
0.0394925
-0.00420306
0.044384
-0.00612831
0.0470928
-0.00818291
0.0492673
-0.0103539
0.0515671
-0.0126373
0.0541431
-0.0150504
0.0570869
0.0604644
-0.01776
-0.000174515
0.0133676
-0.000906635
0.0306034
-0.00216283
0.0407487
-0.00378217
0.0460034
-0.00561301
0.0489237
-0.00757755
0.0512318
-0.00966132
0.0536509
-0.0118653
0.0563471
-0.0141548
0.0593765
0.0631889
-0.0168793
-0.000103068
0.0134707
-0.000708145
0.0312085
-0.00183433
0.0418749
-0.00334049
0.0475095
-0.00507191
0.0506551
-0.00694189
0.0531018
-0.00893006
0.0556391
-0.0110483
0.0584654
-0.0133068
0.061635
0.0654148
-0.0155327
-3.21216e-05
0.0135028
-0.000502501
0.0316788
-0.00149199
0.0428643
-0.00287848
0.048896
-0.00450523
0.0522818
-0.00627653
0.0548731
-0.00816333
0.0575259
-0.0101735
0.0604756
-0.0123102
0.0637717
0.0676768
-0.0145723
4.33321e-05
0.0134595
-0.000288477
0.0320107
-0.00113674
0.0437126
-0.00239672
0.050156
-0.00391347
0.0537986
-0.00558249
0.0565421
-0.00736593
0.0593093
-0.00926919
0.0623788
-0.0113111
0.0658136
0.0698365
-0.0134708
0.000119133
0.0133404
-5.74072e-05
0.0321872
-0.000770271
0.0444255
-0.00189562
0.0512813
-0.00329737
0.0552003
-0.00486081
0.0581055
-0.00653986
0.0609884
-0.00833675
0.0641757
-0.0102705
0.0677474
0.0718788
-0.0123129
0.000189721
0.0131506
0.000149792
0.0322271
-0.000394595
0.0449699
-0.00137578
0.0522625
-0.00265808
0.0564827
-0.00411208
0.0595595
-0.00568452
0.0625608
-0.00737293
0.0658641
-0.00919367
0.0695681
0.0738042
-0.0111191
0.000258056
0.0128926
0.000363565
0.0321216
1.41637e-05
0.0453193
-0.00083926
0.0531159
-0.00199635
0.0576397
-0.00333658
0.0608998
-0.00479958
0.0640238
-0.00637669
0.0674412
-0.00808159
0.071273
0.0756152
-0.0098925
0.000325392
0.0125672
0.000579399
0.0318676
0.000383925
0.0455147
-0.000292404
0.0537923
-0.00131284
0.0586602
-0.00253498
0.0621219
-0.00388549
0.0653743
-0.00534852
0.0689042
-0.00693418
0.0728587
0.0773065
-0.00862558
0.000390118
0.0121771
0.000795402
0.0314623
0.000780796
0.0455293
0.000270845
0.0543022
-0.000609329
0.0595404
-0.00170819
0.0632208
-0.00294301
0.0666092
-0.00428919
0.0702504
-0.00575273
0.0743222
0.0788719
-0.00731812
0.000451432
0.0117256
0.00100962
0.0309041
0.0011818
0.0453572
0.000845321
0.0546387
0.000113258
0.0602724
-0.000857066
0.0641911
-0.00197289
0.067725
-0.00319931
0.0714768
-0.00453868
0.0756616
0.0803071
-0.00597389
0.000508413
0.0112172
0.00121901
0.0301935
0.00158355
0.0449926
0.00143128
0.054791
0.000854691
0.060849
9.21482e-06
0.0650366
-0.000976443
0.0687106
-0.00207987
0.0725803
-0.00329332
0.076875
0.0816099
-0.00459607
0.000560072
0.0106572
0.00142069
0.0293329
0.00198314
0.0444302
0.00202441
0.0547497
0.00161361
0.0612598
0.000913375
0.0657368
3.81834e-05
0.0695858
-0.00093312
0.0735516
-0.00201706
0.077959
0.08278
-0.00318719
0.000605506
0.0100516
0.00161188
0.0283265
0.0023768
0.0436653
0.00262136
0.0545051
0.00238567
0.0614955
0.00183144
0.066291
0.00109492
0.0703224
0.000237208
0.0744093
-0.000704804
0.078901
0.0838292
-0.00175395
0.000643914
0.00940773
0.00178969
0.0271808
0.00276016
0.0426948
0.00321796
0.0540473
0.00316806
0.0615454
0.00276805
0.0666911
0.002166
0.0709244
0.0014446
0.0751307
0.000627921
0.0797177
0.0847747
-0.000317586
0.000674593
0.00873314
0.00195112
0.0259042
0.00312839
0.0415175
0.00380927
0.0533665
0.00395704
0.0613976
0.00372032
0.0669278
0.00325834
0.0713864
0.00266803
0.075721
0.00198499
0.0804007
0.0855423
0.00121733
0.000696971
0.00803617
0.00209295
0.0245082
0.00347615
0.0401343
0.00438954
0.0524531
0.00474788
0.0610393
0.00468497
0.0669907
0.00436972
0.0717016
0.00391511
0.0761756
0.0033728
0.080943
0.0861571
0.00275807
0.000710652
0.00732552
0.00221209
0.0230068
0.00379766
0.0385488
0.0049521
0.0512986
0.00553483
0.0604566
0.00565799
0.0668675
0.00549733
0.0718623
0.00518292
0.07649
0.00477986
0.0813461
0.0866276
0.00430935
0.000715455
0.00661006
0.00230579
0.0214165
0.00408674
0.0367678
0.00548925
0.0498961
0.00631093
0.0596349
0.00663423
0.0665442
0.00663741
0.0718591
0.00646741
0.07666
0.00620387
0.0816096
0.0869556
0.00587585
0.000711404
0.00589866
0.00237163
0.0197563
0.00433689
0.0348025
0.00599228
0.0482407
0.00706783
0.0585593
0.00760726
0.0660048
0.0077855
0.0716809
0.0077653
0.0766802
0.00764316
0.0817317
0.0871414
0.00745739
0.000698749
0.00519991
0.0024077
0.0180473
0.00454156
0.0326687
0.00645149
0.0463308
0.00779568
0.0572152
0.00856921
0.0652312
0.00893628
0.0713138
0.00907333
0.0765432
0.00909567
0.0817094
0.0871844
0.00905264
0.000677969
0.00452194
0.00241283
0.0163125
0.0046944
0.0303871
0.00685628
0.0441689
0.00848296
0.0555885
0.00951045
0.0642038
0.0100831
0.0707411
0.0103874
0.0762389
0.0105587
0.0815381
0.0870833
0.0106597
0.000649769
0.00387217
0.00238673
0.0145755
0.00478975
0.0279841
0.00719545
0.0417632
0.00911646
0.0536675
0.0104193
0.0629009
0.0112176
0.0699428
0.0117021
0.0757543
0.0120287
0.0812116
0.0868358
0.0122762
0.000615059
0.00325711
0.00233016
0.0128604
0.00482307
0.0254912
0.00745758
0.0391287
0.00968127
0.0514438
0.0112816
0.0613006
0.012329
0.0688955
0.0130106
0.0750727
0.0135014
0.0807208
0.086438
0.0138993
0.000574924
0.00268219
0.00224499
0.0111903
0.00479155
0.0229446
0.00763164
0.0362886
0.010161
0.0489144
0.0120807
0.0593809
0.0134039
0.0675723
0.0143037
0.0741729
0.014971
0.0800534
0.0858839
0.0155251
0.000530572
0.00215162
0.00213412
0.00958678
0.00469463
0.0203841
0.00770778
0.0332755
0.0105382
0.046084
0.0127971
0.057122
0.0144256
0.0659438
0.0155697
0.0730288
0.0164303
0.0791929
0.0851655
0.0171488
0.000483279
0.00166834
0.00200142
0.00806864
0.00453445
0.0178511
0.00767846
0.0301315
0.0107952
0.0429672
0.0134086
0.0545085
0.0153738
0.0639786
0.0167935
0.0716092
0.0178694
0.078117
0.0842707
0.0187641
0.000434329
0.00123401
0.00185146
0.00665151
0.00431605
0.0153865
0.0075396
0.0269079
0.0109152
0.0395917
0.013891
0.0515327
0.0162239
0.0616456
0.0179553
0.0698778
0.0192751
0.0767972
0.0831826
0.0203631
0.000384956
0.000849052
0.00168922
0.00534725
0.00404729
0.0130284
0.00729179
0.0236634
0.0108839
0.0359996
0.0142183
0.0481983
0.0169472
0.0589168
0.0190307
0.0677943
0.0206299
0.0751979
0.0818775
0.0219351
0.000336288
0.000512763
0.00151981
0.00416372
0.00373829
0.0108099
0.00694128
0.0204604
0.0106917
0.0322491
0.0143654
0.0445246
0.017511
0.0557712
0.0199889
0.0653164
0.0219108
0.073276
0.0234652
0.000289315
0.000223448
0.00134815
0.00310489
0.00340077
0.00875729
0.00650026
0.0173609
0.0103361
0.0284132
0.0143093
0.0405514
0.0178799
0.0522007
0.0207931
0.0624032
0.000244857
-2.14089e-05
0.00117872
0.00217103
0.003047
0.00688901
0.00598631
0.0144216
0.00982365
0.0245759
0.0140335
0.0363416
0.0180179
0.0482163
0.000203567
-0.000224976
0.0010154
0.0013592
0.00268888
0.00521553
0.00542099
0.0116895
0.00917128
0.0208256
0.0135311
0.000165914
-0.00039089
0.000861394
0.000663716
0.00233717
0.00373975
0.00482767
0.00919902
0.000132222
-0.000523112
0.000719143
7.67949e-05
0.00200092
0.00245798
0.000102666
-0.000625778
0.000590373
-0.000410912
7.72828e-05
-0.000703061
-0.000809724
5.59765e-05
-0.000759037
0.0344256
-0.000473168
0.00140292
0.0334746
-0.00209924
0.00305018
0.0324909
-0.00437922
0.00536298
0.0314827
-0.00574067
0.00674882
0.0304325
-0.00803759
0.00908779
0.0293361
-0.00948533
0.0105818
0.0281775
-0.0120404
0.013199
0.0269488
-0.0137088
0.0149374
0.0256444
-0.0166167
0.0179211
0.0242597
-0.0184743
0.019859
0.0228148
-0.0217692
0.023214
0.0213169
-0.0235778
0.0250758
0.0198302
-0.0273092
0.0287959
0.0184255
-0.0284932
0.0298979
-0.0331818
0.0347279
0.0345527
0.000329435
0.033718
-0.00126452
0.0328388
-0.00350002
0.0319258
-0.00482765
0.0309601
-0.00707195
0.0299413
-0.00846647
0.0288509
-0.01095
0.027687
-0.0125448
0.0264377
-0.0153675
0.0251089
-0.0171455
0.0237023
-0.0203626
0.0222474
-0.0221229
0.0207479
-0.0258096
0.0193229
-0.0270682
-0.0316188
0.0346748
0.00100996
0.0339532
-0.000542919
0.0331755
-0.00272228
0.0323573
-0.00400944
0.0314763
-0.00619094
0.0305376
-0.00752782
0.0295184
-0.0099308
0.0284228
-0.0114493
0.0272318
-0.0141764
0.0259591
-0.0158728
0.0245907
-0.0189942
0.0231725
-0.0207048
0.0216694
-0.0243065
0.020229
-0.0256278
-0.0300497
0.0347912
0.00157406
0.0341778
7.05255e-05
0.0334972
-0.00204172
0.03277
-0.00328224
0.0319704
-0.00539132
0.0311091
-0.00666653
0.0301586
-0.0089803
0.0291294
-0.0104201
0.0279949
-0.0130419
0.0267773
-0.0146552
0.0254468
-0.0176636
0.0240648
-0.0193228
0.0225658
-0.0228075
0.0211122
-0.0241742
-0.0284521
0.034902
0.0020274
0.034391
0.000581564
0.033803
-0.00145376
0.0331624
-0.00264163
0.0324401
-0.00466905
0.0316525
-0.00587889
0.0307673
-0.00809507
0.0298015
-0.0094543
0.0287206
-0.011961
0.0275557
-0.0134904
0.0262619
-0.0163698
0.0249136
-0.0179745
0.023423
-0.0213169
0.0219572
-0.0227084
-0.0268268
0.0350065
0.00237624
0.0345928
0.000995283
0.0340922
-0.000953197
0.0335337
-0.00208313
0.0328847
-0.00402002
0.032167
-0.00516121
0.0313435
-0.00727158
0.0304379
-0.00854871
0.0294076
-0.0109307
0.0282926
-0.0123753
0.0270339
-0.0151111
0.025716
-0.0166566
0.0242359
-0.0198368
0.0227596
-0.0212322
-0.0251727
0.0351048
0.00262677
0.0347827
0.00131739
0.0343644
-0.000534912
0.0338833
-0.00160202
0.0333032
-0.00343989
0.0326515
-0.00450955
0.031886
-0.00650612
0.0310372
-0.00769983
0.0300543
-0.00994781
0.0289856
-0.0113066
0.0277604
-0.0138859
0.0264698
-0.015366
0.0250012
-0.0183682
0.0235161
-0.0197471
-0.0234905
0.0351968
0.0027853
0.0349604
0.00155376
0.0346191
-0.000193578
0.0342105
-0.00119338
0.0336947
-0.00292415
0.033105
-0.0039198
0.0323937
-0.00579479
0.0315978
-0.00690394
0.0306592
-0.00900924
0.0296332
-0.0102806
0.0284397
-0.0126924
0.0271736
-0.0140999
0.0257165
-0.0169111
0.024224
-0.0182546
-0.0217817
0.0352823
0.00285832
0.0351257
0.00171039
0.0348557
7.64336e-05
0.0345146
-0.000852328
0.0340586
-0.00246817
0.0335265
-0.00338766
0.0328654
-0.00513365
0.0321186
-0.00615715
0.0312211
-0.00811178
0.0302341
-0.00929358
0.0290704
-0.0115287
0.0278261
-0.0128556
0.0263801
-0.0154651
0.0248813
-0.0167558
-0.0200482
0.0353612
0.00285249
0.0352784
0.0017932
0.0350736
0.000281175
0.0347952
-0.000573935
0.0343943
-0.00206721
0.0339153
-0.00290872
0.0333004
-0.0045187
0.0325987
-0.00545542
0.0317391
-0.00725224
0.0307874
-0.00834186
0.0296513
-0.0103926
0.0284265
-0.0116308
0.0269908
-0.0140293
0.0254864
-0.0152515
-0.0182922
0.0354332
0.0027746
0.0354177
0.00180874
0.0352732
0.00042571
0.0350518
-0.000352547
0.0347011
-0.00171652
0.0342708
-0.00247841
0.033698
-0.00394592
0.0330372
-0.00479466
0.0322124
-0.00642737
0.0312923
-0.00742176
0.0301815
-0.00928184
0.0289739
-0.0104232
0.0275475
-0.0126029
0.0260383
-0.0137423
-0.0165162
0.0354984
0.00263158
0.0355438
0.00176325
0.0354536
0.000515905
0.0352839
-0.000182821
0.0349786
-0.00141119
0.0345923
-0.00209208
0.0340576
-0.00341124
0.0334336
-0.00417071
0.0326402
-0.00563391
0.0317481
-0.00652972
0.0306603
-0.00819402
0.0294678
-0.00923065
0.0280496
-0.0111847
0.026536
-0.0122287
-0.0147226
0.0355565
0.00243046
0.0356566
0.00166315
0.0356148
0.000557647
0.0354912
-5.92374e-05
0.0352263
-0.00114629
0.0348793
-0.001745
0.0343786
-0.00291058
0.0337873
-0.0035794
0.0330219
-0.00486853
0.0321545
-0.00566227
0.031087
-0.0071266
0.0299075
-0.00805116
0.0284964
-0.00977361
0.0269789
-0.0107111
-0.0129139
0.0356075
0.00217832
0.0357556
0.00151498
0.0357565
0.000556836
0.0356733
2.3964e-05
0.035444
-0.000916988
0.0351313
-0.00143237
0.0346605
-0.0024398
0.0340977
-0.00301655
0.033357
-0.00412786
0.0325108
-0.00481604
0.0314612
-0.00607699
0.0302928
-0.00688278
0.0288877
-0.00836852
0.0273665
-0.0091899
-0.0110925
0.0356513
0.00188232
0.0358409
0.00132544
0.0358784
0.000519278
0.0358296
7.27621e-05
0.0356311
-0.000718442
0.0353481
-0.00114932
0.034903
-0.00199474
0.0343645
-0.00247803
0.0336451
-0.00340845
0.0328168
-0.00398778
0.0317824
-0.00504259
0.0306233
-0.00572368
0.0292232
-0.00696838
0.0276987
-0.00766544
-0.00926051
0.035688
0.00154966
0.0359121
0.00110128
0.0359801
0.000451286
0.0359606
9.22528e-05
0.0357875
-0.000545277
0.0355292
-0.00089099
0.0351056
-0.00157119
0.0345873
-0.0019597
0.0338856
-0.00270682
0.0330722
-0.00317433
0.0320504
-0.0040208
0.0308988
-0.00457212
0.0295027
-0.00557221
0.0279753
-0.00613813
-0.0074201
0.0357174
0.00118763
0.0359693
0.000849395
0.0360618
0.000358779
0.0360656
8.83759e-05
0.0359129
-0.000392537
0.0356743
-0.000652433
0.035268
-0.00116488
0.0347658
-0.00145747
0.0340785
-0.00201947
0.0332767
-0.0023726
0.032265
-0.00300904
0.0311193
-0.00342642
0.0297262
-0.00417908
0.0281964
-0.00460842
-0.0055732
0.0357394
0.00080353
0.0360122
0.000576665
0.0361231
0.000247847
0.0361446
6.69074e-05
0.0360071
-0.000255103
0.0357834
-0.000428712
0.0353901
-0.000771545
0.0348999
-0.000967276
0.0342233
-0.00134284
0.0334303
-0.00157961
0.032426
-0.00200478
0.0312846
-0.00228504
0.0298937
-0.00278813
0.0283621
-0.00307684
-0.00372159
0.0357542
0.000404698
0.0360408
0.000290021
0.036164
0.000124614
0.0361973
3.36902e-05
0.03607
-0.000127877
0.0358562
-0.00021488
0.0354715
-0.000386877
0.0349893
-0.000485083
0.0343199
-0.000673374
0.0335327
-0.000792384
0.0325334
-0.00100548
0.0313948
-0.00114646
0.0300053
-0.00139861
0.0284724
-0.00154396
-0.00186691
0.0357615
0.0360551
0.0361845
0.0362236
0.0361015
0.0358926
0.0355123
0.0350341
0.0343682
0.0335838
0.032587
0.0314498
0.030061
0.0285274
0.202055
-0.000251384
0.202657
-0.000602043
0.203583
-0.000925514
0.204701
-0.00111851
0.206002
-0.00130056
0.207384
-0.00138224
0.208842
-0.00145756
0.210296
-0.00145431
0.211751
-0.00145459
0.213146
-0.00139557
0.214498
-0.00135195
0.215761
-0.00126259
0.216961
-0.00119993
0.218058
-0.00109789
-0.00103076
0.219089
0.192623
-0.000490216
0.193194
-0.00117345
0.194071
-0.00180265
0.195131
-0.00217861
0.196366
-0.00253562
0.197682
-0.00269731
0.199072
-0.0028481
0.200462
-0.0028447
0.201857
-0.00284881
0.203196
-0.00273535
0.204497
-0.00265228
0.205712
-0.00247807
0.206869
-0.00235663
0.207928
-0.00215678
-0.00202738
0.208924
0.183629
-0.000715747
0.184162
-0.00170579
0.184987
-0.00262822
0.185986
-0.00317734
0.187158
-0.00370741
0.188408
-0.00394781
0.189738
-0.00417805
0.191071
-0.00417787
0.192415
-0.00419209
0.193708
-0.00402876
0.194968
-0.00391237
0.196147
-0.00365729
0.197273
-0.0034822
0.198303
-0.00318735
-0.00299938
0.199275
0.175055
-0.000927718
0.175545
-0.00219606
0.176317
-0.00340001
0.177252
-0.00411243
0.17836
-0.00481536
0.179546
-0.00513426
0.180818
-0.00545032
0.182099
-0.00545812
0.183397
-0.00549082
0.184652
-0.00528309
0.18588
-0.00514082
0.187032
-0.00480899
0.188136
-0.0045859
0.189147
-0.00419842
-0.00395627
0.190104
0.166879
-0.00112597
0.167325
-0.00264183
0.168042
-0.0041164
0.168911
-0.00498147
0.169954
-0.0058584
0.171076
-0.00625608
0.172292
-0.00666632
0.173521
-0.00668793
0.17478
-0.00674937
0.176
-0.00650351
0.177204
-0.00634415
0.178335
-0.0059399
0.179424
-0.00567521
0.180423
-0.00519716
-0.00490563
0.181372
0.159085
-0.0013103
0.159484
-0.00304114
0.160144
-0.00477623
0.160945
-0.00578197
0.161921
-0.00683496
0.162977
-0.00731176
0.164137
-0.00782618
0.165317
-0.00786814
0.166538
-0.00797036
0.167728
-0.00769338
0.168911
-0.0075271
0.170026
-0.00705511
0.171107
-0.0067561
0.172099
-0.00618935
-0.0058536
0.173047
0.151654
-0.00148044
0.152005
-0.00339257
0.152608
-0.00537882
0.153337
-0.00651137
0.154245
-0.00774313
0.155232
-0.00829898
0.156335
-0.00892882
0.157465
-0.00899818
0.15865
-0.00915483
0.159811
-0.00885447
0.160977
-0.00869292
0.16208
-0.00815832
0.163157
-0.00783325
0.164147
-0.00717964
-0.00680538
0.165099
0.144568
-0.00163592
0.144871
-0.00369545
0.145416
-0.00592382
0.146072
-0.00716718
0.146909
-0.00858077
0.147825
-0.00921483
0.148869
-0.00997227
0.149947
-0.0100763
0.151094
-0.0103024
0.152227
-0.00998714
0.153377
-0.00984351
0.154471
-0.00925202
0.155548
-0.00891029
0.15654
-0.00817179
-0.00776541
0.1575
0.137812
-0.00177603
0.138066
-0.00395002
0.138553
-0.0064111
0.139133
-0.00774717
0.139898
-0.00934582
0.14074
-0.010056
0.141721
-0.0109538
0.142744
-0.0110995
0.143854
-0.0114117
0.144957
-0.0110905
0.146093
-0.0109796
0.147179
-0.0103376
0.148258
-0.00998995
0.149255
-0.00916877
-0.00873747
0.150227
0.131369
-0.00189985
0.131577
-0.00415768
0.132006
-0.00684054
0.132509
-0.00824963
0.133199
-0.0100364
0.133962
-0.0108189
0.134878
-0.0118702
0.135843
-0.0120641
0.136911
-0.01248
0.137983
-0.0121626
0.139105
-0.0121009
0.140183
-0.0114156
0.141267
-0.0110742
0.142271
-0.0101729
-0.0097249
0.143259
0.125225
-0.00200628
0.125389
-0.00432095
0.12576
-0.00721184
0.126184
-0.00867381
0.126799
-0.0106511
0.12748
-0.0115001
0.128328
-0.0127181
0.129229
-0.0129657
0.130253
-0.0135039
0.131291
-0.0132002
0.132396
-0.0132061
0.133466
-0.0124854
0.134556
-0.0121642
0.135569
-0.011186
-0.0107306
0.136575
0.119366
-0.0020942
0.119489
-0.00444342
0.119801
-0.00752442
0.120148
-0.00902025
0.120685
-0.0111886
0.121282
-0.0120964
0.122057
-0.0134938
0.122891
-0.0137993
0.123866
-0.0144793
0.124866
-0.0141995
0.125952
-0.0142929
0.127013
-0.0135457
0.128109
-0.0132605
0.129132
-0.0122091
-0.0117572
0.130159
0.113779
-0.00216268
0.113865
-0.00452938
0.114118
-0.00777743
0.114389
-0.00929109
0.114848
-0.0116477
0.115357
-0.0126057
0.116057
-0.0141939
0.116818
-0.0145597
0.11774
-0.0154014
0.118696
-0.0151555
0.119761
-0.0153582
0.12081
-0.0145942
0.121912
-0.0143629
0.122946
-0.013243
-0.0128068
0.123996
0.108451
-0.00221118
0.108505
-0.00458339
0.108698
-0.00797007
0.108897
-0.00949004
0.109277
-0.0120274
0.109698
-0.0130266
0.110319
-0.014815
0.111
-0.0152415
0.111864
-0.0162652
0.112771
-0.0160625
0.113811
-0.0163978
0.114844
-0.0156279
0.115952
-0.0154705
0.116997
-0.0142877
-0.0138816
0.118072
0.103371
-0.00223974
0.103398
-0.00460985
0.10353
-0.00810204
0.103662
-0.00962214
0.103961
-0.0123265
0.104294
-0.0133598
0.104832
-0.0153534
0.105431
-0.01584
0.106231
-0.0170651
0.107083
-0.0169143
0.108092
-0.0174069
0.109106
-0.0166425
0.110217
-0.0165816
0.111273
-0.0153428
-0.014983
0.112374
0.0985281
-0.00224906
0.0985309
-0.00461259
0.0986027
-0.00817392
0.0986738
-0.00969325
0.0988913
-0.0125439
0.0991388
-0.0136074
0.099591
-0.0158055
0.100102
-0.0163513
0.100833
-0.0177954
0.101622
-0.0177037
0.102595
-0.0183798
0.103586
-0.0176333
0.104698
-0.0176935
0.105762
-0.0164072
-0.0161124
0.106891
0.0939115
-0.0022405
0.0938935
-0.00459461
0.0939072
-0.00818762
0.0939234
-0.00970942
0.0940588
-0.0126793
0.0942246
-0.0137731
0.0945866
-0.0161676
0.0950083
-0.0167729
0.0956628
-0.0184499
0.0963828
-0.0184238
0.0973133
-0.0193103
0.0982741
-0.0185941
0.0993834
-0.0188029
0.100455
-0.017479
-0.0172704
0.101613
0.0895115
-0.00221601
0.0894749
-0.00455804
0.0894338
-0.00814647
0.0894007
-0.00967635
0.0894548
-0.0127334
0.0895436
-0.013862
0.0898121
-0.016436
0.0901433
-0.0171041
0.0907151
-0.0190217
0.0913589
-0.0190676
0.0922399
-0.0201914
0.0931636
-0.0195177
0.0942659
-0.0199052
0.0953425
-0.0185556
-0.0184572
0.0965294
0.0853185
-0.00217791
0.0852647
-0.00450421
0.0851734
-0.00805517
0.085096
-0.00959903
0.085071
-0.0127084
0.0850884
-0.0138793
0.0852602
-0.0166078
0.0855022
-0.0173461
0.0859838
-0.0195034
0.0865454
-0.0196291
0.0873689
-0.0210149
0.0882471
-0.0203959
0.0893374
-0.0209955
0.0904153
-0.0196335
-0.0196724
0.0916305
0.0813231
-0.00212872
0.0812527
-0.00443379
0.0811171
-0.00791957
0.0809995
-0.00948148
0.0808995
-0.0126084
0.0808508
-0.0138306
0.0809244
-0.0166815
0.0810797
-0.0175014
0.0814632
-0.0198869
0.081938
-0.020104
0.0826949
-0.0217717
0.0835187
-0.0212197
0.0845911
-0.0220679
0.0856654
-0.0207078
-0.020915
0.0869079
0.0775161
-0.00207095
0.0774296
-0.00434721
0.0772561
-0.00774615
0.0771015
-0.00932684
0.0769325
-0.0124394
0.0768223
-0.0137204
0.0767983
-0.0166574
0.0768703
-0.0175734
0.0771478
-0.0201644
0.0775336
-0.0204898
0.0782125
-0.0224506
0.0789732
-0.0219804
0.0800211
-0.0231157
0.0810854
-0.0217721
-0.0221834
0.0823538
0.0738887
-0.00200683
0.0737865
-0.00424499
0.0735819
-0.00754151
0.0733926
-0.00913756
0.0731621
-0.0122089
0.0729944
-0.0135527
0.0728759
-0.0165389
0.0728682
-0.0175657
0.073033
-0.0203293
0.0733293
-0.020786
0.073917
-0.0230384
0.0746069
-0.0226703
0.0756222
-0.024131
0.0766689
-0.0228189
-0.0234758
0.0779613
0.0704322
-0.00193817
0.0703152
-0.00412801
0.0700855
-0.00731183
0.0698638
-0.00891587
0.0695804
-0.0119255
0.069358
-0.0133303
0.0691512
-0.0163321
0.0690665
-0.017481
0.0691149
-0.0203776
0.0693223
-0.0209934
0.069804
-0.0235201
0.0704175
-0.0232838
0.0713895
-0.025103
0.0724103
-0.0238397
-0.0247913
0.0737257
0.0671381
-0.0018663
0.0670077
-0.00399766
0.0667585
-0.00706257
0.066507
-0.00866437
0.0661792
-0.0115977
0.0659048
-0.013056
0.0656184
-0.0160457
0.0654583
-0.0173209
0.0653906
-0.0203099
0.0655097
-0.0211126
0.0658708
-0.0238812
0.0664048
-0.0238178
0.067318
-0.0260161
0.0683035
-0.0248252
-0.0261326
0.0696448
0.0639985
-0.00179212
0.0638567
-0.00385582
0.0635923
-0.00679818
0.0633142
-0.00838634
0.0629501
-0.0112336
0.0626269
-0.0127328
0.0622709
-0.0156897
0.0620365
-0.0170865
0.0618577
-0.0201311
0.0618875
-0.0211424
0.0621166
-0.0241103
0.0625706
-0.0242719
0.0634032
-0.0268487
0.0643422
-0.0257642
-0.0275091
0.0657187
0.0610059
-0.00171616
0.0608548
-0.00370468
0.0605789
-0.00652228
0.0602783
-0.0080858
0.0598847
-0.0108399
0.0595172
-0.0123653
0.0591018
-0.0152743
0.0587948
-0.0167795
0.0585138
-0.0198502
0.0584512
-0.0210798
0.058542
-0.0242011
0.0589164
-0.0246462
0.0596433
-0.0275757
0.0605249
-0.0266457
-0.028928
0.0619438
0.0581533
-0.00163883
0.0579952
-0.00354652
0.0577107
-0.00623782
0.0573922
-0.00776727
0.056975
-0.0104228
0.0565691
-0.0119594
0.0561037
-0.0148088
0.0557281
-0.0164039
0.0553559
-0.019478
0.0551971
-0.0209209
0.0551489
-0.0241529
0.0554385
-0.0249358
0.0560371
-0.0281742
0.0568632
-0.0274719
-0.0303685
0.0583038
0.0554342
-0.00156049
0.0552712
-0.00338354
0.0549809
-0.00594758
0.0546491
-0.00743543
0.054214
-0.00998767
0.0537768
-0.0115222
0.0532699
-0.0143019
0.0528323
-0.0159663
0.05238
-0.0190257
0.0521226
-0.0206636
0.0519386
-0.0239689
0.0521243
-0.0251216
0.0525691
-0.0286189
0.0533801
-0.0282829
-0.031765
0.0547765
0.0528423
-0.00148156
0.0526766
-0.00321783
0.0523834
-0.00565439
0.052043
-0.00709502
0.0515954
-0.00954009
0.0511345
-0.0110612
0.0505943
-0.0137617
0.0501033
-0.0154753
0.0495803
-0.0185027
0.0492258
-0.0203091
0.0489092
-0.0236524
0.0489622
-0.0251746
0.0491945
-0.0288511
0.0500539
-0.0291423
-0.033108
0.0513969
0.0503723
0.0502047
0.0499133
0.0495671
0.0491148
0.0486354
0.0480726
0.0475347
0.0469531
0.0465031
0.0460647
0.0459659
0.0459107
0.0466663
0.0482862
0.21765
0.00143892
0.216274
0.00137629
0.214972
0.00130156
0.213748
0.00122414
0.212604
0.00114409
0.211543
0.00106152
0.210566
0.000976558
0.209677
0.000889308
0.208877
0.000799894
0.208169
0.000708436
0.207553
0.000615062
0.207034
0.000519902
0.20661
0.000423095
0.206286
0.000324782
0.206061
0.000225121
0.205936
0.000124295
0.205913
2.2797e-05
0.205994
-8.08103e-05
0.206179
-0.000184732
-0.000289086
0.206468
0.207547
0.00281678
0.20623
0.00269323
0.204985
0.00254618
0.203815
0.00239388
0.202723
0.00223647
0.20171
0.00207415
0.20078
0.00190719
0.199933
0.00173581
0.199173
0.00156025
0.198501
0.00138075
0.197918
0.00119755
0.197427
0.00101093
0.197029
0.000821139
0.196725
0.00062846
0.196517
0.000433183
0.196406
0.000235632
0.196392
3.65579e-05
0.196477
-0.000165789
0.196661
-0.000368876
-0.000572902
0.196945
0.19796
0.00413242
0.196703
0.00394999
0.195516
0.00373291
0.194402
0.00350822
0.193362
0.00327607
0.1924
0.00303681
0.191516
0.0027908
0.190713
0.00253841
0.189994
0.00227997
0.189359
0.00201584
0.18881
0.00174638
0.188349
0.00147197
0.187977
0.001193
0.187696
0.000909884
0.187506
0.000623048
0.187408
0.000332982
0.187404
4.10497e-05
0.187494
-0.000256257
0.18768
-0.000554264
-0.000853584
0.18796
0.18885
0.00538589
0.187653
0.00514678
0.186524
0.00486206
0.185465
0.00456751
0.184478
0.00426327
0.183565
0.00394983
0.182728
0.0036277
0.181969
0.00329734
0.18129
0.0029592
0.180692
0.00261374
0.180177
0.00226143
0.179746
0.00190275
0.179401
0.00153823
0.179142
0.00116838
0.178971
0.000793779
0.178889
0.000415055
0.178896
3.42881e-05
0.178994
-0.000354152
0.179183
-0.000742976
-0.00113344
0.179463
0.180181
0.00657735
0.179043
0.00628388
0.177972
0.00593392
0.176967
0.00557202
0.176032
0.00519832
0.175168
0.00481341
0.174378
0.00441798
0.173663
0.00401262
0.173024
0.00359787
0.172464
0.00317426
0.171983
0.00274238
0.171583
0.00230282
0.171265
0.00185621
0.17103
0.00140319
0.170879
0.00094444
0.170813
0.00048078
0.170832
1.57675e-05
0.170939
-0.000460823
0.171132
-0.000936551
-0.00141424
0.171413
0.171918
0.00770695
0.17084
0.00736154
0.169825
0.00694875
0.168875
0.00652207
0.167992
0.00608149
0.167177
0.00562782
0.166434
0.0051619
0.165762
0.00468446
0.165163
0.00419611
0.16464
0.00369749
0.164193
0.00318925
0.163824
0.0026721
0.163534
0.00214677
0.163323
0.00161401
0.163192
0.00107462
0.163144
0.000529613
0.163176
-1.68201e-05
0.163293
-0.000577205
0.163492
-0.00113615
-0.00169735
0.163775
0.164031
0.0087748
0.163013
0.00837994
0.162055
0.00790678
0.161159
0.00741788
0.160327
0.00691305
0.159562
0.00639328
0.158864
0.00585964
0.158236
0.005313
0.157678
0.00475405
0.157192
0.00418347
0.156779
0.00360202
0.15644
0.0030105
0.156177
0.00240974
0.155991
0.00180062
0.155881
0.00118405
0.15585
0.000561196
0.155898
-6.52416e-05
0.156025
-0.000704029
0.156232
-0.00134276
-0.00198396
0.156518
0.156494
0.00978091
0.155535
0.00933911
0.154634
0.0088081
0.153792
0.00825961
0.153012
0.00769315
0.152295
0.00710994
0.151644
0.00651135
0.151058
0.00589836
0.150541
0.00527173
0.150092
0.0046322
0.149713
0.00398061
0.149406
0.00331784
0.149171
0.00264484
0.149009
0.00196257
0.148921
0.00127207
0.148907
0.000574741
0.14897
-0.000127925
0.149108
-0.000842245
0.149323
-0.0015573
-0.00227506
0.149614
0.149283
0.0107252
0.148383
0.010239
0.147539
0.0096527
0.146751
0.00904731
0.146022
0.00842188
0.145354
0.00777791
0.144749
0.00711711
0.144206
0.00644061
0.143729
0.00574922
0.143317
0.00504372
0.142973
0.00432501
0.142697
0.00359409
0.142489
0.00285197
0.142352
0.00209973
0.142286
0.00133853
0.142291
0.000570039
0.142368
-0.000205655
0.142518
-0.000992391
0.142742
-0.00178048
-0.00257151
0.143038
0.142376
0.0116074
0.141536
0.0110793
0.140748
0.0104405
0.140015
0.00978093
0.139337
0.00909923
0.138718
0.00839719
0.138158
0.00767694
0.137659
0.00693977
0.137222
0.00618653
0.136847
0.00541802
0.136537
0.00463521
0.136292
0.00383916
0.136113
0.00303101
0.136001
0.00221192
0.135956
0.0013832
0.135979
0.000546824
0.136073
-0.00029888
0.136235
-0.00115493
0.136467
-0.00201286
-0.00287395
0.13677
0.135755
0.0124273
0.134974
0.0118598
0.134244
0.0111711
0.133564
0.0104603
0.132938
0.00972511
0.132368
0.00896772
0.131854
0.00819079
0.131398
0.00739582
0.131001
0.00658364
0.130664
0.00575508
0.130388
0.00491115
0.130174
0.00405301
0.130023
0.00318187
0.129936
0.00229902
0.129913
0.00140589
0.129955
0.000504923
0.130064
-0.000407963
0.13024
-0.00133026
0.130482
-0.00225492
-0.00318295
0.130791
0.129402
0.0131844
0.128682
0.0125799
0.128008
0.0118443
0.127383
0.0110853
0.126809
0.0102994
0.126288
0.00948936
0.12582
0.00865855
0.125407
0.00780865
0.12505
0.00694048
0.12475
0.00605483
0.124509
0.00515276
0.124326
0.00423552
0.124204
0.00330444
0.124142
0.0023609
0.124141
0.00140645
0.124202
0.000444233
0.124327
-0.000533202
0.124516
-0.00151874
0.124768
-0.00250706
-0.00349898
0.125084
0.123302
0.0138782
0.122643
0.0132391
0.122027
0.0124596
0.121457
0.0116554
0.120935
0.0108217
0.120462
0.00996188
0.120041
0.00908003
0.119671
0.00817813
0.119355
0.00725692
0.119093
0.00631715
0.118886
0.00535993
0.118734
0.00438661
0.11864
0.0033986
0.118604
0.00239739
0.118626
0.00138474
0.118705
0.000364757
0.118847
-0.000674872
0.119049
-0.00172065
0.119311
-0.00276965
-0.00382245
0.119635
0.117442
0.0145081
0.116844
0.0138365
0.116287
0.0130164
0.115773
0.0121703
0.115302
0.0112918
0.114879
0.010385
0.114504
0.00945498
0.114179
0.00850404
0.113903
0.00753279
0.113678
0.0065419
0.113505
0.00553252
0.113386
0.00450611
0.11332
0.00346419
0.113309
0.00240835
0.113353
0.00134055
0.113452
0.00026667
0.11361
-0.000833268
0.113826
-0.00193638
0.114099
-0.00304302
-0.00415369
0.11443
0.111809
0.0150733
0.111274
0.0143715
0.110776
0.013514
0.110317
0.0126294
0.1099
0.0117092
0.109526
0.0107583
0.109198
0.00978308
0.108916
0.0087861
0.108681
0.00776786
0.108494
0.00672887
0.108356
0.00567033
0.108269
0.00459383
0.108232
0.00350102
0.108246
0.00239367
0.108313
0.00127401
0.108429
0.00015035
0.108605
-0.0010089
0.108835
-0.00216634
0.109119
-0.00332751
-0.00449303
0.109459
0.106392
0.0155731
0.10592
0.0148429
0.105483
0.0139517
0.10508
0.0130323
0.104716
0.0120734
0.104392
0.0110814
0.104112
0.0100639
0.103874
0.00902404
0.10368
0.00796191
0.103531
0.00687788
0.103428
0.00577318
0.103372
0.00464948
0.103365
0.0035085
0.103406
0.00235198
0.103498
0.00118272
0.103629
1.93812e-05
0.103822
-0.00120273
0.104066
-0.00241024
0.104362
-0.00362291
-0.00484059
0.104709
0.10118
0.0160065
0.100773
0.0152499
0.100396
0.0143285
0.10005
0.013378
0.0997399
0.0123837
0.0994676
0.0113536
0.0992345
0.010297
0.0990411
0.00921745
0.0988884
0.00811466
0.0987774
0.00698882
0.0987093
0.00584124
0.098685
0.00467379
0.0987051
0.00348839
0.0987701
0.00228705
0.09888
0.00107279
0.0990471
-0.000147771
0.0992552
-0.00141079
0.0995127
-0.00266769
0.0998192
-0.00392945
-0.00519623
0.100175
0.0961633
0.0163726
0.0958219
0.0155912
0.0955068
0.0146437
0.0952189
0.0136659
0.0949631
0.0126395
0.0947425
0.0115742
0.0945578
0.0104818
0.0944095
0.00936576
0.0942985
0.00822558
0.0942263
0.0070611
0.0941937
0.00587375
0.094202
0.00466558
0.0942517
0.00343864
0.0943437
0.0021951
0.0944777
0.000938743
0.0946625
-0.000332599
0.0948888
-0.00163704
0.0951605
-0.00293936
0.0954781
-0.00424713
-0.00556026
0.0958422
0.0913327
0.0166704
0.0910582
0.0158658
0.0908057
0.0148961
0.0905765
0.0138951
0.0903763
0.0128398
0.090208
0.0117424
0.0900725
0.0106173
0.08997
0.00946829
0.0899015
0.00829402
0.0898685
0.0070941
0.0898721
0.00587014
0.0899133
0.00462443
0.0899927
0.00335918
0.0901111
0.00207676
0.0902678
0.000782061
0.0904721
-0.000536955
0.0907163
-0.00188124
0.0910029
-0.00322594
0.0913324
-0.00457659
-0.00593301
0.0917051
0.0866795
0.0168988
0.0864727
0.0160726
0.0862838
0.015085
0.0861143
0.0140646
0.0859705
0.0129836
0.0858557
0.0118572
0.0857701
0.0107029
0.0857141
0.00952434
0.0856888
0.00831932
0.0856957
0.0070872
0.085736
0.00582987
0.0858105
0.00454989
0.0859201
0.00324961
0.0860652
0.00193164
0.0862445
0.000602739
0.0864693
-0.000761773
0.0867317
-0.00214359
0.0870333
-0.00352751
0.0873745
-0.00491787
-0.00631454
0.0877561
0.0821957
0.017057
0.0820577
0.0162106
0.0819331
0.0152096
0.0818241
0.0141737
0.0817378
0.0130698
0.0816775
0.0119176
0.0816427
0.0107376
0.0816339
0.00953314
0.0816525
0.00830073
0.0817001
0.00703966
0.0817777
0.00575222
0.0818863
0.0044413
0.0820266
0.00310933
0.0821989
0.00175929
0.0824006
0.00040113
0.0826469
-0.0010081
0.0829278
-0.00242449
0.0832445
-0.00384421
0.0835977
-0.00527107
-0.00670492
0.0839881
0.0778745
0.0171438
0.0778058
0.0162793
0.0777459
0.0152695
0.0776982
0.0142214
0.0776708
0.0130972
0.0776659
0.0119225
0.0776828
0.0107207
0.0777221
0.00949391
0.0777854
0.00823742
0.0778744
0.00695063
0.0779902
0.00563641
0.0781337
0.00429786
0.0783056
0.00293739
0.0785061
0.00155879
0.0787292
0.000178072
0.0789985
-0.00127737
0.0792982
-0.00272426
0.0796302
-0.00417619
0.0799956
-0.00563643
-0.00710434
0.080395
0.0737109
0.0171586
0.0737113
0.0162789
0.0737159
0.0152649
0.0737302
0.014207
0.0737627
0.0130647
0.0738143
0.0118709
0.0738837
0.0106513
0.0739718
0.00940581
0.0740807
0.00812845
0.074212
0.00681931
0.0743666
0.00548186
0.0745453
0.00411915
0.0747494
0.00273329
0.0749793
0.00132894
0.075228
-7.06819e-05
0.0755198
-0.00156918
0.0758379
-0.00304234
0.0761852
-0.00452351
0.0765629
-0.00601412
-0.00751292
0.0769715
0.0697015
0.0171019
0.0697693
0.0162111
0.0698374
0.0151968
0.0699144
0.0141301
0.0700078
0.0129713
0.0701166
0.0117621
0.070239
0.0105289
0.0703769
0.0092679
0.0705326
0.00797272
0.0707073
0.00664468
0.0709012
0.00528795
0.0711148
0.00390555
0.0713479
0.0025001
0.0715996
0.00107733
0.0718984
-0.00036949
0.0722076
-0.00187846
0.0725441
-0.00337881
0.0729071
-0.00488647
0.0732968
-0.00640387
-0.0079303
0.0737142
0.0658448
0.0169758
0.0659764
0.0160796
0.0661062
0.015067
0.066246
0.0139902
0.066401
0.0128164
0.066567
0.0115961
0.0667429
0.010353
0.0669317
0.00907915
0.0671355
0.00776893
0.0673548
0.00642535
0.06759
0.0050528
0.0678416
0.00365389
0.0681102
0.00223153
0.0683932
0.000794327
0.0687141
-0.00069042
0.0690499
-0.00221424
0.0694066
-0.00373549
0.0697859
-0.00526576
0.0701888
-0.00680682
-0.0083577
0.0706162
0.062137
0.0167825
0.0623281
0.0158885
0.0625177
0.0148774
0.0627206
0.0137873
0.0629369
0.0126001
0.0631597
0.0113733
0.0633894
0.0101232
0.0636301
0.00883846
0.0638832
0.00751584
0.0641486
0.00615992
0.0644266
0.00477481
0.0647178
0.00336275
0.0650212
0.00192809
0.0653331
0.000482443
0.0656831
-0.00104045
0.0660451
-0.00257625
0.0664237
-0.00411408
0.0668212
-0.00566321
0.0672388
-0.00722446
-0.00879639
0.0676775
0.0585667
0.0165196
0.058816
0.0156392
0.0590655
0.0146278
0.0593327
0.0135202
0.0596095
0.0123232
0.0598881
0.0110948
0.0601721
0.00983922
0.0604656
0.00854497
0.0607687
0.00721269
0.0610811
0.00584752
0.0614034
0.00445256
0.0617368
0.0030293
0.062081
0.00158387
0.0624191
0.000144373
0.0628018
-0.0014231
0.063191
-0.00296549
0.0635935
-0.00451658
0.0640118
-0.00608152
0.0644468
-0.00765942
-0.00924879
0.0648992
0.0551168
0.0161793
0.0554248
0.0153313
0.055739
0.0143136
0.0560739
0.0131853
0.0564107
0.0119864
0.0567452
0.0107603
0.0570846
0.00949979
0.0574318
0.00819781
0.0577858
0.00685865
0.0581464
0.00548701
0.0585134
0.00408547
0.0588859
0.00265687
0.0592617
0.00120805
0.0596668
-0.000260778
0.0600768
-0.00183303
0.0604952
-0.00338397
0.0609246
-0.00494594
0.0613658
-0.00652272
0.0618195
-0.00811312
-0.00971545
0.0622862
0.0517892
0.015787
0.0521412
0.0149793
0.052526
0.0139288
0.052929
0.0127823
0.0533254
0.0115899
0.0537197
0.0103661
0.0541188
0.00910068
0.0545233
0.00779325
0.0549329
0.00644906
0.0553481
0.00507184
0.0557692
0.00366439
0.0561932
0.00223289
0.056609
0.000792179
0.0570637
-0.000715479
0.0575114
-0.00228067
0.0579632
-0.00383578
0.0584209
-0.00540369
0.0588846
-0.00698638
0.059354
-0.00858251
-0.0101906
0.0598291
0.0485404
0.0489475
0.0494055
0.0498749
0.0503458
0.0508194
0.0512945
0.0517696
0.0522448
0.0527205
0.0531977
0.0536767
0.0541513
0.0546531
0.0551305
0.0556041
0.0560763
0.0565473
0.0570174
0.0574866
0.206862
-0.000393841
0.207361
-0.000498883
0.207965
-0.000604062
0.208674
-0.000709208
0.209488
-0.00081415
0.210407
-0.000918723
0.21143
-0.00102275
0.212556
-0.00112608
-0.00122852
0.197329
-0.0007777
0.197813
-0.000983015
0.198398
-0.00118852
0.199082
-0.0013939
0.199867
-0.00159882
0.200751
-0.00180295
0.201734
-0.00200596
0.202816
-0.00220752
-0.0024073
0.188337
-0.00115396
0.188809
-0.00145501
0.189376
-0.00175629
0.19004
-0.0020573
0.190799
-0.00235757
0.191652
-0.00265663
0.1926
-0.00295399
0.193642
-0.00324916
-0.00354167
0.179834
-0.0015252
0.180297
-0.00191779
0.180851
-0.0023106
0.181497
-0.002703
0.182233
-0.00309437
0.183061
-0.00348409
0.183978
-0.00387153
0.184985
-0.00425607
-0.00463707
0.171781
-0.00189345
0.172237
-0.00237361
0.17278
-0.00285396
0.173411
-0.00333375
0.174129
-0.00381222
0.174934
-0.0042886
0.175824
-0.00476215
0.1768
-0.00523209
-0.00569765
0.164142
-0.00226029
0.164593
-0.00282426
0.165127
-0.0033884
0.165745
-0.00395181
0.166447
-0.00451362
0.167231
-0.00507293
0.168098
-0.00562885
0.169046
-0.00618049
-0.00672695
0.156885
-0.00262705
0.157332
-0.00327125
0.157859
-0.0039156
0.158467
-0.00455908
0.159154
-0.00520067
0.15992
-0.00583937
0.160765
-0.00647415
0.161689
-0.00710401
-0.00772791
0.149982
-0.00299488
0.150426
-0.00371591
0.150948
-0.00443705
0.151546
-0.00515717
0.15222
-0.00587515
0.152971
-0.00658986
0.153797
-0.00730017
0.154698
-0.00800493
-0.00870301
0.143408
-0.00336475
0.143851
-0.00415929
0.144368
-0.00495393
0.144958
-0.00574742
0.145622
-0.00653854
0.146358
-0.00732603
0.147166
-0.00810865
0.148047
-0.00888516
-0.00965429
0.137143
-0.00373741
0.137586
-0.00460227
0.138099
-0.00546723
0.138682
-0.00633094
0.139336
-0.00719205
0.140059
-0.00804921
0.140852
-0.00890108
0.141713
-0.00974629
-0.0105835
0.131167
-0.00411351
0.13161
-0.00504559
0.132121
-0.00597778
0.132698
-0.00690864
0.133343
-0.00783671
0.134054
-0.00876054
0.134832
-0.00967868
0.135675
-0.0105897
0.125464
-0.0044936
0.125908
-0.00548987
0.126417
-0.00648628
0.126989
-0.00748131
0.127626
-0.00847338
0.128326
-0.00946096
0.12909
-0.0104425
-0.0114164
0.120019
-0.00487812
0.120465
-0.00593561
0.120972
-0.00699331
0.12154
-0.00804958
0.12217
-0.00910277
0.12286
-0.0101512
0.123611
-0.0111933
-0.0122274
0.11482
-0.00526746
0.115267
-0.00638324
0.115773
-0.00749933
0.116338
-0.00861398
0.11696
-0.00972545
0.117641
-0.010832
0.11838
-0.0119319
-0.0130234
0.109853
-0.00566196
0.110303
-0.00683314
0.110809
-0.00800474
0.111369
-0.00917493
0.111986
-0.0103419
0.112658
-0.0115038
0.113385
-0.0126588
-0.0138051
0.105109
-0.00606188
0.105562
-0.00728558
0.106067
-0.00850984
0.106625
-0.00973277
0.107235
-0.0109524
0.107898
-0.012167
0.108614
-0.0133744
-0.0145727
0.10058
-0.00646693
0.101035
-0.00774035
0.101539
-0.00901454
0.102094
-0.0102875
0.102699
-0.0115572
0.103353
-0.0128216
0.104058
-0.0140788
-0.0153267
0.0962528
-0.00687758
0.0967104
-0.00819789
0.097215
-0.0095192
0.0977669
-0.0108394
0.0983661
-0.0121564
0.0990125
-0.013468
0.099706
-0.0147723
-0.0160671
0.0921215
-0.007294
0.092582
-0.00865832
0.0930867
-0.0100239
0.0936358
-0.0113885
0.0942294
-0.01275
0.0948676
-0.0141062
0.0955503
-0.015455
-0.0167941
0.0881783
-0.00771622
0.0886416
-0.00912164
0.0891463
-0.0105286
0.0896926
-0.0119348
0.0902807
-0.0133381
0.0909106
-0.0147361
0.0915823
-0.0161267
-0.0175075
0.0844161
-0.00814429
0.0848823
-0.00958783
0.085387
-0.0110333
0.0859305
-0.0124783
0.086513
-0.0139206
0.0871347
-0.0153578
0.0877956
-0.0167876
-0.0182075
0.080829
-0.00857829
0.0812981
-0.0100569
0.0818027
-0.0115379
0.0823433
-0.0130189
0.0829201
-0.0144975
0.0835335
-0.0159712
0.0841837
-0.0174378
-0.0188947
0.0774115
-0.00901829
0.0778835
-0.0105289
0.0783881
-0.0120425
0.0789258
-0.0135566
0.079497
-0.0150687
0.0801022
-0.0165764
0.0807418
-0.0180773
-0.0195691
0.07416
-0.00946409
0.0746349
-0.0110038
0.0751396
-0.0125472
0.0756747
-0.0140917
0.0762408
-0.0156347
0.0768384
-0.017174
0.0774679
-0.0187069
-0.020231
0.0710688
-0.00991671
0.0715476
-0.0114826
0.0720533
-0.0130529
0.0725867
-0.0146251
0.0731486
-0.0161967
0.0737396
-0.017765
0.07436
-0.0193272
-0.0208805
0.0681382
-0.0103774
0.068622
-0.0119663
0.0691296
-0.0135605
0.0696618
-0.0151573
0.0702191
-0.016754
0.0708018
-0.0183477
0.0714096
-0.019935
-0.0215126
0.0653699
-0.0108482
0.0658597
-0.0124561
0.066369
-0.0140698
0.0668979
-0.0156863
0.0674461
-0.0173023
0.0680129
-0.0189145
0.0685968
-0.0205189
-0.0221113
0.062766
-0.011328
0.0632589
-0.012949
0.0637646
-0.0145754
0.0642821
-0.0162038
0.0648101
-0.0178303
0.0653465
-0.0194508
0.065888
-0.0210605
-0.0226532
0.0603096
-0.0118085
0.0607949
-0.0134343
0.0612841
-0.0150646
0.0617757
-0.0166954
0.0622674
-0.018322
0.0627554
-0.0199389
0.063234
-0.0215391
-0.0231135
0.0579542
0.0584192
0.0588797
0.0593331
0.0597752
0.0601995
0.0605954
)
;

boundaryField
{
    inlet
    {
        type            calculated;
        value           nonuniform List<scalar> 
50
(
-0.0353553
-0.0353553
-0.0353553
-0.0353553
-0.0353553
-0.0353553
-0.0353553
-0.0353553
-0.0353553
-0.0353553
-0.0353553
-0.0353553
-0.0353553
-0.0353553
-0.0353553
-0.0353553
-0.0353553
-0.0353553
-0.0353553
-0.0353553
-0.201804
-0.192384
-0.183404
-0.174843
-0.166681
-0.158901
-0.151483
-0.144412
-0.137671
-0.131245
-0.125119
-0.119278
-0.113711
-0.108403
-0.103343
-0.0985188
-0.0939201
-0.089536
-0.0853566
-0.0813723
-0.0775739
-0.0739529
-0.0705008
-0.06721
-0.0640727
-0.0610819
-0.0582306
-0.0555125
-0.0529213
-0.050451
)
;
    }
    outlet
    {
        type            calculated;
        value           nonuniform 0();
    }
    cylinder
    {
        type            calculated;
        value           uniform 0;
    }
    top
    {
        type            symmetryPlane;
        value           nonuniform 0();
    }
    bottom
    {
        type            symmetryPlane;
        value           uniform 0;
    }
    defaultFaces
    {
        type            empty;
        value           nonuniform 0();
    }
    procBoundary0to1
    {
        type            processor;
        value           nonuniform List<scalar> 
50
(
0.0803231
0.0230873
0.0709818
0.0214002
0.0590208
0.0319818
0.0178919
0.0438555
0.00840624
0.0172471
0.00422922
0.00697072
0.00168723
0.00136112
0.000476095
0.000376641
-0.00113039
3.85172e-05
-0.000797554
0.213784
0.203995
0.194776
0.186081
0.177861
0.170075
0.16269
0.155673
0.148998
0.142642
0.136584
-0.011492
0.129917
0.124422
0.119176
0.114166
0.109382
0.104812
0.100446
0.0962773
0.0922958
0.0884956
0.0848709
0.0814162
0.0781298
0.0750095
0.0720417
0.0691956
0.0664299
0.0636944
0.0609471
)
;
    }
    procBoundary0to2
    {
        type            processor;
        value           nonuniform List<scalar> 
26
(
0.000944557
0.00195346
0.00243987
-0.00536046
-1.05158e-05
-1.05009e-05
-1.03578e-05
-1.01598e-05
-9.91475e-06
-9.61827e-06
-9.25942e-06
-1.50372e-06
-3.58645e-06
-4.77652e-06
-5.39906e-06
-5.75892e-06
-5.99061e-06
-6.54218e-06
-6.87994e-06
-7.49478e-06
-8.02762e-06
-8.65701e-06
-9.26602e-06
-9.81174e-06
-1.03685e-05
-1.0733e-05
)
;
    }
}


// ************************************************************************* //
