/*--------------------------------*- C++ -*----------------------------------*\
  =========                 |
  \\      /  F ield         | OpenFOAM: The Open Source CFD Toolbox
   \\    /   O peration     | Website:  https://openfoam.org
    \\  /    A nd           | Version:  7
     \\/     M anipulation  |
\*---------------------------------------------------------------------------*/
FoamFile
{
    version     2.0;
    format      ascii;
    class       surfaceScalarField;
    location    "120";
    object      phi;
}
// * * * * * * * * * * * * * * * * * * * * * * * * * * * * * * * * * * * * * //

dimensions      [0 3 -1 0 0 0 0];

internalField   nonuniform List<scalar> 
4148
(
0.0887289
0.0223662
0.0226049
0.080156
0.0874269
0.0239069
0.0217672
0.0690655
0.0238522
0.078071
0.0858707
0.0254084
0.0151547
0.0407156
0.019215
0.0540006
0.0224954
0.0657851
0.0249902
0.0755762
0.0840099
0.026851
0.0100336
0.0231614
0.014712
0.0360373
0.0192136
0.0494989
0.0230129
0.0619858
0.02598
0.0726091
0.0817826
0.0282073
0.00526929
0.00984047
0.00924233
0.0191883
0.0140375
0.0312421
0.0189338
0.0446026
0.0232723
0.0576473
0.0267735
0.0691079
0.0791127
0.0294433
0.00213008
0.00224376
0.004612
0.00735855
0.00835361
0.0154467
0.0131464
0.0264493
0.0183551
0.039394
0.0232268
0.0527755
0.0273156
0.0650192
0.0759184
0.0305098
0.00177351
0.00105496
0.00396508
0.00516698
0.00740875
0.012003
0.0120726
0.0217854
0.0174741
0.0339925
0.0228348
0.0474148
0.0275456
0.0603084
0.0721062
0.0313578
0.000449431
-0.00120499
0.00144806
5.6336e-05
0.00335214
0.00326289
0.00645377
0.00890141
0.0108693
0.0173699
0.0163119
0.0285498
0.0220713
0.0416554
0.0273988
0.0549809
0.0675912
0.0319138
2.68595e-05
-0.000932098
0.000334357
-0.00151249
0.00116361
-0.000772921
0.00279588
0.00163063
0.00553591
0.00616138
0.00960541
0.0133004
0.0149202
0.0232351
0.0209343
0.0356412
0.0268328
0.0490825
0.0623094
0.0321146
6.53665e-06
-0.000938635
0.000243589
-0.00174954
0.000929658
-0.00145899
0.00231724
0.000243046
0.00470022
0.00377841
0.00835896
0.00964165
0.0133811
0.018213
0.0194699
0.0295524
0.0257779
0.0427745
0.056083
0.0320043
-6.82583e-06
-0.000931809
0.000180378
-0.00193675
0.000753902
-0.00203251
0.00193352
-0.00093657
0.00398561
0.00172631
0.00720707
0.00642019
0.0118028
0.0136173
0.017765
0.0235902
0.0242577
0.0362818
0.0490368
0.0313038
-1.15401e-05
-0.000920269
0.000146566
-0.00209485
0.000640532
-0.00252648
0.00165556
-0.0019516
0.00342036
-3.84791e-05
0.0062159
0.00362465
0.0103102
0.00952291
0.0159135
0.017987
0.0225573
0.029638
0.0432035
0.0283906
-7.28174e-06
-0.000912987
0.00014157
-0.0022437
0.00058868
-0.00297359
0.00148508
-0.002848
0.00301756
-0.00157096
0.00543085
0.00121136
0.00901074
0.00594303
0.0140606
0.0129372
0.0205951
0.0231035
0.0369831
0.0268155
4.56575e-06
-0.000917553
0.000162071
-0.00240121
0.000591807
-0.00340333
0.00141316
-0.00366936
0.00277204
-0.00292984
0.00486824
-0.000884842
0.00797149
0.00283978
0.0123839
0.00852474
0.0184987
0.0169888
0.0304974
0.0249843
2.15732e-05
-0.000939126
0.000202414
-0.00258205
0.000638268
-0.00383918
0.00142096
-0.00445204
0.00266025
-0.00416913
0.00451154
-0.00273613
0.00720767
0.000143643
0.0110041
0.00472827
0.0164624
0.0115306
0.0240255
0.0229343
4.25657e-05
-0.000981691
0.00025558
-0.00279506
0.000712997
-0.0042966
0.00148259
-0.00522164
0.00264438
-0.00533092
0.00431569
-0.00440745
0.00668426
-0.00222492
0.00995388
0.00145865
0.0146569
0.00682753
0.0178697
0.0208126
6.50285e-05
-0.00104672
0.000313934
-0.00304397
0.000799731
-0.00478239
0.0015694
-0.00599131
0.00267975
-0.00644127
0.00421879
-0.00594649
0.00633233
-0.00433847
0.00918502
-0.00139404
0.0131708
0.0028417
0.0122329
0.0188077
8.68209e-05
-0.00113354
0.000370269
-0.00332742
0.000883141
-0.00529526
0.00165425
-0.00676242
0.00272286
-0.00750988
0.00415659
-0.00738021
0.00606907
-0.00625094
0.00860071
-0.00392568
0.0119928
-0.000550392
0.0072026
0.0170231
0.000106163
-0.0012397
0.000418508
-0.00363976
0.000950383
-0.00582714
0.00171465
-0.00752668
0.00273761
-0.00853285
0.00407407
-0.00871667
0.0058169
-0.00799377
0.00809352
-0.0062023
0.0110345
-0.0034914
0.00276359
0.0154735
0.000121694
-0.0013614
0.000453994
-0.00397206
0.000991857
-0.006365
0.00173428
-0.00826911
0.00269834
-0.00949691
0.00393178
-0.00995011
0.00551665
-0.00957863
0.00757395
-0.0082596
0.0101794
-0.00609684
-0.00115139
0.0140944
0.000132459
-0.00149386
0.000473532
-0.00431313
0.00100132
-0.00689279
0.00170322
-0.008971
0.00259013
-0.0103838
0.00370687
-0.0110669
0.00513174
-0.0110035
0.0069829
-0.0101108
0.00932354
-0.00843748
-0.00461615
0.0127883
0.000137861
-0.00163172
0.000475264
-0.00465054
0.000975583
-0.00739311
0.00161713
-0.00961255
0.00240731
-0.011174
0.00339075
-0.0120503
0.00464609
-0.0122589
0.00629025
-0.0117549
0.00839548
-0.0105427
-0.00768647
0.0114658
0.000137598
-0.00176932
0.000458492
-0.00497143
0.00091405
-0.00784867
0.00147628
-0.0101748
0.00215136
-0.0118491
0.00298533
-0.0128843
0.00405879
-0.0133323
0.0054875
-0.0131836
0.00735879
-0.012414
-0.0103906
0.010063
0.00013162
-0.00190094
0.000423497
-0.00526331
0.000818228
-0.0082434
0.00128441
-0.010641
0.00182885
-0.0123935
0.00249955
-0.013555
0.0033788
-0.0142116
0.00458005
-0.0143849
0.0062025
-0.0140365
-0.012733
0.00854489
0.000120096
-0.00202103
0.000371383
-0.0055146
0.000691283
-0.0085633
0.0010478
-0.0109975
0.00144969
-0.0127954
0.00194668
-0.014052
0.00262104
-0.0148859
0.00358167
-0.0153455
0.00493273
-0.0153875
-0.0147015
0.00690123
0.000103404
-0.00212444
0.000303947
-0.00571514
0.00053765
-0.008797
0.00077449
-0.0112343
0.00102599
-0.0130469
0.00134257
-0.0143685
0.00180409
-0.0153474
0.00251192
-0.0160533
0.00356768
-0.0164433
-0.016276
0.00514212
8.21048e-05
-0.00220654
0.00022354
-0.00585657
0.000362672
-0.00893614
0.000473645
-0.0113453
0.000571028
-0.0131443
0.000704601
-0.0145021
0.000948993
-0.0155918
0.00139518
-0.0164995
0.00213536
-0.0171834
-0.0174363
0.00329567
5.69334e-05
-0.00226347
0.000132924
-0.00593256
0.000172275
-0.00897549
0.000154994
-0.011328
9.86349e-05
-0.0130879
5.08915e-05
-0.0144544
7.85985e-05
-0.0156195
0.000259138
-0.0166801
0.000674538
-0.0175988
-0.0181648
0.001403
2.87772e-05
-0.00229225
3.52909e-05
-0.00593908
-2.72209e-05
-0.00891297
-0.000171713
-0.0111835
-0.000377447
-0.0128822
-0.000600382
-0.0142314
-0.00078333
-0.0154366
-0.000863441
-0.0166
-0.000780356
-0.0176819
-0.0184671
-0.000478068
-1.71218e-06
-0.00229054
-6.64577e-05
-0.00587433
-0.000230281
-0.00874915
-0.000497111
-0.0109167
-0.000844189
-0.0125351
-0.00123167
-0.013844
-0.00161301
-0.0150552
-0.00194164
-0.0162713
-0.00217512
-0.0174485
-0.0183697
-0.00227249
-3.29203e-05
-0.000169172
-0.000430594
-0.000812521
-0.00128972
-0.00182689
-0.00238816
-0.00294248
-0.00346449
-0.00393582
0.205607
-0.00103813
0.206736
-0.00112871
0.207953
-0.00121772
0.209258
-0.001305
0.210649
-0.0013904
0.212123
-0.00147378
0.213678
-0.001555
0.215311
-0.00163391
0.217022
-0.00171039
0.218806
-0.00178429
-0.00185575
0.220662
0.196241
-0.00203199
0.197321
-0.00220884
0.198486
-0.00238262
0.199734
-0.00255303
0.201063
-0.00271979
0.202472
-0.00288261
0.203958
-0.00304123
0.20552
-0.00319537
0.207154
-0.00334479
0.208859
-0.0034892
-0.00362883
0.210632
0.187485
-0.0029867
0.188522
-0.00324586
0.18964
-0.00350053
0.190837
-0.00375029
0.192112
-0.00399471
0.193463
-0.00423339
0.194888
-0.00446594
0.196384
-0.00469195
0.197951
-0.00491105
0.199584
-0.00512286
-0.00532772
0.201283
0.179281
-0.0039071
0.18028
-0.00424489
0.181356
-0.00457686
0.182509
-0.00490244
0.183735
-0.00522109
0.185034
-0.00553229
0.186403
-0.00583551
0.187842
-0.00613026
0.189347
-0.00641601
0.190916
-0.00669232
-0.00695966
0.192548
0.171576
-0.00479735
0.172541
-0.00521036
0.17358
-0.00561627
0.174692
-0.0060144
0.175875
-0.00640409
0.177128
-0.00678471
0.178448
-0.00715562
0.179834
-0.00751621
0.181284
-0.00786581
0.182795
-0.00820394
-0.00853126
0.184367
0.164324
-0.00566133
0.16526
-0.00614637
0.166267
-0.0066231
0.167344
-0.00709075
0.168488
-0.00754853
0.169699
-0.00799571
0.170975
-0.00843153
0.172314
-0.00885531
0.173714
-0.00926617
0.175174
-0.00966367
-0.0100487
0.176692
0.15749
-0.0065026
0.1584
-0.0070567
0.159378
-0.00760136
0.160423
-0.0081357
0.161533
-0.00865885
0.162708
-0.00916995
0.163944
-0.00966813
0.165242
-0.0101527
0.166598
-0.0106224
0.168011
-0.0110771
-0.0115179
0.169481
0.151038
-0.00732451
0.151926
-0.00794491
0.152879
-0.00855482
0.153897
-0.00915326
0.154977
-0.00973924
0.156119
-0.0103119
0.157321
-0.0108701
0.158582
-0.0114132
0.159899
-0.0119397
0.161272
-0.0124496
-0.0129445
0.162698
0.14494
-0.00813023
0.145809
-0.00881434
0.146742
-0.009487
0.147735
-0.0101471
0.14879
-0.0107936
0.149904
-0.0114255
0.151075
-0.0120416
0.152303
-0.0126412
0.153586
-0.0132226
0.154922
-0.0137858
-0.0143333
0.156311
0.13917
-0.00892274
0.140024
-0.00966819
0.140938
-0.0104013
0.141912
-0.0111209
0.142944
-0.0118258
0.144034
-0.012515
0.145179
-0.0131871
0.146379
-0.0138415
0.147633
-0.0144761
0.148938
-0.0150911
-0.0156902
0.150295
0.133705
-0.00970486
0.134546
-0.0105094
0.135445
-0.0113009
0.136402
-0.0120779
0.137416
-0.0128394
0.138485
-0.013584
0.139608
-0.0143105
0.140785
-0.0150181
0.142013
-0.0157044
0.143292
-0.01637
-0.01702
0.144622
0.127748
-0.00960504
0.128522
-0.0104792
0.129354
-0.0113409
0.130241
-0.0121887
0.131185
-0.0130214
0.132183
-0.0138376
0.133235
-0.0146362
0.134341
-0.0154156
0.135498
-0.0161752
0.136705
-0.016912
0.137962
-0.017627
-0.0183275
0.13927
0.122834
-0.0103183
0.123603
-0.0112482
0.124428
-0.0121651
0.125307
-0.0130676
0.126239
-0.0139543
0.127226
-0.0148238
0.128264
-0.0156748
0.129354
-0.0165059
0.130496
-0.0173163
0.131686
-0.0181026
0.132926
-0.0188663
-0.0196174
0.134215
0.118165
-0.0110302
0.118931
-0.012014
0.11975
-0.0129844
0.120622
-0.0139399
0.121547
-0.0148792
0.122524
-0.0158005
0.123552
-0.016703
0.124631
-0.0175845
0.125759
-0.0184449
0.126937
-0.0192801
0.128162
-0.0200919
-0.0208938
0.129439
0.113723
-0.0117424
0.114487
-0.0127785
0.115303
-0.0138009
0.116171
-0.0148079
0.117091
-0.0157983
0.118061
-0.0167705
0.119081
-0.0177232
0.120151
-0.0186545
0.12127
-0.0195642
0.122438
-0.0204476
0.123653
-0.0213071
-0.0221606
0.12492
0.109492
-0.0124566
0.110257
-0.0135433
0.111072
-0.0146161
0.111938
-0.0156734
0.112853
-0.0167138
0.113818
-0.0177357
0.114833
-0.0187378
0.115897
-0.0197182
0.117009
-0.0206767
0.11817
-0.021608
0.119378
-0.022515
-0.0234213
0.120638
0.10546
-0.0131736
0.106227
-0.0143095
0.107042
-0.0154314
0.107906
-0.0165378
0.10882
-0.0176271
0.109782
-0.0186978
0.110793
-0.0197487
0.111852
-0.0207775
0.11296
-0.0217845
0.114116
-0.0227638
0.115319
-0.0237183
-0.0246788
0.116576
0.101613
-0.0138944
0.102382
-0.015078
0.103198
-0.0162478
0.104062
-0.0174021
0.104975
-0.0185394
0.105935
-0.0196581
0.106944
-0.0207572
0.108
-0.0218342
0.109105
-0.0228895
0.110258
-0.0239169
0.111459
-0.024919
-0.0259358
0.112716
0.0979387
-0.0146193
0.09871
-0.0158493
0.0995278
-0.0170656
0.100392
-0.0182667
0.101304
-0.0194512
0.102263
-0.0206173
0.10327
-0.0217642
0.104326
-0.0228893
0.105429
-0.0239932
0.106581
-0.0250691
0.107782
-0.0261194
-0.0271947
0.109041
0.0944253
-0.0153483
0.0951993
-0.0166233
0.0960189
-0.0178852
0.0968843
-0.0191321
0.0977962
-0.0203631
0.0987548
-0.0215758
0.0997609
-0.0227704
0.100815
-0.0239433
0.101918
-0.0250965
0.103071
-0.0262218
0.104273
-0.0273214
-0.0284575
0.105536
0.0910629
-0.0160809
0.0918392
-0.0173996
0.09266
-0.0187061
0.0935259
-0.019998
0.0944381
-0.0212754
0.0953968
-0.0225345
0.0964037
-0.0237772
0.097458
-0.0249976
0.0985624
-0.0262009
0.0997159
-0.0273753
0.100921
-0.0285263
-0.029724
0.102187
0.0878429
-0.0168168
0.0886212
-0.0181778
0.089443
-0.0195279
0.0903088
-0.0208638
0.0912206
-0.0221872
0.0921783
-0.0234922
0.0931859
-0.0247848
0.0942408
-0.0260526
0.0953488
-0.0273089
0.0965029
-0.0285293
0.0977103
-0.0297337
-0.0309877
0.0989739
0.0847581
-0.0175551
0.085538
-0.0189578
0.0863612
-0.020351
0.0872276
-0.0217303
0.0881401
-0.0230996
0.0890964
-0.0244485
0.0901027
-0.0257911
0.0911527
-0.0271026
0.0922592
-0.0284154
0.093405
-0.0296752
0.0946079
-0.0309366
-0.0322269
0.0958471
0.081803
-0.0182951
0.0825835
-0.0197382
0.0834064
-0.0211739
0.0842724
-0.0225963
0.0851846
-0.0240119
0.0861397
-0.0254036
0.0871442
-0.0267956
0.0881833
-0.0281417
0.0892762
-0.0295083
0.0903874
-0.0307863
0.091558
-0.0321072
-0.0333936
0.0927248
0.0789761
-0.0190356
0.0797553
-0.0205174
0.080574
-0.0219927
0.0814329
-0.0234551
0.0823339
-0.0249129
0.0832742
-0.0263438
0.0842606
-0.027782
0.0852729
-0.029154
0.0863329
-0.0305682
0.0873734
-0.0318269
0.0884626
-0.0331964
-0.0344012
0.0894702
0.0762704
-0.0197731
0.0770432
-0.0212902
0.0778508
-0.0228003
0.0786928
-0.0242971
0.0795663
-0.0257864
0.0804674
-0.0272448
0.081395
-0.0287096
0.0823304
-0.0300894
0.0832933
-0.0315312
0.0841967
-0.0327303
0.0851254
-0.034125
-0.0351144
0.0858385
0.0736668
-0.0204957
0.0744184
-0.0220418
0.0751973
-0.0235791
0.0760023
-0.0251022
0.0768259
-0.02661
0.0776629
-0.0280819
0.0784934
-0.0295401
0.0792984
-0.0308945
0.0800607
-0.0322934
0.0807034
-0.033373
0.0813045
-0.0347262
-0.0353454
0.0815355
0.0711333
-0.0211842
0.0718395
-0.0227479
0.0725595
-0.0242991
0.0732892
-0.0258319
0.0740165
-0.0273372
0.0747334
-0.0287988
0.0754044
-0.0302111
0.0760144
-0.0315045
0.0764793
-0.0327584
0.0767462
-0.0336398
0.0767726
-0.0347526
-0.0348687
0.0762959
0.0686213
-0.0218158
0.0692539
-0.0233806
0.0698789
-0.0249241
0.0704829
-0.0264359
0.0710443
-0.0278987
0.0715384
-0.0292928
0.0719149
-0.0305875
0.072149
-0.0317386
0.0721202
-0.0327297
0.0718405
-0.0333601
0.0710468
-0.0339589
-0.0334978
0.0696759
0.0660949
0.0666213
0.0671055
0.0675207
0.0678294
0.0679798
0.0679021
0.0675214
0.0667055
0.06546
0.0635054
0.0613114
0.220739
-7.73398e-05
0.220715
2.37984e-05
0.220608
0.000107395
0.220394
0.00021436
0.220117
0.000276768
0.219755
0.000361997
0.219382
0.000373292
0.21898
0.000401277
0.218649
0.000331389
0.218383
0.00026582
0.218265
0.000117738
0.218301
-3.56014e-05
0.218433
-0.000131836
0.218727
-0.000294267
0.218722
4.67381e-06
0.218761
-3.838e-05
0.217697
0.00106364
0.216548
0.00114883
0.213882
0.00266652
0.210792
0.00308959
0.207738
0.00305446
0.203356
0.0043819
0.201824
0.00153164
0.201935
-0.00011127
0.208199
-0.00626395
0.21437
-0.00617037
0.218841
-0.00447133
0.223174
-0.00433334
0.218841
0.00433322
0.00336406
0.210696
-0.000141822
0.210659
6.14779e-05
0.210536
0.000230085
0.210305
0.000445058
0.210011
0.000571577
0.20963
0.000742066
0.209238
0.000765594
0.208821
0.000818525
0.208477
0.000675435
0.208206
0.000536523
0.208097
0.000227047
0.208152
-9.07066e-05
0.20833
-0.000310144
0.20868
-0.000644306
0.208761
-7.57748e-05
0.208871
-0.000148217
0.207879
0.00205552
0.206789
0.00223856
0.204153
0.00530292
0.201096
0.00614587
0.19806
0.00609109
0.193586
0.00885526
0.191858
0.00325943
0.191957
-0.000209384
0.198406
-0.012713
0.204711
-0.0124761
0.209131
-0.00889132
0.213383
-0.00858451
0.208985
0.00873097
0.00692423
0.201329
-0.000187463
0.201266
0.000123972
0.201112
0.000384362
0.200844
0.000713593
0.200505
0.000910533
0.200078
0.00116914
0.199635
0.00120855
0.199173
0.00128056
0.19879
0.00105826
0.1985
0.000826434
0.198397
0.000329485
0.198491
-0.000184747
0.198756
-0.000574429
0.199224
-0.00111237
0.199456
-0.000308434
0.1997
-0.000392112
0.198795
0.00296043
0.197764
0.00327047
0.195082
0.00798402
0.191967
0.00926173
0.188858
0.00919978
0.184057
0.0136559
0.181902
0.00541498
0.181973
-0.000280564
0.188991
-0.0197308
0.195797
-0.0192821
0.200263
-0.0133576
0.204514
-0.0128355
0.199883
0.0133621
0.0109582
0.19257
-0.000209414
0.192473
0.000220743
0.192274
0.000583644
0.19195
0.0010379
0.191545
0.00131553
0.191046
0.00166793
0.190525
0.00172961
0.189992
0.00181307
0.189547
0.00150375
0.189224
0.00114934
0.189124
0.000429849
0.189273
-0.000333828
0.189654
-0.000955559
0.190299
-0.00175728
0.190745
-0.000755164
0.191177
-0.000823367
0.190379
0.00375847
0.189393
0.00425565
0.18662
0.0107572
0.183361
0.0125207
0.180136
0.0124249
0.1748
0.0189924
0.171981
0.0082338
0.171978
-0.000277737
0.179904
-0.0276565
0.187571
-0.0269498
0.192118
-0.0179046
0.196438
-0.0171551
0.191493
0.0183072
0.0157084
0.184362
-0.00020406
0.184223
0.000359247
0.183968
0.000839173
0.183572
0.00143327
0.183082
0.00180583
0.182489
0.00226068
0.181865
0.00235378
0.181238
0.00244041
0.180706
0.0020354
0.180335
0.00152042
0.180229
0.000535625
0.180447
-0.000551392
0.180969
-0.00147802
0.181851
-0.00263958
0.182573
-0.00147696
0.18324
-0.00149031
0.182572
0.0044266
0.181614
0.00521368
0.178721
0.0136507
0.175247
0.0159944
0.171897
0.0157752
0.165856
0.0250329
0.162113
0.0119771
0.161929
-9.39194e-05
0.171018
-0.0367452
0.179953
-0.035885
0.184577
-0.0225292
0.189007
-0.0215844
0.183765
0.023549
0.0213569
0.176656
-0.000168815
0.17647
0.000545509
0.176149
0.00116055
0.175669
0.0019132
0.175076
0.00239887
0.174368
0.00296814
0.173617
0.0031048
0.172871
0.00318671
0.17223
0.00267678
0.171792
0.00195743
0.171671
0.000657062
0.171966
-0.00084675
0.17265
-0.00216195
0.173833
-0.00382216
0.174897
-0.00254061
0.175844
-0.00243741
0.17533
0.00494054
0.174373
0.00617086
0.17134
0.0166828
0.167598
0.0197372
0.164141
0.0192314
0.157281
0.0318937
0.152328
0.0169303
0.151706
0.00052795
0.162041
-0.0470804
0.172716
-0.0465604
0.177472
-0.0272855
0.182073
-0.0261853
0.176636
0.0289867
0.0279994
0.169413
-0.000101798
0.169175
0.000784161
0.168779
0.00155623
0.168203
0.00248963
0.167491
0.00311063
0.166649
0.00380984
0.165749
0.00400554
0.164859
0.00407669
0.164084
0.00345145
0.16356
0.00248154
0.16341
0.000806481
0.163786
-0.00122249
0.164649
-0.00302516
0.166201
-0.00537416
0.167678
-0.00401743
0.16895
-0.00370939
0.168612
0.00527893
0.167624
0.00715864
0.164439
0.019868
0.160389
0.0237871
0.156859
0.0227615
0.149173
0.0395789
0.142693
0.0234112
0.14108
0.00214005
0.152385
-0.0583852
0.165292
-0.0594672
0.170496
-0.0324894
0.175458
-0.0311475
0.169998
0.0344468
0.0356161
0.162598
-1.67382e-06
0.162304
0.00107842
0.161827
0.00203349
0.161143
0.00317298
0.160298
0.00395604
0.159303
0.00480418
0.158231
0.00507805
0.157172
0.00513524
0.15624
0.00438341
0.155604
0.0031176
0.155413
0.000997616
0.155862
-0.0016717
0.156921
-0.00408388
0.158916
-0.00736861
0.160893
-0.00599458
0.162528
-0.00534499
0.162381
0.00542683
0.161326
0.00821334
0.157978
0.0232154
0.153589
0.0281767
0.150019
0.0263309
0.141654
0.0479444
0.133358
0.0317073
0.129847
0.00565101
0.141273
-0.0698108
0.156762
-0.0749564
0.163121
-0.0388485
0.168913
-0.0369399
0.163685
0.0396755
0.0440515
0.156182
0.000127678
0.155828
0.00143229
0.155263
0.00259878
0.154463
0.00397232
0.153471
0.00494855
0.152307
0.00596835
0.151041
0.00634359
0.149789
0.00638699
0.148675
0.00549729
0.1479
0.00389338
0.147651
0.00124635
0.148155
-0.00217596
0.149424
-0.00535297
0.151942
-0.00988632
0.154514
-0.00856668
0.156561
-0.00739179
0.156599
0.00538818
0.155439
0.00937362
0.151926
0.0267289
0.147155
0.0329472
0.143585
0.0299015
0.134826
0.0567034
0.124585
0.0419482
0.118226
0.0120094
0.128464
-0.0800482
0.146405
-0.0928979
0.154776
-0.0472198
0.162122
-0.0442859
0.157489
0.0443087
0.0530236
0.150134
0.000288519
0.14972
0.00184648
0.149062
0.00325638
0.148139
0.00489513
0.146988
0.00610014
0.145638
0.0073183
0.144159
0.00782244
0.142691
0.00785543
0.141369
0.00681876
0.140426
0.0048362
0.140098
0.00157415
0.140626
-0.0027032
0.142119
-0.00684623
0.145248
-0.0130158
0.148524
-0.0118419
0.151034
-0.00990196
0.151231
0.00519074
0.14993
0.0106747
0.146241
0.0304183
0.141046
0.0381418
0.137522
0.0334257
0.128693
0.0655327
0.11669
0.0539507
0.107271
0.0214288
0.115096
-0.0878731
0.134477
-0.112279
0.14527
-0.0580127
0.154837
-0.053853
0.151224
0.0479221
0.0621734
0.144431
0.00047969
0.143956
0.00232147
0.143203
0.00400941
0.142151
0.0059474
0.14083
0.00742065
0.13928
0.00886893
0.137569
0.00953333
0.135862
0.00956161
0.134305
0.00837578
0.133171
0.00597105
0.132737
0.00200749
0.133241
-0.00320663
0.134967
-0.00857231
0.138804
-0.0168528
0.142912
-0.0159505
0.145934
-0.0129239
0.146241
0.00488458
0.144774
0.0121416
0.140867
0.0343254
0.135241
0.0437672
0.131807
0.03686
0.123152
0.0741881
0.109996
0.0671057
0.0983824
0.0330429
0.103181
-0.0926712
0.122201
-0.1313
0.135002
-0.070814
0.147042
-0.0658927
0.144788
0.050176
0.071139
0.13905
0.000698993
0.138515
0.00285686
0.137665
0.00485926
0.136478
0.00713405
0.134982
0.00891747
0.133216
0.0106344
0.131257
0.0114922
0.129294
0.0115252
0.127474
0.010195
0.126126
0.00731925
0.125553
0.00258068
0.12597
-0.00362365
0.127931
-0.0105335
0.132579
-0.0215007
0.137675
-0.0210462
0.141249
-0.0164984
0.141599
0.00453542
0.139947
0.0137935
0.135738
0.0385344
0.129741
0.0497633
0.12641
0.0401913
0.118034
0.0825647
0.104645
0.0804946
0.09225
0.0454375
0.09396
-0.0943812
0.110805
-0.148145
0.124655
-0.0846638
0.138925
-0.0801628
0.138188
0.0509131
0.0796229
0.13397
0.000943932
0.133376
0.00345113
0.13243
0.00580553
0.131106
0.00845833
0.129427
0.0105957
0.127434
0.0126281
0.125214
0.0137116
0.122976
0.0137637
0.120869
0.0123022
0.119291
0.00889643
0.118538
0.00333382
0.11879
-0.0038755
0.120973
-0.0127165
0.126548
-0.0270756
0.132809
-0.0273076
0.136959
-0.0206475
0.137287
0.0042071
0.135415
0.0156649
0.130801
0.0431491
0.124552
0.0560117
0.121284
0.04346
0.1132
0.0906487
0.100456
0.0932386
0.0884196
0.0574735
0.0872644
-0.0932259
0.100839
-0.161719
0.114766
-0.0985916
0.130725
-0.0961209
0.131501
0.0501371
0.087423
0.129171
0.00121172
0.128521
0.0041014
0.12748
0.00684608
0.126017
0.00992164
0.124154
0.0124584
0.12192
0.0148626
0.119432
0.0161996
0.116901
0.0162942
0.114487
0.0147163
0.112669
0.0107148
0.111693
0.00430909
0.111685
-0.00386717
0.114051
-0.0150826
0.120685
-0.0337092
0.128303
-0.0349255
0.133036
-0.0253807
0.133291
0.00395226
0.131133
0.0178226
0.126029
0.0482528
0.119659
0.0623818
0.116365
0.0467545
0.108547
0.0984661
0.0970291
0.104757
0.0859274
0.0685751
0.082345
-0.0896435
0.0923576
-0.171732
0.105636
-0.11187
0.122643
-0.113128
0.124825
0.0479548
0.0944275
0.124632
0.00149935
0.12393
0.00480323
0.122799
0.00797714
0.121198
0.011523
0.119149
0.0145073
0.116662
0.0173491
0.113901
0.0189612
0.111064
0.0191312
0.108329
0.0174508
0.106261
0.0127834
0.105028
0.00554153
0.104651
-0.00349028
0.107129
-0.0175603
0.114936
-0.041516
0.124094
-0.0440836
0.129434
-0.0307203
0.129581
0.00380532
0.127045
0.0203584
0.121412
0.0538856
0.115014
0.0687799
0.111577
0.0501909
0.104024
0.106019
0.0939694
0.114812
0.0840195
0.078525
0.0785904
-0.0842144
0.0852721
-0.178414
0.0974105
-0.124008
0.114835
-0.130553
0.118255
0.0445347
0.100597
0.120334
0.00180355
0.119587
0.00555038
0.118371
0.00919317
0.116635
0.0132587
0.114399
0.0167441
0.111652
0.0200961
0.108614
0.0219992
0.105459
0.0222861
0.1024
0.0205095
0.100072
0.0151116
0.0985572
0.00705596
0.0977165
-0.00264957
0.100181
-0.0200247
0.109156
-0.0504906
0.119991
-0.0549194
0.126032
-0.036761
0.126089
0.00374887
0.123094
0.0233529
0.116937
0.0600428
0.110554
0.0751625
0.106878
0.0538673
0.0996042
0.113293
0.0910302
0.123386
0.0822534
0.0873019
0.0755936
-0.0775546
0.0794295
-0.18225
0.0901389
-0.134717
0.107414
-0.147828
0.111868
0.0400812
0.105941
0.116259
0.00212059
0.115475
0.00633474
0.114182
0.0104865
0.112317
0.0151229
0.109891
0.0191706
0.106878
0.0231089
0.103561
0.025316
0.100082
0.0257651
0.0967046
0.0238873
0.0941019
0.0177143
0.0922941
0.00886378
0.0909617
-0.00131713
0.0931922
-0.0222552
0.103003
-0.0603012
0.115542
-0.0674588
0.122543
-0.0437622
0.12267
0.00362167
0.119214
0.0268091
0.112586
0.0666709
0.106234
0.0815149
0.102258
0.0578432
0.0952786
0.120272
0.0880826
0.130582
0.0804086
0.0949759
0.0730602
-0.0702063
0.0746252
-0.183815
0.0837798
-0.143872
0.100452
-0.1645
0.105719
0.034814
0.110507
0.11239
0.00244627
0.111579
0.00714626
0.110218
0.0118469
0.108233
0.0171078
0.105614
0.0217898
0.102334
0.0263892
0.0987343
0.0289156
0.0949314
0.029568
0.0912505
0.0275683
0.0883467
0.0206181
0.0862504
0.0109601
0.0845142
0.000419049
0.0861416
-0.0238826
0.0959243
-0.070084
0.109965
-0.0814998
0.118442
-0.0522391
0.119069
0.0029952
0.115311
0.0305667
0.108328
0.0736542
0.102015
0.0878277
0.0977236
0.0621346
0.0910488
0.126947
0.0850759
0.136555
0.0783975
0.101654
0.0707857
-0.0625944
0.0706455
-0.183674
0.0782518
-0.151478
0.0939819
-0.18023
0.0998473
0.0289486
0.114357
0.108711
0.0027756
0.107885
0.00797282
0.106471
0.0132611
0.104373
0.0192051
0.101557
0.0246059
0.098011
0.0299355
0.0941225
0.0328041
0.0900036
0.0336869
0.0860416
0.0315303
0.0828008
0.0238588
0.0804429
0.013318
0.0784681
0.00239387
0.0789826
-0.0243971
0.0874186
-0.07852
0.102427
-0.0965083
0.113064
-0.0628757
0.114931
0.00112733
0.111253
0.0342453
0.104115
0.0807923
0.0978716
0.0940708
0.0932873
0.066719
0.0869197
0.133314
0.0820022
0.141472
0.0762048
0.107452
0.0686424
-0.055032
0.067297
-0.182329
0.0734497
-0.157631
0.0880084
-0.194789
0.0942735
0.0226835
0.117564
0.105209
0.0031029
0.104382
0.00879953
0.10293
0.0147126
0.100728
0.0214071
0.0977105
0.0276236
0.0939009
0.0337451
0.0897161
0.0369889
0.0852971
0.0381059
0.0810729
0.0357546
0.0774699
0.0274617
0.0749068
0.0158812
0.0727634
0.00453725
0.0716801
-0.0233138
0.0775545
-0.0843943
0.0926666
-0.11162
0.10596
-0.0761694
0.109933
-0.00284523
0.106893
0.0372849
0.0998898
0.0877957
0.0937831
0.100178
0.0889606
0.0715414
0.0828984
0.139377
0.078874
0.145497
0.0738479
0.112478
0.0665522
-0.0477363
0.0644148
-0.180192
0.0692608
-0.162477
0.0825156
-0.208044
0.0890064
0.0161927
0.120203
0.101866
0.00342374
0.101057
0.00960861
0.0995875
0.0161825
0.097287
0.0237075
0.0940634
0.0308473
0.0899927
0.0378157
0.085506
0.0414757
0.080808
0.0428038
0.0763276
0.0402351
0.0723847
0.0314046
0.069667
0.0185989
0.0671905
0.00701369
0.0643367
-0.02046
0.0672468
-0.0873044
0.0814616
-0.125835
0.0972804
-0.0919881
0.103946
-0.00951098
0.102129
0.039102
0.0956017
0.0943231
0.0897345
0.106045
0.0847527
0.0765233
0.078992
0.145137
0.0757122
0.148776
0.0713571
0.116833
0.0644689
-0.0408481
0.061866
-0.177589
0.065577
-0.166188
0.0774757
-0.219942
0.0840457
0.00962263
0.122348
0.0986633
0.00373433
0.0978923
0.0103796
0.0964255
0.0176493
0.0940325
0.0261006
0.0906015
0.0342782
0.0862704
0.0421469
0.0814829
0.0462631
0.0765254
0.0477613
0.0717854
0.0449751
0.0675881
0.0356019
0.0646967
0.0214903
0.061556
0.0101544
0.0572757
-0.0161797
0.0578329
-0.0878616
0.0702839
-0.138286
0.0877214
-0.109426
0.0971502
-0.0189398
0.0969526
0.0392997
0.0912234
0.100052
0.0857171
0.111551
0.0806697
0.0815707
0.0752067
0.1506
0.0725404
0.151443
0.0687658
0.120607
0.0623683
-0.0344506
0.0595496
-0.17477
0.0623033
-0.168942
0.072855
-0.230494
0.0793842
0.00309344
0.124068
0.0955538
0.00402755
0.0948477
0.0110857
0.0934091
0.0190879
0.0909335
0.0285762
0.0873006
0.037911
0.0827106
0.0467369
0.0776346
0.0513392
0.0724285
0.0529674
0.0674358
0.0499679
0.0631019
0.0399357
0.05991
0.0246822
0.0558433
0.0142211
0.0509099
-0.0112462
0.0502613
-0.087213
0.0604201
-0.148445
0.0781592
-0.127165
0.0899003
-0.0306808
0.0914521
0.0377479
0.0867614
0.104743
0.0817301
0.116582
0.0767157
0.0865852
0.0715488
0.155767
0.0693815
0.15361
0.0661077
0.123881
0.0602419
-0.0285847
0.0573934
-0.171922
0.0593605
-0.170909
0.0686185
-0.239752
0.0750108
-0.00329885
0.125426
0.0924531
0.00429926
0.0918469
0.0116919
0.0904697
0.0204652
0.0879354
0.0311104
0.0841195
0.041727
0.0792813
0.0515751
0.0739413
0.0566792
0.0684895
0.0584192
0.0632819
0.0551754
0.0589003
0.0443173
0.0552032
0.0283793
0.0502154
0.0192089
0.0455062
-0.00653699
0.0446865
-0.0863933
0.0524377
-0.156196
0.069266
-0.143993
0.0825735
-0.0439882
0.085771
0.0345504
0.0822509
0.108263
0.0777833
0.12105
0.0728938
0.0914747
0.0680231
0.160638
0.0662571
0.155376
0.0634145
0.126724
0.058092
-0.0232622
0.0553484
-0.169178
0.0566853
-0.172246
0.0647317
-0.247799
0.0709114
-0.00947861
0.12648
0.0892275
0.00454191
0.0887606
0.0121588
0.0874936
0.0217322
0.0849512
0.0336528
0.0809947
0.0456835
0.0759392
0.0566305
0.0703722
0.0622462
0.0646805
0.0641108
0.0593306
0.0605253
0.0549116
0.0487363
0.0505253
0.0327657
0.0448965
0.0248377
0.0411049
-0.00274537
0.0407164
-0.0860048
0.0462901
-0.16177
0.0613991
-0.159102
0.0754718
-0.0580609
0.0800621
0.0299601
0.0777432
0.110582
0.073894
0.124899
0.0692069
0.0961618
0.0646316
0.165213
0.0631864
0.156821
0.0607158
0.129194
0.0559282
-0.0184746
0.0533817
-0.166631
0.0542272
-0.173091
0.0611618
-0.254733
0.0670708
-0.0153877
0.12728
0.0856692
0.00471121
0.0853937
0.0124343
0.084315
0.022811
0.0818572
0.0361105
0.0778395
0.0497013
0.07263
0.0618401
0.0668861
0.0679901
0.0609791
0.0700178
0.0555775
0.0659269
0.0510542
0.0532596
0.0458889
0.037931
0.0400803
0.0306462
0.0376062
-0.000271256
0.0378471
-0.0862457
0.041652
-0.165575
0.0546655
-0.172116
0.0687914
-0.0721868
0.0744591
0.0242924
0.073294
0.111747
0.0700833
0.12811
0.0656576
0.100587
0.0613745
0.169496
0.0601854
0.15801
0.0580378
0.131342
0.0537634
-0.0142003
0.0514717
-0.16434
0.0519463
-0.173566
0.0578773
-0.260664
0.0634728
-0.0209831
0.12787
0.0814877
0.00475902
0.081478
0.012444
0.0807125
0.0235765
0.0784928
0.0383303
0.0745464
0.0536476
0.0692885
0.067098
0.0634357
0.0738429
0.0573684
0.0760851
0.0520014
0.0712939
0.0472637
0.0579974
0.0413599
0.0438348
0.0358856
0.0361205
0.0348748
0.000739464
0.0356891
-0.08706
0.0381471
-0.168033
0.0490051
-0.182974
0.0626362
-0.085818
0.0690644
0.0178642
0.0689543
0.111857
0.0663725
0.130692
0.0622484
0.104711
0.0582517
0.173493
0.0572668
0.158995
0.0554022
0.133207
0.0516119
-0.01041
0.0496052
-0.162333
0.0498106
-0.173771
0.054848
-0.265702
0.060101
-0.0262361
0.12829
0.0763747
0.00468027
0.0766938
0.0121249
0.0764242
0.0238461
0.0746679
0.0400866
0.0709944
0.0573211
0.0658467
0.0722457
0.0599776
0.0797119
0.0538364
0.0822264
0.0485702
0.0765601
0.0435067
0.0630609
0.0370229
0.0503185
0.0323547
0.0407887
0.0327829
0.00031123
0.0339949
-0.0882719
0.0354399
-0.169478
0.0442764
-0.19181
0.0570394
-0.098581
0.0639481
0.0109556
0.0647666
0.111039
0.062781
0.132677
0.0589817
0.108511
0.0552632
0.177211
0.0544406
0.159818
0.052826
0.134821
0.0494877
-0.00707165
0.0477754
-0.160621
0.0477951
-0.173791
0.0520465
-0.269953
0.0569392
-0.0311288
0.128573
0.069997
0.00435915
0.0707241
0.0113978
0.0712125
0.0233578
0.07021
0.0410891
0.0670607
0.0604704
0.0622185
0.0770879
0.0564478
0.0854826
0.0503541
0.0883201
0.0452452
0.081669
0.0397778
0.0685284
0.0329513
0.0571451
0.0294504
0.0442896
0.0312205
-0.00145888
0.0326123
-0.0896637
0.0332648
-0.17013
0.040312
-0.198857
0.0519943
-0.110263
0.0591567
0.00379318
0.0607619
0.109433
0.0593249
0.134114
0.0558568
0.111979
0.0524061
0.180662
0.0517134
0.160511
0.0503231
0.136212
0.0474046
-0.00415317
0.0459797
-0.159196
0.045879
-0.17369
0.0494489
-0.273523
0.0539718
-0.0356517
0.128745
0.0617693
0.00390129
0.0633748
0.00979223
0.0650594
0.0216732
0.0651392
0.0410093
0.0627699
0.0628397
0.0584979
0.0813599
0.0530192
0.0909612
0.0470776
0.0942618
0.042075
0.0866716
0.0361089
0.0744944
0.0292057
0.0640483
0.0270859
0.0464093
0.0300486
-0.00442158
0.0314204
-0.0910355
0.0314014
-0.170111
0.0369113
-0.204367
0.0475128
-0.120865
0.0547481
-0.00344209
0.0569732
0.107208
0.0560177
0.13507
0.0528849
0.115112
0.0496878
0.183859
0.0490929
0.161105
0.0479099
0.137395
0.0453767
-0.00162002
0.0442297
-0.158049
0.0440284
-0.173489
0.0470375
-0.276532
0.051184
-0.0397983
0.128829
0.0301789
0.00211301
0.0310373
0.00893377
0.0306939
0.0220166
0.0286142
0.043089
0.0251228
0.0663311
0.0214475
0.0850352
0.0182545
0.0941542
0.0159805
0.0965358
0.0149305
0.0877216
0.0130802
0.0763447
0.0111901
0.0659383
0.0143296
0.0432698
0.0222074
-0.0122994
0.0286784
-0.0975065
0.0312299
-0.172663
0.0316584
-0.204796
0.0317601
-0.120967
0.0309573
-0.00263927
0.0301187
0.108047
0.0302531
0.134935
0.0284927
0.116872
0.0268286
0.185523
0.0280412
0.159893
0.0299201
0.135516
0.0313971
-0.00309706
0.0319563
-0.158608
0.0320446
-0.173577
0.0331602
-0.277648
0.0351535
-0.0417917
0.128279
0.0284317
0.000496886
0.0298062
0.0075592
0.0300489
0.0217739
0.0283482
0.0447897
0.0249595
0.0697198
0.0212615
0.0887332
0.0180371
0.0973786
0.0158167
0.0987562
0.0146461
0.0888922
0.012383
0.0786078
0.01082
0.0675014
0.0149814
0.0391084
0.023227
-0.0205449
0.0292678
-0.103547
0.0313339
-0.174729
0.0315387
-0.205001
0.0316357
-0.121064
0.0310708
-0.0020744
0.0305118
0.108606
0.030651
0.134796
0.0288703
0.118653
0.0272659
0.187128
0.0284529
0.158706
0.0302679
0.133701
0.0316811
-0.00451027
0.0322426
-0.15917
0.0322875
-0.173622
0.0332362
-0.278596
0.0351059
-0.0436614
0.127768
0.0266856
-0.00120443
0.0283812
0.00586363
0.0291167
0.0210384
0.027913
0.0459935
0.0248298
0.072803
0.0212541
0.0923089
0.01805
0.100583
0.0158547
0.100951
0.0144311
0.0903158
0.0117166
0.0813222
0.0106068
0.0686112
0.0157696
0.0339456
0.0241938
-0.0289692
0.0297362
-0.10909
0.0313335
-0.176326
0.031385
-0.205052
0.0314899
-0.121168
0.0311457
-0.00173019
0.0308841
0.108868
0.0310558
0.134624
0.0292521
0.120457
0.0276875
0.188692
0.028857
0.157536
0.0306033
0.131955
0.0319542
-0.00586126
0.0325161
-0.159731
0.0325249
-0.173631
0.0333147
-0.279386
0.035064
-0.0454107
0.127301
0.0249226
-0.00319272
0.0268955
0.00389075
0.0280081
0.0199258
0.0272758
0.0467257
0.0245635
0.0755153
0.0211786
0.0956938
0.0180404
0.103721
0.0158536
0.103138
0.0140823
0.0920871
0.0109726
0.0844319
0.0104785
0.0691053
0.0165792
0.0278449
0.025046
-0.0374359
0.0301185
-0.114162
0.0312773
-0.177485
0.0311873
-0.204962
0.0313296
-0.121311
0.0312158
-0.00161641
0.0312342
0.108849
0.0314381
0.13442
0.0296209
0.122274
0.0280955
0.190218
0.0292372
0.156395
0.0309133
0.130278
0.0322093
-0.00715725
0.0327765
-0.160299
0.0327555
-0.17361
0.0333964
-0.280027
0.0350258
-0.0470401
0.12688
0.0231869
-0.00556696
0.0253772
0.00170046
0.0267545
0.0185484
0.0264115
0.0470688
0.0240714
0.0778554
0.0209001
0.098865
0.0178544
0.106767
0.0156658
0.105327
0.0135142
0.0942388
0.0101366
0.0878095
0.0104219
0.0688199
0.0173715
0.0208953
0.0257853
-0.0458497
0.0304227
-0.1188
0.0311697
-0.178232
0.0309404
-0.204733
0.0311393
-0.12151
0.0312643
-0.00174146
0.0315531
0.10856
0.0317891
0.134184
0.0299715
0.124091
0.0284857
0.191704
0.0295899
0.15529
0.0311951
0.128673
0.0324466
-0.00840874
0.0330237
-0.160876
0.0329787
-0.173565
0.0334806
-0.280529
0.0349906
-0.0485501
0.126508
0.0215079
-0.00826713
0.0238512
-0.000642853
0.0253843
0.0170154
0.0253479
0.0471051
0.023378
0.0798254
0.020453
0.10179
0.0175322
0.109687
0.0153209
0.107538
0.0127579
0.0968018
0.00927213
0.0912953
0.0104629
0.0676291
0.018129
0.0132293
0.026419
-0.0541397
0.0306572
-0.123038
0.0310165
-0.178591
0.0306421
-0.204358
0.0309077
-0.121775
0.0312829
-0.00211664
0.0318399
0.108003
0.0321107
0.133914
0.030303
0.125899
0.028857
0.19315
0.0299145
0.154233
0.0314497
0.127138
0.0326677
-0.00962672
0.0332578
-0.161466
0.0331939
-0.173501
0.0335666
-0.280902
0.034958
-0.0499415
0.126184
0.0199528
-0.0111969
0.0223151
-0.00300514
0.0239271
0.0154034
0.0241161
0.0469161
0.0225066
0.0814349
0.0198605
0.104436
0.0170976
0.11245
0.0148337
0.109802
0.0118417
0.0997937
0.00843909
0.094698
0.0106199
0.0654483
0.01884
0.00500923
0.0269571
-0.0622568
0.0308299
-0.126911
0.0308234
-0.178585
0.0302943
-0.203829
0.0306329
-0.122114
0.0312679
-0.00275162
0.0320957
0.107175
0.0324051
0.133604
0.0306156
0.127689
0.0292089
0.194556
0.0302114
0.15323
0.0316788
0.125671
0.0328737
-0.0108217
0.0334784
-0.16207
0.0334006
-0.173423
0.0336538
-0.281155
0.0349275
-0.0512152
0.125909
0.0184651
-0.0141884
0.0208201
-0.00536019
0.0223989
0.0138246
0.0227385
0.0465765
0.0214688
0.0827046
0.0191257
0.106779
0.016547
0.115029
0.014197
0.112152
0.0107899
0.103201
0.00768622
0.0978017
0.0109008
0.0622338
0.0195062
-0.00359623
0.0274125
-0.0701631
0.0309488
-0.130447
0.0305965
-0.178233
0.0299004
-0.203133
0.0303135
-0.122527
0.0312191
-0.00365718
0.0323208
0.106074
0.0326732
0.133252
0.0309087
0.129453
0.0295408
0.195924
0.0304809
0.15229
0.031884
0.124268
0.0330658
-0.0120036
0.0336855
-0.16269
0.0335983
-0.173336
0.0337414
-0.281298
0.0348988
-0.0523725
0.125685
0.0170333
-0.0171273
0.019311
-0.00763796
0.0207988
0.0123368
0.0212312
0.0461441
0.020277
0.0836589
0.0182558
0.1088
0.0158785
0.117406
0.013409
0.114622
0.00964084
0.106969
0.00706019
0.100382
0.0113178
0.0579761
0.0201339
-0.0124123
0.0277994
-0.0778286
0.0310213
-0.133669
0.0303422
-0.177553
0.0294652
-0.202256
0.0299497
-0.123011
0.0311368
-0.0048443
0.0325151
0.104695
0.0329153
0.132852
0.031182
0.131186
0.0298515
0.197255
0.0307231
0.151419
0.0320671
0.122924
0.0332451
-0.0131815
0.0338789
-0.163324
0.0337863
-0.173243
0.0338291
-0.281341
0.0348715
-0.053415
0.12551
0.0155971
-0.0199362
0.0177447
-0.00978554
0.0191177
0.0109638
0.0196063
0.0456555
0.0189468
0.0843184
0.0172643
0.110483
0.0150964
0.119574
0.0124793
0.117239
0.00844985
0.110998
0.00660752
0.102225
0.0118711
0.0527126
0.0207423
-0.0212835
0.0281301
-0.0852164
0.0310542
-0.136593
0.0300673
-0.176567
0.028995
-0.201184
0.0295441
-0.12356
0.0310205
-0.00632071
0.0326788
0.103037
0.0331318
0.132399
0.0314351
0.132883
0.0301399
0.19855
0.0309383
0.15062
0.0322301
0.121632
0.0334123
-0.0143638
0.0340584
-0.16397
0.033964
-0.173149
0.0339161
-0.281293
0.0348454
-0.0543443
0.125385
0.0140924
-0.0225627
0.0160862
-0.0117794
0.0173451
0.00970497
0.0178752
0.0451254
0.017505
0.0846885
0.0161681
0.11182
0.0142086
0.121534
0.0114273
0.12002
0.00728389
0.115142
0.00637207
0.103136
0.0125564
0.0465283
0.0213461
-0.0300732
0.0284147
-0.0922851
0.0310535
-0.139232
0.0297787
-0.175292
0.0284968
-0.199902
0.0291006
-0.124164
0.0308707
-0.00809077
0.0328124
0.101095
0.0333233
0.131888
0.0316679
0.134538
0.0304048
0.199813
0.031127
0.149898
0.0323749
0.120384
0.0335685
-0.0155573
0.034224
-0.164626
0.0341311
-0.173056
0.0340019
-0.281164
0.0348201
-0.0551626
0.125309
0.0124692
-0.024969
0.0143052
-0.0136153
0.0154717
0.00853839
0.0160633
0.0445338
0.0159763
0.0847755
0.0149853
0.112811
0.0132263
0.123293
0.0102822
0.122964
0.00621514
0.119209
0.00639042
0.102961
0.0133633
0.0395553
0.0219547
-0.0386646
0.0286607
-0.0989911
0.0310241
-0.141595
0.029483
-0.173751
0.0279788
-0.198398
0.0286227
-0.124808
0.0306889
-0.010157
0.0329165
0.0988679
0.0334908
0.131313
0.0318804
0.136149
0.0306451
0.201048
0.0312897
0.149253
0.0325037
0.11917
0.0337142
-0.0167678
0.0343754
-0.165287
0.034287
-0.172968
0.0340859
-0.280962
0.0347953
-0.055872
0.125283
0.010697
-0.0271211
0.0123824
-0.0153007
0.013494
0.00742683
0.0141861
0.0438417
0.01438
0.0845816
0.0137347
0.113456
0.0121645
0.124863
0.00908295
0.126046
0.00531358
0.122978
0.00668428
0.10159
0.0142751
0.0319645
0.0225719
-0.0469614
0.0288737
-0.105293
0.0309701
-0.143692
0.0291869
-0.171967
0.0274499
-0.196661
0.0281146
-0.125473
0.0304783
-0.0125207
0.032992
0.0963541
0.0336352
0.13067
0.0320728
0.137711
0.0308599
0.202261
0.0314274
0.148686
0.0326181
0.117979
0.0338502
-0.0179999
0.0345127
-0.165949
0.0344313
-0.172886
0.0341676
-0.280699
0.0347707
-0.0564751
0.125304
0.0087703
-0.0289902
0.0103152
-0.0168456
0.0114198
0.00632226
0.0122555
0.0430059
0.0127367
0.0841004
0.0124363
0.113757
0.0110435
0.126256
0.00787893
0.12921
0.00464018
0.126217
0.0072541
0.0989766
0.0152692
0.0239495
0.0231963
-0.0548885
0.0290577
-0.111154
0.0308954
-0.145529
0.0288963
-0.169968
0.0269194
-0.194684
0.0275841
-0.126137
0.0302394
-0.015176
0.03304
0.0935535
0.0337579
0.129952
0.0322451
0.139224
0.0310482
0.203458
0.0315408
0.148193
0.0327201
0.1168
0.0339767
-0.0192565
0.0346358
-0.166608
0.0345637
-0.172814
0.0342464
-0.280381
0.0347459
-0.0569746
0.125373
0.00670144
-0.0305495
0.00811827
-0.0182624
0.00926903
0.00517149
0.0102869
0.0419881
0.0110688
0.0833185
0.0111123
0.113713
0.0098891
0.127479
0.00672875
0.13237
0.00424257
0.128703
0.00807782
0.0951413
0.0163204
0.0157069
0.0238228
-0.0623909
0.0292157
-0.116547
0.0308029
-0.147116
0.0286166
-0.167782
0.0263964
-0.192464
0.0270365
-0.126778
0.0299758
-0.0181152
0.0330614
0.0904678
0.0338602
0.129153
0.0323975
0.140687
0.0312092
0.204647
0.0316315
0.147771
0.0328112
0.11562
0.0340942
-0.0205396
0.0347446
-0.167259
0.0346838
-0.172753
0.0343219
-0.28002
0.0347207
-0.0573734
0.125489
0.00452228
-0.0317761
0.00582358
-0.0195637
0.00706197
0.0039331
0.00829944
0.0407506
0.00939913
0.0822188
0.00978489
0.113327
0.00873303
0.128531
0.00569841
0.135405
0.00415321
0.130248
0.00911546
0.0901791
0.0174052
0.00741714
0.0244452
-0.0694309
0.0293498
-0.121452
0.0306951
-0.148462
0.0283517
-0.165439
0.0258899
-0.190002
0.026479
-0.127367
0.0296905
-0.0213267
0.0330573
0.0871009
0.0339439
0.128267
0.0325304
0.1421
0.0313424
0.205835
0.0317008
0.147413
0.0328928
0.114428
0.0342026
-0.0218494
0.0348392
-0.167895
0.0347916
-0.172706
0.0343935
-0.279621
0.0346947
-0.0576746
0.125651
0.0022833
-0.0326564
0.00347683
-0.0207572
0.00482532
0.00258461
0.00631572
0.0392602
0.00775056
0.080784
0.00847716
0.112601
0.00761214
0.129396
0.00485674
0.138161
0.00438917
0.130716
0.0103187
0.0842495
0.0185021
-0.000766252
0.0250567
-0.0759855
0.0294617
-0.125857
0.0305739
-0.149574
0.0281048
-0.16297
0.0254081
-0.187305
0.0259197
-0.127878
0.0293859
-0.0247929
0.0330288
0.083458
0.0340105
0.127285
0.0326439
0.143467
0.0314477
0.207031
0.0317503
0.14711
0.0329662
0.113212
0.0343019
-0.023185
0.0349195
-0.168513
0.0348868
-0.172673
0.0344608
-0.279195
0.0346676
-0.0578814
0.125857
7.44762e-05
-0.033209
0.00112882
-0.0218116
0.00259273
0.0011207
0.00436068
0.0374923
0.00614466
0.079
0.00721245
0.111533
0.00656754
0.130041
0.00426785
0.14046
0.00495152
0.130032
0.011639
0.077562
0.0195944
-0.00872159
0.0256516
-0.0820427
0.0295524
-0.129758
0.0304408
-0.150462
0.0278772
-0.160406
0.0249577
-0.184386
0.025366
-0.128287
0.0290653
-0.0284922
0.032977
0.0795463
0.0340616
0.126201
0.0327382
0.14479
0.0315252
0.208244
0.031782
0.146853
0.0330324
0.111962
0.0343919
-0.0245445
0.0349856
-0.169107
0.0349695
-0.172657
0.0345233
-0.278749
0.0346392
-0.0579973
0.126108
-0.00215181
-0.0333296
-0.00116889
-0.0227945
0.000408786
-0.00045698
0.00246132
0.0354397
0.00460199
0.0768593
0.00601551
0.110119
0.00564325
0.130413
0.00398245
0.142121
0.00582531
0.128189
0.0130304
0.0703569
0.0206775
-0.0163687
0.0262247
-0.08759
0.0296228
-0.133156
0.0302965
-0.151136
0.027669
-0.157778
0.0245443
-0.181261
0.0248255
-0.128568
0.0287314
-0.0323981
0.032903
0.0753747
0.0340988
0.125005
0.0328139
0.146075
0.0315758
0.209482
0.0317978
0.146631
0.0330921
0.110668
0.0344722
-0.0259247
0.0350378
-0.169672
0.0350397
-0.172659
0.0345806
0.034609
-0.00417503
-0.00334324
-0.00172134
0.000651833
0.00314302
0.00491315
0.00488497
0.00403177
0.00698063
0.01446
0.0217414
0.0267717
0.0296729
0.0301414
0.0274791
0.0241714
0.0243055
0.0283872
0.0328079
0.0341231
0.0328714
0.0316007
0.0317996
0.0331458
0.0345425
0.0350762
)
;

boundaryField
{
    inlet
    {
        type            calculated;
        value           nonuniform 0();
    }
    outlet
    {
        type            calculated;
        value           nonuniform List<scalar> 
49
(
0.0357036
0.0356168
0.0355309
0.0354463
0.0353633
0.0352818
0.0352018
0.0351234
0.0350463
0.0349704
0.0348958
0.034822
0.0347491
0.0346768
0.0346048
0.034533
0.0344612
0.0343891
0.0343165
0.215477
0.205425
0.195849
0.186743
0.178116
0.169993
0.162381
0.155249
0.148517
0.142074
0.135823
0.129704
0.123701
0.117821
0.112086
0.106523
0.101154
0.0959975
0.0910665
0.086367
0.0819005
0.0776642
0.0736526
0.0698579
0.066271
0.0628822
0.059681
0.056657
0.0537998
0.0511001
)
;
    }
    cylinder
    {
        type            calculated;
        value           uniform 0;
    }
    top
    {
        type            symmetryPlane;
        value           nonuniform 0();
    }
    bottom
    {
        type            symmetryPlane;
        value           uniform 0;
    }
    defaultFaces
    {
        type            empty;
        value           nonuniform 0();
    }
    procBoundary1to0
    {
        type            processor;
        value           nonuniform List<scalar> 
50
(
-0.0898156
-0.0212795
-0.0818892
-0.0208717
-0.0718643
-0.0451763
-0.0189685
-0.0580608
-0.010694
-0.0272823
-0.00591271
-0.0126016
-0.00250813
-0.00363772
-0.000736122
-0.000584705
0.000809841
-5.42793e-05
0.000905238
-0.204569
-0.195247
-0.186531
-0.178361
-0.170685
-0.16346
-0.156648
-0.150216
-0.144134
-0.138378
-0.132922
0.00888841
-0.127031
-0.122121
-0.117453
-0.11301
-0.108778
-0.104743
-0.100892
-0.0972138
-0.0936963
-0.0903303
-0.0871071
-0.0840197
-0.081063
-0.0782356
-0.075533
-0.0729442
-0.0704448
-0.0679897
-0.0655445
)
;
    }
    procBoundary1to3
    {
        type            processor;
        value           nonuniform List<scalar> 
41
(
-0.00225762
-0.00573808
-0.00848773
-0.0105348
-0.0120579
-0.0133068
-0.014494
-0.015717
-0.0169264
-0.0178983
-0.0330904
-0.0236263
-0.00207889
0.0330666
0.0743682
0.108349
0.130441
0.142974
0.125241
0.0628776
-0.0236501
-0.0926202
-0.136057
-0.151604
-0.155116
-0.177953
-0.128702
-0.0364798
0.070954
0.12369
0.147327
0.210753
0.146432
0.109322
-0.0273214
-0.170206
-0.17268
-0.27829
-0.0580257
0.1264
0.0350976
)
;
    }
}


// ************************************************************************* //
