/*--------------------------------*- C++ -*----------------------------------*\
  =========                 |
  \\      /  F ield         | OpenFOAM: The Open Source CFD Toolbox
   \\    /   O peration     | Website:  https://openfoam.org
    \\  /    A nd           | Version:  7
     \\/     M anipulation  |
\*---------------------------------------------------------------------------*/
FoamFile
{
    version     2.0;
    format      ascii;
    class       volVectorField;
    location    "325";
    object      U;
}
// * * * * * * * * * * * * * * * * * * * * * * * * * * * * * * * * * * * * * //

dimensions      [0 1 -1 0 0 0 0];

internalField   nonuniform List<vector> 
2125
(
(-0.0122915 0.0102965 -9.25218e-20)
(-0.010022 0.00807017 3.34284e-20)
(0.0102921 0.00763442 3.60133e-20)
(-0.00709508 0.00579528 -2.26003e-20)
(0.0231871 0.00214574 -1.68491e-20)
(-0.00338155 0.00349553 4.7051e-20)
(0.0387829 -0.00319863 -1.32182e-20)
(0.134268 -0.0097699 -7.83862e-21)
(0.00126061 0.0011981 -1.73658e-20)
(0.0573576 -0.00820306 -1.02903e-19)
(0.171794 -0.0139452 1.07789e-20)
(0.342267 -0.0141546 3.71292e-20)
(0.00697558 -0.00105755 -1.89178e-20)
(0.0791474 -0.0126554 3.65823e-20)
(0.214358 -0.0165751 4.75947e-20)
(0.407273 -0.011606 -3.4302e-20)
(0.640347 0.0055208 1.26982e-20)
(0.87638 0.0312824 -7.76986e-20)
(0.0138992 -0.00321314 -2.43336e-20)
(0.104323 -0.016317 -8.12303e-21)
(0.261827 -0.0172573 -8.60472e-20)
(0.476693 -0.00594756 -1.34541e-20)
(0.722754 0.0187215 -1.49985e-21)
(0.955825 0.049825 4.60404e-21)
(1.13729 0.0775407 8.13997e-21)
(0.0221494 -0.0051881 -6.30113e-21)
(0.132971 -0.0189187 2.98581e-20)
(0.313857 -0.0156003 4.20103e-20)
(0.549222 0.00306482 2.62666e-20)
(0.803559 0.0350614 -7.84296e-21)
(1.0284 0.07023 -6.37154e-21)
(1.19083 0.0983093 6.30623e-20)
(1.28607 0.114822 8.11752e-21)
(0.0318178 -0.0068791 6.02907e-20)
(0.165074 -0.0201625 3.91999e-20)
(0.369886 -0.0112403 -3.96935e-20)
(0.623352 0.0155292 -7.89919e-21)
(0.880904 0.0542161 4.05438e-21)
(1.09317 0.0920629 -1.48955e-20)
(1.23523 0.119329 -3.2214e-20)
(1.31088 0.133503 -5.40905e-21)
(1.33856 0.137443 4.39617e-22)
(1.33903 0.131348 1.26224e-20)
(0.0429633 -0.00816234 7.28155e-21)
(0.2005 -0.0197306 -2.13211e-20)
(0.429143 -0.00386554 5.04416e-20)
(0.697493 0.0314039 3.2862e-20)
(0.953286 0.0758079 8.94157e-22)
(1.14971 0.114945 2.32253e-20)
(1.27113 0.140399 3.46221e-21)
(1.32894 0.151751 -2.40953e-20)
(1.3447 0.152751 2.00623e-20)
(1.33882 0.145358 1.12166e-23)
(0.0556063 -0.00889782 -4.9417e-20)
(0.238992 -0.0173007 -1.45807e-20)
(0.490683 0.00675821 -1.32363e-20)
(0.770102 0.0505306 -2.29756e-20)
(1.01961 0.0994492 5.30177e-21)
(1.198 0.138559 1.17837e-22)
(1.29933 0.161385 1.76089e-20)
(1.34131 0.169593 -2.83318e-21)
(1.3473 0.167696 -2.06793e-20)
(1.33657 0.159063 -1.89118e-20)
(0.0697242 -0.00893489 3.99021e-21)
(0.28017 -0.0125642 2.34979e-20)
(0.553433 0.0207678 1.13486e-20)
(0.839784 0.0726641 -3.55466e-20)
(1.07915 0.124768 -1.81841e-21)
(1.23832 0.162652 -1.51791e-20)
(1.3207 0.182206 3.92073e-22)
(1.34893 0.187073 7.09522e-21)
(1.34709 0.182367 -7.74079e-21)
(1.33273 0.172545 2.14021e-20)
(0.0852489 -0.00811868 9.31877e-21)
(0.32353 -0.00524738 -2.29102e-20)
(0.616256 0.0381942 -5.41306e-20)
(0.905362 0.0975023 4.98542e-20)
(1.13155 0.15142 -3.72114e-21)
(1.27113 0.187019 1.10121e-20)
(1.33607 0.202816 -1.48788e-21)
(1.35261 0.204242 1.04246e-20)
(1.3446 0.196835 -8.06305e-22)
(1.32756 0.185857 -1.65666e-20)
(0.102065 -0.00629708 -1.89341e-20)
(0.368467 0.00487008 2.97104e-20)
(0.678016 0.0589648 2.46048e-20)
(0.965907 0.12471 -3.54259e-20)
(1.17669 0.179092 -5.83926e-21)
(1.29698 0.2115 2.24278e-21)
(1.34622 0.223192 2.22413e-20)
(1.35299 0.221146 1.10805e-21)
(1.34022 0.211151 4.25551e-21)
(1.32127 0.199026 -9.16276e-21)
(0.120011 -0.00332783 1.43601e-20)
(0.414291 0.0179387 -1.2939e-20)
(0.737633 0.0829144 -1.09813e-20)
(1.02074 0.153937 1.88584e-20)
(1.21467 0.207504 6.5219e-21)
(1.31647 0.235966 4.90099e-21)
(1.35183 0.243319 -2.26222e-20)
(1.3506 0.237816 -7.6901e-21)
(1.33425 0.225342 -6.85047e-21)
(1.31396 0.212054 3.01485e-21)
(0.138881 0.000914215 -7.11143e-21)
(0.460257 0.0340289 -1.6491e-22)
(0.794136 0.1098 2.07716e-20)
(1.06939 0.184825 -7.63265e-21)
(1.2457 0.2364 -3.35043e-21)
(1.33018 0.260307 -2.2075e-21)
(1.35351 0.263182 5.45711e-21)
(1.34582 0.254271 9.38866e-21)
(1.32688 0.239412 -2.96631e-22)
(1.3057 0.224923 3.37867e-21)
(0.158429 0.00653041 5.00578e-21)
(0.505596 0.0531254 -1.40437e-21)
(0.846684 0.139316 -3.70988e-21)
(1.11159 0.217023 -3.35841e-21)
(1.27011 0.265549 3.02173e-21)
(1.33866 0.284428 2.34926e-21)
(1.35173 0.282761 -2.16406e-21)
(1.33898 0.270508 7.80494e-22)
(1.31822 0.253343 1.09023e-21)
(1.29654 0.237599 -1.43895e-21)
(0.178378 0.0135923 2.66582e-21)
(0.549545 0.0751283 7.62619e-22)
(0.894587 0.171111 -4.56519e-21)
(1.14724 0.250179 -3.63956e-21)
(1.28825 0.294734 3.79096e-21)
(1.34244 0.308237 7.4016e-22)
(1.3469 0.302025 -1.72033e-21)
(1.33028 0.286505 1.61517e-21)
(1.30837 0.267097 8.96913e-22)
(1.28649 0.250037 -1.02388e-21)
(0.198423 0.022137 -1.04841e-21)
(0.591374 0.0998568 2.12662e-21)
(0.937303 0.2048 1.40198e-20)
(1.17633 0.283954 -6.21234e-21)
(1.30052 0.323754 -3.05805e-21)
(1.34195 0.331641 -3.43442e-21)
(1.33935 0.320927 7.02168e-21)
(1.31989 0.302221 4.68818e-21)
(1.29737 0.280614 3.73469e-21)
(1.27558 0.26218 2.01871e-21)
(0.218246 0.032164 2.1243e-20)
(0.630413 0.127058 -1.16939e-20)
(0.974433 0.239973 -1.33567e-20)
(1.19898 0.318014 1.80982e-20)
(1.30729 0.352414 9.49702e-21)
(1.33759 0.354546 -6.32025e-22)
(1.32934 0.339408 -1.16892e-20)
(1.30793 0.317594 -8.42636e-21)
(1.28526 0.29382 -8.73826e-21)
(1.26382 0.273961 5.172e-21)
(0.237521 0.0436334 -2.86977e-20)
(0.666063 0.156416 2.69799e-20)
(1.00571 0.276207 3.0972e-20)
(1.21537 0.352034 -3.05213e-20)
(1.30896 0.380524 -1.05746e-20)
(1.32972 0.376849 6.76027e-21)
(1.31707 0.357395 1.22872e-20)
(1.29446 0.332549 1.92309e-21)
(1.27204 0.306621 -3.30214e-22)
(1.25117 0.285296 -7.03952e-21)
(0.255927 0.0564664 -4.08182e-21)
(0.697814 0.187562 -3.78271e-20)
(1.03099 0.313072 -4.04886e-20)
(1.22571 0.385699 4.53381e-20)
(1.30587 0.4079 -5.13854e-21)
(1.31862 0.39844 9.40526e-21)
(1.30271 0.374803 1.84774e-21)
(1.27956 0.347005 -5.23185e-21)
(1.25769 0.318933 2.80527e-21)
(1.23753 0.296105 -3.77225e-22)
(0.273151 0.0705471 8.31351e-21)
(0.725249 0.220087 2.33545e-20)
(1.05021 0.350135 1.32668e-20)
(1.23027 0.418704 -1.04442e-20)
(1.29838 0.434355 -1.61172e-20)
(1.30456 0.4192 -1.50556e-20)
(1.2864 0.391533 -3.03712e-21)
(1.26327 0.360883 8.04012e-21)
(1.24222 0.330716 -1.69791e-21)
(1.22273 0.306348 3.8983e-21)
(0.288904 0.0857254 -3.12475e-20)
(0.748052 0.253556 -2.9216e-20)
(1.06341 0.386966 -4.58574e-21)
(1.22934 0.450755 -5.20408e-21)
(1.28682 0.459708 -1.18123e-20)
(1.28778 0.439 7.25171e-21)
(1.26826 0.407472 -1.31822e-21)
(1.24564 0.374078 -7.06832e-21)
(1.22571 0.341974 6.39884e-21)
(1.20686 0.316015 -9.23344e-21)
(0.302925 0.10182 7.55333e-21)
(0.766004 0.287513 2.47185e-20)
(1.07071 0.423147 2.14206e-20)
(1.22323 0.481565 2.32858e-20)
(1.27148 0.483776 5.10529e-22)
(1.26846 0.457712 2.0345e-20)
(1.24836 0.422503 1.32854e-21)
(1.22669 0.386441 -2.39993e-20)
(1.20817 0.352606 1.7199e-20)
(1.1903 0.32493 6.35321e-21)
(0.314985 0.118623 2.01754e-20)
(0.778976 0.321502 4.49584e-20)
(1.07227 0.45827 -5.9895e-21)
(1.21225 0.510859 -2.92435e-20)
(1.25266 0.506381 1.32196e-20)
(1.24679 0.475203 -1.37672e-20)
(1.22682 0.436518 -1.83486e-20)
(1.20659 0.39789 -1.56779e-21)
(1.18953 0.362379 -1.42636e-20)
(1.17308 0.333131 5.53774e-21)
(0.324897 0.135906 9.39185e-21)
(0.786921 0.355065 6.84095e-21)
(1.0683 0.491943 5.58206e-20)
(1.19674 0.538377 1.04693e-20)
(1.23064 0.527351 -9.11796e-21)
(1.22296 0.491326 -4.71496e-21)
(1.20384 0.449356 2.8022e-20)
(1.18535 0.40835 2.30997e-20)
(1.16982 0.371228 1.15209e-20)
(1.15514 0.340421 -1.5671e-21)
(0.332513 0.153427 1.96396e-21)
(0.789867 0.387758 -4.58107e-20)
(1.05908 0.523789 -6.55175e-20)
(1.17704 0.56387 2.02087e-21)
(1.20568 0.546514 1.29614e-20)
(1.19718 0.505928 -1.78813e-20)
(1.17947 0.460904 -4.0981e-20)
(1.16295 0.417696 -1.22526e-20)
(1.1492 0.37905 -7.43854e-22)
(1.13647 0.34674 5.94703e-21)
(0.337729 0.170937 -1.62282e-20)
(0.787917 0.419154 4.07979e-20)
(1.04493 0.553461 3.92688e-20)
(1.15348 0.587096 -3.62142e-20)
(1.17805 0.56369 5.54265e-21)
(1.16962 0.518873 4.31528e-20)
(1.15376 0.471033 -9.62865e-21)
(1.1395 0.425818 8.1648e-21)
(1.12771 0.385751 -3.99585e-21)
(1.11711 0.352007 -5.36807e-21)
(0.340487 0.188184 -3.6339e-20)
(0.781266 0.448848 -6.44047e-20)
(1.02627 0.580677 -1.26424e-20)
(1.1263 0.607797 2.07416e-20)
(1.148 0.578709 2.04042e-20)
(1.14042 0.530008 -4.29517e-20)
(1.12688 0.479628 2.35842e-20)
(1.11509 0.43261 -1.25177e-20)
(1.10544 0.391237 1.0212e-20)
(1.09715 0.35616 2.82421e-22)
(0.340781 0.204909 2.77337e-20)
(0.7702 0.476433 2.02409e-21)
(1.00345 0.605221 -6.16226e-21)
(1.09572 0.625762 -2.55784e-20)
(1.11579 0.591361 1.66117e-20)
(1.10977 0.539198 3.61221e-21)
(1.09893 0.486569 -1.35296e-20)
(1.08983 0.437971 2.29194e-21)
(1.08245 0.395413 -2.80821e-21)
(1.07667 0.359128 1.60214e-21)
(0.338665 0.220851 -7.52584e-21)
(0.755043 0.501537 -1.04517e-20)
(0.976439 0.626664 2.68894e-20)
(1.06234 0.640991 1.25424e-20)
(1.08177 0.601474 -1.72631e-20)
(1.07786 0.546308 2.45218e-20)
(1.07005 0.491751 1.78032e-21)
(1.06383 0.441807 2.01456e-21)
(1.05885 0.398184 -3.18806e-22)
(1.05575 0.360821 7.8144e-23)
(0.334221 0.235748 4.87013e-20)
(0.735988 0.524052 3.76645e-20)
(0.945513 0.644617 -2.71058e-21)
(1.02664 0.65313 -5.85029e-21)
(1.04615 0.609042 -7.02808e-21)
(1.04489 0.551241 -3.50791e-21)
(1.0404 0.495073 1.87303e-21)
(1.0372 0.444038 1.79392e-21)
(1.03473 0.399458 7.48231e-22)
(1.03447 0.361145 -2.24938e-21)
(0.327512 0.249263 3.84276e-21)
(0.713172 0.54359 6.41035e-21)
(0.911601 0.659245 -3.47633e-20)
(0.988878 0.661942 1.55032e-20)
(1.00921 0.61391 4.33181e-21)
(1.01104 0.553899 -9.92456e-21)
(1.01013 0.496449 3.43172e-21)
(1.01005 0.444594 1.13397e-21)
(1.01021 0.399169 -3.05621e-21)
(1.01305 0.360049 3.10935e-21)
(0.318577 0.261172 -1.84624e-20)
(0.686864 0.559638 -1.33254e-20)
(0.875139 0.670265 1.1108e-20)
(0.949356 0.667424 2.96641e-21)
(0.971185 0.615979 -6.09403e-21)
(0.976507 0.55419 5.7009e-21)
(0.979353 0.495791 1.90027e-21)
(0.982494 0.443386 -5.97963e-21)
(0.985558 0.397254 1.74634e-20)
(0.992172 0.357577 7.38327e-21)
(0.307639 0.271315 -1.40898e-20)
(0.657646 0.572047 3.4948e-20)
(0.836438 0.677457 -2.23319e-20)
(0.908415 0.669489 -3.2497e-21)
(0.932344 0.615164 -4.04312e-21)
(0.941475 0.552039 3.30583e-22)
(0.948199 0.493019 -6.27765e-21)
(0.95464 0.440282 3.3746e-21)
(0.961186 0.39352 -1.95753e-24)
(0.972569 0.353778 -3.09085e-21)
(0.294911 0.279591 -1.14492e-21)
(0.625947 0.580674 -1.03771e-20)
(0.795903 0.680659 5.67885e-21)
(0.866404 0.668061 -3.15508e-21)
(0.89295 0.611408 3.70099e-21)
(0.906129 0.547397 4.27914e-21)
(0.916788 0.48809 1.27351e-20)
(0.926684 0.43518 -9.98306e-21)
(0.937457 0.387576 -1.91283e-20)
(0.953528 0.347964 8.58694e-21)
(0.280565 0.285825 -1.3463e-22)
(0.592203 0.585388 -2.02761e-21)
(0.753954 0.679784 9.34063e-22)
(0.823673 0.663085 4.80379e-21)
(0.853269 0.604674 -9.82523e-21)
(0.870668 0.540241 -1.73319e-20)
(0.88531 0.481011 -5.02914e-21)
(0.898897 0.428213 -1.72543e-21)
(0.914338 0.379615 2.66072e-20)
(0.932088 0.336258 -5.45993e-21)
(0.264826 0.289882 -7.84218e-22)
(0.556847 0.586085 -4.43784e-21)
(0.711019 0.674784 8.5996e-22)
(0.780571 0.654531 9.62264e-22)
(0.813567 0.594939 -7.96728e-21)
(0.83531 0.530548 3.38362e-20)
(0.854028 0.471754 -2.40275e-20)
(0.871503 0.419479 2.87444e-20)
(0.890701 0.371636 -2.01313e-20)
(0.908148 0.329772 -2.68682e-20)
(0.247939 0.291658 -5.00026e-22)
(0.520307 0.5827 -1.36089e-21)
(0.667518 0.665645 6.39563e-22)
(0.73744 0.642396 1.2515e-20)
(0.774111 0.582199 -5.47164e-21)
(0.800282 0.518301 8.23973e-21)
(0.823152 0.460269 1.40102e-20)
(0.844535 0.408687 -7.38919e-21)
(0.866995 0.361403 -1.97744e-20)
(0.885462 0.319829 2.71914e-20)
(0.230156 0.291078 1.0191e-20)
(0.483012 0.575202 1.33489e-20)
(0.623868 0.652384 -1.30458e-20)
(0.694619 0.626704 -1.14051e-20)
(0.735165 0.566474 4.10535e-20)
(0.765804 0.503519 -4.16475e-20)
(0.792829 0.446608 5.01272e-20)
(0.818003 0.396078 -1.24806e-20)
(0.843425 0.349911 1.33937e-20)
(0.863595 0.309532 2.51606e-20)
(0.211737 0.288097 -3.65175e-21)
(0.445387 0.563599 -1.32665e-20)
(0.580473 0.63505 -8.33318e-21)
(0.652438 0.607504 -4.45441e-21)
(0.696993 0.547802 5.33755e-21)
(0.732096 0.486228 -1.1118e-20)
(0.763233 0.43078 -1.49681e-20)
(0.792071 0.381585 -3.28445e-20)
(0.820335 0.336785 3.26114e-20)
(0.842618 0.297806 -1.04292e-20)
(0.192943 0.282697 2.55902e-20)
(0.40785 0.547937 -3.18018e-21)
(0.537729 0.61372 -1.16731e-20)
(0.61122 0.584868 1.48646e-20)
(0.659852 0.52624 -2.6443e-20)
(0.699368 0.466477 7.10006e-20)
(0.734531 0.412837 -3.78151e-20)
(0.766904 0.365292 3.42121e-20)
(0.797945 0.322167 -6.27093e-20)
(0.82255 0.284776 -1.66375e-20)
(0.174034 0.274888 -7.94145e-21)
(0.37081 0.528299 2.71134e-20)
(0.496017 0.588501 6.31749e-21)
(0.571275 0.558895 -1.38121e-20)
(0.623992 0.501868 -2.38257e-20)
(0.667825 0.44433 -7.4117e-22)
(0.706894 0.392833 1.2608e-20)
(0.742668 0.347236 -3.09109e-20)
(0.77641 0.306042 1.51273e-20)
(0.803432 0.270387 1.99663e-21)
(0.155267 0.264707 -4.47256e-20)
(0.334661 0.504799 -1.09658e-20)
(0.455701 0.55953 -3.05334e-21)
(0.532901 0.529704 3.58574e-20)
(0.589653 0.474786 -3.33164e-20)
(0.637666 0.41987 -8.58345e-21)
(0.680492 0.370842 -5.25093e-21)
(0.71952 0.32748 9.65009e-21)
(0.755871 0.288451 -1.22391e-20)
(0.785332 0.254674 -1.90413e-20)
(0.13689 0.252218 3.96749e-20)
(0.299781 0.477586 -2.25388e-20)
(0.417132 0.526967 1.07831e-21)
(0.496383 0.497439 -5.44719e-20)
(0.557068 0.445111 5.89866e-20)
(0.609085 0.393196 -1.86091e-20)
(0.655491 0.346947 1.11357e-20)
(0.697607 0.306091 9.65119e-21)
(0.736449 0.269442 2.79716e-20)
(0.768322 0.237688 -1.15156e-20)
(0.119145 0.237509 -1.61408e-20)
(0.26653 0.446841 4.67932e-20)
(0.380637 0.491004 2.63394e-20)
(0.461989 0.462263 4.30468e-20)
(0.526453 0.412981 -9.92059e-21)
(0.582265 0.364424 4.01638e-21)
(0.632047 0.321248 3.21233e-20)
(0.677067 0.283152 7.16506e-21)
(0.718261 0.249079 6.9195e-22)
(0.752478 0.219498 -1.37672e-20)
(0.102262 0.220691 -3.72078e-20)
(0.235244 0.412772 -2.72838e-21)
(0.346524 0.451851 -1.54644e-20)
(0.429972 0.424361 -6.93096e-20)
(0.498014 0.378548 -6.6858e-20)
(0.557378 0.333683 1.11567e-20)
(0.610309 0.293857 -2.73915e-20)
(0.658029 0.258756 1.74687e-20)
(0.701415 0.227443 9.47621e-21)
(0.737876 0.200186 1.97606e-20)
(0.086456 0.201898 5.46516e-20)
(0.206239 0.375616 -4.46809e-20)
(0.31508 0.409747 -2.2647e-20)
(0.400564 0.383936 4.00891e-20)
(0.471944 0.341983 4.55172e-20)
(0.534585 0.30112 -1.50742e-20)
(0.590415 0.264898 -1.95019e-21)
(0.640613 0.23301 -5.43662e-20)
(0.686014 0.204625 -3.07134e-20)
(0.724586 0.179841 1.16991e-20)
(0.0719265 0.181284 -3.109e-20)
(0.179801 0.335632 1.30961e-20)
(0.286563 0.364946 4.80618e-20)
(0.37398 0.341209 -2.15139e-20)
(0.448418 0.303472 1.69076e-21)
(0.514037 0.266891 6.07065e-20)
(0.572492 0.234508 2.79182e-21)
(0.624928 0.206028 5.20873e-20)
(0.672153 0.180725 2.16926e-20)
(0.712675 0.158563 -3.44671e-20)
(0.0588556 0.159022 4.30211e-20)
(0.156191 0.293105 4.75294e-21)
(0.261211 0.317726 3.11986e-21)
(0.350412 0.296416 4.37978e-20)
(0.427595 0.263214 -5.84288e-21)
(0.495866 0.231168 -3.80961e-20)
(0.556656 0.202832 1.8628e-20)
(0.611076 0.177937 -2.97599e-20)
(0.65992 0.155854 -1.24325e-20)
(0.702206 0.136453 1.25406e-20)
(0.047406 0.1353 -2.68338e-20)
(0.135641 0.248337 -5.14892e-20)
(0.239231 0.26838 1.18748e-20)
(0.330032 0.249809 -2.32364e-20)
(0.409617 0.221422 -1.40261e-20)
(0.480195 0.194131 3.39377e-20)
(0.54301 0.170028 -8.2097e-21)
(0.599147 0.148872 7.57112e-21)
(0.649394 0.130131 -9.20081e-21)
(0.693232 0.11362 1.82565e-20)
(0.0377194 0.110323 9.69435e-21)
(0.118349 0.201649 3.46565e-20)
(0.220803 0.217214 -4.80811e-20)
(0.312988 0.201651 2.27111e-20)
(0.394606 0.178318 -1.03409e-20)
(0.467126 0.155973 -2.90663e-20)
(0.531644 0.13626 2.37034e-20)
(0.58922 0.118974 4.9652e-21)
(0.640643 0.103681 -7.67677e-22)
(0.685802 0.0901779 -2.12201e-20)
(0.0299155 0.0843069 3.1662e-21)
(0.104485 0.153378 1.11436e-20)
(0.20608 0.164551 4.34786e-20)
(0.299406 0.152217 -8.32498e-21)
(0.382667 0.134135 -6.55657e-21)
(0.456748 0.116892 2.42767e-21)
(0.522632 0.101699 1.06478e-21)
(0.581362 0.0883935 8.8406e-21)
(0.633728 0.0766386 -1.16065e-20)
(0.679958 0.0662433 -7.37877e-21)
(0.0240909 0.0574779 -7.92354e-21)
(0.0941841 0.103871 -1.35652e-20)
(0.195183 0.11072 -3.37653e-20)
(0.289384 0.10179 1.69811e-20)
(0.373882 0.0891122 1.38445e-20)
(0.449131 0.0770936 5.8788e-22)
(0.516038 0.0665239 -2.31052e-20)
(0.575627 0.0572827 -1.02486e-20)
(0.628698 0.0491334 8.12525e-21)
(0.675731 0.0419179 8.68906e-21)
(0.0203185 0.0300707 1.37354e-21)
(0.0875481 0.0534868 -2.83162e-21)
(0.188204 0.0560623 6.41571e-21)
(0.283 0.0506588 -4.34293e-21)
(0.368313 0.0434967 -3.81728e-21)
(0.44433 0.0367899 -2.58898e-21)
(0.511905 0.0309159 4.75146e-21)
(0.572055 0.0257986 1.80926e-20)
(0.625581 0.0212973 2.62163e-21)
(0.673133 0.0172841 -4.64369e-21)
(0.280302 -0.000880078 -3.67214e-21)
(0.366003 -0.00246124 3.49473e-21)
(0.442379 -0.00380396 1.57614e-21)
(0.510264 -0.0049373 -1.57011e-21)
(0.57067 -0.00589108 -7.14682e-21)
(0.624386 -0.00670197 2.35201e-21)
(0.672123 -0.00741425 -2.19903e-21)
(1.27921 0.222396 -1.65205e-22)
(1.28809 0.212009 -1.62763e-21)
(1.29628 0.201363 -3.32515e-22)
(1.30375 0.190482 -1.00043e-21)
(1.31049 0.179387 5.63518e-21)
(1.31644 0.168086 -5.33959e-21)
(1.32154 0.156576 3.38823e-21)
(1.32564 0.144835 1.38512e-20)
(1.26482 0.21107 -3.9737e-23)
(1.27338 0.201854 1.39272e-21)
(1.28136 0.192409 1.21208e-21)
(1.28878 0.182749 -5.96564e-21)
(1.2956 0.172886 1.94986e-21)
(1.30182 0.162827 -1.20523e-21)
(1.30738 0.15257 3.35778e-21)
(1.31223 0.142108 -6.54444e-21)
(1.25116 0.199679 4.40765e-22)
(1.25909 0.191519 1.00433e-21)
(1.26659 0.183165 5.78337e-22)
(1.27367 0.174633 2.93294e-21)
(1.28031 0.16593 3.88572e-21)
(1.2865 0.157063 5.6571e-21)
(1.29223 0.148032 -1.60349e-22)
(1.29745 0.138835 1.07074e-21)
(1.23884 0.188695 -1.45442e-22)
(1.24605 0.181467 -1.72036e-21)
(1.25293 0.174088 -1.58989e-21)
(1.25949 0.166568 1.16328e-21)
(1.26573 0.158915 -4.38414e-21)
(1.27165 0.151134 -1.01931e-20)
(1.27724 0.143224 4.49392e-21)
(1.2825 0.135186 5.43322e-22)
(1.22767 0.17827 1.91679e-23)
(1.23423 0.171863 8.51291e-22)
(1.24052 0.165331 2.15174e-21)
(1.24653 0.158686 8.14539e-22)
(1.25229 0.151931 -1.70069e-22)
(1.2578 0.145073 2.48157e-21)
(1.26307 0.138111 1.87726e-21)
(1.2681 0.131044 -2.14445e-21)
(1.21737 0.168301 1.28432e-24)
(1.22337 0.162627 8.98556e-22)
(1.22913 0.156848 -1.54754e-21)
(1.23466 0.150972 -1.18369e-21)
(1.23996 0.145002 7.53586e-22)
(1.24505 0.138943 1.64522e-21)
(1.24993 0.132794 -2.89394e-21)
(1.2546 0.126555 -1.36982e-21)
(1.20771 0.158704 8.63306e-23)
(1.21322 0.153693 -9.342e-22)
(1.21853 0.148593 1.38748e-21)
(1.22362 0.14341 8.75786e-22)
(1.22853 0.138147 1.70775e-21)
(1.23323 0.132807 -7.11464e-22)
(1.23776 0.127392 -4.67216e-21)
(1.2421 0.1219 3.10899e-21)
(1.19865 0.149438 -2.04603e-22)
(1.20371 0.145031 -4.12283e-22)
(1.2086 0.140548 -4.574e-22)
(1.21331 0.135995 -5.23245e-22)
(1.21785 0.131375 2.97033e-22)
(1.22223 0.126691 1.90892e-21)
(1.22645 0.121945 5.12006e-21)
(1.2305 0.117138 1.0582e-21)
(1.19007 0.140535 9.82554e-23)
(1.19473 0.136657 -2.62667e-23)
(1.19924 0.132721 -1.83467e-22)
(1.2036 0.12873 -8.60352e-22)
(1.20782 0.124685 -1.51509e-21)
(1.21191 0.12059 -1.99834e-21)
(1.21585 0.116446 -1.33706e-21)
(1.21966 0.112253 -1.92278e-21)
(1.18194 0.131952 6.16264e-23)
(1.18622 0.12855 7.41759e-22)
(1.19039 0.125102 6.32194e-23)
(1.19444 0.121611 6.25848e-22)
(1.19837 0.118078 4.04352e-23)
(1.20218 0.114507 -2.79959e-21)
(1.20588 0.110897 -1.87148e-22)
(1.20946 0.10725 1.6251e-21)
(1.1742 0.123664 -1.49099e-22)
(1.17815 0.120686 1.90418e-22)
(1.182 0.117672 -2.07293e-22)
(1.18576 0.114626 -4.07164e-22)
(1.18942 0.111548 -5.94289e-22)
(1.19298 0.108441 1.8833e-21)
(1.19645 0.105307 8.96841e-22)
(1.19982 0.102145 -1.52049e-21)
(1.16683 0.11567 4.77406e-23)
(1.17048 0.113065 -6.24313e-22)
(1.17404 0.110434 3.38549e-22)
(1.17753 0.107779 2.42445e-23)
(1.18094 0.105102 6.51294e-22)
(1.18427 0.102404 -6.72758e-22)
(1.18752 0.099687 8.88259e-22)
(1.1907 0.0969522 1.18445e-21)
(1.15978 0.107938 2.99432e-23)
(1.16316 0.105665 2.53327e-22)
(1.16646 0.103373 -6.02326e-22)
(1.1697 0.101064 -1.08612e-22)
(1.17288 0.0987391 -6.74481e-22)
(1.176 0.0964003 7.39886e-22)
(1.17906 0.0940492 -2.79686e-21)
(1.18205 0.0916868 -1.6824e-21)
(1.15308 0.100444 -7.35113e-23)
(1.15619 0.0984668 8.06507e-23)
(1.15926 0.0964758 4.91456e-22)
(1.16227 0.0944722 -2.69061e-22)
(1.16523 0.0924576 1.09352e-21)
(1.16815 0.0904336 -3.84518e-22)
(1.17101 0.0884017 5.54405e-22)
(1.17383 0.0863633 9.55404e-22)
(1.14666 0.0931984 7.11334e-23)
(1.14954 0.0914773 -2.75474e-23)
(1.15238 0.0897466 -3.95125e-22)
(1.15519 0.0880078 9.05966e-22)
(1.15795 0.0862621 -5.24298e-22)
(1.16068 0.0845109 4.50882e-22)
(1.16336 0.0827554 4.64453e-22)
(1.16602 0.0809971 1.88188e-22)
(1.14052 0.0861751 3.79615e-23)
(1.14319 0.0846798 6.53282e-23)
(1.14583 0.0831776 1.86097e-22)
(1.14844 0.0816699 -6.63854e-22)
(1.15101 0.0801578 -4.30086e-22)
(1.15356 0.0786427 8.28689e-23)
(1.15608 0.0771257 -4.14741e-22)
(1.15857 0.0756079 4.64334e-22)
(1.16103 0.0740904 -1.83232e-21)
(1.13465 0.0793587 -5.58583e-23)
(1.13712 0.0780604 -1.66827e-23)
(1.13957 0.0767573 -9.66125e-25)
(1.14199 0.0754507 4.68973e-22)
(1.1444 0.0741414 3.13466e-22)
(1.14678 0.0728307 -1.98717e-22)
(1.14913 0.0715193 -3.80767e-22)
(1.15147 0.0702084 7.59108e-23)
(1.15378 0.0688988 2.82118e-22)
(1.12903 0.0727381 3.99009e-23)
(1.13132 0.0716122 -7.54302e-24)
(1.13359 0.0704827 1.5377e-22)
(1.13585 0.0693509 -1.55577e-22)
(1.13809 0.0682173 -2.90753e-23)
(1.14031 0.067083 4.17887e-22)
(1.14251 0.0659487 1.74377e-22)
(1.1447 0.0648151 -5.44672e-22)
(1.14687 0.0636831 -2.35377e-22)
(1.12365 0.0663009 -4.01736e-23)
(1.12578 0.0653256 -5.02164e-23)
(1.1279 0.0643477 -3.2078e-23)
(1.12999 0.0633678 -2.3963e-23)
(1.13208 0.0623867 -2.56265e-22)
(1.13415 0.061405 2.82299e-22)
(1.13621 0.0604233 -1.94462e-22)
(1.13825 0.0594422 -4.48674e-22)
(1.14028 0.0584624 6.53879e-22)
(1.11853 0.0600353 -1.90397e-23)
(1.12051 0.0591921 5.11186e-23)
(1.12247 0.0583467 -1.63015e-23)
(1.12443 0.0574994 -6.22085e-23)
(1.12636 0.056651 7.33731e-23)
(1.12829 0.0558018 -1.87432e-22)
(1.13021 0.0549523 3.25944e-22)
(1.13211 0.0541029 2.99402e-22)
(1.13401 0.053254 -4.14984e-23)
(1.11367 0.0539293 2.76993e-23)
(1.11551 0.0532022 -3.15733e-23)
(1.11733 0.0524731 -1.63143e-23)
(1.11915 0.0517423 -7.27174e-23)
(1.12095 0.0510101 2.76626e-23)
(1.12275 0.0502767 7.29961e-23)
(1.12453 0.0495426 -3.07521e-23)
(1.1263 0.0488078 -3.50443e-22)
(1.12806 0.0480727 2.45807e-22)
(1.10908 0.0479706 1.51991e-24)
(1.11079 0.0473465 -2.80452e-23)
(1.11249 0.0467204 -3.79351e-23)
(1.11418 0.0460925 2.48143e-23)
(1.11586 0.0454629 1.06003e-22)
(1.11752 0.0448317 -1.05566e-22)
(1.11918 0.0441991 -2.21196e-22)
(1.12083 0.0435652 2.57683e-22)
(1.12247 0.0429301 -3.84005e-22)
(1.10479 0.0421412 -2.0051e-24)
(1.10638 0.0416101 -7.97932e-24)
(1.10796 0.0410769 4.26557e-23)
(1.10954 0.0405416 -1.15056e-23)
(1.1111 0.0400041 -9.35696e-23)
(1.11265 0.0394646 1.29114e-22)
(1.11419 0.0389231 -1.62839e-22)
(1.11572 0.0383795 -9.71788e-23)
(1.11724 0.0378339 3.07409e-22)
(1.10083 0.0364263 -8.57462e-24)
(1.10232 0.0359795 2.22091e-23)
(1.10379 0.0355304 2.4046e-23)
(1.10526 0.0350789 -2.87348e-23)
(1.10671 0.0346251 -2.86424e-24)
(1.10816 0.034169 -1.1599e-22)
(1.10959 0.0337104 -9.71206e-24)
(1.11101 0.0332493 1.30009e-22)
(1.11241 0.0327854 -2.08662e-22)
(1.09724 0.030809 2.85442e-25)
(1.09863 0.0304392 2.9897e-24)
(1.10001 0.0300671 7.2951e-25)
(1.10138 0.0296927 2.03384e-23)
(1.10274 0.0293159 1.05932e-22)
(1.10408 0.0289366 -7.95224e-23)
(1.10542 0.0285547 4.91978e-23)
(1.10674 0.0281698 1.31295e-24)
(1.10804 0.0277819 -1.30883e-22)
(1.09406 0.0252584 4.6889e-24)
(1.09537 0.0249606 -1.12043e-23)
(1.09667 0.0246607 3.88499e-24)
(1.09796 0.0243587 -3.34398e-23)
(1.09923 0.0240543 1.12366e-23)
(1.10049 0.0237474 2.65276e-23)
(1.10173 0.0234378 6.44001e-23)
(1.10296 0.0231254 1.42602e-23)
(1.10418 0.0228097 -1.22688e-23)
(1.09136 0.0197444 3.37205e-24)
(1.0926 0.0195154 -1.71974e-24)
(1.09383 0.0192845 -8.54791e-24)
(1.09504 0.0190517 2.40154e-23)
(1.09624 0.0188168 -4.39528e-23)
(1.09743 0.0185797 3.49367e-23)
(1.0986 0.0183401 2.3453e-23)
(1.09975 0.0180978 -7.86106e-23)
(1.10089 0.0178525 -5.47758e-23)
(1.0892 0.0142129 2.52674e-25)
(1.09039 0.01405 -8.01212e-24)
(1.09156 0.0138856 2.84721e-24)
(1.09272 0.0137198 -2.80596e-23)
(1.09386 0.0135524 3.00748e-23)
(1.09498 0.0133833 3.72245e-24)
(1.09609 0.0132122 2.02399e-23)
(1.09718 0.0130389 -7.76239e-23)
(1.09826 0.0128633 1.28903e-22)
(1.08766 0.00864069 7.10546e-26)
(1.08881 0.00854339 1.78011e-24)
(1.08994 0.00844507 2.60576e-24)
(1.09105 0.00834564 -9.68347e-24)
(1.09215 0.00824498 1.97059e-23)
(1.09323 0.00814297 -2.5056e-23)
(1.0943 0.00803948 3.15685e-23)
(1.09535 0.00793436 -1.10773e-23)
(1.09638 0.00782746 -3.04953e-23)
(1.08684 0.00287867 1.00367e-25)
(1.08796 0.00284925 -4.40344e-24)
(1.08906 0.0028198 1.03286e-23)
(1.09015 0.0027902 1.38932e-23)
(1.09122 0.00276033 -6.63528e-24)
(1.09228 0.00273006 1.75094e-23)
(1.09331 0.00269926 -1.63344e-23)
(1.09433 0.00266782 -4.78464e-24)
(1.09534 0.0026356 -1.15327e-23)
(0.974027 0.319858 1.7205e-21)
(0.993691 0.319373 -1.24341e-21)
(1.01161 0.319762 3.44941e-21)
(1.02952 0.319959 -6.64237e-22)
(1.04806 0.31957 -1.10753e-23)
(1.06649 0.318618 7.01833e-23)
(1.08444 0.317042 -6.21606e-22)
(1.10197 0.314736 -9.67189e-22)
(1.1191 0.311659 1.98684e-22)
(1.13577 0.307816 -4.03236e-21)
(1.15191 0.303225 -2.87934e-21)
(1.1675 0.297914 2.80039e-21)
(1.18254 0.291897 -6.20195e-21)
(1.19694 0.285191 -1.60348e-21)
(1.21093 0.277647 3.00747e-21)
(1.22441 0.269453 -3.95702e-21)
(1.2369 0.26079 6.47718e-22)
(1.24851 0.251725 2.90899e-22)
(1.2594 0.242284 1.4809e-21)
(1.26964 0.232497 2.45602e-22)
(0.987362 0.303617 -2.85824e-21)
(1.00675 0.302977 1.85618e-21)
(1.02435 0.303153 -4.00986e-21)
(1.04028 0.303256 -2.57086e-21)
(1.05655 0.302629 -2.44518e-22)
(1.07297 0.301289 2.41462e-24)
(1.08894 0.299323 3.661e-22)
(1.10447 0.296692 2.48085e-21)
(1.11965 0.29337 -3.36938e-21)
(1.13447 0.289384 2.48235e-21)
(1.14887 0.284779 -6.12009e-22)
(1.16279 0.279583 -3.10146e-21)
(1.17623 0.273846 2.4481e-21)
(1.18905 0.267545 -1.63684e-21)
(1.20139 0.260804 4.31712e-22)
(1.21351 0.25333 -9.94363e-22)
(1.22502 0.245402 4.15274e-21)
(1.23583 0.237203 -7.97247e-22)
(1.24604 0.228755 -1.24748e-21)
(1.25571 0.220042 1.43045e-23)
(1.00098 0.286029 -1.42668e-21)
(1.01908 0.28595 -2.66003e-21)
(1.0361 0.285895 1.03539e-21)
(1.05065 0.28562 1.88013e-21)
(1.06504 0.284655 -1.99475e-22)
(1.07976 0.282951 4.3152e-23)
(1.09419 0.280659 6.50124e-22)
(1.10811 0.277826 2.14137e-21)
(1.12165 0.274431 4.57086e-21)
(1.13484 0.270485 -2.31187e-22)
(1.14764 0.266026 4.08664e-21)
(1.16001 0.26108 -6.20007e-22)
(1.17192 0.25569 -6.21281e-22)
(1.18342 0.249858 2.45191e-22)
(1.19429 0.243725 -3.88924e-21)
(1.20474 0.237104 -2.43016e-21)
(1.21497 0.230098 -1.78283e-21)
(1.22475 0.222835 -4.44851e-22)
(1.23401 0.215349 -9.70781e-22)
(1.2428 0.207629 -4.63488e-22)
(1.01377 0.269977 -2.41386e-21)
(1.03028 0.269941 3.30212e-21)
(1.04622 0.26948 -1.02486e-21)
(1.05952 0.26869 4.4964e-23)
(1.07223 0.267369 -6.5253e-24)
(1.08532 0.265421 -4.15765e-22)
(1.09831 0.262952 -6.0184e-22)
(1.11082 0.260039 -3.71485e-21)
(1.12292 0.256681 -1.37154e-21)
(1.13469 0.252874 4.1233e-21)
(1.14611 0.248639 -2.17738e-21)
(1.15716 0.244007 3.69643e-21)
(1.16778 0.238997 -2.62984e-22)
(1.17801 0.233638 -2.25105e-21)
(1.18774 0.22792 5.95166e-21)
(1.19709 0.221968 2.52112e-21)
(1.20625 0.215763 -7.12521e-22)
(1.21503 0.209309 9.66563e-22)
(1.22337 0.202632 1.53684e-21)
(1.23129 0.195756 1.76899e-22)
(1.02547 0.254565 4.01339e-21)
(1.04036 0.254246 -2.37582e-21)
(1.05499 0.253368 7.92205e-22)
(1.06712 0.252144 -2.59277e-22)
(1.07841 0.25054 3.63571e-23)
(1.09 0.248455 1.73904e-22)
(1.10161 0.245924 -4.85081e-22)
(1.11284 0.243021 1.91536e-21)
(1.12364 0.239764 -3.1256e-21)
(1.13413 0.236147 -4.86122e-21)
(1.14432 0.232182 -8.93064e-23)
(1.15418 0.227893 -1.51178e-21)
(1.16367 0.2233 8.21724e-22)
(1.17281 0.218429 -8.73526e-22)
(1.18155 0.213288 -1.75374e-21)
(1.18998 0.207935 7.91612e-23)
(1.19822 0.20238 -4.90904e-22)
(1.20612 0.196619 -1.66201e-21)
(1.21364 0.190665 -5.96114e-22)
(1.22081 0.184542 -7.0371e-23)
(1.03605 0.239365 -1.23642e-23)
(1.04934 0.23876 1.64533e-21)
(1.06255 0.237598 4.55855e-22)
(1.07353 0.236098 4.06198e-22)
(1.08359 0.234319 5.68335e-24)
(1.09383 0.232179 -1.83336e-22)
(1.10416 0.229669 1.25588e-21)
(1.1142 0.226839 1.14449e-21)
(1.12385 0.223722 2.66011e-21)
(1.13319 0.220319 1.59751e-21)
(1.14227 0.216637 1.17132e-21)
(1.15107 0.212695 -8.27247e-23)
(1.15956 0.208513 4.36959e-22)
(1.16773 0.204122 1.80157e-21)
(1.17556 0.199524 -1.45031e-21)
(1.18315 0.19479 -4.24177e-22)
(1.19061 0.189813 1.12476e-21)
(1.19777 0.184633 1.26011e-21)
(1.20459 0.179309 -8.95731e-22)
(1.21112 0.173863 3.4652e-23)
(1.04544 0.224441 -1.84774e-21)
(1.05724 0.223621 -1.30045e-21)
(1.06898 0.222288 2.11353e-22)
(1.07885 0.220634 4.52531e-23)
(1.08782 0.21876 2.23547e-22)
(1.09686 0.216618 1.05853e-21)
(1.10602 0.214176 9.91998e-22)
(1.11497 0.211463 -3.2187e-21)
(1.12357 0.208513 -9.65739e-22)
(1.1319 0.205337 -1.41923e-22)
(1.13999 0.201939 3.33889e-22)
(1.14785 0.198333 -7.35147e-22)
(1.15547 0.194536 -1.19126e-21)
(1.16283 0.190572 2.3917e-21)
(1.16996 0.186448 5.14583e-22)
(1.17677 0.182209 -9.97766e-22)
(1.18331 0.177776 -9.21078e-22)
(1.18975 0.173168 3.90185e-22)
(1.19599 0.168442 9.36922e-22)
(1.20197 0.163621 -1.23893e-22)
(1.05362 0.209932 1.7252e-21)
(1.06404 0.20895 1.52213e-22)
(1.07437 0.207518 5.00166e-22)
(1.08316 0.205792 -2.39526e-22)
(1.09115 0.203886 -4.12692e-22)
(1.09914 0.20178 -1.42486e-21)
(1.10724 0.199436 -8.23087e-22)
(1.11519 0.196868 -3.32623e-22)
(1.12286 0.194105 2.20861e-22)
(1.13028 0.191162 -6.00386e-22)
(1.13749 0.188043 -9.35267e-22)
(1.14451 0.184757 1.4664e-21)
(1.15134 0.181315 -6.04499e-22)
(1.15794 0.177727 -2.31653e-21)
(1.16433 0.174007 -1.47743e-21)
(1.17048 0.170141 -1.85943e-22)
(1.17643 0.166197 5.24071e-22)
(1.18227 0.162156 -1.01058e-21)
(1.18794 0.158009 4.11264e-22)
(1.1934 0.153766 1.9665e-22)
(1.06057 0.195903 -5.38108e-22)
(1.06974 0.194802 4.79972e-23)
(1.07875 0.19332 -5.31813e-22)
(1.08653 0.19158 4.26823e-23)
(1.09363 0.189691 2.41538e-22)
(1.10071 0.187652 1.04594e-21)
(1.10787 0.185429 -6.22717e-22)
(1.11492 0.183024 6.19323e-22)
(1.12174 0.180459 3.8782e-22)
(1.12835 0.17775 2.68766e-22)
(1.13479 0.174902 4.5911e-22)
(1.14106 0.171921 5.09404e-23)
(1.14717 0.168815 1.101e-21)
(1.1531 0.165593 1.01632e-21)
(1.15886 0.162268 6.50012e-22)
(1.16442 0.158842 1.14352e-21)
(1.16983 0.155341 7.67404e-22)
(1.17512 0.151762 -2.01979e-22)
(1.18027 0.148096 2.0153e-22)
(1.18526 0.14435 -1.24752e-22)
(1.06634 0.182376 -2.03987e-21)
(1.07437 0.181197 -5.0881e-22)
(1.08219 0.179704 4.57123e-22)
(1.08904 0.177994 -1.71461e-23)
(1.09535 0.176163 -8.35471e-24)
(1.10163 0.174217 -5.89655e-22)
(1.10795 0.17213 1.32901e-21)
(1.1142 0.169898 1.0024e-21)
(1.12027 0.167536 -1.84373e-22)
(1.12616 0.165059 -4.17999e-22)
(1.1319 0.162472 1.90792e-22)
(1.13752 0.159781 -8.59385e-22)
(1.14299 0.156991 -4.57822e-22)
(1.14832 0.15411 -1.74509e-22)
(1.15351 0.151146 1.67118e-21)
(1.15855 0.148104 -1.45767e-22)
(1.16346 0.144996 -3.4829e-22)
(1.16827 0.14183 -2.00212e-22)
(1.17296 0.138599 -5.64912e-22)
(1.17752 0.135304 -5.57515e-23)
(1.07097 0.169361 1.55803e-21)
(1.07801 0.168145 2.559e-22)
(1.08476 0.166676 -4.31024e-22)
(1.09077 0.16503 -1.04305e-23)
(1.09637 0.163286 1.56582e-22)
(1.10194 0.161453 -3.8365e-22)
(1.10754 0.159512 -8.31699e-22)
(1.11307 0.157457 2.82664e-22)
(1.11847 0.155299 3.55608e-22)
(1.12373 0.153047 6.86719e-22)
(1.12886 0.15071 -3.59897e-22)
(1.13389 0.148291 -2.92062e-22)
(1.1388 0.145795 6.38494e-22)
(1.1436 0.143227 -4.31275e-22)
(1.14829 0.140592 -1.17314e-21)
(1.15285 0.137897 4.7066e-22)
(1.15731 0.135148 4.10922e-22)
(1.1617 0.132346 8.71127e-23)
(1.16598 0.129497 -1.57083e-22)
(1.17014 0.126603 1.07172e-22)
(1.07458 0.156872 2.85864e-22)
(1.08072 0.155654 -1.15411e-22)
(1.08654 0.154237 3.82129e-22)
(1.0918 0.15268 1.12919e-23)
(1.09678 0.151042 -5.62848e-23)
(1.10173 0.149336 6.51937e-22)
(1.10668 0.147546 7.69874e-23)
(1.11159 0.145668 -8.26894e-22)
(1.1164 0.143708 -4.27983e-22)
(1.12109 0.141673 7.97917e-23)
(1.12569 0.139571 6.76742e-24)
(1.13019 0.137406 -1.08247e-22)
(1.13461 0.135181 -1.88016e-22)
(1.13894 0.1329 3.12788e-22)
(1.14318 0.13057 2.44089e-22)
(1.14731 0.128194 -1.93613e-22)
(1.15136 0.125782 1.93741e-23)
(1.15536 0.123315 -2.04756e-22)
(1.15928 0.120799 2.41233e-23)
(1.1631 0.118249 3.76723e-25)
(1.07724 0.144916 -1.36226e-22)
(1.0826 0.143726 4.67406e-23)
(1.08762 0.142382 -1.55332e-22)
(1.09223 0.140929 -1.44991e-24)
(1.09665 0.139411 -2.49256e-22)
(1.10104 0.137838 -9.55164e-23)
(1.10545 0.136201 -1.62037e-22)
(1.10981 0.134495 1.75054e-22)
(1.11409 0.132725 -3.48152e-22)
(1.11829 0.130895 -4.25093e-22)
(1.12241 0.129013 -1.48607e-22)
(1.12646 0.12708 -2.13984e-22)
(1.13044 0.125101 9.38041e-22)
(1.13436 0.123079 -5.16476e-22)
(1.1382 0.121017 -4.04115e-22)
(1.14198 0.11892 1.50662e-22)
(1.14566 0.116792 2.9831e-22)
(1.14926 0.114628 3.94312e-22)
(1.15282 0.112424 2.62695e-22)
(1.15634 0.110192 -2.28213e-23)
(1.07906 0.133494 -5.86141e-22)
(1.08374 0.132355 1.33743e-23)
(1.08808 0.131098 1.67296e-22)
(1.09211 0.129758 -9.83887e-24)
(1.09604 0.128366 1.58605e-22)
(1.09996 0.126929 -4.34e-23)
(1.10387 0.125443 1.60144e-22)
(1.10775 0.123903 -5.45545e-23)
(1.11158 0.122312 4.88916e-22)
(1.11534 0.120674 -3.44908e-22)
(1.11904 0.118995 4.97426e-22)
(1.12269 0.117276 3.64172e-22)
(1.12629 0.115519 -5.78962e-22)
(1.12983 0.113728 3.35956e-22)
(1.13331 0.111904 3.51218e-22)
(1.13674 0.11005 -7.29938e-22)
(1.1401 0.108165 1.60263e-22)
(1.14341 0.106263 -2.98571e-22)
(1.14668 0.104344 -1.23056e-22)
(1.1499 0.102404 5.06099e-23)
(1.08014 0.122601 2.87593e-22)
(1.08423 0.121529 2.0004e-22)
(1.08799 0.120368 -4.43045e-23)
(1.09153 0.119144 5.31759e-23)
(1.09502 0.117879 1.47017e-23)
(1.09852 0.116577 -2.06121e-22)
(1.10201 0.115237 2.01736e-22)
(1.10548 0.113854 9.05542e-23)
(1.1089 0.112432 -1.52636e-22)
(1.11227 0.110973 8.14003e-23)
(1.11561 0.10948 -2.46649e-22)
(1.1189 0.107957 4.64143e-22)
(1.12215 0.106404 -4.35766e-22)
(1.12537 0.104824 -8.92235e-24)
(1.12853 0.103219 -2.29805e-22)
(1.13166 0.101591 1.8219e-22)
(1.13473 0.0999428 -3.71043e-22)
(1.13776 0.0982799 1.23651e-22)
(1.14077 0.0966019 9.00019e-23)
(1.14373 0.0949075 -4.36535e-23)
(1.08057 0.112222 -8.59952e-23)
(1.08415 0.111228 -3.17379e-22)
(1.08742 0.110168 -1.94759e-23)
(1.09054 0.10906 3.66957e-24)
(1.09366 0.107919 -2.37408e-23)
(1.09678 0.106749 5.70604e-23)
(1.09991 0.105547 -1.32567e-22)
(1.10301 0.104313 1.00904e-22)
(1.10608 0.103048 -2.38176e-23)
(1.10912 0.101754 1.01953e-22)
(1.11213 0.100433 1.47166e-22)
(1.11511 0.0990879 -2.23894e-22)
(1.11806 0.09772 -2.18758e-22)
(1.12098 0.096331 -1.23052e-22)
(1.12387 0.0949227 9.81104e-23)
(1.12672 0.0934972 2.41239e-22)
(1.12954 0.0920558 3.12126e-22)
(1.13232 0.0906025 -5.84728e-23)
(1.13509 0.0891377 -9.92209e-23)
(1.13782 0.0876616 -3.53772e-23)
(1.08043 0.102338 1.92176e-23)
(1.08358 0.101428 3.05531e-22)
(1.08644 0.100469 -2.05103e-22)
(1.08921 0.0994748 -9.82813e-23)
(1.09199 0.0984545 -2.30024e-23)
(1.0948 0.0974097 1.8545e-23)
(1.09761 0.0963396 5.42732e-24)
(1.1004 0.0952439 -7.38655e-23)
(1.10316 0.0941236 1.65422e-23)
(1.10591 0.0929806 -1.00934e-22)
(1.10863 0.0918168 -5.4278e-23)
(1.11134 0.0906336 -1.75771e-22)
(1.11402 0.0894326 -3.4201e-24)
(1.11668 0.0882152 1.18297e-23)
(1.11932 0.0869827 1.97949e-22)
(1.12193 0.0857369 -2.33947e-22)
(1.12452 0.084479 -2.64822e-22)
(1.12708 0.0832116 -8.72564e-23)
(1.12963 0.0819354 1.35873e-22)
(1.13215 0.0806508 4.1083e-23)
(1.07982 0.0929245 -3.42925e-22)
(1.0826 0.0921019 -3.729e-23)
(1.08513 0.0912423 1.23195e-22)
(1.08759 0.090357 2.28978e-23)
(1.09009 0.0894509 -2.5659e-23)
(1.09262 0.0885244 -7.9952e-25)
(1.09515 0.0875773 2.73787e-23)
(1.09767 0.0866098 -2.75007e-23)
(1.10017 0.0856229 -6.25888e-23)
(1.10266 0.0846181 -1.37675e-23)
(1.10513 0.0835966 3.05515e-22)
(1.1076 0.0825599 1.92805e-22)
(1.11005 0.081509 1.32576e-22)
(1.11248 0.0804452 -1.04652e-22)
(1.11489 0.0793696 -4.84338e-23)
(1.11729 0.0782836 -1.04893e-22)
(1.11967 0.0771883 -6.19217e-23)
(1.12204 0.0760853 1.26163e-23)
(1.12438 0.0749756 -4.99488e-23)
(1.12671 0.0738596 -2.14426e-23)
(1.0788 0.0839543 2.60383e-22)
(1.08128 0.0832184 -8.6798e-23)
(1.08352 0.0824551 1.93247e-23)
(1.08574 0.0816729 5.11499e-23)
(1.08799 0.0808738 6.45369e-23)
(1.09028 0.0800578 -1.25837e-25)
(1.09257 0.0792248 -1.95306e-24)
(1.09486 0.0783753 5.15701e-23)
(1.09713 0.0775105 1.30576e-22)
(1.0994 0.0766312 3.83404e-23)
(1.10166 0.0757387 -1.44742e-22)
(1.10391 0.0748339 -1.52511e-22)
(1.10615 0.0739178 2.02997e-22)
(1.10838 0.0729915 6.67721e-23)
(1.1106 0.0720558 -3.58313e-23)
(1.11281 0.0711118 -1.95819e-23)
(1.115 0.0701605 1.11117e-22)
(1.11718 0.069203 -8.18295e-25)
(1.11936 0.0682403 -8.03993e-24)
(1.12151 0.0672728 2.13155e-23)
(1.07747 0.0753963 1.73515e-22)
(1.07968 0.0747451 7.13069e-23)
(1.0817 0.0740734 -4.1115e-23)
(1.0837 0.0733876 -7.10384e-23)
(1.08575 0.0726882 -8.43612e-24)
(1.08783 0.0719745 4.26097e-23)
(1.08992 0.0712466 -1.09209e-23)
(1.092 0.0705054 1.07037e-23)
(1.09408 0.0697517 -2.26476e-23)
(1.09615 0.0689864 1.22505e-22)
(1.09823 0.0682103 1.06043e-23)
(1.10029 0.0674243 -3.12718e-23)
(1.10235 0.0666293 -1.31965e-22)
(1.10441 0.0658259 -1.76189e-23)
(1.10645 0.0650149 -3.1182e-23)
(1.10849 0.0641972 1.42215e-22)
(1.11052 0.0633736 -1.19937e-22)
(1.11254 0.0625445 6.38332e-23)
(1.11455 0.0617119 -2.05594e-23)
(1.11655 0.0608754 -9.45326e-24)
(1.07589 0.0672173 -3.00034e-22)
(1.07788 0.0666473 1.48491e-22)
(1.07971 0.0660617 7.77702e-23)
(1.08154 0.0654655 2.65911e-23)
(1.08342 0.0648582 -4.37951e-23)
(1.08532 0.0642387 -2.18259e-23)
(1.08724 0.0636074 -5.03157e-23)
(1.08915 0.062965 2.06849e-23)
(1.09105 0.0623124 -3.09613e-23)
(1.09296 0.0616503 -1.10144e-23)
(1.09487 0.0609795 2.33558e-23)
(1.09677 0.0603006 5.32799e-23)
(1.09868 0.0596142 1.3383e-23)
(1.10058 0.0589212 4.14791e-23)
(1.10247 0.058222 -5.28248e-23)
(1.10435 0.0575175 -2.04536e-23)
(1.10623 0.0568081 4.54567e-23)
(1.1081 0.0560947 -6.7365e-24)
(1.10997 0.0553761 -5.98548e-24)
(1.11183 0.054654 8.60645e-24)
(1.07413 0.0593817 2.62562e-22)
(1.07594 0.0588884 -2.58366e-22)
(1.07763 0.0583832 -1.17841e-22)
(1.07931 0.0578698 -2.82736e-24)
(1.08104 0.0573471 7.45742e-23)
(1.0828 0.0568141 -1.64947e-23)
(1.08456 0.0562711 -3.31162e-23)
(1.08632 0.0557188 -3.40956e-24)
(1.08809 0.0551581 -1.28458e-23)
(1.08985 0.0545896 -5.68138e-24)
(1.09162 0.0540138 -1.01922e-23)
(1.09339 0.0534314 1.04156e-23)
(1.09515 0.0528428 2.05014e-23)
(1.09691 0.0522487 -3.0149e-23)
(1.09867 0.0516496 4.7638e-24)
(1.10042 0.0510461 5.11765e-23)
(1.10217 0.0504386 -3.74432e-23)
(1.10391 0.0498277 2.72295e-24)
(1.10564 0.0492121 2.60252e-23)
(1.10736 0.0485927 1.26949e-24)
(1.07227 0.0518512 -1.32456e-22)
(1.07393 0.0514299 2.09819e-22)
(1.0755 0.0509993 1.41494e-22)
(1.07707 0.050562 -7.35784e-23)
(1.07868 0.0501171 1.40409e-22)
(1.08031 0.0496634 -3.70887e-23)
(1.08194 0.0492011 -2.0851e-23)
(1.08358 0.048731 -2.53162e-23)
(1.08523 0.0482539 2.19311e-24)
(1.08687 0.0477702 5.69311e-24)
(1.08851 0.0472805 2.69288e-24)
(1.09016 0.0467851 -1.11454e-23)
(1.0918 0.0462846 2.72203e-23)
(1.09345 0.0457793 -3.09355e-23)
(1.09509 0.0452697 2.28439e-23)
(1.09672 0.0447561 -1.01382e-23)
(1.09835 0.044239 1.55958e-23)
(1.09997 0.0437183 4.78933e-23)
(1.10158 0.0431956 -2.97501e-23)
(1.10319 0.0426699 -5.82887e-25)
(1.07038 0.0445848 4.35025e-23)
(1.07192 0.0442307 2.05228e-23)
(1.07339 0.043869 -1.09316e-22)
(1.07487 0.0435019 -2.41435e-22)
(1.07638 0.0431283 -8.69217e-23)
(1.0779 0.0427473 2.85409e-23)
(1.07944 0.042359 6.04577e-23)
(1.08097 0.0419642 -6.67827e-24)
(1.08251 0.0415634 5.04173e-23)
(1.08405 0.0411571 -1.59052e-23)
(1.08559 0.0407458 -2.57305e-24)
(1.08713 0.0403297 2.46546e-24)
(1.08867 0.0399093 2.55213e-24)
(1.09021 0.0394848 -4.09307e-24)
(1.09175 0.0390567 2.50917e-24)
(1.09328 0.0386251 8.33005e-24)
(1.0948 0.0381904 -6.40333e-24)
(1.09632 0.0377528 6.71841e-25)
(1.09783 0.0373128 -1.20723e-23)
(1.09933 0.0368707 1.32705e-24)
(1.06853 0.0375373 -5.84822e-23)
(1.06998 0.0372457 -1.86199e-22)
(1.07138 0.0369478 -4.12992e-23)
(1.07278 0.0366455 1.66627e-22)
(1.0742 0.0363377 5.04694e-23)
(1.07564 0.0360237 -8.92815e-23)
(1.07709 0.0357037 8.80898e-24)
(1.07854 0.0353781 -1.49412e-23)
(1.07999 0.0350476 -5.50457e-23)
(1.08145 0.0347126 2.2528e-23)
(1.0829 0.0343733 -3.92569e-23)
(1.08435 0.0340302 -2.23153e-25)
(1.08581 0.0336834 -3.79131e-24)
(1.08726 0.0333334 1.35079e-24)
(1.0887 0.0329803 -1.59651e-23)
(1.09014 0.0326244 -1.19306e-24)
(1.09158 0.0322659 -7.13246e-24)
(1.093 0.0319048 -4.39615e-24)
(1.09442 0.0315417 9.44153e-24)
(1.09583 0.0311765 -1.2384e-24)
(1.0668 0.0306583 -1.19119e-22)
(1.06817 0.0304249 2.02038e-22)
(1.06951 0.0301865 -3.88963e-23)
(1.07086 0.0299443 8.60726e-23)
(1.07222 0.0296977 -2.19716e-24)
(1.07359 0.0294459 8.23416e-23)
(1.07497 0.0291892 4.19085e-23)
(1.07635 0.028928 -2.16536e-23)
(1.07773 0.0286628 -1.60722e-23)
(1.07911 0.0283939 1.25844e-23)
(1.08049 0.0281216 1.23944e-23)
(1.08187 0.0278462 4.02399e-23)
(1.08325 0.0275679 -5.69387e-24)
(1.08463 0.0272869 -1.32051e-23)
(1.086 0.0270035 -1.75479e-24)
(1.08736 0.0267177 9.01892e-24)
(1.08872 0.0264298 -7.40029e-24)
(1.09007 0.0261398 2.5547e-24)
(1.09141 0.0258479 -4.47512e-24)
(1.09274 0.0255541 1.35446e-24)
(1.06526 0.0238898 6.72876e-23)
(1.06658 0.023711 -3.59504e-23)
(1.06788 0.0235283 5.22027e-23)
(1.06918 0.0233426 5.74308e-24)
(1.07049 0.0231533 7.98849e-25)
(1.07181 0.02296 -1.38929e-22)
(1.07313 0.0227629 -8.63951e-23)
(1.07446 0.0225623 -4.44177e-23)
(1.07578 0.0223586 9.67835e-23)
(1.07711 0.0221521 5.16642e-24)
(1.07843 0.021943 -8.30969e-23)
(1.07975 0.0217315 8.01586e-24)
(1.08107 0.0215178 2.63637e-23)
(1.08238 0.0213021 -1.47168e-23)
(1.08369 0.0210846 -5.30109e-25)
(1.08499 0.0208652 1.13099e-25)
(1.08628 0.0206442 2.83533e-24)
(1.08757 0.0204216 -1.43052e-24)
(1.08884 0.0201975 -3.38154e-24)
(1.09011 0.0199718 8.48825e-25)
(1.06399 0.0171635 4.10996e-24)
(1.06527 0.0170368 5.63159e-25)
(1.06654 0.0169071 -4.09035e-23)
(1.06781 0.0167752 3.6396e-23)
(1.06909 0.0166406 5.91903e-23)
(1.07037 0.016503 4.67331e-23)
(1.07165 0.0163627 -1.80656e-22)
(1.07293 0.0162198 1.46723e-22)
(1.07422 0.0160746 -7.85463e-26)
(1.0755 0.0159274 -2.85213e-24)
(1.07678 0.0157783 -3.90161e-23)
(1.07805 0.0156276 -3.78819e-23)
(1.07932 0.0154753 4.22927e-23)
(1.08059 0.0153217 5.14065e-24)
(1.08185 0.0151667 1.14342e-24)
(1.0831 0.0150105 2.67839e-25)
(1.08434 0.0148532 2.82216e-24)
(1.08557 0.0146947 1.14308e-24)
(1.08679 0.0145352 -8.09058e-25)
(1.088 0.0143747 6.00525e-25)
(1.06306 0.0103988 -5.21368e-23)
(1.06432 0.0103222 -2.64422e-23)
(1.06558 0.0102439 2.65094e-23)
(1.06683 0.0101644 9.80003e-23)
(1.06808 0.0100834 -3.22417e-23)
(1.06934 0.010001 -2.021e-23)
(1.0706 0.00991699 2.88602e-23)
(1.07185 0.00983166 7.13582e-23)
(1.07311 0.00974517 2.56439e-23)
(1.07436 0.00965763 -1.38411e-23)
(1.07561 0.00956914 -1.56501e-23)
(1.07685 0.00947976 1.57678e-25)
(1.07808 0.00938956 -3.40003e-24)
(1.07931 0.00929857 -1.85718e-23)
(1.08054 0.00920684 2.70372e-24)
(1.08175 0.00911438 -6.52371e-24)
(1.08295 0.00902119 2.73768e-24)
(1.08415 0.00892726 -3.73051e-25)
(1.08533 0.00883256 -2.27024e-25)
(1.0865 0.00873705 4.24692e-25)
(1.06256 0.00349717 2.98191e-23)
(1.06381 0.00346935 -3.76826e-23)
(1.06507 0.00344009 8.12289e-23)
(1.06632 0.0034099 -1.18092e-22)
(1.06757 0.00337891 -6.32473e-23)
(1.06882 0.00334725 7.87395e-24)
(1.07007 0.00331509 1.57707e-23)
(1.07131 0.00328263 1.61162e-22)
(1.07255 0.00325005 -1.38207e-22)
(1.07379 0.00321751 1.28888e-22)
(1.07502 0.00318513 -6.13513e-23)
(1.07625 0.00315299 1.07568e-23)
(1.07746 0.00312116 8.76637e-24)
(1.07867 0.00308969 7.89681e-24)
(1.07987 0.00305861 -1.00368e-23)
(1.08106 0.00302791 9.22702e-25)
(1.08224 0.00299758 -5.14926e-24)
(1.08341 0.00296756 -1.52683e-24)
(1.08457 0.00293778 -2.58021e-26)
(1.08571 0.00290816 -5.85142e-26)
(0.998362 0.00314647 0)
(0.9989 0.00552547 0)
(0.992152 0.0111086 0)
(0.988744 0.0144877 0)
(0.978733 0.0233146 0)
(0.972644 0.030556 0)
(0.960034 0.0453317 0)
(0.952747 0.0584799 0)
(0.938843 0.0817398 0)
(0.933093 0.102306 0)
(0.920516 0.136908 0)
(0.92116 0.164673 0)
(0.914565 0.214434 0)
(0.929874 0.243437 0)
(0.939529 0.321396 0)
(0.998293 0.00332777 0)
(0.999123 0.00590098 0)
(0.992341 0.011912 0)
(0.98947 0.0154728 0)
(0.979598 0.0247808 0)
(0.974397 0.0321588 0)
(0.962264 0.0474124 0)
(0.956448 0.0604669 0)
(0.943593 0.0840612 0)
(0.940191 0.103854 0)
(0.929547 0.138471 0)
(0.933584 0.16395 0)
(0.930148 0.2132 0)
(0.949297 0.236775 0)
(0.959242 0.304958 0)
(0.998247 0.00351323 0)
(0.999336 0.00629214 0)
(0.992605 0.0127739 0)
(0.990265 0.0165308 0)
(0.980659 0.0263858 0)
(0.97634 0.033913 0)
(0.964868 0.0497211 0)
(0.960449 0.0626428 0)
(0.948889 0.0866039 0)
(0.947496 0.10539 0)
(0.93906 0.139776 0)
(0.94547 0.162317 0)
(0.945081 0.209469 0)
(0.965282 0.227547 0)
(0.976466 0.285612 0)
(0.998238 0.00369605 0)
(0.99952 0.00667941 0)
(0.992949 0.0136229 0)
(0.991086 0.0175565 0)
(0.981905 0.0279316 0)
(0.9784 0.035562 0)
(0.967813 0.0518659 0)
(0.964639 0.0645691 0)
(0.95466 0.0887819 0)
(0.954898 0.106475 0)
(0.948892 0.140329 0)
(0.956841 0.160158 0)
(0.95916 0.204359 0)
(0.979287 0.218856 0)
(0.991924 0.269037 0)
(0.998276 0.00387502 0)
(0.99966 0.00705156 0)
(0.993378 0.0144482 0)
(0.991905 0.0185269 0)
(0.983322 0.0293899 0)
(0.980521 0.0370537 0)
(0.971044 0.0537729 0)
(0.968933 0.0661377 0)
(0.960768 0.0904271 0)
(0.962319 0.10694 0)
(0.958779 0.139881 0)
(0.967791 0.157353 0)
(0.972375 0.198174 0)
(0.992149 0.210372 0)
(1.00577 0.25414 0)
(0.998366 0.00404957 0)
(0.99975 0.00740362 0)
(0.993895 0.0152478 0)
(0.992708 0.0194365 0)
(0.984897 0.0307581 0)
(0.982679 0.0383853 0)
(0.974496 0.0554352 0)
(0.97329 0.0673596 0)
(0.967047 0.0915218 0)
(0.969702 0.10683 0)
(0.968464 0.138454 0)
(0.978302 0.153923 0)
(0.98469 0.191118 0)
(1.00398 0.201541 0)
(1.0181 0.239687 0)
(0.99851 0.00421858 0)
(0.999791 0.00773157 0)
(0.994494 0.0160135 0)
(0.993499 0.020277 0)
(0.986602 0.0320178 0)
(0.984873 0.0395481 0)
(0.978096 0.0568212 0)
(0.977693 0.0682443 0)
(0.973349 0.092038 0)
(0.976986 0.106199 0)
(0.977776 0.136124 0)
(0.988257 0.14992 0)
(0.996057 0.183384 0)
(1.01467 0.192263 0)
(1.029 0.225393 0)
(0.998698 0.00438017 0)
(0.999796 0.00803182 0)
(0.995161 0.0167329 0)
(0.994292 0.0210397 0)
(0.988405 0.0331409 0)
(0.987115 0.0405322 0)
(0.981774 0.0578858 0)
(0.982126 0.0687917 0)
(0.979566 0.0919447 0)
(0.984087 0.105064 0)
(0.986619 0.132978 0)
(0.997532 0.14536 0)
(1.00643 0.175149 0)
(1.02418 0.182655 0)
(1.03853 0.211356 0)
(0.998917 0.00453136 0)
(0.999786 0.00830203 0)
(0.995873 0.0173903 0)
(0.995106 0.0217187 0)
(0.990268 0.0340965 0)
(0.989409 0.0413302 0)
(0.985471 0.0585884 0)
(0.986553 0.068998 0)
(0.985623 0.0912358 0)
(0.990913 0.103429 0)
(0.994928 0.129122 0)
(1.00605 0.140264 0)
(1.01576 0.166569 0)
(1.03254 0.172852 0)
(1.04675 0.197673 0)
(0.999148 0.00466784 0)
(0.999784 0.00854155 0)
(0.996609 0.0179677 0)
(0.995959 0.0223102 0)
(0.992161 0.0348537 0)
(0.991752 0.0419352 0)
(0.989144 0.0589008 0)
(0.990927 0.068855 0)
(0.991465 0.0899338 0)
(0.997388 0.101292 0)
(1.00265 0.124667 0)
(1.01377 0.134678 0)
(1.02405 0.157768 0)
(1.0398 0.162968 0)
(1.05371 0.184382 0)
(0.999373 0.00478404 0)
(0.999809 0.00875111 0)
(0.99735 0.0184455 0)
(0.996858 0.0228103 0)
(0.994059 0.0353854 0)
(0.994123 0.0423369 0)
(0.992757 0.0588095 0)
(0.995196 0.06835 0)
(0.997041 0.0880803 0)
(1.00345 0.0986596 0)
(1.00973 0.119721 0)
(1.0207 0.128673 0)
(1.0313 0.148839 0)
(1.046 0.153092 0)
(1.05947 0.171508 0)
(0.999576 0.00487358 0)
(0.999871 0.00893203 0)
(0.998082 0.0188043 0)
(0.997798 0.0232129 0)
(0.995945 0.0356704 0)
(0.996497 0.0425205 0)
(0.996278 0.0583148 0)
(0.999312 0.0674691 0)
(1.0023 0.085727 0)
(1.00907 0.095553 0)
(1.01613 0.114375 0)
(1.02684 0.122327 0)
(1.03754 0.139859 0)
(1.05121 0.143297 0)
(1.06414 0.159075 0)
(0.999749 0.0049299 0)
(0.999974 0.00908505 0)
(0.998799 0.0190267 0)
(0.99877 0.0235084 0)
(0.997802 0.0356956 0)
(0.998843 0.0424676 0)
(0.999674 0.0574289 0)
(1.00323 0.0662019 0)
(1.0072 0.0829271 0)
(1.01422 0.0920049 0)
(1.02184 0.108708 0)
(1.03221 0.115722 0)
(1.04284 0.130892 0)
(1.05549 0.133643 0)
(1.0678 0.147105 0)
(0.999888 0.00494699 0)
(1.00011 0.00920889 0)
(0.999497 0.0190994 0)
(0.999758 0.0236831 0)
(0.999615 0.0354563 0)
(1.00113 0.0421578 0)
(1.00291 0.0561713 0)
(1.00693 0.0645455 0)
(1.0117 0.079732 0)
(1.01887 0.0880596 0)
(1.02686 0.102789 0)
(1.03683 0.108933 0)
(1.04723 0.121997 0)
(1.05892 0.124177 0)
(1.07054 0.135617 0)
(0.999994 0.00492018 0)
(1.00028 0.00929936 0)
(1.00017 0.0190142 0)
(1.00075 0.0237194 0)
(1.00136 0.0349548 0)
(1.00334 0.0415723 0)
(1.00594 0.0545655 0)
(1.01036 0.0625072 0)
(1.01577 0.0761889 0)
(1.02301 0.0837676 0)
(1.03119 0.0966801 0)
(1.04073 0.102027 0)
(1.0508 0.113223 0)
(1.06156 0.114933 0)
(1.07247 0.124617 0)
(1.00007 0.00484664 0)
(1.00046 0.00934899 0)
(1.00082 0.0187686 0)
(1.00172 0.0235974 0)
(1.00303 0.0341986 0)
(1.00544 0.0406966 0)
(1.00876 0.0526353 0)
(1.0135 0.0601035 0)
(1.01939 0.0723415 0)
(1.02663 0.0791821 0)
(1.03485 0.0904354 0)
(1.04394 0.0950606 0)
(1.05359 0.104611 0)
(1.06348 0.105939 0)
(1.07367 0.114104 0)
(1.00012 0.00472567 0)
(1.00065 0.00934716 0)
(1.00143 0.0183653 0)
(1.00266 0.0232967 0)
(1.00459 0.0331976 0)
(1.0074 0.0395231 0)
(1.01132 0.0504034 0)
(1.01633 0.0573591 0)
(1.02256 0.0682306 0)
(1.02974 0.0743547 0)
(1.03789 0.0841048 0)
(1.0465 0.088083 0)
(1.05569 0.0961904 0)
(1.06477 0.0972112 0)
(1.07423 0.104069 0)
(1.00015 0.00455876 0)
(1.00083 0.00928084 0)
(1.002 0.0178104 0)
(1.00355 0.0227996 0)
(1.00603 0.031962 0)
(1.00922 0.038052 0)
(1.01361 0.0478913 0)
(1.01884 0.0543039 0)
(1.02527 0.0638947 0)
(1.03234 0.0693338 0)
(1.04032 0.0777312 0)
(1.04847 0.081134 0)
(1.05715 0.0879834 0)
(1.06548 0.0887593 0)
(1.07424 0.0944952 0)
(1.00016 0.00434921 0)
(1.001 0.00913586 0)
(1.00252 0.0171119 0)
(1.00439 0.0220931 0)
(1.00733 0.0305008 0)
(1.01086 0.0362908 0)
(1.01562 0.0451198 0)
(1.02101 0.0509703 0)
(1.02755 0.0593705 0)
(1.03446 0.0641626 0)
(1.04221 0.0713506 0)
(1.04989 0.0742451 0)
(1.05806 0.0800025 0)
(1.06571 0.0805854 0)
(1.07379 0.0853621 0)
(1.00017 0.00410154 0)
(1.00115 0.00889869 0)
(1.00299 0.0162774 0)
(1.00516 0.0211706 0)
(1.00849 0.0288217 0)
(1.01232 0.0342527 0)
(1.01735 0.04211 0)
(1.02285 0.0473906 0)
(1.0294 0.0546914 0)
(1.03613 0.0588792 0)
(1.04359 0.0649915 0)
(1.05082 0.0674396 0)
(1.05848 0.0722523 0)
(1.06551 0.0726853 0)
(1.07294 0.0766431 0)
(1.00016 0.00382075 0)
(1.00129 0.00855809 0)
(1.0034 0.0153124 0)
(1.00586 0.0200321 0)
(1.00951 0.0269316 0)
(1.01358 0.0319541 0)
(1.0188 0.0388825 0)
(1.02436 0.0435957 0)
(1.03085 0.0498873 0)
(1.03739 0.0535151 0)
(1.04453 0.058675 0)
(1.05134 0.0607329 0)
(1.05849 0.0647305 0)
(1.06496 0.0650484 0)
(1.07179 0.0683083 0)
(1.00015 0.0035115 0)
(1.00141 0.00810633 0)
(1.00375 0.0142202 0)
(1.00648 0.0186827 0)
(1.01037 0.0248386 0)
(1.01466 0.029413 0)
(1.01999 0.0354579 0)
(1.02557 0.0396135 0)
(1.03195 0.0449831 0)
(1.03827 0.0480954 0)
(1.04508 0.0524145 0)
(1.05149 0.0541322 0)
(1.05816 0.0574279 0)
(1.06414 0.0576587 0)
(1.0704 0.0603241 0)
(1.00013 0.0031776 0)
(1.00151 0.00753969 0)
(1.00404 0.0130024 0)
(1.00702 0.017131 0)
(1.01109 0.0225513 0)
(1.01555 0.0266476 0)
(1.02094 0.031855 0)
(1.02651 0.0354681 0)
(1.03273 0.0399982 0)
(1.03884 0.0426377 0)
(1.04531 0.046216 0)
(1.05136 0.0476374 0)
(1.05757 0.0503289 0)
(1.06311 0.0504948 0)
(1.06885 0.0526538 0)
(1.00011 0.00282165 0)
(1.0016 0.00685828 0)
(1.00428 0.0116595 0)
(1.00747 0.0153872 0)
(1.01168 0.0200795 0)
(1.01626 0.023675 0)
(1.02166 0.0280902 0)
(1.02719 0.0311786 0)
(1.03324 0.0349453 0)
(1.03914 0.0371519 0)
(1.04528 0.0400776 0)
(1.051 0.0412403 0)
(1.05679 0.0434114 0)
(1.06196 0.0435295 0)
(1.06723 0.0452569 0)
(1.0001 0.00244507 0)
(1.00167 0.00606527 0)
(1.00446 0.0101921 0)
(1.00783 0.0134613 0)
(1.01214 0.0174324 0)
(1.01682 0.0205102 0)
(1.02218 0.0241758 0)
(1.02766 0.0267584 0)
(1.03353 0.0298302 0)
(1.03923 0.0316396 0)
(1.04506 0.033989 0)
(1.05049 0.0349247 0)
(1.0559 0.0366463 0)
(1.06075 0.0367296 0)
(1.0656 0.0380882 0)
(1.00008 0.00204823 0)
(1.00173 0.00516599 0)
(1.0046 0.00860157 0)
(1.00812 0.0113629 0)
(1.01248 0.0146185 0)
(1.01723 0.0171655 0)
(1.02254 0.0201196 0)
(1.02796 0.0222141 0)
(1.03365 0.0246502 0)
(1.03917 0.0260933 0)
(1.04472 0.0279309 0)
(1.0499 0.0286655 0)
(1.05498 0.0299965 0)
(1.05956 0.0300547 0)
(1.06405 0.0310966 0)
(1.00007 0.00163077 0)
(1.00177 0.00416684 0)
(1.0047 0.00688961 0)
(1.00834 0.00910072 0)
(1.01274 0.0116443 0)
(1.01753 0.013649 0)
(1.02278 0.0159232 0)
(1.02813 0.0175443 0)
(1.03365 0.0193939 0)
(1.03902 0.0204955 0)
(1.04433 0.021874 0)
(1.0493 0.0224276 0)
(1.0541 0.0234157 0)
(1.05846 0.0234555 0)
(1.06265 0.0242229 0)
(1.00006 0.00119197 0)
(1.0018 0.00307448 0)
(1.00477 0.00505852 0)
(1.00849 0.00668139 0)
(1.01291 0.00851299 0)
(1.01772 0.00996423 0)
(1.02291 0.0115817 0)
(1.02821 0.0127393 0)
(1.03359 0.0140397 0)
(1.03883 0.0148178 0)
(1.04394 0.0157774 0)
(1.04875 0.0161647 0)
(1.05333 0.0168464 0)
(1.05752 0.0168723 0)
(1.06148 0.0173978 0)
(1.00005 0.000731371 0)
(1.00183 0.00189612 0)
(1.00481 0.00311149 0)
(1.00859 0.00410987 0)
(1.01301 0.00522316 0)
(1.01784 0.0061074 0)
(1.02298 0.00708098 0)
(1.02823 0.0077788 0)
(1.03351 0.00855425 0)
(1.03866 0.00901928 0)
(1.04364 0.00958725 0)
(1.04833 0.00981704 0)
(1.05275 0.0102178 0)
(1.05683 0.0102322 0)
(1.06062 0.010539 0)
(1.00004 0.00024782 0)
(1.00184 0.000643184 0)
(1.00483 0.00105477 0)
(1.00864 0.00139325 0)
(1.01307 0.00176911 0)
(1.0179 0.00206745 0)
(1.02301 0.00239432 0)
(1.02823 0.00262807 0)
(1.03346 0.002887 0)
(1.03856 0.0030417 0)
(1.04346 0.00323074 0)
(1.04809 0.00330643 0)
(1.05243 0.00343978 0)
(1.05645 0.00344331 0)
(1.06015 0.00354565 0)
(0.999152 -9.36563e-05 -6.82421e-23)
(0.997464 -0.00153871 4.79619e-23)
(0.992133 -0.00340404 -1.16119e-22)
(0.98558 -0.00533272 -7.82394e-23)
(0.976346 -0.0071364 8.62966e-23)
(0.965349 -0.00861716 1.60468e-22)
(0.951609 -0.00971874 1.10302e-22)
(0.935583 -0.0106061 1.28022e-22)
(0.916293 -0.0109664 1.91638e-22)
(0.894164 -0.0113173 1.69549e-22)
(0.867919 -0.0110566 1.20303e-22)
(0.838158 -0.0109847 9.36292e-23)
(0.803382 -0.0101325 -4.17194e-22)
(0.764222 -0.00975421 4.7702e-22)
(0.719382 -0.00802703 -4.28496e-23)
(0.999147 8.68291e-05 4.12838e-22)
(0.997463 -0.00117882 -6.54663e-23)
(0.992128 -0.0026055 6.94e-23)
(0.985568 -0.00429952 5.59883e-22)
(0.976316 -0.00546694 -3.55896e-22)
(0.965309 -0.00655517 -5.47699e-22)
(0.951542 -0.00671321 2.13995e-22)
(0.935514 -0.00691381 1.11862e-22)
(0.916211 -0.00587971 -3.7061e-22)
(0.894097 -0.00504624 -5.60075e-22)
(0.867865 -0.00283818 7.03045e-22)
(0.838171 -0.000938432 -9.35532e-22)
(0.803463 0.00334407 1.13646e-21)
(0.76445 0.00661192 -6.45519e-22)
(0.719935 0.0136804 -1.82703e-22)
(0.999137 0.000266957 -7.89165e-22)
(0.997472 -0.000820448 3.02157e-23)
(0.99212 -0.00181134 -5.71232e-22)
(0.985575 -0.00327147 -1.58671e-22)
(0.976297 -0.0038104 4.9836e-22)
(0.965311 -0.00451031 8.52037e-24)
(0.951517 -0.00374422 -2.27363e-22)
(0.93553 -0.00327185 -3.34667e-22)
(0.916238 -0.000918609 3.93996e-22)
(0.894182 0.000805201 -1.79138e-22)
(0.868017 0.00537737 -2.03399e-21)
(0.838637 0.00926952 -4.93964e-22)
(0.804237 0.0169248 1.85148e-21)
(0.765673 0.0230767 2.01368e-22)
(0.721696 0.035558 2.17859e-21)
(0.999121 0.000446315 1.04858e-21)
(0.99749 -0.000463054 -2.23685e-22)
(0.99211 -0.00102204 1.00124e-21)
(0.9856 -0.00224757 -2.81693e-22)
(0.976289 -0.00216655 -9.20822e-22)
(0.96535 -0.00247989 -2.4353e-22)
(0.951531 -0.000810463 2.57503e-22)
(0.935621 0.000326671 -3.57886e-23)
(0.916301 0.00394092 1.49948e-21)
(0.894504 0.00694942 -3.84551e-22)
(0.868602 0.0138654 -1.24774e-21)
(0.839556 0.0197726 2.14446e-21)
(0.805561 0.0306242 -1.35149e-21)
(0.767726 0.0394752 3.83973e-21)
(0.724617 0.0571124 -6.10243e-21)
(0.9991 0.000624548 -3.51481e-22)
(0.997517 -0.000106271 -5.30471e-22)
(0.992097 -0.000238194 1.7335e-22)
(0.985644 -0.00122704 2.74197e-22)
(0.976291 -0.000535308 1.04003e-21)
(0.965426 -0.00046331 4.91647e-22)
(0.951582 0.00209136 2.7619e-22)
(0.935781 0.00371866 -1.26112e-22)
(0.916556 0.00895341 -7.48327e-23)
(0.895072 0.0134498 1.3626e-21)
(0.8694 0.0223128 -7.22286e-22)
(0.840881 0.030032 2.08396e-21)
(0.807465 0.0441225 -3.45881e-21)
(0.770626 0.0556529 1.86362e-21)
(0.728706 0.0783976 4.44103e-21)
(0.999074 0.000801329 -5.68071e-22)
(0.997552 0.000250096 1.7129e-21)
(0.992084 0.000539439 -1.28832e-21)
(0.985704 -0.000209642 1.63362e-21)
(0.976301 0.0010823 -9.61461e-22)
(0.965536 0.00154313 1.24243e-21)
(0.951636 0.00487663 -2.7846e-22)
(0.93606 0.0072647 -6.23956e-22)
(0.916977 0.0140949 3.87419e-23)
(0.89582 0.0196714 1.48068e-21)
(0.870465 0.030629 -3.03008e-21)
(0.842628 0.0401772 2.7014e-21)
(0.809951 0.0574701 -6.17529e-21)
(0.774374 0.071603 2.45899e-21)
(0.733955 0.0993625 1.98072e-21)
(0.999044 0.000976351 7.34068e-22)
(0.997595 0.000606195 -1.43453e-21)
(0.992069 0.00131009 5.15856e-22)
(0.985781 0.00080456 -1.53657e-21)
(0.976322 0.00268487 9.1697e-22)
(0.965662 0.00353853 -6.97215e-22)
(0.951762 0.00770404 2.732e-23)
(0.936456 0.0110474 8.00469e-22)
(0.917488 0.0191459 1.85753e-21)
(0.89676 0.0258447 -5.26763e-21)
(0.871799 0.0388863 2.38089e-21)
(0.844793 0.0502138 1.77709e-21)
(0.81301 0.0706474 -1.31954e-21)
(0.778961 0.0872782 -1.32817e-21)
(0.74035 0.119919 2.19396e-23)
(0.999011 0.00114934 1.12877e-21)
(0.997645 0.000962131 6.18451e-22)
(0.992054 0.00207303 -2.39654e-22)
(0.985872 0.00181552 2.9884e-22)
(0.976351 0.00426902 -1.52958e-21)
(0.965832 0.00551045 1.78683e-22)
(0.951938 0.0106948 6.70636e-22)
(0.936936 0.0147153 -2.52448e-21)
(0.918107 0.0241488 -8.51498e-24)
(0.897894 0.0319745 1.66919e-21)
(0.873394 0.0470686 -3.2001e-21)
(0.84737 0.0601114 1.61256e-21)
(0.816631 0.083617 2.80312e-21)
(0.784374 0.102624 1.2893e-21)
(0.747873 0.139982 1.20146e-21)
(0.998974 0.00132004 -1.00989e-21)
(0.997701 0.00131796 -2.08041e-22)
(0.992039 0.00282755 -1.48497e-21)
(0.985977 0.00282284 -2.76146e-21)
(0.976389 0.00583547 9.58048e-22)
(0.96605 0.00740983 1.51513e-21)
(0.952166 0.0136522 -4.74101e-22)
(0.937496 0.0183532 1.39505e-21)
(0.918834 0.0291142 3.5063e-21)
(0.899219 0.0380458 -4.93541e-21)
(0.875246 0.0551589 2.33393e-22)
(0.850352 0.0698494 3.43226e-21)
(0.820807 0.0963484 5.75987e-22)
(0.790601 0.117588 -6.01243e-21)
(0.7565 0.159473 2.83344e-21)
(0.998934 0.00148825 -1.08398e-21)
(0.997764 0.00167368 -6.38011e-24)
(0.992025 0.00357306 4.5726e-23)
(0.986095 0.00382404 2.37687e-21)
(0.976428 0.00738416 1.83231e-22)
(0.966308 0.00932966 -1.23612e-21)
(0.952455 0.0165484 -8.71089e-22)
(0.938139 0.021968 -1.03964e-21)
(0.919669 0.0340357 -1.28758e-21)
(0.900733 0.0440549 2.02122e-21)
(0.877349 0.0631464 4.86353e-21)
(0.853733 0.0794104 -4.85499e-21)
(0.825526 0.108813 -6.31725e-21)
(0.797627 0.132122 2.98492e-21)
(0.766207 0.178309 9.54152e-21)
(0.998892 0.00165377 1.09621e-21)
(0.997833 0.00202926 -2.25026e-21)
(0.992013 0.00430904 7.1975e-22)
(0.986224 0.00482467 -1.80836e-21)
(0.976484 0.00874272 -3.62855e-22)
(0.966604 0.0113957 3.04253e-22)
(0.952793 0.0194294 9.04106e-22)
(0.938865 0.0255639 6.01653e-22)
(0.920611 0.0389088 -9.68182e-22)
(0.902434 0.0499989 3.37559e-22)
(0.879699 0.0710194 -1.07073e-21)
(0.857508 0.0887768 6.84682e-21)
(0.830778 0.120981 -9.96642e-21)
(0.805434 0.146173 5.04952e-21)
(0.776964 0.196411 3.40035e-21)
(0.998848 0.00181645 -4.04362e-22)
(0.997907 0.00238451 4.23968e-21)
(0.992002 0.00503502 1.47738e-21)
(0.986342 0.00582081 -1.23983e-21)
(0.976566 0.0102653 2.81593e-21)
(0.966964 0.0134858 1.50655e-21)
(0.953167 0.022287 -3.58908e-22)
(0.939669 0.0291398 -1.11763e-21)
(0.921662 0.0437281 -7.8284e-22)
(0.90432 0.0558751 3.04759e-22)
(0.882292 0.0787654 -6.17705e-21)
(0.861673 0.0979325 2.36228e-21)
(0.836552 0.132825 6.90231e-21)
(0.814002 0.15969 -4.23707e-21)
(0.788741 0.213703 1.31017e-21)
(0.998802 0.00197616 7.57809e-23)
(0.997987 0.00273906 9.03925e-24)
(0.991992 0.00575011 -3.37114e-22)
(0.986496 0.0067974 1.05312e-21)
(0.976667 0.0119756 -1.3981e-21)
(0.967334 0.0155324 -9.47588e-22)
(0.953587 0.0251074 -3.01662e-21)
(0.940554 0.0326944 6.92413e-22)
(0.922823 0.0484884 5.98676e-21)
(0.906388 0.0616813 -7.36338e-21)
(0.885127 0.086371 4.63375e-21)
(0.866224 0.106863 3.83389e-21)
(0.842836 0.144315 9.3083e-22)
(0.823314 0.17262 -5.32355e-21)
(0.801503 0.230109 8.38349e-21)
(0.998755 0.00213282 4.8249e-22)
(0.998072 0.00309259 -1.92403e-21)
(0.991984 0.00644964 -2.44954e-22)
(0.986667 0.00772775 -3.42174e-22)
(0.976792 0.013521 1.3871e-21)
(0.967738 0.0175596 -5.75118e-22)
(0.954056 0.0278973 1.89853e-21)
(0.941519 0.036228 2.63417e-22)
(0.924101 0.0531848 -4.53514e-21)
(0.908641 0.0674162 7.2458e-21)
(0.888204 0.0938221 -5.9702e-21)
(0.871161 0.115555 -6.59422e-21)
(0.84962 0.155421 7.9399e-21)
(0.833353 0.184905 -1.11867e-21)
(0.815221 0.24556 7.29836e-21)
(0.998706 0.00228628 4.75706e-22)
(0.998162 0.00344655 -6.30735e-22)
(0.991972 0.00711155 9.83916e-22)
(0.986856 0.00868359 -9.50095e-22)
(0.976945 0.0150443 1.45983e-21)
(0.96818 0.0195756 -1.02196e-21)
(0.954579 0.0306565 -4.57289e-23)
(0.942571 0.0397402 -5.58626e-21)
(0.925502 0.0578142 7.39867e-21)
(0.911081 0.07308 -7.81633e-21)
(0.891533 0.101105 6.38718e-21)
(0.876486 0.124001 -1.42413e-21)
(0.856894 0.16611 -7.19057e-21)
(0.844109 0.196486 1.37833e-21)
(0.829867 0.259994 8.60613e-21)
(0.998655 0.00243626 -1.36035e-21)
(0.998254 0.00380047 -1.99412e-22)
(0.991966 0.00778016 5.63247e-22)
(0.987068 0.00973428 8.38537e-22)
(0.97712 0.0165541 -9.7706e-22)
(0.968665 0.0215784 9.86622e-22)
(0.955164 0.0333827 6.25708e-22)
(0.943718 0.0432281 1.46137e-21)
(0.927041 0.0623714 -7.38092e-21)
(0.913722 0.0786699 9.80816e-22)
(0.895129 0.108202 4.46485e-21)
(0.882212 0.132191 -4.30539e-21)
(0.864659 0.176341 -2.48239e-21)
(0.855582 0.207291 3.50432e-21)
(0.845425 0.273351 -1.62892e-21)
(0.998603 0.00258293 2.39407e-22)
(0.998354 0.00414422 -1.59758e-21)
(0.991969 0.00849641 -1.22407e-21)
(0.987303 0.0107824 -1.3651e-21)
(0.977316 0.0180381 9.31083e-22)
(0.969203 0.0235593 -4.70699e-22)
(0.95582 0.0360643 -1.85952e-21)
(0.944982 0.0466749 3.43352e-21)
(0.92874 0.066837 -1.07472e-21)
(0.91659 0.0841644 6.60662e-21)
(0.899026 0.115082 -2.31295e-21)
(0.888368 0.140108 -1.17428e-21)
(0.872929 0.186061 -2.43641e-21)
(0.867803 0.217248 9.91823e-21)
(0.861909 0.28558 1.00203e-21)
(0.998549 0.00272649 1.15815e-21)
(0.998464 0.00447395 6.05291e-22)
(0.991981 0.00920691 1.3659e-21)
(0.987563 0.011794 -5.03063e-22)
(0.977545 0.0194993 -2.08553e-22)
(0.969812 0.0255263 -4.70416e-22)
(0.956565 0.0387144 1.93953e-21)
(0.946396 0.0500945 -3.73111e-21)
(0.930634 0.0712303 3.35744e-21)
(0.919742 0.0895852 1.17619e-21)
(0.903289 0.121765 1.83933e-21)
(0.895027 0.147796 -1.99922e-21)
(0.881764 0.195269 -6.70047e-21)
(0.880867 0.226342 1.22751e-20)
(0.879403 0.296824 -1.37896e-20)
(0.998491 0.0028659 -9.59293e-22)
(0.998583 0.00483627 1.33106e-22)
(0.992006 0.00990543 4.94756e-22)
(0.987861 0.0128264 -1.10381e-21)
(0.977821 0.0209972 1.89871e-21)
(0.97052 0.0275701 -1.06523e-21)
(0.957432 0.0414566 -1.6886e-21)
(0.94802 0.0536581 1.96513e-21)
(0.93279 0.0757544 -3.57573e-21)
(0.923292 0.0951739 4.37434e-21)
(0.908045 0.128459 -6.31608e-21)
(0.90236 0.155459 6.47488e-21)
(0.891335 0.203897 2.02437e-21)
(0.895081 0.234475 -8.12814e-21)
(0.898157 0.307119 1.86141e-21)
(0.998434 0.00300068 1.41888e-22)
(0.998716 0.00520746 -4.34067e-23)
(0.992054 0.0105667 2.79591e-22)
(0.988216 0.013817 2.17118e-22)
(0.978173 0.0224276 -4.50125e-22)
(0.971377 0.0295355 1.29873e-21)
(0.958485 0.0440725 2.00571e-21)
(0.949968 0.0570648 -4.51515e-21)
(0.935337 0.0800077 2.79298e-21)
(0.927462 0.10039 -1.96087e-21)
(0.91353 0.13445 -4.17209e-21)
(0.910735 0.162112 1.35194e-21)
(0.902076 0.210559 5.87707e-21)
(0.911366 0.240446 1.71746e-21)
(0.919328 0.313481 -4.28367e-21)
)
;

boundaryField
{
    inlet
    {
        type            uniformFixedValue;
        uniformValue    constant (1 0 0);
        value           uniform (1 0 0);
    }
    outlet
    {
        type            pressureInletOutletVelocity;
        value           nonuniform 0();
    }
    cylinder
    {
        type            fixedValue;
        value           uniform (0 0 0);
    }
    top
    {
        type            symmetryPlane;
    }
    bottom
    {
        type            symmetryPlane;
    }
    defaultFaces
    {
        type            empty;
    }
    procBoundary2to0
    {
        type            processor;
        value           nonuniform List<vector> 
26
(
(0.0186462 0.00232577 1.69933e-21)
(0.0846444 0.00258948 -4.67315e-21)
(0.185204 0.000922229 -5.29411e-21)
(0.185204 0.000922229 -5.29411e-21)
(0.281315 -0.0525289 -5.04651e-21)
(0.366972 -0.0485087 4.44162e-21)
(0.443296 -0.0444708 2.22357e-21)
(0.511131 -0.0408493 -3.54958e-21)
(0.571496 -0.0376268 -4.12333e-21)
(0.625179 -0.0347326 6.07694e-22)
(0.672891 -0.0321026 -1.71559e-21)
(0.999152 -0.000274092 -6.75555e-23)
(0.997474 -0.00189899 6.6346e-23)
(0.992136 -0.00420527 -8.59449e-23)
(0.985612 -0.00636954 -1.22912e-22)
(0.976387 -0.00881332 1.15853e-22)
(0.965432 -0.0106888 1.85511e-22)
(0.951722 -0.0127447 1.29727e-22)
(0.935745 -0.0143315 -7.92052e-23)
(0.916501 -0.016119 3.16799e-22)
(0.89443 -0.0176937 5.86062e-23)
(0.868241 -0.019559 1.51789e-22)
(0.838562 -0.0214273 2.14223e-22)
(0.803864 -0.0238392 -2.91821e-24)
(0.764778 -0.0262077 -1.57838e-22)
(0.720054 -0.0296202 -2.6539e-23)
)
;
    }
    procBoundary2to3
    {
        type            processor;
        value           nonuniform List<vector> 
50
(
(-0.0140112 0.0124443 -2.70106e-20)
(-0.000200382 0.0130765 1.86862e-20)
(-0.000200382 0.0130765 1.86862e-20)
(0.0739249 0.0015895 -1.95654e-21)
(0.101719 -0.00445502 7.22276e-20)
(0.101719 -0.00445502 7.22276e-20)
(0.282672 -0.013971 -2.99681e-20)
(0.282672 -0.013971 -2.99681e-20)
(0.558426 -0.00432964 2.67055e-20)
(0.558426 -0.00432964 2.67055e-20)
(0.791599 0.0150643 -8.8466e-20)
(1.07425 0.0573083 -1.48223e-20)
(1.07425 0.0573083 -1.48223e-20)
(1.25335 0.095721 -3.71491e-20)
(1.25335 0.095721 -3.71491e-20)
(1.32799 0.121675 2.76077e-20)
(1.32799 0.121675 2.76077e-20)
(1.33662 0.116918 -1.16357e-20)
(1.32854 0.132822 -4.06714e-21)
(1.32854 0.132822 -4.06714e-21)
(1.31625 0.131418 8.00398e-21)
(1.30212 0.129462 1.08436e-21)
(1.2874 0.127008 -1.01047e-20)
(1.27289 0.12386 3.90983e-21)
(1.2591 0.12022 2.62812e-22)
(1.24628 0.116334 8.96538e-22)
(1.23442 0.112272 -3.54718e-21)
(1.22334 0.108014 -1.03775e-21)
(1.21293 0.103568 2.72053e-21)
(1.2031 0.0989579 1.23526e-21)
(1.19381 0.0942009 -9.07116e-23)
(1.18499 0.0893144 8.33129e-22)
(1.17661 0.0843197 -1.47315e-21)
(1.16863 0.0792369 -1.59965e-21)
(1.16863 0.0792369 -1.59965e-21)
(1.16347 0.0725743 -3.4459e-22)
(1.15608 0.0675916 4.61852e-22)
(1.14902 0.0625536 -9.37983e-22)
(1.14229 0.0574845 4.16818e-22)
(1.13589 0.0524061 7.09295e-23)
(1.12982 0.0473375 -1.59609e-22)
(1.12409 0.0422938 -1.98898e-23)
(1.11874 0.0372862 3.04822e-22)
(1.11381 0.0323186 -4.55264e-23)
(1.10933 0.0273907 -8.50052e-23)
(1.10538 0.0224907 -1.44294e-22)
(1.10201 0.017604 4.58314e-23)
(1.09932 0.012685 9.25231e-23)
(1.09739 0.00771862 7.67606e-23)
(1.09632 0.00260248 4.2251e-23)
)
;
    }
}


// ************************************************************************* //
