/*--------------------------------*- C++ -*----------------------------------*\
  =========                 |
  \\      /  F ield         | OpenFOAM: The Open Source CFD Toolbox
   \\    /   O peration     | Website:  https://openfoam.org
    \\  /    A nd           | Version:  7
     \\/     M anipulation  |
\*---------------------------------------------------------------------------*/
FoamFile
{
    version     2.0;
    format      ascii;
    class       surfaceScalarField;
    location    "285";
    object      phi;
}
// * * * * * * * * * * * * * * * * * * * * * * * * * * * * * * * * * * * * * //

dimensions      [0 3 -1 0 0 0 0];

internalField   nonuniform List<scalar> 
4137
(
0.000521935
0.000129233
0.000392702
-0.000621985
0.000155441
0.000237261
-0.00129901
0.000187881
4.93797e-05
0.000969035
-0.00208016
-0.00678585
0.000225678
-0.000176298
0.0011213
-0.00297578
0.00295319
-0.00861774
-0.0174227
0.000267877
-0.000444175
0.00128508
-0.00399299
0.00330665
-0.0106393
0.00644031
-0.0205564
0.0104152
-0.0330313
-0.0463504
0.000313521
-0.000757696
0.00145587
-0.00513533
0.00365602
-0.0128395
0.00692576
-0.0238261
0.0108538
-0.0369594
0.0147596
-0.0502562
-0.062069
0.000361663
-0.00111936
0.00162896
-0.00640263
0.00398826
-0.0151988
0.00733667
-0.0271746
0.0111414
-0.0407641
0.0147247
-0.0538395
0.0176543
-0.0649987
-0.0739825
0.000411347
-0.00153071
0.00179947
-0.00779076
0.0042908
-0.0176901
0.00765697
-0.0305407
0.0112745
-0.0443817
0.0145086
-0.0570736
0.0170395
-0.0675295
0.0188707
-0.0758138
0.0202
-0.08259
-0.0887352
0.000461563
-0.00199227
0.00196243
-0.00929162
0.00455225
-0.0202799
0.00787639
-0.0338649
0.0112577
-0.047763
0.0141327
-0.0599486
0.0162898
-0.0696865
0.0178068
-0.0773308
0.0189008
-0.083684
-0.0895873
0.019753
0.000511233
-0.0025035
0.00211286
-0.0108932
0.00476312
-0.0229302
0.00799037
-0.0370921
0.0111012
-0.0508738
0.0136199
-0.0624673
0.0154326
-0.0714992
0.0166723
-0.0785705
0.017561
-0.0845727
-0.0902875
0.0182612
0.000559202
-0.0030627
0.00224597
-0.01258
0.00491629
-0.0256005
0.00799951
-0.0401753
0.0108187
-0.0536931
0.012993
-0.0646415
0.0144922
-0.0729985
0.0154872
-0.0795655
0.0161941
-0.0852796
-0.0908476
0.0167541
0.000604278
-0.00366698
0.00235745
-0.0143332
0.0050074
-0.0282504
0.00790843
-0.0430764
0.0104261
-0.0562107
0.0122732
-0.0664887
0.0134891
-0.0742143
0.0142672
-0.0803436
0.0148102
-0.0858227
-0.0912751
0.0152378
0.000645267
-0.00431225
0.00244366
-0.0161316
0.00503483
-0.0308416
0.00772471
-0.0457662
0.00993942
-0.0584254
0.0114802
-0.0680295
0.0124405
-0.0751746
0.0130246
-0.0809277
0.013417
-0.0862151
-0.0915749
0.0137168
0.000681034
-0.00499328
0.00250184
-0.0179524
0.00499942
-0.0333392
0.0074578
-0.0482246
0.00937461
-0.0603422
0.0106307
-0.0692856
0.0113604
-0.0759043
0.011769
-0.0813363
0.0120205
-0.0864665
-0.0917496
0.0121952
0.000710548
-0.00570383
0.00253026
-0.0197721
0.00490405
-0.035713
0.00711807
-0.0504386
0.00874648
-0.0619707
0.00973964
-0.0702787
0.0102604
-0.0764251
0.010508
-0.0815838
0.010625
-0.0865835
-0.0918007
0.0106761
0.000732934
-0.00643677
0.00252818
-0.0215674
0.00475313
-0.0379379
0.00671617
-0.0524017
0.00806849
-0.063323
0.00881926
-0.0710295
0.00914951
-0.0767554
0.00924712
-0.0816814
0.00923412
-0.0865705
-0.0917291
0.00916249
0.000747498
-0.00718426
0.00249585
-0.0233157
0.00455206
-0.0399941
0.00626248
-0.0541121
0.0073526
-0.0644131
0.00787992
-0.0715568
0.00803493
-0.0769104
0.00799096
-0.0816375
0.0078508
-0.0864304
-0.0915348
0.00765649
0.000753748
-0.00793801
0.00243435
-0.0249963
0.00430683
-0.0418666
0.00576678
-0.055572
0.00660924
-0.0652556
0.00693011
-0.0718777
0.00692236
-0.0769026
0.00674291
-0.081458
0.00647737
-0.0861648
-0.0912164
0.00615903
0.000751399
-0.00868941
0.00234544
-0.0265903
0.00402359
-0.0435448
0.00523807
-0.0567865
0.00584736
-0.0658648
0.00597683
-0.0720072
0.0058163
-0.0767421
0.00550557
-0.0811473
0.00511562
-0.0857749
-0.0907724
0.0046716
0.000740369
-0.00942978
0.00223137
-0.0280813
0.00370844
-0.0450218
0.00468445
-0.0577625
0.00507459
-0.066255
0.00502582
-0.0719584
0.00472056
-0.0764368
0.00428127
-0.080708
0.00376651
-0.0852601
-0.090201
0.00319509
0.000720777
-0.0101506
0.00209469
-0.0294553
0.00336719
-0.0462943
0.00411305
-0.0585084
0.00429733
-0.0664393
0.00408175
-0.0717428
0.00363857
-0.0759936
0.00307321
-0.0801426
0.00243026
-0.0846172
-0.0894979
0.00172714
0.000692951
-0.0108435
0.00193845
-0.0307008
0.00300534
-0.0473612
0.00353014
-0.0590332
0.00352089
-0.06643
0.00314829
-0.0713702
0.00257289
-0.0754182
0.00188531
-0.0794551
0.00111192
-0.0838438
-0.088627
0.00024107
0.000657385
-0.0115009
0.00176559
-0.031809
0.00262791
-0.0482236
0.00294112
-0.0593464
0.00274967
-0.0662385
0.00222837
-0.0708489
0.00152483
-0.0747147
0.0007156
-0.0786458
-0.000161639
-0.0829665
-0.0876333
-0.00115541
0.000614701
-0.0121156
0.00157895
-0.0327732
0.00223946
-0.0488841
0.00235067
-0.0594576
0.00198729
-0.0658752
0.00132449
-0.0701861
0.000495142
-0.0738854
-0.000435446
-0.0777152
-0.0014521
-0.0819499
-0.0865441
-0.00254123
0.00056563
-0.0126812
0.00138129
-0.0335889
0.00184406
-0.0493468
0.0017627
-0.0593763
0.00123668
-0.0653491
0.000438218
-0.0693877
-0.000510944
-0.0729362
-0.0015561
-0.0766701
-0.00269933
-0.0808066
-0.0853314
-0.00391206
0.000510994
-0.0131922
0.00117527
-0.0342532
0.00144542
-0.049617
0.00118037
-0.0591112
0.000500439
-0.0646692
-0.000427179
-0.06846
-0.00149194
-0.0718714
-0.00265704
-0.075505
-0.00391979
-0.0795439
-0.0839916
-0.00525954
0.000451657
-0.0136439
0.000963459
-0.034765
0.00104685
-0.0497004
0.000606482
-0.0586708
-0.000219369
-0.0638434
-0.00126998
-0.0674094
-0.00245118
-0.0706902
-0.00373269
-0.0742235
-0.00511438
-0.0781622
-0.0825261
-0.00657997
0.000388464
-0.0140323
0.000748361
-0.0351249
0.000651236
-0.0496033
5.00964e-05
-0.0580697
-0.000919905
-0.0628734
-0.00209198
-0.0662374
-0.0033863
-0.0693959
-0.0047817
-0.0728281
-0.00628161
-0.0766623
-0.0809367
-0.007871
0.000322291
-0.0143546
0.000532214
-0.0353348
0.000263524
-0.0493346
-0.000506102
-0.0573001
-0.0016037
-0.0617758
-0.00289141
-0.0649496
-0.00429613
-0.0679912
-0.00580315
-0.071321
-0.00741985
-0.0750456
-0.0792258
-0.00913073
0.000254486
-0.0146091
0.000316775
-0.0353971
-0.000116644
-0.0489011
-0.00104127
-0.0563754
-0.00226783
-0.0605492
-0.00366752
-0.06355
-0.00517992
-0.0664788
-0.00679635
-0.0697046
-0.00852779
-0.0733142
-0.0773973
-0.0103563
0.000185651
-0.0147948
0.000109698
-0.0353211
-0.000507744
-0.0482837
-0.00156473
-0.0553184
-0.00291135
-0.0592026
-0.00441957
-0.0620417
-0.00603709
-0.0648613
-0.00776071
-0.067981
-0.00960415
-0.0714707
-0.0754581
-0.0115434
0.000113663
-0.0149084
-0.000104995
-0.0351025
-0.000878219
-0.0475105
-0.00207241
-0.0541242
-0.00353377
-0.0577412
-0.00514688
-0.0604286
-0.00686702
-0.0631411
-0.00869554
-0.0661524
-0.0106478
-0.0695185
-0.0734138
-0.0126921
3.66716e-05
-0.0149451
-0.000332675
-0.0347331
-0.00123964
-0.0466035
-0.00256252
-0.0528014
-0.00413441
-0.0561694
-0.00584906
-0.058714
-0.00766936
-0.0613208
-0.00960034
-0.0642215
-0.0116589
-0.06746
-0.0712606
-0.013812
-3.81446e-05
-0.014907
-0.000545411
-0.0342258
-0.00158998
-0.0455589
-0.00303455
-0.0513568
-0.00471246
-0.0544914
-0.00652575
-0.0569007
-0.00844456
-0.059402
-0.0104765
-0.0621895
-0.0126375
-0.065299
-0.0689961
-0.014902
-0.000109446
-0.0147975
-0.000749736
-0.0335855
-0.00192778
-0.0443809
-0.00348806
-0.0497965
-0.00526731
-0.0527122
-0.00717639
-0.0549916
-0.00919331
-0.0573851
-0.011328
-0.0600548
-0.0135796
-0.0630474
-0.0666402
-0.0159355
-0.000181171
-0.0146163
-0.000946997
-0.0328197
-0.00225224
-0.0430756
-0.00392242
-0.0481264
-0.00579828
-0.0508363
-0.00779989
-0.05299
-0.00991322
-0.0552718
-0.0121522
-0.0578158
-0.0145237
-0.0606758
-0.064356
-0.016808
-0.000251554
-0.0143648
-0.00113722
-0.0319341
-0.00256286
-0.04165
-0.0043371
-0.0463521
-0.00630492
-0.0488685
-0.00839519
-0.0508997
-0.0105988
-0.0530682
-0.0129161
-0.0554985
-0.0153047
-0.0582873
-0.0615054
-0.0181552
-0.000320019
-0.0140448
-0.00132002
-0.0309341
-0.00285924
-0.0401108
-0.00473179
-0.0444796
-0.00678711
-0.0468132
-0.00896172
-0.0487251
-0.0112465
-0.0507834
-0.0136362
-0.0531088
-0.0161491
-0.0557744
-0.058681
-0.0189735
-0.000386218
-0.0136585
-0.00149492
-0.0298254
-0.00314105
-0.0384647
-0.00510621
-0.0425144
-0.00724454
-0.0446749
-0.00949941
-0.0464702
-0.0118641
-0.0484187
-0.0143429
-0.0506301
-0.0169723
-0.053145
-0.055841
-0.0198123
-0.000449872
-0.0132087
-0.0016615
-0.0286137
-0.00340797
-0.0367182
-0.00546011
-0.0404622
-0.00767678
-0.0424582
-0.0100074
-0.0441397
-0.0124479
-0.0459781
-0.0150085
-0.0480695
-0.0177213
-0.0504322
-0.052957
-0.0206054
-0.000510736
-0.0126979
-0.00181939
-0.0273051
-0.00365974
-0.0348778
-0.00579333
-0.0383287
-0.00808373
-0.0401678
-0.010486
-0.0417374
-0.0129994
-0.0434648
-0.015637
-0.0454319
-0.0184241
-0.0476451
-0.0500157
-0.0213653
-0.000568587
-0.0121294
-0.00196827
-0.0259054
-0.00389613
-0.03295
-0.00610569
-0.0361191
-0.00846521
-0.0378083
-0.010935
-0.0392676
-0.0135171
-0.0408827
-0.0162258
-0.0427232
-0.0190813
-0.0447896
-0.0470111
-0.0220859
-0.000623229
-0.0115061
-0.00210788
-0.0244207
-0.00411696
-0.0309409
-0.0063971
-0.033839
-0.00882116
-0.0353842
-0.0113543
-0.0367344
-0.0140008
-0.0382361
-0.0167755
-0.0399485
-0.0196958
-0.0418692
-0.043942
-0.0227649
-0.000674486
-0.0108316
-0.00223798
-0.0228572
-0.00432208
-0.0288568
-0.00666747
-0.0314936
-0.00915146
-0.0329002
-0.0117437
-0.0341422
-0.0144502
-0.0355296
-0.0172861
-0.0371126
-0.0202678
-0.0388876
-0.0408099
-0.0233999
-0.000722203
-0.0101094
-0.0023584
-0.0212211
-0.00451137
-0.0267038
-0.00691672
-0.0290882
-0.00945605
-0.0303609
-0.0121029
-0.0314953
-0.0148651
-0.0327674
-0.0177578
-0.03422
-0.020797
-0.0358484
-0.0376178
-0.0239891
-0.000766246
-0.00934319
-0.00246896
-0.0195183
-0.00468471
-0.0244881
-0.0071448
-0.0266281
-0.00973484
-0.0277709
-0.0124319
-0.0287983
-0.0152452
-0.0299541
-0.0181902
-0.031275
-0.0212828
-0.0327557
-0.0343694
-0.0245312
-0.000806499
-0.00853669
-0.00256953
-0.0177553
-0.00484203
-0.0222156
-0.00735166
-0.0241185
-0.00998775
-0.0251348
-0.0127306
-0.0260555
-0.0155904
-0.0270943
-0.0185831
-0.0282823
-0.0217247
-0.0296141
-0.0310692
-0.0250249
-0.000842859
-0.00769383
-0.00266
-0.0159382
-0.00498326
-0.0198923
-0.00753726
-0.0215645
-0.0102147
-0.0224573
-0.0129987
-0.0232715
-0.0159005
-0.0241925
-0.0189362
-0.0252465
-0.0221222
-0.0264281
-0.0277221
-0.0254693
-0.00087524
-0.00681859
-0.00274027
-0.0140731
-0.00510836
-0.0175242
-0.00770156
-0.0189713
-0.0104157
-0.0197432
-0.0132362
-0.020451
-0.0161752
-0.0212535
-0.0192493
-0.0221724
-0.0224748
-0.0232026
-0.0243332
-0.0258638
-0.000903568
-0.00591502
-0.00281027
-0.0121664
-0.00521727
-0.0151172
-0.00784453
-0.016344
-0.0105906
-0.0169971
-0.013443
-0.0175986
-0.0164146
-0.0182819
-0.0195221
-0.0190649
-0.0227822
-0.0199426
-0.0209077
-0.0262076
-0.000927781
-0.00498724
-0.00286992
-0.0102243
-0.00530995
-0.0126772
-0.00796615
-0.0136878
-0.0107394
-0.0142238
-0.013619
-0.0147191
-0.0166183
-0.0152826
-0.0197544
-0.0159287
-0.0230439
-0.0166531
-0.017451
-0.0265005
-0.000947825
-0.00403941
-0.00291918
-0.00825294
-0.00538638
-0.01021
-0.00806639
-0.0110078
-0.0108621
-0.0114282
-0.0137641
-0.0118171
-0.0167863
-0.0122603
-0.0199461
-0.012769
-0.0232598
-0.0133394
-0.0139687
-0.0267421
-0.00096366
-0.00307575
-0.00295799
-0.00625861
-0.00544652
-0.00772147
-0.00814524
-0.0083091
-0.0109586
-0.00861484
-0.0138782
-0.00889745
-0.0169185
-0.00921994
-0.0200969
-0.0095906
-0.0234298
-0.0100065
-0.0104661
-0.0269324
-0.000975253
-0.0021005
-0.00298633
-0.00424754
-0.00549037
-0.00521743
-0.00820266
-0.0055968
-0.0110288
-0.0057887
-0.0139613
-0.00596493
-0.0170149
-0.00616641
-0.0202068
-0.00639863
-0.0235537
-0.00665968
-0.0069487
-0.0270711
-0.000982578
-0.00300416
-0.00551788
-0.00823866
-0.00287602
-0.0110728
-0.00295452
-0.0140134
-0.00302434
-0.0170753
-0.00310458
-0.0202758
-0.00319809
-0.0236315
-0.003304
-0.00342193
-0.0271583
-0.00825322
-0.0110906
-0.0140345
-0.0170997
-0.0203038
-0.0236632
-0.0271938
0.0606969
0.00863779
-0.0601722
0.0612226
0.0101503
0.0617492
0.0116685
0.0622767
0.0131894
0.0628045
0.01471
0.0633315
0.016227
0.0638557
0.0177371
0.0192359
0.0628432
0.00811982
-0.0623253
0.063368
0.00962552
0.0639001
0.0111364
0.0644399
0.0126496
0.0649874
0.0141625
0.0655423
0.0156721
0.0661038
0.0171756
0.0186696
0.0650977
0.00762249
-0.0646004
0.0656086
0.00911464
0.0661337
0.0106113
0.0666736
0.0121098
0.0672284
0.0136077
0.0677981
0.0151024
0.0683826
0.0165911
0.0180713
0.0674906
0.00714975
-0.0670179
0.0679812
0.00862411
0.0684905
0.0101019
0.0690196
0.0115807
0.0695692
0.0130581
0.0701399
0.0145317
0.0707319
0.0159991
0.0174579
0.0700257
0.00670017
-0.0695761
0.070496
0.00815376
0.0709882
0.00960973
0.0715033
0.0110656
0.0720422
0.0125191
0.072606
0.0139679
0.0731954
0.0154098
0.0168422
0.0726994
0.00627223
-0.0722714
0.0731509
0.00770225
0.0736268
0.00913382
0.074128
0.0105644
0.0746553
0.0119918
0.0752097
0.0134136
0.0757919
0.0148276
0.0162314
0.0755084
0.00586483
-0.075101
0.0759422
0.00726848
0.076403
0.00867305
0.0768914
0.0100761
0.077408
0.0114752
0.0779534
0.0128681
0.0785282
0.0142527
0.0156266
0.0784568
0.0054774
-0.0780693
0.0788733
0.00685196
0.0793195
0.00822686
0.0797958
0.00959977
0.0803025
0.0109684
0.08084
0.0123306
0.0814087
0.0136841
0.0150265
0.0815463
0.00510824
-0.0811771
0.0819471
0.00645115
0.0823799
0.00779404
0.0828451
0.00913458
0.083343
0.0104706
0.0838738
0.0117998
0.0844377
0.0131202
0.0144294
0.0847893
0.00475812
-0.0844392
0.0851738
0.0060666
0.0855931
0.00737475
0.0860474
0.00868033
0.0865368
0.0099812
0.0870613
0.0112752
0.0876212
0.0125604
0.0138344
0.0881894
0.00442584
-0.0878571
0.0885587
0.00569722
0.0889655
0.00696803
0.0894097
0.00823613
0.0898914
0.00949946
0.0904106
0.010756
0.0909673
0.0120036
0.0132404
0.0917557
0.00411054
-0.0914404
0.0921108
0.00534218
0.0925057
0.00657306
0.0929407
0.00780115
0.0934157
0.00902447
0.0939306
0.0102411
0.0944853
0.011449
0.0126462
0.0954971
0.00381126
-0.0951978
0.0958389
0.00500046
0.0962231
0.00618878
0.09665
0.00737429
0.0971194
0.00855509
0.0976311
0.0097293
0.098185
0.010895
0.0120504
0.0994233
0.00352692
-0.099139
0.0997529
0.00467093
0.100128
0.00581403
0.100548
0.00695435
0.101013
0.00809007
0.101522
0.00921939
0.102077
0.0103405
0.0114516
0.103545
0.00325614
-0.103274
0.103864
0.00435238
0.10423
0.0054476
0.104644
0.00654006
0.105106
0.00762807
0.105616
0.00870991
0.106172
0.00978385
0.0108482
0.107871
0.00299763
-0.107613
0.108181
0.0040432
0.10854
0.00508782
0.108951
0.0061298
0.109411
0.00716747
0.109922
0.00819922
0.110482
0.0092234
0.111092
0.0102384
0.0112426
0.112417
0.0027504
-0.11217
0.112718
0.00374256
0.113072
0.00473374
0.11348
0.00572238
0.11394
0.00670693
0.114453
0.00768583
0.115019
0.00865756
0.115637
0.00962055
0.0105733
0.117194
0.00251309
-0.116956
0.117487
0.00344892
0.117837
0.0043838
0.118243
0.00531627
0.118705
0.00624487
0.119223
0.00716814
0.119796
0.00808462
0.120424
0.00899287
0.00989143
0.122214
0.00228448
-0.121985
0.122502
0.00316101
0.122849
0.00403664
0.123255
0.00491001
0.12372
0.00577975
0.124244
0.00664449
0.124825
0.00750287
0.125465
0.00835354
0.00919514
0.127492
0.00206331
-0.127271
0.127776
0.0028775
0.128121
0.00369087
0.128529
0.00450213
0.128999
0.00531002
0.12953
0.00611327
0.130123
0.00691061
0.130775
0.0077008
0.00848255
0.133045
0.00184837
-0.13283
0.133326
0.00259711
0.133671
0.00334511
0.134082
0.00409118
0.134558
0.00483415
0.135099
0.00557286
0.135703
0.00630614
0.136371
0.00703283
0.00775178
0.13889
0.00163848
-0.13868
0.139169
0.00231859
0.139516
0.00299803
0.139931
0.00367572
0.140415
0.00435061
0.140966
0.00502164
0.141584
0.00568774
0.142269
0.00634786
0.00700094
0.145046
0.00143252
-0.14484
0.145324
0.00204069
0.145674
0.00264828
0.146095
0.00325432
0.146588
0.00385787
0.147152
0.00445798
0.147786
0.00505368
0.148489
0.00564403
0.00622809
0.151535
0.00122935
-0.151332
0.151814
0.00176217
0.152167
0.00229451
0.152596
0.00282551
0.1531
0.00335434
0.153678
0.00388016
0.154329
0.00440213
0.155054
0.00491941
0.00543119
0.158382
0.00102784
-0.15818
0.158662
0.00148178
0.159021
0.00193533
0.159459
0.00238776
0.159975
0.00283835
0.160569
0.00328639
0.16124
0.00373116
0.161987
0.00417195
0.00460805
0.165613
0.000826807
-0.165412
0.165897
0.00119817
0.166263
0.00156924
0.166711
0.00193941
0.167241
0.0023081
0.167853
0.00267471
0.168545
0.00303866
0.169318
0.00339936
0.00375623
0.173261
0.00062501
-0.173059
0.173549
0.000909923
0.173924
0.00119463
0.174384
0.00147867
0.174931
0.00176159
0.175563
0.00204293
0.176279
0.00232225
0.177079
0.00259908
0.00287298
0.181362
0.000421036
-0.181158
0.181657
0.000615417
0.182042
0.000809673
0.182517
0.0010035
0.183082
0.00119657
0.183736
0.00138858
0.184479
0.00157922
0.18531
0.00176818
0.00195514
0.189958
0.000213211
-0.18975
0.190261
0.000312708
0.190658
0.000412159
0.19115
0.000511402
0.191737
0.000610274
0.192417
0.000708617
0.19319
0.000806266
0.194055
0.000903064
0.00099885
0.199101
-0.198888
0.199414
0.199826
0.200337
0.200947
0.201656
0.202462
0.203365
0.0502379
-0.0170829
-0.049963
0.0507002
-0.0163978
0.0512148
-0.0154167
0.0517388
-0.014336
0.052264
-0.0132173
0.0527917
-0.0120711
0.0533203
-0.0108848
0.053848
-0.00965845
0.0543749
-0.00839792
0.0549015
-0.00710657
0.055428
-0.00578604
0.0559546
-0.00443867
0.0564807
-0.00306734
0.0570045
-0.00167918
0.0575451
-0.000299548
0.0580784
0.00119386
0.0586028
0.00267066
0.0591259
0.00414856
0.0596487
0.00563623
0.00713301
0.0535317
-0.0175195
-0.0530952
0.0539302
-0.0167962
0.0543639
-0.0158503
0.0548139
-0.014786
0.0552549
-0.0136582
0.0556926
-0.0125089
0.0561346
-0.0113268
0.0565811
-0.010105
0.0570316
-0.00884837
0.0574866
-0.00756158
0.0579469
-0.00624631
0.0584127
-0.00490448
0.0588842
-0.00353887
0.0593588
-0.00215381
0.0598155
-0.000756245
0.0603161
0.000693252
0.060811
0.00217577
0.0613093
0.00365032
0.061814
0.00513155
0.0066217
0.0568888
-0.0178985
-0.0565098
0.0572342
-0.0171416
0.0575858
-0.016202
0.057958
-0.0151582
0.0583305
-0.0140307
0.0586994
-0.0128779
0.0590728
-0.0117002
0.0594532
-0.0104854
0.0598394
-0.00923456
0.0602312
-0.00795337
0.0606293
-0.00664441
0.0610339
-0.00530906
0.0614446
-0.00394959
0.0618594
-0.0025686
0.062276
-0.0011729
0.0627323
0.000237039
0.0631831
0.00172493
0.0636438
0.00318965
0.0641159
0.00465939
0.00613723
0.060345
-0.018191
-0.0600526
0.0606235
-0.0174201
0.0609013
-0.0164798
0.0611962
-0.0154531
0.0614998
-0.0143343
0.0618037
-0.0131818
0.062112
-0.0120085
0.0624287
-0.0108021
0.0627538
-0.00955969
0.0630868
-0.00828634
0.0634281
-0.00698575
0.0637784
-0.00565942
0.0641381
-0.00430926
0.0645068
-0.00293732
0.0648826
-0.00154869
0.0652818
-0.000162177
0.0656954
0.00131142
0.0661213
0.00276373
0.0665618
0.00421888
0.00568112
0.0639006
-0.0184065
-0.0636851
0.0641139
-0.0176335
0.0643237
-0.0166895
0.0645451
-0.0156744
0.0647786
-0.0145678
0.0650172
-0.0134204
0.0652612
-0.0122525
0.0655148
-0.0110556
0.0657793
-0.00982417
0.0660545
-0.00856161
0.066341
-0.00727219
0.0666396
-0.00595804
0.0669513
-0.00462091
0.067277
-0.00326305
0.0676165
-0.00188822
0.0679591
-0.000504803
0.0683412
0.000929333
0.0687354
0.00236955
0.0691463
0.00380796
0.00525136
0.0675741
-0.0185474
-0.0674332
0.0677201
-0.0177794
0.0678615
-0.0168309
0.0680101
-0.015823
0.0681723
-0.0147299
0.0683441
-0.0135922
0.0685242
-0.0124326
0.0687153
-0.0112468
0.0689199
-0.0100288
0.0691385
-0.00878016
0.0693714
-0.00750508
0.0696195
-0.00620617
0.0698837
-0.00488514
0.0701647
-0.00354402
0.0704621
-0.00218557
0.0707732
-0.000815907
0.0711195
0.000583003
0.0714828
0.00200624
0.0718663
0.0034245
0.00484619
0.0713748
-0.0186105
-0.0713117
0.0714479
-0.0178526
0.0715185
-0.0169014
0.0715944
-0.0158989
0.0716849
-0.0148204
0.0717892
-0.0136966
0.0719055
-0.0125489
0.0720354
-0.0113767
0.0721813
-0.0101746
0.0723442
-0.00894308
0.0725247
-0.00768564
0.0727237
-0.00640509
0.0729418
-0.00510331
0.07318
-0.00378223
0.0734388
-0.00244437
0.073717
-0.00109405
0.0740304
0.000269615
0.0743629
0.00167369
0.0747194
0.00306801
0.00446455
0.0753033
-0.0185931
-0.0753207
0.0752994
-0.0178487
0.075297
-0.016899
0.0753006
-0.0159026
0.0753201
-0.0148399
0.0753572
-0.0137336
0.0754103
-0.012602
0.0754801
-0.0114464
0.0755685
-0.010263
0.0756772
-0.00905174
0.0758068
-0.00781528
0.0759582
-0.00655644
0.076132
-0.00527711
0.0763288
-0.00397903
0.0765483
-0.00266391
0.0767897
-0.00133546
0.077078
-1.86887e-05
0.0773791
0.00137256
0.0777102
0.00273697
0.00410539
0.0793593
-0.018495
-0.0794574
0.0792767
-0.0177662
0.0792003
-0.0168226
0.0791325
-0.0158349
0.0790825
-0.0147899
0.0790533
-0.0137044
0.079044
-0.0125928
0.0790548
-0.0114572
0.0790873
-0.0102956
0.0791432
-0.00910757
0.0792233
-0.00789543
0.0793286
-0.00666173
0.07946
-0.00540852
0.0796186
-0.00413767
0.079806
-0.00285131
0.080023
-0.00155246
0.0802531
-0.000248755
0.0805325
0.00109318
0.0808394
0.00243003
0.00376767
0.0835452
-0.0183173
-0.0837229
0.0833839
-0.0176048
0.0832335
-0.0166722
0.0830955
-0.0156969
0.0829776
-0.0146719
0.0828834
-0.0136102
0.0828129
-0.0125223
0.082766
-0.0114104
0.082744
-0.0102736
0.0827484
-0.00911197
0.0827804
-0.00792737
0.0828407
-0.00672207
0.0829303
-0.0054981
0.0830499
-0.00425727
0.0832001
-0.00300151
0.0833807
-0.00173305
0.0835897
-0.000457797
0.0838399
0.000843036
0.0841229
0.00214696
0.00345144
0.0878661
-0.0180613
-0.088122
0.0876269
-0.0173657
0.0874033
-0.0164486
0.0871963
-0.0154898
0.0870122
-0.0144879
0.0868547
-0.0134528
0.0867243
-0.0123918
0.086621
-0.0113071
0.0865459
-0.0101984
0.0865002
-0.00906627
0.0864851
-0.0079123
0.0865015
-0.00673851
0.0865503
-0.00554682
0.086632
-0.00433901
0.0867474
-0.00311691
0.086897
-0.00188263
0.0870793
-0.000640137
0.0873024
0.000619983
0.0875615
0.00188783
0.00315585
0.0923287
-0.0177286
-0.0926614
0.0920132
-0.0170502
0.0917176
-0.0161531
0.0914429
-0.0152151
0.0911944
-0.0142393
0.0909753
-0.0132337
0.0907864
-0.0122029
0.090628
-0.0111487
0.0905009
-0.0100714
0.0904065
-0.0089718
0.0903457
-0.0078515
0.0903194
-0.00671228
0.0903286
-0.00555593
0.0903737
-0.00438417
0.0904556
-0.00319877
0.0905746
-0.00200166
0.0907303
-0.000795841
0.0909281
0.000422198
0.0911646
0.00165135
0.00288002
0.0969414
-0.0173207
-0.0973493
0.0965513
-0.0166601
0.0961853
-0.015787
0.0958444
-0.0148742
0.095533
-0.0139279
0.0952538
-0.0129545
0.0950079
-0.011957
0.0947958
-0.0109365
0.0946181
-0.00989377
0.0944762
-0.00882984
0.0943709
-0.00774623
0.0943032
-0.00664459
0.0942739
-0.00552658
0.0942836
-0.00439387
0.0943329
-0.00324812
0.0944224
-0.00209116
0.094552
-0.000925432
0.0947259
0.000248352
0.0949408
0.00143642
0.00262297
0.101714
-0.0168393
-0.102195
0.101251
-0.0161973
0.100816
-0.0153521
0.100411
-0.0144687
0.100038
-0.0135551
0.0997001
-0.0126169
0.0993986
-0.0116556
0.099134
-0.0106719
0.0989071
-0.00966685
0.0987189
-0.00864162
0.0985704
-0.00759769
0.0984624
-0.00653659
0.0983957
-0.00545989
0.0983709
-0.00436916
0.0983888
-0.00326601
0.0984498
-0.00215215
0.0985541
-0.00102969
0.0987054
9.70538e-05
0.0988997
0.00124206
0.00238372
0.106656
-0.016286
-0.10721
0.106123
-0.0156638
0.105621
-0.0148501
0.105152
-0.014
0.104719
-0.0131225
0.104325
-0.0122222
0.103969
-0.0112999
0.103653
-0.0103562
0.103378
-0.00939184
0.103145
-0.00840832
0.102954
-0.00740704
0.102807
-0.00638944
0.102704
-0.00535697
0.102646
-0.00431113
0.102634
-0.00325341
0.102667
-0.00218539
0.102746
-0.00110901
0.102876
-3.28352e-05
0.103051
0.00106697
0.00216065
0.11178
-0.0156622
-0.112404
0.111178
-0.0150614
0.110611
-0.0142827
0.11008
-0.0134695
0.109589
-0.0126312
0.109139
-0.0117718
0.10873
-0.0108914
0.108364
-0.00999048
0.108042
-0.0090699
0.107765
-0.00813107
0.107534
-0.0071754
0.107348
-0.00620426
0.10721
-0.00521902
0.10712
-0.00422111
0.107079
-0.00321198
0.107087
-0.00219318
0.107144
-0.0011664
0.107247
-0.000135751
0.107405
0.000909063
0.00195269
0.117099
-0.0149695
-0.117792
0.11643
-0.0143921
0.115798
-0.0136515
0.115208
-0.0128787
0.114659
-0.0120827
0.114154
-0.0112668
0.113694
-0.0104312
0.11328
-0.00957598
0.112912
-0.00870208
0.112591
-0.00781088
0.11232
-0.00690375
0.112098
-0.00598198
0.111925
-0.00504687
0.111804
-0.00409976
0.111734
-0.00314202
0.111716
-0.00217508
0.11175
-0.00120047
0.111836
-0.000221206
0.111976
0.000768373
0.00175872
0.122626
-0.0142092
-0.123386
0.121891
-0.0136573
0.121198
-0.012958
0.120548
-0.0122288
0.119943
-0.011478
0.119385
-0.0107085
0.118874
-0.00992038
0.118412
-0.00911367
0.117999
-0.00828935
0.117637
-0.00744869
0.117326
-0.006593
0.117067
-0.00572352
0.116862
-0.00484144
0.11671
-0.00394805
0.116613
-0.00304462
0.11657
-0.0021325
0.116583
-0.00121312
0.11665
-0.000288745
0.116775
0.000643643
0.00157771
0.128376
-0.0133823
-0.129203
0.127578
-0.0128588
0.126823
-0.0122035
0.126115
-0.0115209
0.125455
-0.0108182
0.124844
-0.0100978
0.124284
-0.00935984
0.123775
-0.00860448
0.123318
-0.00783258
0.122915
-0.00704536
0.122566
-0.00624402
0.122272
-0.00542973
0.122034
-0.00460363
0.121853
-0.00376691
0.121729
-0.00292076
0.121663
-0.00206646
0.121655
-0.00120531
0.121706
-0.000339141
0.121816
0.000533531
0.00140837
0.134367
-0.0124898
-0.135259
0.133505
-0.0119975
0.132691
-0.0113891
0.131926
-0.0107559
0.131212
-0.0101039
0.130549
-0.00943538
0.12994
-0.00875038
0.129384
-0.00804916
0.128884
-0.00733254
0.128441
-0.00660163
0.128054
-0.00585756
0.127726
-0.00510141
0.127457
-0.00433426
0.127247
-0.00355719
0.127097
-0.00277134
0.127009
-0.00197787
0.126981
-0.001178
0.127016
-0.000373259
0.127112
0.000436925
0.00124951
0.140615
-0.0115326
-0.141573
0.139692
-0.0110746
0.138819
-0.0105156
0.137998
-0.00993446
0.13723
-0.00933597
0.136516
-0.00872194
0.135859
-0.00809263
0.135258
-0.00744834
0.134715
-0.00678984
0.134231
-0.00611814
0.133808
-0.00543427
0.133446
-0.00473923
0.133146
-0.00403401
0.132908
-0.00331963
0.132734
-0.00259713
0.132624
-0.00186758
0.132578
-0.00113209
0.132597
-0.000391987
0.132681
0.000352768
0.00109999
0.147143
-0.0105111
-0.148164
0.146159
-0.0100907
0.145227
-0.00958381
0.14435
-0.00905721
0.143529
-0.00851475
0.142765
-0.00795791
0.142059
-0.00738703
0.141413
-0.00680247
0.140828
-0.00620494
0.140306
-0.00559536
0.139846
-0.00497465
0.13945
-0.00434373
0.13912
-0.00370349
0.138855
-0.00305488
0.138657
-0.00239884
0.138526
-0.00173635
0.138462
-0.00106841
0.138466
-0.000396183
0.138539
0.000280058
0.000958733
0.153972
-0.00942563
-0.155057
0.152927
-0.00904623
0.151937
-0.0085939
0.151004
-0.00812436
0.15013
-0.00764048
0.149316
-0.0071435
0.148562
-0.0066338
0.147872
-0.00611178
0.147245
-0.00557812
0.146683
-0.0050336
0.146187
-0.00447906
0.145759
-0.00391531
0.145399
-0.00334317
0.145107
-0.00276347
0.144886
-0.00217708
0.144734
-0.00158486
0.144653
-0.000987728
0.144644
-0.000386671
0.144706
0.00021785
0.000824687
0.161126
-0.00827609
-0.162276
0.160021
-0.00794118
0.158973
-0.0075459
0.157985
-0.00713586
0.157057
-0.00671313
0.156192
-0.00627868
0.155391
-0.00583294
0.154656
-0.00537633
0.153987
-0.00490946
0.153387
-0.004433
0.152855
-0.00394769
0.152394
-0.00345424
0.152005
-0.00295337
0.151687
-0.00244582
0.151442
-0.00193234
0.151271
-0.00141371
0.151174
-0.00089072
0.151152
-0.000364226
0.151204
0.000165237
0.000696843
0.168634
-0.00706223
-0.169848
0.167468
-0.00677524
0.166362
-0.00643951
0.165317
-0.00609142
0.164337
-0.00573238
0.163421
-0.00536318
0.162572
-0.00498423
0.161792
-0.00459594
0.161081
-0.00419884
0.160442
-0.00379352
0.159875
-0.00338058
0.159381
-0.00296063
0.158962
-0.0025343
0.158618
-0.00210222
0.158351
-0.00166504
0.158161
-0.00122341
0.158048
-0.000778021
0.158013
-0.000329589
0.158057
0.000121343
0.000574196
0.176526
-0.00578346
-0.177805
0.175299
-0.00554779
0.174133
-0.00527409
0.173032
-0.00499041
0.171997
-0.00469768
0.171031
-0.00439648
0.170134
-0.0040872
0.169308
-0.00377022
0.168555
-0.00344597
0.167877
-0.00311493
0.167274
-0.00277759
0.166747
-0.00243447
0.166299
-0.00208606
0.16593
-0.00173289
0.16564
-0.0013755
0.165431
-0.00101442
0.165303
-0.000650224
0.165257
-0.000283485
0.165293
8.52949e-05
0.000455716
0.184836
-0.00443893
-0.186181
0.183546
-0.00425785
0.182321
-0.0040487
0.181162
-0.00383195
0.180073
-0.00360819
0.179054
-0.00337782
0.178108
-0.00314118
0.177237
-0.00289857
0.176441
-0.00265034
0.175723
-0.00239684
0.175084
-0.00213845
0.174525
-0.00187558
0.174047
-0.0016086
0.173652
-0.00133793
0.173341
-0.00106397
0.173114
-0.000787146
0.172971
-0.000507884
0.172914
-0.000226639
0.172944
5.61701e-05
0.000340332
0.193603
-0.00302756
-0.195014
0.192249
-0.00290416
0.190963
-0.00276211
0.189746
-0.00261491
0.1886
-0.00246287
0.187529
-0.00230626
0.186533
-0.00214531
0.185615
-0.00198025
0.184776
-0.00181132
0.184018
-0.00163875
0.183342
-0.00146281
0.18275
-0.00128377
0.182243
-0.00110189
0.181823
-0.000917449
0.18149
-0.000730736
0.181245
-0.000542033
0.181088
-0.000351635
0.181022
-0.000159845
0.181045
3.30367e-05
0.000226839
0.20287
-0.00154813
-0.204349
0.201451
-0.00148524
0.200102
-0.00141287
0.198825
-0.00133788
0.197622
-0.00126039
0.196496
-0.00118054
0.19545
-0.00109845
0.194483
-0.00101424
0.1936
-0.000928018
0.192801
-0.000839923
0.192089
-0.000750082
0.191463
-0.000658629
0.190927
-0.000565703
0.190481
-0.000471446
0.190127
-0.000376003
0.189864
-0.00027952
0.189695
-0.000182154
0.189619
-8.40689e-05
0.189637
1.45474e-05
0.000113819
0.212684
-0.214233
0.211199
0.209786
0.208448
0.207188
0.206007
0.204909
0.203895
0.202967
0.202127
0.201377
0.200718
0.200152
0.199681
0.199305
0.199025
0.198843
0.198759
0.198774
0.0503817
0.00181274
-0.0017435
0.0502517
0.00360054
-0.00347051
0.050006
0.00580669
-0.00556103
0.0497181
0.00677739
-0.0064895
0.0493308
0.00876166
-0.00837429
0.0489242
0.00981439
-0.00940782
0.0484421
0.0122088
-0.0117268
0.0479958
0.0136263
-0.01318
0.0475133
0.01658
-0.0160975
0.0471838
0.0182415
-0.017912
0.0468684
0.0217128
-0.0213975
0.0469371
0.0231565
-0.0232251
0.0470393
0.0271347
-0.0272369
0.0480551
0.0272833
-0.0282992
0.0317096
-0.0336174
0.0528523
0.00188171
0.0527265
0.00372634
0.0524806
0.00605254
0.0522013
0.00705674
0.0518208
0.00914211
0.0514356
0.0101996
0.0509791
0.0126654
0.0505836
0.0140218
0.0501637
0.0169999
0.0499353
0.0184698
0.0497491
0.0218991
0.0499765
0.0229291
0.0503886
0.0267226
0.0514903
0.0261815
0.0301047
0.0554448
0.00194943
0.0553238
0.00384731
0.0550825
0.00629385
0.0548141
0.00732514
0.054448
0.00950821
0.0540891
0.0105585
0.0536684
0.0130861
0.0533298
0.0143604
0.0529847
0.017345
0.0528578
0.0185968
0.0528118
0.021945
0.0531728
0.0225681
0.05381
0.0260854
0.0548372
0.0251544
0.0284321
0.0581647
0.00201539
0.0580505
0.00396149
0.0578164
0.00652793
0.0575634
0.00757814
0.0572168
0.00985484
0.0568913
0.0108839
0.0565141
0.0134634
0.05624
0.0146344
0.055979
0.017606
0.0559527
0.0186231
0.0560504
0.0218473
0.0565109
0.0221076
0.0573112
0.0252851
0.0583396
0.024126
0.0267191
0.0610181
0.0020791
0.0609127
0.00406694
0.0606885
0.00675209
0.0604551
0.00781152
0.0601332
0.0101767
0.0598474
0.0111698
0.059522
0.0137888
0.0593175
0.0148389
0.0591516
0.0177718
0.0592208
0.018554
0.0594647
0.0216034
0.0600036
0.0215687
0.0609369
0.0243518
0.0620115
0.0230514
0.0250455
0.0640118
0.00214
0.0639169
0.00416179
0.0637057
0.00696331
0.0634958
0.00802145
0.0632044
0.0104681
0.062963
0.0114113
0.0626985
0.0140532
0.0625656
0.0149719
0.0625053
0.0178321
0.0626637
0.0183956
0.0630505
0.0212166
0.0636622
0.0209569
0.0646993
0.0233147
0.065822
0.0219288
0.0234343
0.0671527
0.00219729
0.0670701
0.00424438
0.0668754
0.00715794
0.0666921
0.00820476
0.0664381
0.0107222
0.0662442
0.0116051
0.0660504
0.0142471
0.065989
0.0150332
0.0660417
0.0177795
0.0662844
0.0181529
0.0668038
0.0206972
0.0674878
0.0202729
0.0685975
0.022205
0.069755
0.0207713
0.0218776
0.0704483
0.00224984
0.0703792
0.00431348
0.0702057
0.00733145
0.0700513
0.00835913
0.0698421
0.0109314
0.0696978
0.0117495
0.0695836
0.0143612
0.0695935
0.0150233
0.0697616
0.0176113
0.0700863
0.0178282
0.0707221
0.0200614
0.0714764
0.0195186
0.0726321
0.0210494
0.0738103
0.0195931
0.0203672
0.0739066
0.00229606
0.0738517
0.00436843
0.0737047
0.00747847
0.0735809
0.00848293
0.0734246
0.0110876
0.0733313
0.0118427
0.0733039
0.0143886
0.0733854
0.0149419
0.0736662
0.0173305
0.0740719
0.0174225
0.0748049
0.0193284
0.0756242
0.0186994
0.0768065
0.0198671
0.0779932
0.0184063
0.0189031
0.077536
0.00233396
0.0774954
0.00440904
0.0773809
0.00759302
0.077289
0.00857482
0.0771932
0.0111834
0.0771529
0.011883
0.0772163
0.0143253
0.0773708
0.0147873
0.0777572
0.0169441
0.0782429
0.0169368
0.0790543
0.0185171
0.0799301
0.0178235
0.0811248
0.0186725
0.0823088
0.0172222
0.017489
0.081345
0.0023612
0.0813186
0.00443544
0.0812427
0.00766896
0.0811844
0.00863313
0.0811552
0.0112126
0.0811708
0.0118674
0.0813258
0.0141702
0.0815555
0.0145577
0.0820375
0.016462
0.0826005
0.0163738
0.0834733
0.0176443
0.0843952
0.0169016
0.0855912
0.0174765
0.0867621
0.0160513
0.016129
0.0853425
0.00237533
0.0853301
0.0044478
0.0852986
0.00770044
0.0852762
0.00865551
0.0853179
0.0111709
0.085393
0.0117924
0.0856377
0.0139254
0.0859442
0.0142512
0.0865109
0.0158953
0.0871461
0.0157386
0.088066
0.0167244
0.0890222
0.0159454
0.0902101
0.0162886
0.0913592
0.0149022
0.0148268
0.0895373
0.00237399
0.0895392
0.00444592
0.0895571
0.00768254
0.0895739
0.00863872
0.0896888
0.0110561
0.0898273
0.0116539
0.0901576
0.0135951
0.0905413
0.0138675
0.0911817
0.0152549
0.0918821
0.0150381
0.0928367
0.0157698
0.0938156
0.0149665
0.0949871
0.0151171
0.0961076
0.0137818
0.0135851
0.0939389
0.00235518
0.0939559
0.00442887
0.0940267
0.00761178
0.0940868
0.0085786
0.0942751
0.0108678
0.0944809
0.011448
0.0948914
0.0131847
0.0953512
0.0134077
0.0960548
0.0145513
0.0968117
0.0142813
0.0977902
0.0147913
0.0987811
0.0139756
0.099929
0.0139691
0.101016
0.0126952
0.0124056
0.0985565
0.00231744
0.0985906
0.00439483
0.0987161
0.00748628
0.0988244
0.00847029
0.0990846
0.0106076
0.099361
0.0111716
0.0998454
0.0127003
0.100378
0.012875
0.101135
0.013794
0.101939
0.0134775
0.102932
0.0137984
0.103926
0.0129821
0.105044
0.0128508
0.106093
0.0116462
0.0112888
0.1034
0.0022601
0.103454
0.00434096
0.103634
0.00730589
0.103796
0.0083087
0.104125
0.0102781
0.104474
0.0108228
0.105026
0.0121481
0.105627
0.0122746
0.106429
0.0129918
0.10727
0.0126365
0.108269
0.0127996
0.109257
0.0119939
0.110341
0.0117669
0.11135
0.0106376
0.0102342
0.10848
0.00218326
0.108557
0.00426357
0.108791
0.00707191
0.109011
0.00808913
0.109407
0.00988212
0.109827
0.0104019
0.110441
0.0115341
0.111103
0.0116129
0.111942
0.0121528
0.112811
0.0117675
0.113809
0.0118022
0.114785
0.0110175
0.115831
0.0107207
0.116798
0.00967082
0.0092404
0.113806
0.00208782
0.113911
0.00415841
0.114197
0.00678661
0.114478
0.00780794
0.114937
0.00942297
0.115428
0.00991046
0.116098
0.0108641
0.116814
0.0108971
0.117682
0.0112847
0.118571
0.0108789
0.119561
0.0108125
0.12052
0.0100581
0.121526
0.00971432
0.122451
0.00874648
0.00830498
0.119391
0.00197528
0.119528
0.00402115
0.119862
0.00645264
0.120207
0.00746304
0.120726
0.00890362
0.121285
0.00935212
0.122005
0.0101435
0.122768
0.0101346
0.123658
0.0103942
0.124559
0.00997801
0.125536
0.00983543
0.126475
0.00911952
0.127441
0.00874843
0.128323
0.00786415
0.00742493
0.125247
0.0018475
0.12542
0.00384787
0.1258
0.00607248
0.126209
0.00705414
0.126786
0.00832701
0.127406
0.00873138
0.128172
0.00937796
0.128974
0.00933283
0.12988
0.00948762
0.130787
0.00907105
0.131748
0.00887462
0.132663
0.0082043
0.133589
0.00782275
0.134431
0.00702249
0.00659658
0.131386
0.00170644
0.131598
0.00363561
0.132023
0.0056481
0.132494
0.00658263
0.133125
0.00769609
0.133803
0.00805334
0.134609
0.00857257
0.135443
0.00849828
0.136361
0.00857004
0.137269
0.00816289
0.138211
0.00793243
0.139102
0.00731371
0.139989
0.00693589
0.140792
0.00621938
0.00581576
0.137824
0.00155385
0.138077
0.00338261
0.138544
0.00518095
0.139076
0.00605116
0.139758
0.00701393
0.140488
0.00732318
0.141328
0.00773224
0.14219
0.00763671
0.143114
0.00764557
0.14402
0.00725707
0.144943
0.00700988
0.145809
0.0064478
0.146659
0.00608551
0.147426
0.00545194
0.00507781
0.144575
0.00139112
0.144869
0.0030884
0.145378
0.00467202
0.145966
0.00546313
0.146697
0.00628372
0.147474
0.00654582
0.148345
0.00686122
0.149229
0.00675279
0.150157
0.00671704
0.151059
0.00635568
0.151962
0.0061067
0.152804
0.0056054
0.153622
0.00526837
0.154357
0.00471656
0.00437765
0.151655
0.00121921
0.15199
0.00275367
0.15254
0.00412206
0.153181
0.00482213
0.153956
0.00550857
0.154777
0.00572555
0.155675
0.00596282
0.156578
0.00584984
0.157509
0.00578586
0.158405
0.00545931
0.159291
0.00522128
0.160112
0.00478415
0.1609
0.00448032
0.161608
0.00400896
0.0037098
0.159081
0.00103858
0.159455
0.00237995
0.160045
0.0035318
0.160736
0.00413147
0.161553
0.00469125
0.162413
0.00486583
0.163337
0.00503918
0.164257
0.00492967
0.165191
0.00485186
0.166083
0.00456696
0.166954
0.00435062
0.167758
0.00398046
0.168522
0.00371632
0.169206
0.00332413
0.00306831
0.16687
0.000849354
0.167281
0.00196924
0.167911
0.00290204
0.168649
0.00339384
0.169506
0.00383382
0.170403
0.003969
0.171351
0.00409103
0.172288
0.00399238
0.173227
0.00391316
0.174118
0.0036759
0.174978
0.00349027
0.175769
0.00318947
0.176515
0.00297034
0.177183
0.00265625
0.00244673
0.175041
0.000651326
0.175486
0.00152367
0.176155
0.00223357
0.176937
0.00261116
0.177834
0.00293727
0.178767
0.00303595
0.179741
0.00311736
0.180697
0.00303612
0.181644
0.00296596
0.182538
0.00278158
0.183395
0.00263416
0.184179
0.00240489
0.184914
0.00223519
0.185572
0.0019986
0.00183791
0.183611
0.000444094
0.184089
0.00104524
0.184796
0.001527
0.185622
0.0017846
0.186558
0.00200127
0.187529
0.00206585
0.188531
0.00211514
0.18951
0.00205682
0.190472
0.00200424
0.191376
0.00187732
0.192236
0.00177433
0.193022
0.0016188
0.193755
0.00150231
0.19441
0.00134321
0.00123375
0.192601
0.000227139
0.19311
0.000535795
0.193855
0.000782584
0.194725
0.000914427
0.195702
0.00102399
0.196712
0.00105587
0.197748
0.00107907
0.198757
0.00104793
0.199742
0.00101946
0.200665
0.000953984
0.201539
0.000900577
0.202337
0.000821231
0.203077
0.000761519
0.20374
0.00068076
0.000624339
0.202031
0.202567
0.203349
0.204264
0.205288
0.206344
0.207423
0.208471
0.20949
0.210444
0.211345
0.212166
0.212927
0.213608
0.0357653
-5.74835e-06
0.0360779
0.000509135
0.0362306
0.000645468
0.0363066
0.000564125
0.0362211
0.000447711
0.0360592
0.000269247
0.0357249
0.000239078
0.0352984
0.000160616
0.0346814
0.000273173
0.033947
0.000330032
0.0329948
0.000560468
0.0318989
0.000720579
0.0305429
0.00103807
0.0290351
0.00124467
0.00164365
0.0357577
-0.000408157
0.0360632
0.00020364
0.0362101
0.0004986
0.0362808
0.000493401
0.0361916
0.000536923
0.036026
0.000434834
0.0356891
0.000576043
0.0352606
0.000589054
0.0346418
0.000891995
0.0339067
0.00106519
0.0329535
0.00151362
0.0318581
0.00181601
0.0305026
0.00239349
0.0289971
0.0027502
0.00348251
0.0357428
-0.000795657
0.0360343
-8.78521e-05
0.0361693
0.000363641
0.0362289
0.000433827
0.0361309
0.00063491
0.0359569
0.000608811
0.0356132
0.000919791
0.0351788
0.00102342
0.0345547
0.00151611
0.0338158
0.00180403
0.0328595
0.00246999
0.0317633
0.00291221
0.030408
0.00374872
0.0289057
0.00425254
0.00531712
0.0357206
-0.00116092
0.0359912
-0.000358468
0.0361082
0.000246657
0.0361508
0.000391206
0.0360391
0.000746669
0.0358518
0.000796065
0.0354971
0.00127448
0.0350527
0.00146783
0.0344199
0.00214896
0.0336746
0.0025493
0.0327127
0.00343193
0.0316145
0.00401038
0.0302589
0.00510429
0.0287607
0.00575079
0.00714542
0.0356911
-0.00149664
0.0359339
-0.000601341
0.0360269
0.00015365
0.0360469
0.000371299
0.0359163
0.00087722
0.0357109
0.00100148
0.035341
0.00164433
0.0348827
0.00192617
0.0342377
0.00279397
0.0334832
0.00330379
0.0325133
0.00440184
0.0314118
0.00511184
0.0300553
0.00646082
0.028562
0.00724413
0.00896523
0.0356543
-0.00179558
0.0358626
-0.000809652
0.0359257
9.05518e-05
0.0359171
0.00037985
0.0357628
0.00103157
0.0355343
0.00122992
0.0351452
0.00203349
0.0346689
0.00240242
0.0340084
0.00345453
0.0332417
0.00407041
0.0322614
0.00538215
0.0311553
0.00621802
0.0297971
0.00781896
0.0283095
0.00873175
0.0107742
0.0356103
-0.00205053
0.0357773
-0.000976638
0.0358046
6.32248e-05
0.0357619
0.000422568
0.0355788
0.00121469
0.0353225
0.00148621
0.0349099
0.00244607
0.0344117
0.00290062
0.0337322
0.004134
0.0329505
0.00485219
0.0319573
0.0063753
0.0308449
0.00733041
0.0294844
0.00917948
0.0280032
0.0102129
0.0125698
0.0355592
-0.00225434
0.0356782
-0.00109564
0.0356639
7.75307e-05
0.0355813
0.00050509
0.0353645
0.00143151
0.0350756
0.00177514
0.0346355
0.00288612
0.0341113
0.00342485
0.0334096
0.00483567
0.0326096
0.00565224
0.0316011
0.00738375
0.030481
0.00845058
0.0291173
0.0105432
0.0276433
0.0116869
0.0143493
0.035501
-0.00239996
0.0355654
-0.00116013
0.0355036
0.000139329
0.0353758
0.000632958
0.0351204
0.00168693
0.034794
0.00210146
0.0343225
0.00335769
0.0337681
0.00397922
0.033041
0.00556276
0.0322195
0.00647379
0.0311933
0.00840989
0.0300637
0.00958016
0.028696
0.0119109
0.0272301
0.0131528
0.0161101
0.0354358
-0.0024804
0.0354394
-0.00116371
0.0353242
0.00025451
0.0351456
0.000811586
0.0348467
0.00198579
0.0344783
0.00246984
0.0339712
0.00386476
0.0333826
0.00456787
0.0326269
0.00631843
0.0317805
0.0073202
0.0307343
0.00945605
0.0295936
0.0107209
0.0282211
0.0132834
0.0267639
0.01461
0.017849
0.0353637
-0.00248881
0.0353001
-0.0011001
0.0351257
0.000428941
0.034891
0.00104625
0.0345439
0.00233289
0.0341289
0.0028849
0.0335824
0.00441127
0.0329553
0.0051949
0.032168
0.00710576
0.0312932
0.00819496
0.0302248
0.0105245
0.0290712
0.0118745
0.0276929
0.0146617
0.0262455
0.0160574
0.0195634
0.035285
-0.00241844
0.035148
-0.000963108
0.0349086
0.000668351
0.0346127
0.00134214
0.0342126
0.00273298
0.0337464
0.00335113
0.0331565
0.00500117
0.032487
0.0058644
0.0316649
0.00792779
0.0307582
0.00910166
0.0296656
0.0116171
0.028497
0.0130431
0.0271123
0.0160465
0.0256759
0.0174937
0.0212502
0.0351996
-0.00226267
0.0349831
-0.000746648
0.0346731
0.000978326
0.0343109
0.00170434
0.0338532
0.00319076
0.0333314
0.00387291
0.0326942
0.00563836
0.0319783
0.00658034
0.0311186
0.00878748
0.0301763
0.0100439
0.0290575
0.0127359
0.027872
0.0142286
0.0264802
0.0174383
0.0250565
0.0189175
0.0229068
0.0351077
-0.00201503
0.0348058
-0.000444761
0.0344198
0.00136433
0.0339863
0.00213782
0.0334663
0.00371083
0.0328847
0.00445447
0.0321964
0.00632669
0.0314301
0.00734659
0.0305298
0.00968781
0.0295482
0.0110255
0.0284019
0.0138823
0.0271971
0.0154333
0.0257981
0.0188373
0.0243889
0.0203267
0.0245308
0.0350095
-0.0016692
0.0346164
-5.1645e-05
0.0341491
0.00183166
0.0336395
0.00264741
0.0330526
0.00429768
0.0324072
0.00509989
0.0316639
0.00706998
0.0308437
0.00816679
0.0298998
0.0106317
0.0288753
0.01205
0.0277001
0.0150575
0.0264733
0.01666
0.0250677
0.020243
0.0236756
0.0217187
0.0261205
0.034905
-0.00121887
0.0344153
0.000438093
0.0338613
0.00238561
0.033271
0.00323774
0.032613
0.00495564
0.0318999
0.00581303
0.031098
0.00787191
0.0302204
0.00904438
0.0292299
0.0116222
0.0281592
0.0131207
0.0269539
0.0162628
0.0257022
0.0179117
0.0242914
0.0216538
0.0229198
0.0230903
0.0276749
0.0347946
-0.000658114
0.0342025
0.00103016
0.0335571
0.00303102
0.0328816
0.00391329
0.0321484
0.00568883
0.0313638
0.00659759
0.0304997
0.00873599
0.0295616
0.00998247
0.0285218
0.0126621
0.0274018
0.0142407
0.0261655
0.0174991
0.0248855
0.0191917
0.0234728
0.0230666
0.0221252
0.0244379
0.0291948
0.0346783
1.88945e-05
0.0339786
0.0017299
0.033237
0.00377266
0.0324718
0.00467844
0.0316594
0.00650127
0.0307998
0.00745718
0.0298701
0.00966566
0.0288686
0.010984
0.0277765
0.0137542
0.0266049
0.0154122
0.0253371
0.018767
0.0240261
0.0205026
0.0226174
0.0244753
0.0212965
0.0257588
0.0306789
0.0345565
0.000817711
0.0337441
0.00254234
0.0329019
0.00461486
0.0320433
0.00553698
0.0311484
0.00739625
0.0302109
0.00839461
0.0292133
0.0106633
0.0281465
0.0120509
0.0270006
0.0149
0.0257769
0.0166359
0.0244777
0.0200661
0.0231353
0.021845
0.0217409
0.0258697
0.0204514
0.0270482
0.0321569
0.0344296
0.0335014
0.0325552
0.0316027
0.0306246
0.0296114
0.028548
0.0274189
0.0262214
0.0249454
0.0236141
0.0222339
0.0208667
0.0196158
)
;

boundaryField
{
    inlet
    {
        type            calculated;
        value           nonuniform List<scalar> 
50
(
-0.050451
-0.0529213
-0.0555125
-0.0582306
-0.0610819
-0.0640727
-0.06721
-0.0705008
-0.0739529
-0.0775739
-0.0813723
-0.0853566
-0.089536
-0.0939201
-0.0985188
-0.103343
-0.108403
-0.113711
-0.119278
-0.125119
-0.131245
-0.137671
-0.144412
-0.151483
-0.158901
-0.166681
-0.174843
-0.183404
-0.192384
-0.201804
-0.0353553
-0.0353553
-0.0353553
-0.0353553
-0.0353553
-0.0353553
-0.0353553
-0.0353553
-0.0353553
-0.0353553
-0.0353553
-0.0353553
-0.0353553
-0.0353553
-0.0353553
-0.0353553
-0.0353553
-0.0353553
-0.0353553
-0.0353553
)
;
    }
    outlet
    {
        type            calculated;
        value           nonuniform 0();
    }
    cylinder
    {
        type            calculated;
        value           uniform 0;
    }
    top
    {
        type            symmetryPlane;
        value           uniform 0;
    }
    bottom
    {
        type            symmetryPlane;
        value           nonuniform 0();
    }
    defaultFaces
    {
        type            empty;
        value           nonuniform 0();
    }
    procBoundary2to0
    {
        type            processor;
        value           nonuniform List<scalar> 
26
(
-0.00111792
-0.00222596
-0.00270371
0.00552907
-0.000151867
-0.000117146
-8.04849e-05
-3.93616e-05
6.00472e-06
5.5393e-05
0.000108681
-0.000404216
-0.000821749
-0.000798135
-0.00064017
-0.000362231
-0.000107257
9.52212e-05
0.000265839
0.000343802
0.000404418
0.00039169
0.000375383
0.000317863
0.000263128
0.000197715
)
;
    }
    procBoundary2to3
    {
        type            processor;
        value           nonuniform List<scalar> 
50
(
-0.00063184
0.000109906
3.6016e-05
0.000715202
0.000832463
0.00514643
0.00260846
0.0144746
0.00590137
0.0290564
0.0421692
0.0145964
0.0587244
0.0181042
0.0717972
0.0198397
0.0812607
0.087714
0.0212212
0.0643727
0.0666701
0.0689809
0.0713453
0.073811
0.0764027
0.079133
0.0820089
0.0850347
0.0882162
0.0915613
0.0950795
0.0987808
0.102676
0.106776
-0.0119012
0.111751
0.116306
0.121105
0.126161
0.131488
0.137102
0.14302
0.149262
0.155851
0.16281
0.17017
0.177963
0.186228
0.195011
0.204364
)
;
    }
}


// ************************************************************************* //
