/*--------------------------------*- C++ -*----------------------------------*\
  =========                 |
  \\      /  F ield         | OpenFOAM: The Open Source CFD Toolbox
   \\    /   O peration     | Website:  https://openfoam.org
    \\  /    A nd           | Version:  7
     \\/     M anipulation  |
\*---------------------------------------------------------------------------*/
FoamFile
{
    version     2.0;
    format      ascii;
    class       volScalarField;
    location    "220";
    object      p;
}
// * * * * * * * * * * * * * * * * * * * * * * * * * * * * * * * * * * * * * //

dimensions      [0 2 -2 0 0 0 0];

internalField   nonuniform List<scalar> 
8500
(
-0.412712
-0.41376
-0.414098
-0.414802
-0.416445
-0.419389
-0.4239
-0.430343
-0.43907
-0.450545
-0.41621
-0.416506
-0.416555
-0.41708
-0.418685
-0.421794
-0.426738
-0.433964
-0.443976
-0.457132
-0.419499
-0.419052
-0.418802
-0.419106
-0.42061
-0.42379
-0.429037
-0.436857
-0.4479
-0.462252
-0.422465
-0.421317
-0.420743
-0.420794
-0.422114
-0.425255
-0.430652
-0.438852
-0.450603
-0.465938
-0.425029
-0.423241
-0.422331
-0.422071
-0.423122
-0.426097
-0.431479
-0.439838
-0.45201
-0.467801
-0.427136
-0.424788
-0.423535
-0.422909
-0.423595
-0.426268
-0.43146
-0.439752
-0.452098
-0.467825
-0.428762
-0.425948
-0.42435
-0.423308
-0.42353
-0.425759
-0.430586
-0.438585
-0.450897
-0.466123
-0.429911
-0.426741
-0.4248
-0.423296
-0.42296
-0.424607
-0.428902
-0.436391
-0.448503
-0.462837
-0.430612
-0.427206
-0.424934
-0.422929
-0.421948
-0.422886
-0.4265
-0.43328
-0.445081
-0.458157
-0.430922
-0.427402
-0.424816
-0.422283
-0.420588
-0.420708
-0.423519
-0.429416
-0.440856
-0.452314
-0.430919
-0.427404
-0.424527
-0.421452
-0.418995
-0.418219
-0.420137
-0.425009
-0.436116
-0.445582
-0.430703
-0.427299
-0.424158
-0.420541
-0.417301
-0.415584
-0.416564
-0.420313
-0.431196
-0.438284
-0.430391
-0.427187
-0.423806
-0.419662
-0.415649
-0.41299
-0.413031
-0.415618
-0.426446
-0.430806
-0.43012
-0.427175
-0.423578
-0.418936
-0.414188
-0.410632
-0.409776
-0.41124
-0.422161
-0.423692
-0.430041
-0.427381
-0.423586
-0.418487
-0.413072
-0.408708
-0.407027
-0.40751
-0.418484
-0.417524
-0.430316
-0.427927
-0.423946
-0.418444
-0.412456
-0.407408
-0.404988
-0.40475
-0.415353
-0.412795
-0.431108
-0.428941
-0.424778
-0.418932
-0.412484
-0.406902
-0.403828
-0.403216
-0.412569
-0.409537
-0.432576
-0.430539
-0.426193
-0.420067
-0.413277
-0.407314
-0.403665
-0.40299
-0.409972
-0.407207
-0.434863
-0.432822
-0.428287
-0.42194
-0.414915
-0.408703
-0.404551
-0.403916
-0.407601
-0.405612
-0.438071
-0.435873
-0.431131
-0.424603
-0.417426
-0.411043
-0.406436
-0.40558
-0.405714
-0.406495
-0.442276
-0.439741
-0.434763
-0.428071
-0.420784
-0.41424
-0.409161
-0.407466
-0.404601
-0.4106
-0.447519
-0.444445
-0.439187
-0.432319
-0.42492
-0.418153
-0.412488
-0.40936
-0.404295
-0.405288
-0.453778
-0.450001
-0.444387
-0.437304
-0.429744
-0.422628
-0.416155
-0.411214
-0.403536
-0.399091
-0.461029
-0.456397
-0.450344
-0.44298
-0.435163
-0.427522
-0.419965
-0.412863
-0.402304
-0.393233
-0.469249
-0.463611
-0.457039
-0.449311
-0.441097
-0.432712
-0.423759
-0.414154
-0.400632
-0.387423
-0.478405
-0.471633
-0.464469
-0.456276
-0.447484
-0.438093
-0.427384
-0.414994
-0.39847
-0.381816
-0.488466
-0.480459
-0.47264
-0.463861
-0.454276
-0.443562
-0.430706
-0.415311
-0.395865
-0.376242
-0.499405
-0.490089
-0.48156
-0.472052
-0.461421
-0.449005
-0.433604
-0.415076
-0.392837
-0.370668
-0.511191
-0.500516
-0.491224
-0.480819
-0.46884
-0.454283
-0.435981
-0.414272
-0.389416
-0.365019
-0.52378
-0.511719
-0.501604
-0.490104
-0.476417
-0.459247
-0.437758
-0.412893
-0.38561
-0.359243
-0.537104
-0.523651
-0.512637
-0.499808
-0.483987
-0.463746
-0.43887
-0.41093
-0.381415
-0.353281
-0.551062
-0.536229
-0.524219
-0.509783
-0.491346
-0.467629
-0.439256
-0.408369
-0.376808
-0.347073
-0.565517
-0.549328
-0.536198
-0.519827
-0.49827
-0.470756
-0.438859
-0.40518
-0.371753
-0.340556
-0.580285
-0.562777
-0.548378
-0.529684
-0.504524
-0.472989
-0.437618
-0.401325
-0.366201
-0.333665
-0.595142
-0.576361
-0.560512
-0.539061
-0.509872
-0.474199
-0.435464
-0.396754
-0.360094
-0.326336
-0.609817
-0.589818
-0.572305
-0.547642
-0.51409
-0.474259
-0.432325
-0.391405
-0.353368
-0.318502
-0.624003
-0.602847
-0.583422
-0.555103
-0.51696
-0.473049
-0.428123
-0.385211
-0.345953
-0.310099
-0.637358
-0.615112
-0.593499
-0.561125
-0.518283
-0.470452
-0.422779
-0.3781
-0.33778
-0.301068
-0.649515
-0.62625
-0.602153
-0.565407
-0.517875
-0.466356
-0.41621
-0.37
-0.328781
-0.291356
-0.66009
-0.63588
-0.609002
-0.567668
-0.515568
-0.460659
-0.408337
-0.360839
-0.318893
-0.28092
-0.668693
-0.643612
-0.613678
-0.567656
-0.511215
-0.453262
-0.399083
-0.350549
-0.308064
-0.269731
-0.67494
-0.649057
-0.615842
-0.565151
-0.504687
-0.444078
-0.388373
-0.339064
-0.296247
-0.257768
-0.678464
-0.651845
-0.61519
-0.559967
-0.495878
-0.433035
-0.376145
-0.326324
-0.283392
-0.244992
-0.678922
-0.651631
-0.611466
-0.551958
-0.484705
-0.420072
-0.36235
-0.312283
-0.269432
-0.231282
-0.676007
-0.648107
-0.60446
-0.541014
-0.471108
-0.405149
-0.34696
-0.296924
-0.254314
-0.216414
-0.669456
-0.641018
-0.594013
-0.527063
-0.455051
-0.388238
-0.329945
-0.280229
-0.238061
-0.200246
-0.659057
-0.630166
-0.580012
-0.510069
-0.436525
-0.369324
-0.311264
-0.262141
-0.220776
-0.183082
-0.644652
-0.615411
-0.562397
-0.490034
-0.415542
-0.348407
-0.29091
-0.242671
-0.202345
-0.165418
-0.626142
-0.596673
-0.541156
-0.466991
-0.392134
-0.325503
-0.268974
-0.222091
-0.182645
-0.147092
-0.603485
-0.573931
-0.516325
-0.441017
-0.366363
-0.300689
-0.245646
-0.200197
-0.161882
-0.127972
-0.5767
-0.547223
-0.487999
-0.412223
-0.338323
-0.274145
-0.2208
-0.177062
-0.140164
-0.108063
-0.545859
-0.516657
-0.456361
-0.380704
-0.308122
-0.245863
-0.194551
-0.152772
-0.117557
-0.087433
-0.511089
-0.482412
-0.421671
-0.346473
-0.275871
-0.215951
-0.166999
-0.127426
-0.0941274
-0.0661878
-0.472584
-0.44474
-0.384011
-0.30971
-0.241711
-0.184544
-0.138261
-0.101123
-0.0699609
-0.0444432
-0.430595
-0.403961
-0.342837
-0.27109
-0.20588
-0.151795
-0.108464
-0.0739686
-0.0451418
-0.0222864
-0.385359
-0.360297
-0.298884
-0.230504
-0.168587
-0.117879
-0.077749
-0.0460714
-0.0197568
0.0001955
-0.337075
-0.313251
-0.253498
-0.188232
-0.130015
-0.0829741
-0.0462533
-0.0175269
0.00605179
0.0226446
-0.286137
-0.263867
-0.206482
-0.14458
-0.0903753
-0.0472521
-0.0140895
0.011592
0.0319993
0.0441548
-0.233147
-0.212377
-0.157949
-0.0998274
-0.0499021
-0.0108902
0.0186372
0.0411846
0.057729
0.0640811
-0.17831
-0.159308
-0.108193
-0.054252
-0.00884126
0.0259196
0.0517592
0.0709826
0.0831002
0.0843886
-0.122062
-0.105097
-0.0575766
-0.00814565
0.0325567
0.0629626
0.0850071
0.10054
0.108088
0.110426
-0.0648617
-0.0501527
-0.00647726
0.0381882
0.0740372
0.100006
0.118102
0.12974
0.133723
0.136681
-0.00716648
0.00510921
0.0447249
0.0844391
0.115339
0.136813
0.150869
0.158681
0.159676
0.161625
0.0505641
0.060269
0.0956533
0.130294
0.156196
0.173147
0.183132
0.18724
0.185457
0.185561
0.107871
0.114905
0.145936
0.175441
0.196343
0.208785
0.214724
0.215235
0.210688
0.208464
0.164301
0.1686
0.195209
0.219574
0.23552
0.243506
0.245465
0.242481
0.235169
0.230388
0.219408
0.220943
0.243117
0.262392
0.273472
0.277096
0.275172
0.268794
0.258739
0.251305
0.272758
0.271536
0.289315
0.303605
0.309953
0.309347
0.303666
0.294013
0.281273
0.271167
0.323934
0.319998
0.333475
0.342935
0.344728
0.340056
0.330772
0.317986
0.302651
0.289906
0.372535
0.365962
0.375283
0.380116
0.377569
0.369033
0.356328
0.340571
0.322761
0.307447
0.418186
0.409085
0.414442
0.414899
0.408266
0.396096
0.380177
0.361636
0.341493
0.323718
0.460535
0.449047
0.45068
0.447051
0.436619
0.421076
0.402177
0.381059
0.358747
0.338646
0.499255
0.485553
0.483741
0.476357
0.462445
0.443817
0.422194
0.398725
0.374427
0.352164
0.534053
0.518334
0.513398
0.502623
0.48558
0.464177
0.440107
0.414531
0.388446
0.364213
0.564665
0.547153
0.539445
0.525676
0.505874
0.48203
0.45581
0.428384
0.400726
0.374739
0.590862
0.571802
0.561705
0.545363
0.523199
0.497265
0.469206
0.440203
0.411199
0.383697
0.612449
0.592106
0.580026
0.561558
0.537445
0.50979
0.480218
0.449918
0.419806
0.391047
0.629268
0.607921
0.594287
0.574156
0.548524
0.519528
0.488779
0.457473
0.426501
0.396762
0.641199
0.619139
0.604394
0.583078
0.556366
0.526421
0.494841
0.462825
0.431249
0.400826
0.648159
0.625685
0.610284
0.58827
0.560927
0.53043
0.498368
0.465944
0.434026
0.403218
0.650105
0.627522
0.611922
0.589703
0.562181
0.531532
0.499343
0.466813
0.434807
0.4039
0.647032
0.624644
0.609305
0.587374
0.560125
0.529726
0.497763
0.46543
0.433587
0.402891
0.638975
0.617082
0.602461
0.581306
0.554779
0.525027
0.493641
0.461806
0.430392
0.400188
0.626007
0.604904
0.591445
0.571546
0.546183
0.517471
0.487008
0.45597
0.425245
0.395843
0.60824
0.588209
0.576344
0.558168
0.534399
0.50711
0.477908
0.447958
0.418173
0.389858
0.585822
0.567133
0.557273
0.54127
0.519512
0.494015
0.466402
0.437823
0.409217
0.38225
0.55894
0.541844
0.534377
0.520973
0.501625
0.478276
0.452565
0.42563
0.398432
0.373056
0.527813
0.51254
0.507826
0.497422
0.480861
0.459996
0.436487
0.411456
0.385883
0.362321
0.492696
0.479454
0.477818
0.470786
0.457364
0.439298
0.418272
0.395391
0.371644
0.350094
0.453876
0.442843
0.444576
0.441251
0.431294
0.416319
0.398035
0.377534
0.3558
0.336434
0.411667
0.402996
0.408346
0.409028
0.402828
0.391209
0.375906
0.357995
0.338443
0.321405
0.366414
0.360225
0.369396
0.374344
0.372161
0.364135
0.352024
0.336895
0.319671
0.305075
0.318484
0.314866
0.328014
0.337441
0.339499
0.335272
0.326541
0.314362
0.299592
0.287518
0.268267
0.267276
0.284508
0.29858
0.305063
0.304807
0.299618
0.290534
0.278316
0.268807
0.216172
0.217829
0.239199
0.258033
0.269084
0.272939
0.271422
0.265559
0.255962
0.249012
0.162623
0.166914
0.192425
0.216084
0.231803
0.239872
0.24213
0.239596
0.232653
0.22819
0.108055
0.114934
0.144532
0.173028
0.19347
0.205815
0.211921
0.21282
0.208543
0.206373
0.0529127
0.0622965
0.0958785
0.129164
0.15434
0.170985
0.180973
0.185411
0.18382
0.183523
-0.00235707
0.00941628
0.046826
0.0847976
0.114673
0.135602
0.149453
0.157548
0.158836
0.159635
-0.0573066
-0.0432948
-0.00225817
0.0402356
0.0747286
0.0998972
0.117535
0.129353
0.134039
0.134362
-0.111492
-0.0954295
-0.0510053
-0.00421763
0.034764
0.0641001
0.0853897
0.10075
0.109777
0.109111
-0.164472
-0.146587
-0.0990494
-0.0482636
-0.00497045
0.0284389
0.0532889
0.0718717
0.0851324
0.0892465
-0.215828
-0.196356
-0.146039
-0.0916136
-0.0442284
-0.00687521
0.0214891
0.0431285
0.0601135
0.0696795
-0.265279
-0.24428
-0.191674
-0.133991
-0.08277
-0.0416536
-0.00984821
0.0147617
0.0348218
0.0485983
-0.312352
-0.29006
-0.235795
-0.17512
-0.120367
-0.0757215
-0.0406158
-0.0131262
0.00960266
0.0266101
-0.356644
-0.332836
-0.278526
-0.21471
-0.156814
-0.108908
-0.0706968
-0.0404517
-0.0152575
0.00456433
-0.397934
-0.372889
-0.318827
-0.25249
-0.191933
-0.14104
-0.0999536
-0.0671137
-0.0396146
-0.0171949
-0.436003
-0.410046
-0.355836
-0.288644
-0.225531
-0.171948
-0.128249
-0.0930043
-0.063381
-0.0385775
-0.470617
-0.444039
-0.390125
-0.322436
-0.257363
-0.201482
-0.155456
-0.118019
-0.08647
-0.0594963
-0.501598
-0.474637
-0.421598
-0.353701
-0.287302
-0.229514
-0.181462
-0.142061
-0.108795
-0.0798389
-0.528827
-0.501671
-0.45
-0.382442
-0.315237
-0.255942
-0.206165
-0.165039
-0.130281
-0.0995062
-0.552241
-0.525049
-0.475168
-0.40857
-0.341075
-0.280771
-0.229452
-0.186864
-0.150862
-0.118435
-0.57183
-0.544744
-0.497024
-0.431982
-0.364721
-0.303824
-0.251457
-0.207427
-0.170459
-0.136623
-0.587638
-0.560785
-0.515542
-0.452612
-0.386116
-0.325027
-0.271977
-0.226924
-0.188888
-0.154181
-0.599767
-0.573258
-0.530744
-0.470435
-0.405237
-0.344369
-0.290945
-0.245167
-0.206256
-0.171226
-0.608372
-0.582304
-0.542696
-0.485458
-0.422079
-0.36186
-0.308377
-0.262137
-0.2226
-0.18723
-0.613657
-0.588118
-0.551517
-0.497726
-0.436659
-0.37752
-0.324303
-0.277844
-0.237846
-0.201998
-0.615872
-0.590944
-0.557367
-0.507316
-0.449015
-0.391375
-0.338745
-0.292301
-0.251995
-0.215694
-0.615305
-0.591071
-0.560454
-0.514344
-0.459213
-0.403469
-0.351738
-0.30554
-0.265101
-0.228505
-0.612274
-0.588817
-0.561026
-0.518961
-0.467339
-0.413863
-0.363335
-0.317613
-0.277221
-0.240512
-0.607118
-0.584521
-0.559373
-0.52135
-0.473505
-0.422638
-0.373603
-0.328578
-0.288397
-0.251738
-0.600186
-0.578532
-0.55581
-0.52173
-0.477843
-0.429886
-0.382619
-0.338503
-0.298676
-0.262203
-0.591829
-0.571198
-0.550673
-0.520343
-0.480505
-0.435708
-0.390466
-0.347458
-0.308112
-0.271937
-0.582389
-0.562853
-0.544301
-0.517454
-0.481658
-0.440218
-0.397231
-0.355521
-0.31677
-0.280979
-0.572191
-0.553813
-0.537027
-0.513344
-0.481489
-0.443535
-0.403006
-0.362771
-0.324718
-0.289379
-0.561533
-0.544367
-0.529162
-0.508303
-0.480196
-0.445788
-0.407887
-0.36929
-0.33203
-0.297192
-0.550682
-0.53477
-0.520983
-0.502615
-0.477989
-0.447112
-0.411969
-0.375161
-0.33878
-0.304477
-0.53987
-0.525239
-0.512733
-0.496548
-0.475085
-0.447645
-0.415347
-0.380462
-0.345039
-0.311294
-0.52929
-0.515952
-0.504611
-0.490342
-0.4717
-0.447534
-0.418115
-0.385267
-0.350876
-0.317705
-0.519099
-0.507047
-0.496778
-0.4842
-0.468045
-0.446926
-0.420365
-0.389644
-0.356351
-0.32377
-0.509412
-0.498623
-0.489354
-0.478279
-0.46431
-0.44597
-0.422188
-0.393653
-0.361515
-0.329546
-0.50031
-0.490744
-0.482422
-0.472697
-0.460656
-0.444811
-0.42367
-0.397345
-0.366401
-0.335087
-0.491833
-0.483438
-0.476029
-0.467533
-0.457206
-0.44358
-0.424895
-0.400762
-0.371025
-0.340436
-0.48399
-0.476705
-0.47019
-0.46283
-0.454037
-0.442385
-0.42594
-0.403935
-0.375381
-0.345626
-0.476752
-0.470515
-0.464882
-0.458595
-0.451188
-0.441296
-0.426866
-0.406886
-0.379429
-0.350678
-0.470062
-0.464814
-0.460057
-0.454802
-0.448657
-0.440341
-0.427713
-0.409625
-0.383118
-0.355547
-0.463834
-0.459527
-0.455639
-0.451386
-0.446407
-0.439505
-0.428484
-0.412148
-0.386359
-0.360199
-0.457969
-0.454565
-0.451532
-0.448254
-0.444362
-0.438732
-0.429144
-0.414418
-0.389123
-0.364244
-0.452358
-0.449834
-0.447631
-0.445292
-0.442416
-0.43793
-0.42962
-0.416386
-0.391333
-0.367427
-0.446898
-0.44524
-0.443831
-0.442376
-0.440441
-0.43698
-0.429818
-0.417929
-0.393166
-0.367967
-0.441504
-0.440707
-0.440037
-0.439392
-0.438306
-0.435752
-0.429636
-0.418825
-0.395819
-0.358539
-0.436118
-0.43618
-0.436176
-0.436245
-0.435896
-0.434126
-0.428949
-0.418876
-0.398683
-0.355814
-0.430727
-0.431627
-0.43221
-0.432876
-0.433132
-0.432009
-0.427638
-0.418106
-0.400606
-0.356157
-0.425345
-0.427062
-0.42814
-0.429273
-0.429985
-0.429363
-0.425637
-0.416538
-0.401095
-0.356304
-0.420032
-0.422527
-0.424003
-0.425475
-0.426508
-0.426219
-0.422972
-0.414189
-0.400391
-0.356186
-0.414883
-0.418099
-0.419877
-0.421569
-0.422791
-0.422717
-0.419761
-0.411232
-0.399046
-0.356375
-0.410022
-0.413881
-0.415873
-0.41768
-0.418988
-0.419019
-0.416262
-0.408366
-0.397276
-0.357237
-0.405584
-0.409989
-0.412116
-0.413964
-0.415283
-0.415353
-0.412787
-0.405637
-0.394198
-0.360307
-0.401706
-0.406541
-0.408741
-0.410573
-0.411865
-0.411959
-0.409622
-0.403273
-0.392114
-0.364255
-0.398501
-0.403657
-0.405872
-0.407652
-0.408907
-0.409048
-0.407013
-0.401513
-0.391178
-0.368234
-0.396092
-0.401429
-0.403612
-0.405321
-0.406546
-0.40678
-0.405128
-0.400529
-0.391367
-0.372671
-0.394536
-0.399922
-0.402035
-0.403663
-0.404876
-0.405257
-0.404069
-0.400439
-0.392733
-0.377867
-0.393865
-0.399169
-0.401178
-0.402722
-0.403946
-0.404526
-0.403877
-0.401287
-0.395254
-0.383915
-0.394072
-0.399168
-0.401044
-0.402501
-0.403759
-0.404586
-0.404537
-0.403055
-0.398848
-0.390827
-0.395112
-0.399881
-0.401598
-0.402967
-0.404276
-0.40539
-0.40599
-0.405671
-0.403391
-0.398558
-0.396905
-0.401239
-0.402773
-0.404052
-0.405427
-0.406856
-0.408139
-0.409019
-0.408723
-0.406991
-0.399342
-0.403145
-0.404476
-0.405661
-0.40711
-0.40887
-0.410853
-0.412946
-0.414643
-0.415928
-0.40229
-0.405482
-0.40659
-0.407675
-0.409199
-0.411294
-0.413975
-0.417264
-0.420914
-0.425097
-0.405604
-0.40812
-0.408988
-0.409964
-0.411553
-0.413969
-0.417321
-0.421759
-0.427266
-0.434167
-0.409128
-0.410924
-0.411535
-0.412386
-0.414019
-0.416725
-0.420696
-0.426198
-0.433413
-0.442773
-0.476163
-0.514895
-0.55808
-0.573982
-0.535764
-0.441777
-0.339284
-0.263214
-0.227809
-0.234654
-0.244655
-0.225195
-0.177309
-0.131445
-0.106688
-0.0974906
-0.102114
-0.122223
-0.118906
-0.0972717
-0.0873763
-0.0756869
-0.050079
-0.0532642
-0.0600593
-0.0672166
-0.0544984
-0.0463027
-0.0108101
-0.0152847
-0.486651
-0.530145
-0.578305
-0.597014
-0.557393
-0.456988
-0.346068
-0.2622
-0.21874
-0.219483
-0.22549
-0.210582
-0.167651
-0.127475
-0.106758
-0.100296
-0.107624
-0.129552
-0.126361
-0.10057
-0.0884678
-0.0760892
-0.0498607
-0.0524902
-0.0590878
-0.0664026
-0.0545348
-0.0465732
-0.0103631
-0.0152628
-0.495168
-0.542882
-0.594817
-0.616503
-0.57588
-0.469877
-0.351278
-0.260167
-0.209363
-0.204193
-0.206109
-0.195132
-0.157238
-0.123109
-0.106583
-0.103006
-0.113094
-0.136831
-0.133673
-0.103761
-0.0894547
-0.0764422
-0.0496691
-0.0517442
-0.0581594
-0.0655683
-0.0545374
-0.0468509
-0.00997688
-0.0152665
-0.501268
-0.552475
-0.607768
-0.632283
-0.591173
-0.480519
-0.355139
-0.257393
-0.199967
-0.188941
-0.186886
-0.178956
-0.146132
-0.118339
-0.106125
-0.105562
-0.118438
-0.143969
-0.140774
-0.106837
-0.0903356
-0.0767388
-0.0495011
-0.0510306
-0.0572802
-0.0647191
-0.0545062
-0.0471335
-0.00965323
-0.0152955
-0.504982
-0.55885
-0.617061
-0.644303
-0.603267
-0.489006
-0.357864
-0.254163
-0.190806
-0.173915
-0.168168
-0.162196
-0.134418
-0.113161
-0.105348
-0.107906
-0.123571
-0.150882
-0.147604
-0.109791
-0.0911099
-0.0769726
-0.0493532
-0.0503534
-0.0564554
-0.0638604
-0.0544407
-0.0474181
-0.00939404
-0.0153491
-0.506322
-0.56211
-0.622738
-0.652618
-0.612208
-0.495442
-0.359643
-0.250746
-0.182095
-0.159344
-0.15024
-0.145049
-0.122205
-0.107582
-0.10422
-0.109978
-0.128413
-0.157484
-0.154106
-0.112617
-0.091778
-0.0771379
-0.0492217
-0.0497163
-0.0556897
-0.0629976
-0.05434
-0.047701
-0.00920097
-0.0154265
-0.505409
-0.562461
-0.624982
-0.657377
-0.618081
-0.499939
-0.360645
-0.247385
-0.174008
-0.145489
-0.133329
-0.127852
-0.109621
-0.101616
-0.102716
-0.11172
-0.132888
-0.163699
-0.16023
-0.115306
-0.0923409
-0.0772303
-0.0491025
-0.0491222
-0.054987
-0.0621355
-0.0542032
-0.0479777
-0.00907557
-0.0155266
-0.502504
-0.560217
-0.62408
-0.658804
-0.621003
-0.50261
-0.361012
-0.24428
-0.16669
-0.132612
-0.1176
-0.110711
-0.0968255
-0.0952911
-0.100817
-0.113078
-0.136929
-0.16946
-0.165931
-0.117855
-0.0928008
-0.0772461
-0.0489911
-0.0485732
-0.0543505
-0.0612785
-0.0540288
-0.0482434
-0.00901926
-0.0156484
-0.497958
-0.555766
-0.620388
-0.657175
-0.621123
-0.503568
-0.360864
-0.241584
-0.160256
-0.120947
-0.10318
-0.0941896
-0.0840298
-0.0886469
-0.0985089
-0.114005
-0.140479
-0.174707
-0.171173
-0.120256
-0.0931604
-0.0771829
-0.0488827
-0.0480705
-0.0537819
-0.0604303
-0.0538152
-0.0484925
-0.00903331
-0.0157904
-0.492179
-0.549507
-0.614475
-0.652789
-0.61864
-0.50291
-0.360295
-0.239395
-0.154797
-0.110672
-0.0901587
-0.0788699
-0.0714595
-0.0817325
-0.0957861
-0.114457
-0.143493
-0.179394
-0.175925
-0.122504
-0.0934235
-0.0770389
-0.0487723
-0.0476144
-0.0532816
-0.0595937
-0.0535608
-0.048719
-0.0091188
-0.015951
-0.485585
-0.541817
-0.607439
-0.645946
-0.613773
-0.50073
-0.359381
-0.237761
-0.150375
-0.101891
-0.0785925
-0.0651107
-0.0593286
-0.0746083
-0.0926488
-0.114398
-0.145937
-0.183485
-0.180162
-0.124592
-0.0935942
-0.0768136
-0.0486545
-0.0472041
-0.0528486
-0.0587702
-0.0532635
-0.0489162
-0.00927659
-0.0161284
-0.478562
-0.533037
-0.59841
-0.6368
-0.60671
-0.497148
-0.358193
-0.236695
-0.147026
-0.0946375
-0.068499
-0.0530943
-0.0478458
-0.0673438
-0.089102
-0.1138
-0.147788
-0.186959
-0.183866
-0.126516
-0.0936778
-0.0765076
-0.0485239
-0.0468381
-0.0524804
-0.0579603
-0.0529213
-0.0490771
-0.00950734
-0.0163206
-0.471426
-0.523553
-0.584975
-0.625411
-0.597623
-0.492334
-0.356798
-0.236194
-0.144768
-0.0888899
-0.0598653
-0.0428782
-0.0372043
-0.0600112
-0.0851542
-0.112641
-0.149033
-0.189803
-0.187024
-0.12827
-0.0936802
-0.0761221
-0.0483748
-0.0465131
-0.0521734
-0.0571628
-0.0525322
-0.0491942
-0.00981139
-0.0165253
-0.464398
-0.513691
-0.571739
-0.612084
-0.586722
-0.486462
-0.355272
-0.236249
-0.14359
-0.0845803
-0.052646
-0.034397
-0.0275674
-0.0526769
-0.0808149
-0.110904
-0.149673
-0.192013
-0.189625
-0.129845
-0.0936061
-0.0756569
-0.0482002
-0.0462227
-0.0519222
-0.0563754
-0.0520941
-0.0492597
-0.0101888
-0.0167401
-0.457584
-0.503551
-0.557951
-0.597101
-0.57421
-0.479661
-0.353605
-0.236738
-0.143364
-0.0815552
-0.0467383
-0.0274659
-0.0190564
-0.0453952
-0.076093
-0.108577
-0.149716
-0.193592
-0.191665
-0.131223
-0.0934544
-0.07511
-0.0479924
-0.0459576
-0.0517168
-0.0555941
-0.051605
-0.0492655
-0.0106394
-0.0169624
-0.451017
-0.493514
-0.543654
-0.580742
-0.560304
-0.471966
-0.351613
-0.237373
-0.143818
-0.0795834
-0.0419966
-0.02182
-0.0117239
-0.0382041
-0.0709944
-0.10565
-0.149179
-0.194553
-0.193157
-0.132392
-0.0932243
-0.0744852
-0.0477477
-0.0457149
-0.0515441
-0.0548129
-0.0510626
-0.0492032
-0.0111629
-0.0171897
-0.444599
-0.48406
-0.528989
-0.563356
-0.54538
-0.46362
-0.349429
-0.238266
-0.145036
-0.0787052
-0.0384528
-0.0172966
-0.00557938
-0.0311207
-0.0655191
-0.102112
-0.148083
-0.194913
-0.194107
-0.133378
-0.0929488
-0.0738107
-0.0474758
-0.0455108
-0.0514105
-0.0540248
-0.0504648
-0.0490639
-0.0117583
-0.0174177
-0.438203
-0.469644
-0.513642
-0.545051
-0.530005
-0.45566
-0.348424
-0.240812
-0.148108
-0.0796536
-0.0365232
-0.0139825
-0.000723074
-0.0242077
-0.0596554
-0.097959
-0.146443
-0.194635
-0.194385
-0.134243
-0.0927103
-0.0731289
-0.0471902
-0.0453596
-0.0513669
-0.0532314
-0.0498131
-0.0488388
-0.0124199
-0.017638
-0.432073
-0.459239
-0.497088
-0.525229
-0.513788
-0.448047
-0.348692
-0.244994
-0.152867
-0.0822883
-0.0359424
-0.0114865
0.00289758
-0.0177245
-0.0534359
-0.0931351
-0.144359
-0.193595
-0.193777
-0.134874
-0.0924587
-0.0723794
-0.0468412
-0.0451758
-0.0513691
-0.052434
-0.0491193
-0.0485199
-0.013139
-0.017847
-0.427539
-0.448355
-0.481171
-0.504876
-0.494412
-0.434644
-0.341865
-0.242428
-0.152407
-0.0816931
-0.0334639
-0.00753596
0.00684247
-0.0111235
-0.0469044
-0.0878031
-0.141611
-0.19252
-0.193174
-0.134665
-0.0916213
-0.0712567
-0.0462485
-0.0447098
-0.0509242
-0.0514956
-0.0483161
-0.0481066
-0.0139734
-0.0180792
-0.413546
-0.439849
-0.467951
-0.486139
-0.471841
-0.412277
-0.323047
-0.228309
-0.142545
-0.074275
-0.0267345
-0.000293248
0.0152625
0.00214628
-0.0337341
-0.0793175
-0.140609
-0.195962
-0.195871
-0.133618
-0.0895819
-0.0694771
-0.0452586
-0.0436758
-0.0491747
-0.0498158
-0.0467275
-0.0473872
-0.0154091
-0.0184525
-0.405398
-0.425241
-0.444453
-0.454442
-0.43673
-0.380778
-0.299069
-0.212115
-0.132645
-0.0680816
-0.0214362
0.00552206
0.0213763
0.0110841
-0.0226315
-0.0716809
-0.136629
-0.193988
-0.193046
-0.130512
-0.0863354
-0.0665802
-0.0438455
-0.0427724
-0.048536
-0.0492422
-0.0448868
-0.0465585
-0.0167971
-0.0187095
-0.39199
-0.406886
-0.417756
-0.421074
-0.401921
-0.350843
-0.276926
-0.197396
-0.123531
-0.0623734
-0.0167607
0.0107575
0.0276762
0.0199789
-0.0130279
-0.0655582
-0.131653
-0.189331
-0.1881
-0.126605
-0.0827234
-0.0633581
-0.042258
-0.0417957
-0.0480423
-0.0489081
-0.0429048
-0.0455137
-0.0180675
-0.0188951
-0.37545
-0.385956
-0.389949
-0.388131
-0.368439
-0.322131
-0.255573
-0.183169
-0.114737
-0.0570271
-0.0126307
0.0154337
0.0343713
0.0302616
-0.00200336
-0.0587301
-0.12607
-0.183506
-0.181379
-0.121714
-0.078754
-0.0597438
-0.0404167
-0.0407336
-0.0474867
-0.0483559
-0.0406542
-0.0441325
-0.0194037
-0.019028
-0.355756
-0.363355
-0.362203
-0.356453
-0.336727
-0.294987
-0.235342
-0.169658
-0.106377
-0.0520088
-0.00898316
0.0195218
0.0411232
0.0414228
0.0107816
-0.0505142
-0.120038
-0.176156
-0.172555
-0.115764
-0.0744176
-0.0557487
-0.0382927
-0.0395418
-0.0468627
-0.0475854
-0.038116
-0.0423916
-0.0208124
-0.0190939
-0.333923
-0.339925
-0.335211
-0.326564
-0.307141
-0.269635
-0.21631
-0.156849
-0.0984575
-0.047292
-0.00575621
0.0230499
0.0476485
0.0528422
0.0246041
-0.0411429
-0.113499
-0.166882
-0.161586
-0.108734
-0.0697142
-0.0513847
-0.0358505
-0.0381858
-0.0461218
-0.0466263
-0.0352938
-0.0402599
-0.0222328
-0.0190825
-0.311193
-0.316274
-0.309343
-0.298719
-0.2798
-0.246113
-0.198501
-0.144759
-0.0909988
-0.0428889
-0.00290809
0.0260596
0.0536086
0.0639809
0.0385309
-0.0308894
-0.106333
-0.155581
-0.148584
-0.100638
-0.0646473
-0.0466749
-0.033056
-0.0366192
-0.0451868
-0.0454427
-0.0321791
-0.0376767
-0.0236088
-0.0189857
-0.28825
-0.292819
-0.284749
-0.272934
-0.254652
-0.224368
-0.181894
-0.133382
-0.0839987
-0.0388306
-0.000418481
0.0285579
0.0586372
0.0741879
0.0515808
-0.0199574
-0.0983049
-0.14224
-0.133776
-0.0915467
-0.0592249
-0.0416514
-0.0298755
-0.0347818
-0.0439637
-0.0439631
-0.0287614
-0.034586
-0.0248879
-0.0187926
-0.265593
-0.26988
-0.261451
-0.249099
-0.231568
-0.204307
-0.166443
-0.122707
-0.0774457
-0.0351517
0.00170251
0.030509
0.0624065
0.0826281
0.0627072
-0.00869772
-0.0888276
-0.126894
-0.117542
-0.081601
-0.0534608
-0.0363532
-0.0262771
-0.0325991
-0.0423392
-0.042106
-0.0250419
-0.0309617
-0.0260123
-0.0184875
-0.243594
-0.247688
-0.239424
-0.227055
-0.210388
-0.18582
-0.152087
-0.112716
-0.0713258
-0.0318697
0.00341289
0.0318628
0.0646668
0.0883811
0.0710207
0.00245779
-0.0770457
-0.108698
-0.100413
-0.071019
-0.047378
-0.0308214
-0.0222343
-0.0299799
-0.0401805
-0.0397873
-0.021041
-0.0268117
-0.0269111
-0.0180537
-0.222476
-0.226399
-0.218632
-0.206643
-0.190951
-0.168799
-0.138763
-0.103387
-0.0656299
-0.0289776
0.00465828
0.0325785
0.0653116
0.0907722
0.0762092
0.0132346
-0.0624598
-0.0902131
-0.0831103
-0.0600902
-0.0410133
-0.025095
-0.017729
-0.0268162
-0.0373355
-0.036918
-0.016798
-0.0221769
-0.027501
-0.0174749
-0.202377
-0.206128
-0.19905
-0.187724
-0.173102
-0.153138
-0.126414
-0.0946943
-0.0603525
-0.0264532
0.00540901
0.0326295
0.064359
0.0897943
0.0785926
0.023365
-0.0455997
-0.0714341
-0.0663645
-0.0491411
-0.0344178
-0.0192132
-0.0127553
-0.0229836
-0.0336356
-0.0334011
-0.0123716
-0.0171396
-0.0276877
-0.016737
-0.183391
-0.186958
-0.180663
-0.170185
-0.156702
-0.138741
-0.114985
-0.0866117
-0.0554862
-0.0242741
0.00567735
0.0319927
0.0617723
0.0860466
0.0785864
0.0321483
-0.0282571
-0.0534298
-0.0508114
-0.0384838
-0.0276582
-0.0132205
-0.00732518
-0.0183478
-0.0289003
-0.0291296
-0.00783986
-0.0118304
-0.0273683
-0.0158283
-0.165576
-0.168943
-0.163459
-0.153935
-0.141633
-0.125515
-0.104425
-0.0791121
-0.0510159
-0.0224186
0.00550453
0.0306633
0.0580756
0.080354
0.0763517
0.038669
-0.012515
-0.0370936
-0.0368618
-0.0283685
-0.0208184
-0.00716983
-0.00147589
-0.0127801
-0.0229506
-0.023988
-0.00329678
-0.00642418
-0.0264371
-0.0147401
-0.148959
-0.152114
-0.147423
-0.138898
-0.127787
-0.113377
-0.0946882
-0.0721697
-0.0469198
-0.0208631
0.00494766
0.0286716
0.0534556
0.0734288
0.0721002
0.0424532
0.000333898
-0.0229808
-0.0246734
-0.018967
-0.0139988
-0.0011269
0.00472285
-0.00617896
-0.0156348
-0.0178602
0.00115751
-0.00112432
-0.0247979
-0.0134675
-0.133546
-0.136481
-0.132538
-0.125013
-0.115076
-0.10225
-0.0857275
-0.0657593
-0.0431724
-0.0195763
0.0040785
0.0261282
0.0482222
0.0658628
0.0664068
0.0437565
0.00997118
-0.0112097
-0.0142146
-0.0103854
-0.00731323
0.00482389
0.0111587
0.00149965
-0.00688272
-0.0106584
0.00543132
0.00386443
-0.0223811
-0.0120103
-0.119328
-0.12204
-0.118783
-0.112224
-0.103423
-0.0920632
-0.0774994
-0.0598543
-0.0397468
-0.0185166
0.00297661
0.0231988
0.0427243
0.0581688
0.0600008
0.0432326
0.0167667
-0.00163985
-0.0053581
-0.00268508
-0.000880695
0.010574
0.0176635
0.0101791
0.00321546
-0.00237954
0.00946189
0.00836222
-0.0191172
-0.0103733
-0.106281
-0.10877
-0.106131
-0.100485
-0.0927608
-0.0827557
-0.0699625
-0.0544281
-0.0366156
-0.0176367
0.00172934
0.0200694
0.0372572
0.0507402
0.0534765
0.0415254
0.0213007
0.00596681
0.00205632
0.00410542
0.00518757
0.015993
0.0239974
0.0195756
0.0142967
0.00681277
0.0132351
0.0122318
-0.0151226
-0.00857089
-0.0943727
-0.0966461
-0.0945517
-0.0897501
-0.0830338
-0.0742724
-0.0630779
-0.049454
-0.0337516
-0.0168884
0.000426579
0.0169115
0.0320375
0.0438342
0.0472206
0.0391403
0.0241286
0.011876
0.00819216
0.00998853
0.010801
0.0209544
0.02985
0.029097
0.0256107
0.0164747
0.0167696
0.015413
-0.010611
-0.00664035
-0.083566
-0.085633
-0.0840137
-0.0799808
-0.0741933
-0.0665657
-0.05681
-0.0449068
-0.0311288
-0.0162269
-0.000848591
0.0138686
0.0272114
0.0375966
0.0414559
0.0364399
0.0257152
0.0163552
0.013207
0.0149948
0.0158909
0.0253748
0.0349141
0.0378286
0.0359479
0.0257963
0.0201062
0.0179344
-0.00581239
-0.00464369
-0.0738205
-0.0756938
-0.0744833
-0.0711401
-0.0661975
-0.059595
-0.0511277
-0.0407634
-0.0287243
-0.0156154
-0.00202803
0.0110547
0.0228635
0.032094
0.036292
0.0336744
0.0264284
0.019662
0.017248
0.0191765
0.0203986
0.0291991
0.0390036
0.0448086
0.0440685
0.0337708
0.0233134
0.0199021
-0.00103396
-0.00266823
-0.0650964
-0.0667911
-0.0659279
-0.0631952
-0.0590113
-0.0533266
-0.0460042
-0.0370055
-0.0265202
-0.0150267
-0.00306256
0.00854868
0.0190358
0.0273346
0.0317678
0.0310041
0.0265547
0.0220273
0.020452
0.0226005
0.024277
0.0323691
0.0420259
0.0494612
0.0493544
0.0396966
0.0264304
0.0214513
0.00340043
-0.000819012
-0.0573549
-0.0588876
-0.0583166
-0.0561175
-0.0526054
-0.0477334
-0.0414186
-0.0336195
-0.0245052
-0.0144459
-0.00392701
0.00637556
0.0157376
0.0232893
0.0278813
0.0285328
0.0262886
0.0236475
0.0229433
0.025343
0.0275046
0.0348637
0.0439924
0.0517466
0.0519181
0.0434815
0.0293325
0.0226732
0.00718827
0.000804676
-0.050567
-0.0519522
-0.0516233
-0.0498844
-0.0469582
-0.0427961
-0.0373566
-0.0305978
-0.0226752
-0.0138694
-0.00461415
0.00453955
0.0129564
0.0199095
0.0246042
0.0263175
0.0257024
0.0246893
0.0248365
0.027484
0.0300929
0.036722
0.0450381
0.052249
0.0525961
0.0454666
0.0317716
0.0236078
0.0101443
0.00213978
-0.0447068
-0.0459626
-0.0458315
-0.0444803
-0.042055
-0.0385027
-0.033811
-0.0279399
-0.0210343
-0.0133027
-0.00512956
0.00304019
0.0106656
0.0171397
0.0218947
0.0243983
0.0250804
0.0253168
0.0262384
0.0291067
0.0320859
0.0380316
0.0453876
0.0517045
0.0521646
0.0461321
0.0335751
0.024305
0.0122541
0.0031709
-0.0397523
-0.040903
-0.0409297
-0.0398978
-0.0378913
-0.0348505
-0.0307832
-0.0256527
-0.0195946
-0.012761
-0.00549051
0.00185902
0.00883095
0.0149218
0.019706
0.0227865
0.0244496
0.0256531
0.0272439
0.0302954
0.0335544
0.0389057
0.045283
0.0506771
0.0511696
0.0459706
0.0347479
0.0248226
0.0136373
0.00391655
-0.0357051
-0.0367692
-0.036918
-0.0361413
-0.0344731
-0.0318473
-0.0282843
-0.0237511
-0.0183751
-0.0122672
-0.00572347
0.00096762
0.00741431
0.0132022
0.0179928
0.0214836
0.0238652
0.0257971
0.0279361
0.0311317
0.0345853
0.0394565
0.0449389
0.0495197
0.0499941
0.0454029
0.0354136
0.0252031
0.0144673
0.00441449
-0.0325798
-0.0335763
-0.0338145
-0.033231
-0.0318217
-0.0295145
-0.0263366
-0.0222595
-0.0174028
-0.0118488
-0.00585878
0.000331922
0.00637877
0.0119362
0.0167206
0.02049
0.0233739
0.0258273
0.0283868
0.0316893
0.0352666
0.0397797
0.0445268
0.0484524
0.0488997
0.0447326
0.0357212
0.0254715
0.0149179
0.00471519
-0.0304146
-0.0313634
-0.0316606
-0.0312088
-0.0299776
-0.0278901
-0.0249768
-0.0212127
-0.0167116
-0.0115379
-0.00592688
-7.92161e-05
0.00569361
0.0110926
0.0158665
0.0198092
0.0230138
0.0258065
0.0286537
0.0320281
0.0356756
0.0399484
0.0441705
0.0476325
0.0480638
0.0441639
0.0358156
0.0256432
0.0151316
0.00487502
-0.0292682
-0.0301951
-0.030524
-0.0301421
-0.0290045
-0.027033
-0.0242579
-0.020658
-0.016342
-0.0113676
-0.00595327
-0.00028534
0.00534605
0.0106604
0.0154277
0.0194543
0.0228202
0.0257824
0.0287794
0.0321894
0.0358698
0.0400159
0.0439587
0.0471754
0.047605
0.0438369
0.0358241
0.0257304
0.0152044
0.00493992
-0.254386
-0.264505
-0.274066
-0.283102
-0.291655
-0.299774
-0.307508
-0.314911
-0.322036
-0.328939
-0.335675
-0.342304
-0.348892
-0.355523
-0.362293
-0.369441
-0.37704
-0.386399
-0.396293
-0.414014
-0.235469
-0.245055
-0.254191
-0.26291
-0.271254
-0.279264
-0.286987
-0.29447
-0.301765
-0.308929
-0.316025
-0.323137
-0.330344
-0.337821
-0.345619
-0.354264
-0.363259
-0.374575
-0.384225
-0.401132
-0.217799
-0.226803
-0.235453
-0.243783
-0.251828
-0.259629
-0.267226
-0.274664
-0.281992
-0.289268
-0.296547
-0.303924
-0.311434
-0.319267
-0.327258
-0.335932
-0.344203
-0.354156
-0.362187
-0.376812
-0.201324
-0.209772
-0.217951
-0.225889
-0.233617
-0.241168
-0.248578
-0.255887
-0.263131
-0.270361
-0.277605
-0.284934
-0.29231
-0.299888
-0.30739
-0.315372
-0.322961
-0.332216
-0.340811
-0.35422
-0.185989
-0.193903
-0.201608
-0.209132
-0.216498
-0.223733
-0.230865
-0.237926
-0.24494
-0.251943
-0.258943
-0.265996
-0.273055
-0.280289
-0.28752
-0.295291
-0.303034
-0.31205
-0.320806
-0.332438
-0.171696
-0.17908
-0.186299
-0.193378
-0.200335
-0.207191
-0.213968
-0.22069
-0.227375
-0.234054
-0.240737
-0.247483
-0.25428
-0.261276
-0.268363
-0.275848
-0.283322
-0.291435
-0.299592
-0.309792
-0.158342
-0.1652
-0.171928
-0.178544
-0.185065
-0.191508
-0.197889
-0.20423
-0.210548
-0.216872
-0.223216
-0.229629
-0.236103
-0.242714
-0.249381
-0.256247
-0.263154
-0.270493
-0.278267
-0.287572
-0.145846
-0.152189
-0.158429
-0.164581
-0.170656
-0.17667
-0.182638
-0.188576
-0.194502
-0.200435
-0.206387
-0.212384
-0.218421
-0.22454
-0.230722
-0.237063
-0.243561
-0.250389
-0.257711
-0.266135
-0.134121
-0.139972
-0.145739
-0.151433
-0.157065
-0.162647
-0.168192
-0.173712
-0.179221
-0.184732
-0.190256
-0.195811
-0.201408
-0.207078
-0.212836
-0.218721
-0.224757
-0.230989
-0.237665
-0.245253
-0.123112
-0.128503
-0.133814
-0.139062
-0.144257
-0.14941
-0.154529
-0.159627
-0.164712
-0.169798
-0.174895
-0.180021
-0.185187
-0.19041
-0.195702
-0.201074
-0.206564
-0.212202
-0.218257
-0.225114
-0.112803
-0.117744
-0.122615
-0.12743
-0.1322
-0.136932
-0.141635
-0.146316
-0.150985
-0.155652
-0.160327
-0.16502
-0.169741
-0.174499
-0.179309
-0.18418
-0.189158
-0.194264
-0.19973
-0.205881
-0.103147
-0.107654
-0.112103
-0.116504
-0.120865
-0.125191
-0.12949
-0.133767
-0.13803
-0.142286
-0.146544
-0.150811
-0.155097
-0.159409
-0.163763
-0.168166
-0.172654
-0.177239
-0.182118
-0.187585
-0.0940846
-0.0981869
-0.102239
-0.106249
-0.110221
-0.114161
-0.118073
-0.121963
-0.125836
-0.129698
-0.133557
-0.137418
-0.141289
-0.145178
-0.149095
-0.153044
-0.157053
-0.161137
-0.165463
-0.170292
-0.0855878
-0.0893136
-0.0929951
-0.0966375
-0.100244
-0.103819
-0.107366
-0.110889
-0.114393
-0.117883
-0.121363
-0.124839
-0.128318
-0.131803
-0.135303
-0.138823
-0.142387
-0.146005
-0.149821
-0.154056
-0.0776191
-0.0809978
-0.0843367
-0.0876381
-0.0909045
-0.094139
-0.0973449
-0.100525
-0.103684
-0.106824
-0.10995
-0.113066
-0.116176
-0.119285
-0.122399
-0.125523
-0.128674
-0.131862
-0.135206
-0.138895
-0.0701709
-0.0732328
-0.0762546
-0.0792388
-0.0821885
-0.0851066
-0.0879955
-0.0908574
-0.0936949
-0.0965107
-0.099308
-0.10209
-0.10486
-0.107621
-0.11038
-0.113137
-0.115909
-0.118703
-0.121617
-0.124811
-0.0632256
-0.0659924
-0.068721
-0.0714135
-0.0740724
-0.0766997
-0.0792969
-0.0818655
-0.0844075
-0.086925
-0.0894203
-0.0918956
-0.0943539
-0.0967973
-0.0992302
-0.101654
-0.104082
-0.106518
-0.109045
-0.111796
-0.0567629
-0.0592588
-0.0617194
-0.0641457
-0.066539
-0.0689005
-0.071231
-0.0735318
-0.0758042
-0.0780495
-0.0802696
-0.082466
-0.0846408
-0.0867958
-0.0889342
-0.0910572
-0.0931745
-0.0952906
-0.0974715
-0.0998265
-0.0507649
-0.053017
-0.0552354
-0.0574205
-0.0595729
-0.0616932
-0.063782
-0.06584
-0.067868
-0.069867
-0.0718383
-0.0737828
-0.0757022
-0.0775978
-0.0794718
-0.0813252
-0.0831655
-0.0849959
-0.0868701
-0.0888764
-0.0452242
-0.0472571
-0.0492574
-0.051225
-0.0531603
-0.0550634
-0.0569345
-0.058774
-0.0605824
-0.0623603
-0.0641083
-0.0658274
-0.0675185
-0.0691825
-0.0708212
-0.0724351
-0.0740299
-0.0756082
-0.0772127
-0.0789139
-0.0401334
-0.0419704
-0.0437756
-0.0455489
-0.04729
-0.0489989
-0.0506756
-0.0523201
-0.0539326
-0.0555135
-0.0570631
-0.0585819
-0.0600705
-0.0615297
-0.0629605
-0.0643634
-0.0657427
-0.0671002
-0.0684696
-0.0699061
-0.0354887
-0.0371519
-0.038784
-0.0403847
-0.0419536
-0.0434904
-0.0449948
-0.0464667
-0.047906
-0.0493129
-0.0506874
-0.0520299
-0.0533408
-0.0546203
-0.0558693
-0.057088
-0.0582797
-0.0594455
-0.0606119
-0.0618209
-0.0312893
-0.0327996
-0.0342795
-0.0357284
-0.0371459
-0.0385315
-0.0398847
-0.0412053
-0.042493
-0.0437478
-0.0449695
-0.0461584
-0.0473145
-0.048438
-0.0495296
-0.0505891
-0.0516191
-0.0526203
-0.0536127
-0.054628
-0.0275372
-0.0289147
-0.0302623
-0.0315794
-0.0328653
-0.0341197
-0.0353418
-0.0365312
-0.0376877
-0.0388111
-0.0399011
-0.0409577
-0.0419809
-0.0429708
-0.0439277
-0.0448516
-0.0457442
-0.046606
-0.0474518
-0.0483047
-0.0242373
-0.0255009
-0.0267354
-0.0279399
-0.0291136
-0.0302558
-0.0313659
-0.0324435
-0.0334883
-0.0344999
-0.0354781
-0.0364226
-0.0373335
-0.0382106
-0.0390542
-0.0398642
-0.0406418
-0.0413873
-0.0421114
-0.0428299
-0.0214119
-0.0225786
-0.023717
-0.0248258
-0.0259042
-0.0269517
-0.0279677
-0.0289515
-0.0299027
-0.030821
-0.031706
-0.0325574
-0.033375
-0.0341589
-0.034909
-0.0356252
-0.0363083
-0.0369583
-0.0375828
-0.0381918
-0.0190647
-0.0201531
-0.0212135
-0.0222447
-0.0232461
-0.024217
-0.0251567
-0.0260647
-0.0269405
-0.0277836
-0.0285936
-0.0293704
-0.0301135
-0.030823
-0.0314987
-0.0321405
-0.032749
-0.0333239
-0.0338702
-0.0343935
-0.0172346
-0.0182619
-0.0192615
-0.0202324
-0.021174
-0.0220855
-0.0229662
-0.0238157
-0.0246333
-0.0254187
-0.0261714
-0.0268911
-0.0275777
-0.0282307
-0.0288503
-0.0294361
-0.0299885
-0.0305072
-0.0309953
-0.0314548
-0.0159445
-0.0169282
-0.0178847
-0.0188132
-0.0197129
-0.0205831
-0.0214232
-0.0222326
-0.0230107
-0.0237571
-0.0244714
-0.0251531
-0.0258021
-0.026418
-0.0270006
-0.0275498
-0.0280656
-0.0285476
-0.0289977
-0.0294154
-0.015283
-0.0162391
-0.0171683
-0.0180697
-0.0189428
-0.0197869
-0.0206016
-0.0213863
-0.0221406
-0.0228639
-0.023556
-0.0242164
-0.0248449
-0.0254411
-0.0260048
-0.0265358
-0.027034
-0.027499
-0.0279318
-0.0283304
0.0774253
0.0566977
0.03787
0.0190299
-0.000940749
-0.0210983
-0.0408066
-0.0600609
-0.0788879
-0.0972008
-0.114913
-0.13198
-0.148373
-0.164069
-0.179052
-0.193912
-0.207701
-0.22043
-0.232374
-0.243681
0.0699797
0.0496216
0.0299812
0.012258
-0.00590473
-0.0244122
-0.0424187
-0.0598067
-0.0767254
-0.0931769
-0.109095
-0.124448
-0.139221
-0.153367
-0.166781
-0.179598
-0.191985
-0.203737
-0.214849
-0.225409
0.0613813
0.0419576
0.0224823
0.00591607
-0.010216
-0.0267756
-0.0430356
-0.0586544
-0.0737746
-0.0884842
-0.102739
-0.116491
-0.129722
-0.142414
-0.154545
-0.166033
-0.177375
-0.188267
-0.19859
-0.208409
0.0520941
0.0340747
0.0156807
0.00042757
-0.0138295
-0.0284831
-0.0430808
-0.0571239
-0.0706513
-0.0837972
-0.0965616
-0.108895
-0.120774
-0.132189
-0.143132
-0.153605
-0.163976
-0.173965
-0.183479
-0.192575
0.0431247
0.0268128
0.00994026
-0.00397963
-0.0166356
-0.0295779
-0.0426295
-0.0552562
-0.0673815
-0.0791381
-0.0905717
-0.101648
-0.112338
-0.122626
-0.132507
-0.141992
-0.151482
-0.160631
-0.169399
-0.177834
0.0349903
0.0203986
0.00519301
-0.00743549
-0.0187352
-0.0301828
-0.0418107
-0.053141
-0.0640178
-0.0745415
-0.0847863
-0.0947444
-0.104395
-0.113743
-0.122804
-0.131586
-0.139911
-0.148187
-0.156281
-0.164111
0.0278213
0.0148162
0.00128746
-0.0100856
-0.0202071
-0.0303569
-0.0406916
-0.0508309
-0.0605866
-0.0700162
-0.0792003
-0.0881512
-0.0968519
-0.105296
-0.113483
-0.121406
-0.129059
-0.136649
-0.144091
-0.151318
0.0216121
0.0100326
-0.00188626
-0.0120458
-0.021118
-0.0301421
-0.0393201
-0.0483729
-0.0571169
-0.0655729
-0.0738113
-0.0818557
-0.0896959
-0.0973243
-0.104743
-0.111963
-0.118989
-0.125942
-0.132748
-0.139376
0.0163278
0.00603003
-0.00439418
-0.0134059
-0.0215317
-0.0295762
-0.0377319
-0.0458038
-0.0536347
-0.061222
-0.0686196
-0.0758547
-0.0829232
-0.0898166
-0.0965309
-0.103073
-0.10948
-0.115862
-0.122099
-0.128172
0.0119234
0.00278046
-0.00629116
-0.0142443
-0.0215145
-0.0287011
-0.0359587
-0.0431531
-0.0501617
-0.0569715
-0.0636203
-0.0701335
-0.0765142
-0.0827593
-0.0888721
-0.0948558
-0.100692
-0.106384
-0.112033
-0.117622
0.00833982
0.000236076
-0.00763583
-0.0146332
-0.0211313
-0.0275613
-0.0340299
-0.040444
-0.0467145
-0.0528267
-0.0588054
-0.0646708
-0.0704275
-0.0760729
-0.0816056
-0.0870246
-0.0923288
-0.0975139
-0.10267
-0.107777
0.00550515
-0.0016674
-0.00848973
-0.0146369
-0.0204405
-0.0261989
-0.0319729
-0.0376951
-0.0433049
-0.0487904
-0.0541671
-0.0594494
-0.0646413
-0.0697416
-0.0747497
-0.0796665
-0.084494
-0.0892297
-0.0939261
-0.0985705
0.00334212
-0.00300019
-0.00891323
-0.0143119
-0.0194929
-0.0246528
-0.0298133
-0.0349231
-0.0399429
-0.0448659
-0.0497019
-0.0544597
-0.0591424
-0.0637496
-0.0682813
-0.072738
-0.0771212
-0.081432
-0.0857038
-0.0899242
0.00177339
-0.00383214
-0.00896335
-0.0137081
-0.0183328
-0.0229584
-0.0275759
-0.0321435
-0.036638
-0.0410573
-0.0454074
-0.0496934
-0.0539166
-0.0580767
-0.0621734
-0.0662071
-0.0701801
-0.0740958
-0.077979
-0.0818111
0.000724364
-0.00423005
-0.00869318
-0.0128701
-0.0169996
-0.0211479
-0.025284
-0.0293721
-0.0333998
-0.0373687
-0.0412833
-0.0451455
-0.0489553
-0.0527117
-0.0564138
-0.0600601
-0.0636506
-0.0671873
-0.0707207
-0.0741965
0.00012421
-0.00425693
-0.00815211
-0.0118384
-0.0155285
-0.0192508
-0.0229599
-0.0266239
-0.0302373
-0.0338047
-0.0373296
-0.0408122
-0.0442518
-0.0476479
-0.0510008
-0.0543116
-0.0575805
-0.060805
-0.0639469
-0.0670714
-9.37226e-05
-0.00397181
-0.00738621
-0.0106504
-0.0139521
-0.0172946
-0.0206248
-0.0239136
-0.0271596
-0.030369
-0.0335447
-0.0366858
-0.0397905
-0.0428575
-0.0458862
-0.0488759
-0.0518251
-0.0547316
-0.0575905
-0.0604227
8.10664e-06
-0.00342995
-0.00643882
-0.00934119
-0.0123008
-0.0153055
-0.0182999
-0.021257
-0.0241776
-0.0270685
-0.0299323
-0.0327672
-0.0355709
-0.0383418
-0.041079
-0.0437816
-0.0464488
-0.0490794
-0.0516708
-0.0542325
0.000371258
-0.00268315
-0.00535102
-0.00794434
-0.0106039
-0.0133093
-0.0160065
-0.018671
-0.0213041
-0.0239128
-0.026499
-0.0290609
-0.0315959
-0.034102
-0.0365782
-0.0390235
-0.041437
-0.0438175
-0.0461635
-0.0484797
0.000941049
-0.00178007
-0.00416202
-0.00649227
-0.00888982
-0.0113312
-0.0137664
-0.0161734
-0.0185535
-0.0209129
-0.0232533
-0.0255728
-0.0278686
-0.0301388
-0.032382
-0.0345972
-0.0367834
-0.0389393
-0.0410638
-0.0431592
0.00166627
-0.000766539
-0.00290946
-0.0050166
-0.00718669
-0.0093965
-0.0116017
-0.013783
-0.0159412
-0.0180814
-0.0202051
-0.0223103
-0.0243944
-0.0264553
-0.0284917
-0.0305022
-0.0324858
-0.0344413
-0.0363674
-0.0382653
0.00249889
0.000314165
-0.00162961
-0.00354834
-0.0055222
-0.00753022
-0.00953478
-0.0115192
-0.0134837
-0.0154323
-0.0173661
-0.019283
-0.0211808
-0.0230573
-0.024911
-0.0267406
-0.0285449
-0.0303227
-0.0320727
-0.0337952
0.0033938
0.00142102
-0.000357592
-0.00211811
-0.00392398
-0.00575767
-0.00758846
-0.00940234
-0.011199
-0.0129813
-0.0147497
-0.0165026
-0.0182376
-0.0199527
-0.0216464
-0.0233174
-0.0249643
-0.0265859
-0.028181
-0.0297493
0.00430845
0.00251496
0.000872368
-0.000756361
-0.00241993
-0.00410466
-0.00578656
-0.0074542
-0.00910676
-0.010746
-0.0123719
-0.013983
-0.0155771
-0.0171524
-0.0187072
-0.0202402
-0.0217501
-0.0232358
-0.0246961
-0.0261305
0.00520257
0.0035585
0.00202663
0.000506293
-0.00103848
-0.00259789
-0.00415409
-0.00569808
-0.00722862
-0.00874648
-0.0102514
-0.0117418
-0.0132157
-0.0146713
-0.016107
-0.0175213
-0.0189126
-0.0202797
-0.0216215
-0.0229441
0.00603785
0.00451547
0.00307195
0.00163892
0.000191147
-0.00126515
-0.00271754
-0.0041592
-0.0055886
-0.00700577
-0.00841012
-0.00980022
-0.0111744
-0.0125309
-0.0138685
-0.0151859
-0.0164818
-0.0177548
-0.0190036
-0.0202197
0.00677742
0.00535048
0.00397495
0.00260982
0.00123853
-0.000135759
-0.00150511
-0.00286456
-0.00421241
-0.00554809
-0.00687072
-0.00817894
-0.00947118
-0.0107459
-0.0120017
-0.0132372
-0.0144511
-0.0156421
-0.0168088
-0.0179495
0.00738511
0.00602794
0.0047013
0.00338564
0.00207096
0.000757977
-0.000548891
-0.00184617
-0.00313208
-0.00440562
-0.00566573
-0.00691111
-0.00814034
-0.00935202
-0.0105448
-0.0117174
-0.0128686
-0.0139971
-0.0151017
-0.0161809
0.00782492
0.00651121
0.00521452
0.0039303
0.00265291
0.00138121
0.000117105
-0.00113707
-0.00237957
-0.00360917
-0.00482474
-0.0060251
-0.00720899
-0.00837516
-0.00952237
-0.0106494
-0.0117552
-0.0128387
-0.0138987
-0.0149343
0.00806395
0.00676633
0.00547781
0.00420229
0.00293721
0.00168086
0.000433862
-0.000802057
-0.00202519
-0.00323416
-0.00442783
-0.00560508
-0.0067648
-0.00790585
-0.00902714
-0.0101276
-0.0112063
-0.0122621
-0.013294
-0.0143011
0.126449
0.129022
0.132182
0.138088
0.14395
0.152075
0.159383
0.168234
0.174663
0.181314
0.182493
0.181861
0.170307
0.153861
0.113953
0.125614
0.128067
0.131032
0.136564
0.141974
0.149384
0.155818
0.16342
0.168364
0.172991
0.171982
0.168285
0.154255
0.13363
0.0983845
0.1247
0.127019
0.129761
0.134877
0.13978
0.146414
0.151907
0.158212
0.161662
0.164341
0.1614
0.155207
0.139921
0.118064
0.087254
0.123702
0.125871
0.128374
0.13304
0.137409
0.143217
0.147753
0.152715
0.154725
0.155483
0.150886
0.142557
0.126704
0.104451
0.0760354
0.122617
0.124619
0.126875
0.131059
0.134878
0.139821
0.143407
0.147004
0.147663
0.146572
0.14058
0.130472
0.114296
0.0919627
0.065006
0.121439
0.12326
0.125259
0.128932
0.132189
0.136236
0.138884
0.141119
0.140519
0.13771
0.130545
0.119042
0.10265
0.0805946
0.0549662
0.120166
0.121789
0.123523
0.126658
0.129343
0.132471
0.134199
0.135098
0.133335
0.128982
0.120828
0.108315
0.0918322
0.0703974
0.0461696
0.118794
0.120203
0.121665
0.124238
0.126344
0.128542
0.129375
0.128991
0.126157
0.120465
0.111487
0.0983197
0.0819034
0.0613261
0.0385503
0.11732
0.118499
0.119684
0.121678
0.123201
0.124472
0.124438
0.122852
0.119037
0.112229
0.102581
0.0890695
0.0728821
0.0532949
0.031982
0.115743
0.116677
0.117581
0.118984
0.119923
0.120287
0.119416
0.116733
0.112029
0.10433
0.0941638
0.0805635
0.064755
0.0462253
0.0263663
0.114061
0.114739
0.115356
0.116168
0.116521
0.116016
0.114341
0.110684
0.105185
0.0968107
0.0862809
0.0727905
0.0574919
0.0400532
0.0216255
0.112275
0.112688
0.113012
0.113243
0.113012
0.111689
0.10925
0.104751
0.0985597
0.0897034
0.0789629
0.0657352
0.0510537
0.0347197
0.0176862
0.110386
0.11053
0.110556
0.110224
0.109413
0.107338
0.104182
0.0989732
0.0922007
0.0830322
0.0722274
0.0593791
0.0453947
0.030164
0.0144745
0.108397
0.108273
0.107995
0.107128
0.105748
0.102994
0.0991765
0.0933872
0.0861509
0.0768153
0.066079
0.0536989
0.040465
0.0263221
0.0119167
0.106314
0.10593
0.10534
0.103976
0.102043
0.0986857
0.0942751
0.0880251
0.0804445
0.0710649
0.0605115
0.0486657
0.0362121
0.0231286
0.00994081
0.104143
0.103513
0.102608
0.100785
0.0983272
0.0944438
0.0895169
0.0829158
0.0751072
0.0657873
0.0555101
0.0442451
0.0325821
0.0205186
0.00847739
0.101897
0.101038
0.0998159
0.0975786
0.0946315
0.0902975
0.0849378
0.0780847
0.070156
0.0609822
0.0510533
0.040398
0.0295205
0.0184292
0.00746022
0.0995867
0.0985235
0.0969886
0.0943789
0.0909885
0.0862759
0.0805695
0.0735532
0.0656
0.0566429
0.0471149
0.0370824
0.0269727
0.0167992
0.00682644
0.0972314
0.0959889
0.0941522
0.0912112
0.0874304
0.0824081
0.0764393
0.0693387
0.061442
0.0527568
0.043665
0.0342546
0.0248847
0.0155701
0.00651666
0.0948522
0.0934563
0.0913363
0.0881032
0.0839888
0.0787217
0.0725699
0.0654537
0.0576796
0.0493067
0.0406704
0.0318697
0.0232036
0.0146859
0.00647484
0.0924748
0.0909506
0.0885727
0.085085
0.0806946
0.0752432
0.0689797
0.0619064
0.0543057
0.0462714
0.0380966
0.0298832
0.0218779
0.0140929
0.00664817
0.0901292
0.0884998
0.0858948
0.0821891
0.077578
0.0719976
0.0656841
0.0587007
0.0513101
0.0436274
0.0359078
0.0282508
0.0208583
0.0137406
0.0069869
0.0878496
0.0861355
0.0833374
0.0794495
0.0746689
0.0690078
0.0626952
0.0558377
0.0486799
0.0413497
0.0340684
0.0269298
0.0200979
0.0135809
0.00744418
0.0856744
0.0838934
0.0809373
0.0769019
0.0719969
0.0662961
0.0600236
0.0533159
0.0464013
0.0394131
0.0325435
0.0258792
0.0195521
0.0135689
0.00797592
0.0836462
0.0818135
0.0787331
0.0745832
0.0695926
0.063884
0.0576791
0.0511334
0.0444599
0.0377932
0.0313002
0.0250604
0.0191792
0.013662
0.00854056
0.0818118
0.0799401
0.0767661
0.072532
0.0674871
0.0617936
0.0556718
0.0492886
0.0428428
0.0364675
0.0303085
0.0244382
0.0189409
0.0138208
0.00909889
0.0802223
0.0783225
0.0750813
0.070789
0.0657141
0.0600493
0.0540144
0.0477827
0.0415403
0.035417
0.0295417
0.0239809
0.0188019
0.0140087
0.0096138
0.0789338
0.0770146
0.0737278
0.0693984
0.0643104
0.0586791
0.0527241
0.0466216
0.0405476
0.0346279
0.0289787
0.0236615
0.0187314
0.014192
0.0100499
0.0780073
0.0760757
0.0727606
0.0684096
0.0633183
0.0577168
0.0518245
0.0458188
0.0398676
0.034094
0.0286049
0.023459
0.0187031
0.0143406
0.0103738
0.0775087
0.0755712
0.0722415
0.0678807
0.062789
0.0572057
0.0513492
0.0453975
0.0395134
0.0338185
0.0284149
0.0233598
0.0186959
0.014427
0.0105537
0.133164
0.136412
0.140131
0.147885
0.155595
0.16726
0.179263
0.19512
0.211922
0.232497
0.254575
0.280352
0.307748
0.338682
0.370682
0.133065
0.136303
0.140015
0.147753
0.155442
0.167078
0.179033
0.194839
0.21155
0.232025
0.253943
0.279529
0.306667
0.337302
0.368855
0.13294
0.136165
0.139869
0.147582
0.155244
0.166836
0.178722
0.194448
0.211019
0.231336
0.252989
0.278267
0.304941
0.335023
0.365753
0.13279
0.135998
0.139692
0.147371
0.154999
0.166533
0.17833
0.193948
0.210328
0.230429
0.251712
0.276559
0.302567
0.331859
0.361416
0.132614
0.135801
0.139485
0.147122
0.154709
0.16617
0.177856
0.193337
0.209476
0.229299
0.250108
0.2744
0.299544
0.327814
0.355843
0.132412
0.135576
0.139249
0.146835
0.154375
0.165746
0.177303
0.192616
0.208464
0.227949
0.248181
0.271796
0.295879
0.322897
0.349043
0.132184
0.135323
0.138985
0.14651
0.153996
0.165263
0.17667
0.191786
0.207296
0.226384
0.245935
0.268755
0.291582
0.317122
0.341034
0.131932
0.135043
0.138692
0.146149
0.153573
0.164722
0.17596
0.190849
0.205975
0.224606
0.243377
0.265287
0.286661
0.310505
0.331839
0.131655
0.134737
0.138371
0.145752
0.153109
0.164123
0.175175
0.189807
0.204505
0.222619
0.240513
0.261399
0.281131
0.303067
0.321486
0.131354
0.134404
0.138021
0.145319
0.152603
0.163469
0.174317
0.188661
0.20289
0.220429
0.237351
0.257104
0.275002
0.29483
0.310007
0.131029
0.134046
0.137644
0.144853
0.152056
0.16276
0.173388
0.187414
0.201135
0.218037
0.233899
0.25241
0.268289
0.285818
0.297439
0.13068
0.133663
0.13724
0.144353
0.15147
0.161998
0.172391
0.186069
0.199245
0.215451
0.230167
0.247329
0.261009
0.276061
0.283823
0.130308
0.133257
0.136809
0.143822
0.150846
0.161185
0.171327
0.184628
0.197224
0.212673
0.226164
0.241872
0.253177
0.265589
0.269204
0.129914
0.132824
0.136351
0.143261
0.150185
0.160323
0.1702
0.183095
0.195078
0.209709
0.221902
0.236048
0.244815
0.254437
0.253625
0.129499
0.132361
0.135867
0.14267
0.149489
0.159414
0.169011
0.181472
0.192812
0.206565
0.217393
0.229867
0.235945
0.242641
0.237126
0.129063
0.131894
0.135357
0.14205
0.148757
0.158459
0.167761
0.179763
0.190429
0.203244
0.212647
0.223338
0.226595
0.230236
0.21974
0.128606
0.131393
0.134825
0.141404
0.147992
0.157459
0.166453
0.177968
0.18793
0.199749
0.207674
0.216468
0.2168
0.217261
0.201494
0.128128
0.130878
0.134276
0.140739
0.147205
0.156432
0.165105
0.176114
0.185344
0.196113
0.202509
0.209288
0.206616
0.203756
0.182382
0.127632
0.13035
0.13371
0.140062
0.146406
0.155396
0.163744
0.174238
0.182708
0.19238
0.197169
0.2018
0.196019
0.189658
0.162154
0.127113
0.129787
0.133087
0.139295
0.14548
0.154181
0.162151
0.172052
0.179693
0.188162
0.19129
0.193638
0.18487
0.174634
0.140283
0.129908
0.132743
0.136261
0.142823
0.149497
0.158723
0.167523
0.178204
0.187105
0.196687
0.201609
0.205486
0.199243
0.191129
0.160817
0.130284
0.133176
0.136727
0.143409
0.150215
0.159691
0.168833
0.180058
0.189741
0.200474
0.207001
0.21313
0.209803
0.205474
0.181508
0.130639
0.133549
0.137147
0.143917
0.150824
0.160502
0.169929
0.18162
0.192002
0.203774
0.211825
0.220052
0.219717
0.218944
0.200703
0.130976
0.133929
0.137561
0.144423
0.151426
0.161312
0.171021
0.183174
0.194229
0.206997
0.216492
0.226681
0.229214
0.231772
0.218882
0.131293
0.134277
0.137904
0.144933
0.152006
0.162091
0.172069
0.184664
0.196365
0.210075
0.220959
0.232994
0.238309
0.244021
0.236214
0.131589
0.134599
0.138244
0.14533
0.152553
0.162823
0.173055
0.186066
0.19838
0.212975
0.225191
0.238956
0.246948
0.255661
0.252669
0.131863
0.134901
0.138564
0.145747
0.15306
0.163511
0.173981
0.187381
0.200276
0.215697
0.229181
0.244559
0.2551
0.266659
0.268218
0.132115
0.135181
0.138859
0.146125
0.153539
0.164153
0.174845
0.188607
0.20205
0.218236
0.23292
0.249796
0.262738
0.276987
0.282824
0.132343
0.135438
0.139129
0.146462
0.15395
0.164748
0.175646
0.18974
0.203697
0.220587
0.236396
0.254657
0.269839
0.286613
0.296447
0.132549
0.13567
0.139372
0.146768
0.154251
0.165346
0.176388
0.190779
0.205212
0.222744
0.239599
0.259133
0.276382
0.295506
0.309042
0.13273
0.135877
0.139588
0.147047
0.154587
0.165723
0.177063
0.191721
0.206591
0.224703
0.24252
0.263213
0.282351
0.303638
0.320568
0.132888
0.136057
0.139775
0.147295
0.154874
0.16616
0.177656
0.192559
0.207829
0.226459
0.245148
0.266887
0.28773
0.310983
0.330985
0.13302
0.136211
0.139935
0.147509
0.155126
0.166509
0.178191
0.193301
0.208923
0.228009
0.247476
0.270147
0.292504
0.317518
0.340259
0.133128
0.136337
0.140065
0.147688
0.155336
0.166791
0.17855
0.193956
0.20987
0.229348
0.249497
0.272984
0.296661
0.323221
0.34836
0.13321
0.136435
0.140166
0.147831
0.155506
0.167022
0.178848
0.194476
0.210674
0.230467
0.251201
0.275386
0.300191
0.328076
0.355262
0.133267
0.136505
0.140236
0.147937
0.155633
0.167205
0.179109
0.194745
0.211365
0.231385
0.252585
0.277342
0.303079
0.332065
0.360945
0.133299
0.136545
0.140277
0.148005
0.155717
0.167334
0.179295
0.195053
0.211683
0.232233
0.253693
0.278868
0.305329
0.335182
0.36539
0.133304
0.136557
0.140287
0.148034
0.155756
0.167406
0.179409
0.195227
0.211942
0.232301
0.25444
0.28003
0.306967
0.337441
0.368613
0.133283
0.136538
0.140266
0.148025
0.15575
0.16742
0.179445
0.195303
0.212102
0.232669
0.254668
0.280359
0.307805
0.33875
0.370667
0.133237
0.13649
0.140214
0.147976
0.155698
0.167374
0.1794
0.195275
0.212108
0.23272
0.254819
0.280639
0.308107
0.339091
0.371125
0.0867761
0.0849928
0.08193
0.0779237
0.0732544
0.0681237
0.062731
0.0572361
0.0517913
0.0465049
0.0414704
0.0367395
0.0323534
0.0283171
0.0246341
0.0872323
0.0854554
0.0824105
0.0784188
0.0737544
0.0686108
0.0631892
0.0576488
0.052146
0.0467907
0.0416812
0.0368707
0.0324045
0.0282875
0.0245243
0.0880801
0.0863165
0.0833057
0.0793437
0.074691
0.0695278
0.064056
0.0584342
0.0528252
0.0473421
0.0420915
0.0371308
0.0325124
0.0282423
0.0243285
0.0892581
0.0875149
0.0845575
0.0806438
0.0760155
0.0708327
0.0652984
0.0595685
0.0538138
0.0481522
0.0427021
0.037527
0.03269
0.0281993
0.0240671
0.0907095
0.088995
0.0861144
0.0822725
0.0776873
0.0724931
0.0668929
0.0610373
0.0551065
0.0492237
0.0435222
0.0380736
0.0329554
0.0281788
0.0237622
0.0923819
0.0907063
0.0879302
0.084188
0.079671
0.0744817
0.0688225
0.0628337
0.0567059
0.0505669
0.0445684
0.0387914
0.0333319
0.0282052
0.0234384
0.0942273
0.0926027
0.0899628
0.0863513
0.0819343
0.0767753
0.0710745
0.0649555
0.0586198
0.0521978
0.0458628
0.0397064
0.0338475
0.0283068
0.023123
0.0962018
0.0946427
0.0921734
0.0887257
0.0844472
0.0793526
0.0736384
0.0674032
0.0608595
0.0541364
0.0474321
0.0408492
0.0345346
0.0285155
0.0228459
0.0982652
0.0967891
0.0945256
0.0912758
0.0871803
0.0821928
0.0765046
0.0701785
0.0634378
0.056405
0.0493063
0.0422544
0.0354298
0.0288671
0.022641
0.100381
0.099009
0.0969848
0.0939674
0.0901052
0.0852747
0.0796622
0.0732821
0.0663679
0.0590276
0.0515179
0.04396
0.0365734
0.0294017
0.0225457
0.102518
0.101273
0.0995181
0.0967678
0.0931934
0.0885758
0.083099
0.0767133
0.0696621
0.0620281
0.0541012
0.0460067
0.03801
0.0301636
0.0226022
0.104648
0.103556
0.102094
0.0996459
0.0964163
0.092072
0.0867998
0.0804682
0.0733301
0.0654295
0.057091
0.0484379
0.0397874
0.0312014
0.0228574
0.106746
0.105835
0.104681
0.102573
0.0997444
0.0957372
0.0907465
0.0845391
0.0773786
0.0692528
0.060522
0.051298
0.0419567
0.0325681
0.023363
0.108793
0.10809
0.107252
0.105523
0.103148
0.0995437
0.094917
0.0889135
0.0818099
0.0735153
0.0644272
0.0546322
0.0445717
0.0343208
0.0241763
0.110774
0.110302
0.109782
0.108472
0.106595
0.103463
0.0992851
0.0935744
0.0866207
0.07823
0.0688368
0.0584853
0.0476878
0.0365204
0.0253595
0.112676
0.112455
0.112248
0.111398
0.110056
0.107466
0.10382
0.0984998
0.0918019
0.0834039
0.0737775
0.0629005
0.0513619
0.039231
0.0269797
0.11449
0.114535
0.114633
0.114282
0.1135
0.111524
0.108488
0.103664
0.0973368
0.0890374
0.0792704
0.0679181
0.0556508
0.0425196
0.0291088
0.11621
0.116528
0.116924
0.117106
0.116899
0.115607
0.11325
0.109036
0.103201
0.0951237
0.0853303
0.0735738
0.0606105
0.0464549
0.0318222
0.117833
0.118424
0.119109
0.11985
0.120228
0.119687
0.118068
0.114583
0.10936
0.101649
0.0919631
0.0798974
0.0662951
0.051106
0.0351981
0.119356
0.120216
0.121183
0.1225
0.123465
0.123734
0.122901
0.120269
0.115774
0.108594
0.0991646
0.0869125
0.0727553
0.0565407
0.0393161
0.120778
0.121897
0.123141
0.125041
0.126593
0.127718
0.12771
0.126052
0.122395
0.115929
0.106918
0.094636
0.0800371
0.0628237
0.0442559
0.122101
0.123465
0.12498
0.12746
0.129597
0.13161
0.132461
0.131889
0.12917
0.12362
0.115193
0.10308
0.0881792
0.0700165
0.0500961
0.123326
0.12492
0.126702
0.129749
0.132465
0.135383
0.137121
0.13773
0.136045
0.131621
0.123945
0.112248
0.0972111
0.0781819
0.056917
0.124455
0.126261
0.128304
0.1319
0.135188
0.139013
0.14166
0.143526
0.142965
0.139874
0.13312
0.122135
0.107146
0.0873921
0.0648118
0.125491
0.127493
0.129791
0.13391
0.137761
0.14248
0.146053
0.149226
0.149876
0.148313
0.142655
0.132719
0.117967
0.0977245
0.0738978
0.126438
0.12862
0.131163
0.135778
0.140178
0.145768
0.150278
0.154783
0.156729
0.156861
0.152487
0.143968
0.129625
0.109224
0.0842549
0.1273
0.129645
0.132424
0.137506
0.142439
0.148868
0.154319
0.160161
0.16348
0.16544
0.162561
0.155837
0.142062
0.121859
0.0956976
0.128081
0.130573
0.13358
0.139097
0.144546
0.151774
0.158164
0.165325
0.170086
0.173953
0.172804
0.168238
0.155296
0.135637
0.107542
0.128785
0.131409
0.134629
0.140548
0.146485
0.154464
0.161771
0.170203
0.176444
0.182245
0.183059
0.181003
0.169522
0.151257
0.119462
0.129417
0.132155
0.13556
0.141839
0.148209
0.15688
0.165034
0.174686
0.182387
0.190178
0.193163
0.194128
0.18517
0.17106
0.135373
0.0222551
0.0210116
0.0197714
0.0185392
0.0173138
0.0160938
0.0148793
0.0136717
0.0124725
0.0112827
0.0101033
0.00893536
0.00777972
0.00663732
0.00550907
0.00439584
0.00329849
0.00221788
0.00115489
0.000109618
0.0220952
0.0208379
0.0195898
0.0183501
0.0171148
0.0158825
0.0146542
0.0134315
0.0122161
0.011009
0.00981114
0.00862359
0.00744737
0.00628349
0.00513298
0.00399681
0.00287591
0.00177116
0.000683384
-0.000386565
0.0218005
0.0205043
0.0192269
0.0179578
0.0166896
0.0154217
0.0141565
0.0128966
0.0116436
0.0103985
0.0091623
0.00793615
0.0067212
0.0055186
0.00432949
0.00315494
0.00199603
0.000853843
-0.000270495
-0.00137671
0.0213915
0.0200321
0.018707
0.0173914
0.0160729
0.0147518
0.0134326
0.0121189
0.0108122
0.00951358
0.00822386
0.00694423
0.00567597
0.00442033
0.0031785
0.00195164
0.000740861
-0.00045274
-0.00162802
-0.00278467
0.0208915
0.0194453
0.0180537
0.0166741
0.0152873
0.0138945
0.012503
0.0111176
0.00974001
0.00837079
0.00701082
0.00566132
0.00432369
0.00299926
0.00168932
0.000395062
-0.000882307
-0.00214158
-0.00338135
-0.00460189
0.0203252
0.0187672
0.0172894
0.0158275
0.0143535
0.0128701
0.0113877
0.00991246
0.00844625
0.00698934
0.0055424
0.00410673
0.00268385
0.0012752
-0.000117875
-0.00149414
-0.00285235
-0.00419123
-0.00550908
-0.00680698
0.0197184
0.0180225
0.0164366
0.0148724
0.0132912
0.011697
0.0101037
0.00851947
0.00694595
0.00538306
0.0038313
0.00229202
0.000766863
-0.000742599
-0.00223494
-0.00370881
-0.00516278
-0.00659544
-0.00800499
-0.00939426
0.0190994
0.0172368
0.0155184
0.0138295
0.0121193
0.0103925
0.00866704
0.0069529
0.00525186
0.00356332
0.00188756
0.000225958
-0.00141977
-0.00304806
-0.00465751
-0.00624686
-0.00781425
-0.0093565
-0.0108716
-0.012367
0.0184994
0.0164386
0.0145592
0.0127204
0.0108569
0.00897359
0.00709254
0.00522578
0.00337518
0.00153967
-0.000280692
-0.00208445
-0.00386975
-0.00563488
-0.00737844
-0.00909917
-0.0107963
-0.0124706
-0.0141195
-0.0157399
0.0179537
0.0156592
0.0135857
0.0115676
0.00952362
0.00745746
0.0053949
0.0033502
0.00132541
-0.00068094
-0.002669
-0.00463732
-0.00658399
-0.0085073
-0.0104058
-0.0122783
-0.0141235
-0.0159405
-0.0177314
-0.0194915
0.0175017
0.0149341
0.0126273
0.0103958
0.00814075
0.00586249
0.00358963
0.0013387
-0.000887752
-0.00309143
-0.00527268
-0.00743011
-0.00956178
-0.0116659
-0.0137411
-0.0157861
-0.0177995
-0.0197804
-0.0217316
-0.0236498
0.0171883
0.014303
0.0117165
0.00923194
0.0067314
0.00420861
0.00169338
-0.000795495
-0.00325443
-0.00568503
-0.00808784
-0.0104616
-0.0128045
-0.0151148
-0.0173911
-0.019632
-0.0218363
-0.024003
-0.0261357
-0.0282319
0.0170634
0.0138105
0.0108894
0.0081056
0.00532102
0.00251774
-0.000275748
-0.00303829
-0.0057644
-0.00845509
-0.0111111
-0.0137316
-0.0163149
-0.0188594
-0.0213636
-0.0238261
-0.0262457
-0.0286211
-0.030958
-0.0332541
0.0171831
0.0135065
0.010186
0.00704954
0.00393777
0.000814204
-0.0022977
-0.00537422
-0.00840659
-0.0113945
-0.014339
-0.01724
-0.0200961
-0.0229059
-0.0256677
-0.0283801
-0.0310417
-0.0336509
-0.0362166
-0.0387366
0.0176094
0.0134464
0.00965068
0.00609999
0.00261308
-0.000874786
-0.00435016
-0.00778619
-0.0111688
-0.0144954
-0.0177678
-0.0209868
-0.0241519
-0.0272614
-0.0303137
-0.0333071
-0.0362399
-0.0391097
-0.0419311
-0.0447017
0.0184103
0.0136912
0.00933209
0.00529696
0.00138195
-0.00251885
-0.00640834
-0.0102553
-0.0140374
-0.017749
-0.0213929
-0.0249719
-0.0284864
-0.0319345
-0.0353142
-0.038623
-0.0418586
-0.0450164
-0.0481216
-0.0511713
0.0196593
0.0143072
0.00928346
0.00468468
0.000283401
-0.00408421
-0.00844489
-0.0127606
-0.0169973
-0.021145
-0.0252085
-0.0291938
-0.0331024
-0.0369329
-0.040683
-0.0443493
-0.0479261
-0.0514024
-0.0548229
-0.0581817
0.0214354
0.0153661
0.00956261
0.00431196
-0.000639103
-0.00553349
-0.01043
-0.01528
-0.0200322
-0.0246721
-0.029208
-0.0336494
-0.0379992
-0.0422559
-0.0464196
-0.0504905
-0.0544686
-0.0582989
-0.0620753
-0.0657754
0.0238215
0.0169437
0.0102319
0.00423283
-0.00133698
-0.00682549
-0.0123317
-0.0177894
-0.0231253
-0.0283198
-0.0333867
-0.0383398
-0.0431812
-0.0479064
-0.0525099
-0.0569899
-0.0613509
-0.0656762
-0.0698761
-0.0739499
0.0269026
0.0191186
0.0113581
0.00450746
-0.00175558
-0.00791466
-0.014115
-0.0202633
-0.026258
-0.032077
-0.0377428
-0.0432742
-0.048673
-0.0539336
-0.059052
-0.0640292
-0.0688693
-0.0736234
-0.0782527
-0.0827449
0.0307629
0.0219687
0.0130112
0.00520302
-0.00183327
-0.00875075
-0.0157418
-0.0226721
-0.0294077
-0.035928
-0.0422681
-0.0484512
-0.0544765
-0.060336
-0.0660247
-0.0715427
-0.0768904
-0.0821353
-0.0872475
-0.0922037
0.0354808
0.0255659
0.0152627
0.0063935
-0.00150172
-0.00927964
-0.0171711
-0.0249827
-0.0325469
-0.0398531
-0.0469517
-0.0538675
-0.0605952
-0.067124
-0.0734474
-0.0795638
-0.0854679
-0.0912592
-0.0969047
-0.102366
0.0411241
0.0299694
0.0181804
0.0081586
-0.000687147
-0.00944542
-0.0183602
-0.027158
-0.0356445
-0.0438304
-0.0517813
-0.0595195
-0.0670336
-0.0743133
-0.0813522
-0.0881387
-0.0946502
-0.101048
-0.107278
-0.113286
0.0477438
0.0352164
0.0218266
0.0105832
0.000685893
-0.00919426
-0.0192653
-0.0291565
-0.0386656
-0.0478369
-0.0567448
-0.0654
-0.073784
-0.0818927
-0.0897342
-0.0973212
-0.104511
-0.111585
-0.118439
-0.125022
0.0553746
0.0413262
0.0262672
0.0137599
0.0026897
-0.0084774
-0.0198403
-0.030931
-0.0415734
-0.0518518
-0.0618354
-0.071513
-0.0808535
-0.0898366
-0.0984551
-0.106721
-0.114966
-0.122863
-0.130391
-0.137593
0.0640237
0.0483217
0.0315984
0.0177997
0.00539523
-0.00724643
-0.0200302
-0.0324254
-0.0443268
-0.0558515
-0.0670454
-0.0778758
-0.0883115
-0.0983364
-0.107948
-0.117144
-0.126187
-0.13489
-0.143174
-0.151067
0.0735842
0.056212
0.0379542
0.0228394
0.00887855
-0.00544367
-0.0197669
-0.0335807
-0.0468873
-0.0598099
-0.0723541
-0.0844743
-0.0961464
-0.107349
-0.118038
-0.128175
-0.138157
-0.14777
-0.156883
-0.165526
0.0836039
0.0648039
0.0454174
0.0290141
0.0132376
-0.00295291
-0.0189219
-0.0342981
-0.0491868
-0.0636713
-0.0777131
-0.0912639
-0.104316
-0.116872
-0.128961
-0.140087
-0.1511
-0.161649
-0.171618
-0.181061
0.0931216
0.0733461
0.0537008
0.0361375
0.0183593
0.000235985
-0.0174611
-0.0345774
-0.0512384
-0.0674506
-0.0831495
-0.0982905
-0.112821
-0.126644
-0.139642
-0.152744
-0.165024
-0.176503
-0.187353
-0.197655
0.101499
0.0814531
0.0626373
0.0440071
0.0244245
0.00463493
-0.0147595
-0.033725
-0.0522812
-0.0703497
-0.0878484
-0.104738
-0.120998
-0.136626
-0.15156
-0.166185
-0.179762
-0.19235
-0.20419
-0.215383
-0.000917378
-0.00192521
-0.00291308
-0.00388042
-0.00482678
-0.00575174
-0.00665489
-0.00753585
-0.00839427
-0.00922984
-0.0100423
-0.0108313
-0.0115968
-0.0123385
-0.0130563
-0.0137499
-0.0144195
-0.0150646
-0.0156862
-0.0162826
-0.00143777
-0.00246945
-0.00348094
-0.00447163
-0.00544089
-0.00638817
-0.00731293
-0.00821472
-0.00909309
-0.00994765
-0.0107781
-0.0115841
-0.0123654
-0.0131218
-0.0138531
-0.0145591
-0.0152399
-0.0158951
-0.0165263
-0.0171323
-0.00246401
-0.00353134
-0.00457777
-0.00560259
-0.00660519
-0.007585
-0.00854149
-0.00947419
-0.0103827
-0.0112666
-0.0121255
-0.0129594
-0.0137678
-0.0145506
-0.0153078
-0.0160392
-0.0167451
-0.017425
-0.0180818
-0.0187154
-0.00392174
-0.00503811
-0.00613287
-0.00720527
-0.00825471
-0.00928061
-0.0102824
-0.0112597
-0.012212
-0.0131389
-0.0140402
-0.0149156
-0.015765
-0.0165881
-0.0173849
-0.0181554
-0.0188999
-0.0196181
-0.0203142
-0.0209903
-0.00580222
-0.00698102
-0.00813721
-0.00927004
-0.0103789
-0.0114633
-0.0125226
-0.0135565
-0.0145645
-0.0155463
-0.0165016
-0.0174303
-0.0183322
-0.0192072
-0.0200553
-0.0208764
-0.0216714
-0.0224397
-0.0231877
-0.02392
-0.00808395
-0.00933836
-0.0105689
-0.0117749
-0.0129556
-0.0141108
-0.0152398
-0.0163424
-0.017418
-0.0184665
-0.0194877
-0.0204814
-0.0214475
-0.0223861
-0.0232972
-0.0241808
-0.025038
-0.0258684
-0.0266806
-0.0274832
-0.0107621
-0.012106
-0.0134243
-0.0147165
-0.015982
-0.0172205
-0.0184317
-0.0196151
-0.0207704
-0.0218975
-0.0229963
-0.0240666
-0.0251085
-0.026122
-0.0271075
-0.0280649
-0.0289956
-0.0298995
-0.0307877
-0.0316741
-0.013841
-0.0152888
-0.0167083
-0.0180996
-0.0194626
-0.020797
-0.0221024
-0.0233786
-0.0246254
-0.0258427
-0.0270305
-0.0281887
-0.0293176
-0.0304173
-0.0314881
-0.0325302
-0.0335453
-0.0345338
-0.0355095
-0.0364937
-0.0173299
-0.0188912
-0.0204241
-0.0219278
-0.0234015
-0.0248448
-0.0262575
-0.0276392
-0.0289899
-0.0303096
-0.0315984
-0.0328564
-0.0340838
-0.0352809
-0.0364483
-0.0375861
-0.0386965
-0.0397804
-0.040855
-0.0419509
-0.0212196
-0.0229159
-0.0245802
-0.0262124
-0.0278119
-0.0293786
-0.0309123
-0.0324129
-0.0338804
-0.0353151
-0.036717
-0.0380865
-0.0394239
-0.0407297
-0.0420045
-0.0432486
-0.0444648
-0.0456547
-0.0468391
-0.0480607
-0.0255332
-0.0273812
-0.0291935
-0.0309701
-0.0327109
-0.0344159
-0.036085
-0.0377184
-0.0393162
-0.0408786
-0.0424062
-0.0438992
-0.0453583
-0.046784
-0.0481771
-0.0495381
-0.0508702
-0.0521763
-0.0534811
-0.0548427
-0.0302893
-0.0323069
-0.0342845
-0.0362223
-0.0381207
-0.0399795
-0.0417991
-0.0435797
-0.0453215
-0.0470252
-0.0486911
-0.05032
-0.0519124
-0.0534691
-0.0549911
-0.0564793
-0.0579371
-0.059369
-0.0608042
-0.0623201
-0.0355065
-0.0377135
-0.0398755
-0.0419928
-0.044066
-0.0460953
-0.0480813
-0.0500242
-0.0519246
-0.0537831
-0.0556005
-0.0573776
-0.0591151
-0.060814
-0.0624754
-0.0641004
-0.0656929
-0.0672598
-0.0688346
-0.0705194
-0.0412068
-0.0436251
-0.0459919
-0.0483081
-0.0505748
-0.0527923
-0.0549614
-0.0570825
-0.0591565
-0.0611841
-0.0631664
-0.0651042
-0.0669986
-0.0688506
-0.0706615
-0.0724329
-0.0741685
-0.0758786
-0.0776012
-0.079469
-0.0474152
-0.0500684
-0.0526619
-0.0551978
-0.0576776
-0.060102
-0.0624718
-0.0647878
-0.067051
-0.0692623
-0.071423
-0.0735342
-0.0755969
-0.0776126
-0.0795826
-0.0815091
-0.0833958
-0.0852568
-0.0871345
-0.0891994
-0.0541557
-0.0570694
-0.0599138
-0.062692
-0.0654062
-0.0680575
-0.0706468
-0.0731751
-0.0756437
-0.0780539
-0.0804072
-0.0827046
-0.0849474
-0.087137
-0.0892747
-0.0913636
-0.0934073
-0.0954255
-0.0974647
-0.0997406
-0.0614633
-0.0646629
-0.0677832
-0.0708276
-0.0737986
-0.0766975
-0.0795254
-0.0822838
-0.084974
-0.0875978
-0.0901568
-0.0926527
-0.0950868
-0.0974609
-0.0997753
-0.102034
-0.104239
-0.106418
-0.108622
-0.111121
-0.0693799
-0.072889
-0.0763088
-0.0796428
-0.0828925
-0.0860594
-0.0891451
-0.0921515
-0.0950802
-0.097933
-0.100711
-0.103416
-0.106051
-0.108616
-0.111115
-0.113551
-0.115925
-0.11827
-0.120641
-0.123374
-0.0779097
-0.081763
-0.0855143
-0.0891661
-0.0927201
-0.0961783
-0.0995428
-0.102816
-0.106001
-0.109098
-0.11211
-0.115039
-0.117884
-0.120648
-0.123331
-0.125943
-0.128484
-0.131
-0.133545
-0.136524
-0.0871035
-0.0913353
-0.0954472
-0.0994434
-0.103327
-0.107099
-0.110762
-0.11432
-0.117775
-0.121129
-0.124385
-0.127548
-0.130616
-0.133594
-0.136473
-0.139266
-0.141964
-0.144638
-0.147346
-0.150585
-0.0969998
-0.101644
-0.106147
-0.110515
-0.114752
-0.118862
-0.122845
-0.126707
-0.130448
-0.134073
-0.13758
-0.140977
-0.144264
-0.147454
-0.150537
-0.153535
-0.156411
-0.159256
-0.162112
-0.165613
-0.107637
-0.112727
-0.117653
-0.122421
-0.127037
-0.131504
-0.135826
-0.140008
-0.144054
-0.147967
-0.151745
-0.155393
-0.1589
-0.162288
-0.165536
-0.168714
-0.171757
-0.174822
-0.177853
-0.181672
-0.119066
-0.124638
-0.130017
-0.135214
-0.140231
-0.145073
-0.149746
-0.154257
-0.158609
-0.162813
-0.166869
-0.170792
-0.174556
-0.178192
-0.181625
-0.184964
-0.188081
-0.191317
-0.194478
-0.198737
-0.131344
-0.13743
-0.143293
-0.148941
-0.154381
-0.159618
-0.164658
-0.169507
-0.174167
-0.178651
-0.182957
-0.187117
-0.191111
-0.195016
-0.198711
-0.202362
-0.205634
-0.209083
-0.212212
-0.216974
-0.144502
-0.151138
-0.157513
-0.163638
-0.169519
-0.175168
-0.180592
-0.185799
-0.190792
-0.195578
-0.200146
-0.204522
-0.208671
-0.212715
-0.216528
-0.220461
-0.223999
-0.228009
-0.231254
-0.236775
-0.158609
-0.165826
-0.172736
-0.179349
-0.185678
-0.191736
-0.197538
-0.203098
-0.208427
-0.213541
-0.218429
-0.223114
-0.227526
-0.23176
-0.235608
-0.23955
-0.242964
-0.2474
-0.250836
-0.257801
-0.173749
-0.181583
-0.189046
-0.196153
-0.202921
-0.209367
-0.215508
-0.221365
-0.226959
-0.23232
-0.237465
-0.242441
-0.247214
-0.251878
-0.25617
-0.260489
-0.263907
-0.26842
-0.271339
-0.279888
-0.190022
-0.198517
-0.206564
-0.214183
-0.221394
-0.228215
-0.234664
-0.240763
-0.246533
-0.252004
-0.257209
-0.262211
-0.267047
-0.271871
-0.276596
-0.281654
-0.286132
-0.291861
-0.295003
-0.305138
-0.207416
-0.216634
-0.225324
-0.233508
-0.241207
-0.248443
-0.255239
-0.261612
-0.267584
-0.273175
-0.278409
-0.283325
-0.287968
-0.292458
-0.296864
-0.301643
-0.306545
-0.313469
-0.318964
-0.332527
-0.225939
-0.235861
-0.245173
-0.253899
-0.262068
-0.269711
-0.276862
-0.283551
-0.289811
-0.295667
-0.301145
-0.306267
-0.311055
-0.315545
-0.319773
-0.323888
-0.327914
-0.332973
-0.338122
-0.352213
-0.0177423
-0.019696
-0.0212409
-0.022316
-0.0228407
-0.0227721
-0.0220332
-0.0206065
-0.0184256
-0.0154667
-0.0117191
-0.00714851
-0.00187227
0.0041576
0.0106502
0.0176353
0.0246959
0.0317796
0.0383259
0.0437848
0.0471032
0.0475808
0.0451004
0.0416768
0.039916
0.0407996
0.040725
0.03723
0.0297831
0.0147021
-0.0186323
-0.020606
-0.0221362
-0.0231766
-0.0236573
-0.0235434
-0.0227561
-0.0212824
-0.0190519
-0.0160407
-0.0122374
-0.00759988
-0.00225269
0.00387128
0.0104684
0.0175868
0.0247987
0.0320761
0.0388277
0.0444255
0.0477945
0.0480682
0.0451104
0.0413556
0.0395563
0.040766
0.0408185
0.0378607
0.0303801
0.0148686
-0.0203061
-0.022321
-0.0238203
-0.024791
-0.0251857
-0.0249841
-0.0241085
-0.0225469
-0.0202249
-0.0171178
-0.0132141
-0.00845491
-0.00297842
0.00331804
0.0101106
0.0174728
0.0249693
0.0326157
0.03977
0.0456349
0.0491164
0.0489767
0.0450793
0.0406793
0.0388262
0.0406536
0.0409253
0.0390616
0.0313648
0.0151386
-0.0227096
-0.0247769
-0.0262232
-0.0270862
-0.0273521
-0.0270222
-0.0260156
-0.0243285
-0.0218799
-0.018643
-0.0146055
-0.00968226
-0.00403073
0.00250295
0.00956799
0.017264
0.025158
0.0333433
0.0410866
0.0473594
0.0510249
0.0502327
0.0448988
0.0395582
0.0376875
0.0403819
0.0409104
0.040755
0.0324788
0.0154138
-0.0258036
-0.0279269
-0.0292894
-0.0299991
-0.0300881
-0.0295847
-0.0284084
-0.0265629
-0.0239602
-0.0205703
-0.016378
-0.0112616
-0.00540164
0.00142027
0.00882301
0.0169185
0.0253043
0.0341905
0.0427047
0.0495461
0.0534732
0.0517503
0.0444142
0.0378745
0.0360818
0.0398239
0.0406267
0.042785
0.0334121
0.0155867
-0.0295654
-0.0317395
-0.0329763
-0.0334772
-0.0333337
-0.0326093
-0.031224
-0.0291914
-0.0264158
-0.0228619
-0.0185078
-0.0131829
-0.00709271
5.62351e-05
0.00785117
0.0163839
0.0253374
0.0350682
0.0445377
0.0521255
0.05639
0.0534117
0.0434151
0.0354924
0.0339376
0.0388189
0.039943
0.0448043
0.0338482
0.0155431
-0.0339864
-0.0361952
-0.0372503
-0.0374741
-0.0370321
-0.0360186
-0.0344009
-0.032158
-0.0292006
-0.0254867
-0.0209796
-0.0154445
-0.00911315
-0.00160784
0.00662412
0.0156009
0.0251778
0.0358607
0.0464597
0.0549901
0.0596554
0.0550392
0.041619
0.032268
0.0311798
0.0371968
0.0387642
0.046242
0.0334355
0.0151271
-0.0390665
-0.041281
-0.0420821
-0.0419468
-0.0411364
-0.0397967
-0.0378841
-0.0354074
-0.0322717
-0.028419
-0.0237859
-0.0180527
-0.0114785
-0.00359249
0.00511178
0.0145082
0.0247397
0.0364203
0.0483069
0.0579641
0.0630747
0.0563583
0.0386566
0.0280566
0.0277338
0.0348068
0.0370273
0.0464178
0.0317709
0.0140996
-0.0448133
-0.0469892
-0.0474435
-0.0468483
-0.0455826
-0.0438438
-0.041602
-0.0388803
-0.035587
-0.0316391
-0.0269281
-0.0210218
-0.0142098
-0.00591681
0.00328425
0.01305
0.0239322
0.0365605
0.0498532
0.0607561
0.0663377
0.0569542
0.0340629
0.0227317
0.0235275
0.0315443
0.034675
0.044815
0.0285584
0.0121958
-0.0512407
-0.0533147
-0.0533049
-0.052128
-0.050305
-0.0480895
-0.0454821
-0.0425147
-0.0391058
-0.0351332
-0.0304167
-0.0243745
-0.0173323
-0.00859666
0.00111492
0.0111861
0.0226599
0.0360659
0.0507656
0.0628997
0.0689408
0.0562381
0.0273071
0.0162185
0.0184999
0.0273585
0.0316614
0.0413692
0.0238107
0.00930771
-0.0583665
-0.0602533
-0.059634
-0.05773
-0.0552312
-0.0524538
-0.0494458
-0.0462453
-0.0427887
-0.0388957
-0.0342733
-0.0281432
-0.0208746
-0.0116447
-0.00141572
0.00889965
0.0208371
0.0347262
0.0505634
0.0636603
0.0700703
0.0534503
0.018016
0.00851631
0.0126111
0.022242
0.0279759
0.0363432
0.0177587
0.00559816
-0.066212
-0.0678004
-0.0663941
-0.063591
-0.0602805
-0.0568471
-0.0534066
-0.0500016
-0.0465974
-0.0429306
-0.0385325
-0.0323716
-0.0248674
-0.0150726
-0.00431621
0.00620087
0.0184086
0.0323998
0.0486261
0.0619466
0.0685038
0.0478361
0.00641249
-0.000208838
0.00586222
0.0162298
0.0236572
0.0302035
0.0108698
0.00139933
-0.074801
-0.0759496
-0.073543
-0.0696408
-0.0653628
-0.0611688
-0.0572678
-0.053708
-0.0504964
-0.0472541
-0.0432445
-0.0371155
-0.0293439
-0.0188933
-0.00758039
0.00312536
0.0153701
0.0290664
0.0444044
0.0564038
0.0627589
0.0389026
-0.00654233
-0.00961678
-0.00165789
0.00941597
0.0188174
0.0234753
0.00371052
-0.00290637
-0.0841588
-0.0846921
-0.0810323
-0.0758021
-0.0703785
-0.0653064
-0.0609234
-0.0572829
-0.0544541
-0.0518982
-0.0484782
-0.0424432
-0.0343397
-0.023122
-0.0111864
-0.000279542
0.0117877
0.0248481
0.0378043
0.0462273
0.0520331
0.0266009
-0.0194549
-0.0191836
-0.00975292
0.00197092
0.0136206
0.0165925
-0.00328629
-0.00699079
-0.0943117
-0.0940154
-0.0888076
-0.0819901
-0.0752188
-0.0691395
-0.0642566
-0.0606345
-0.0584443
-0.0569135
-0.0543242
-0.0484352
-0.0398934
-0.0277741
-0.0151034
-0.0039622
0.00778641
0.0199657
0.0293169
0.0325024
0.0373688
0.0116734
-0.0313234
-0.0284099
-0.0181582
-0.00587485
0.00824505
0.00985701
-0.00943293
-0.0106423
-0.105287
-0.103903
-0.0968097
-0.0881139
-0.0797651
-0.072538
-0.0671435
-0.0636656
-0.0624504
-0.062374
-0.0608983
-0.0551842
-0.0460476
-0.0328611
-0.0193001
-0.00786884
0.00351885
0.0146733
0.0198684
0.0171402
0.0213275
-0.00425341
-0.0417616
-0.036983
-0.026596
-0.0138616
0.00285081
0.00345303
-0.0148048
-0.0137398
-0.117111
-0.114336
-0.104976
-0.0940799
-0.0838901
-0.0753525
-0.0694359
-0.0662819
-0.0664708
-0.0683801
-0.0683436
-0.0627951
-0.052849
-0.0383884
-0.0237496
-0.0119374
-0.000852745
0.00924855
0.0105817
0.00290532
0.00650726
-0.0193318
-0.0505888
-0.0445373
-0.0348088
-0.0217388
-0.00244452
-0.00249405
-0.0193139
-0.0162414
-0.129811
-0.12529
-0.113245
-0.0997944
-0.0874618
-0.0774333
-0.070998
-0.0683835
-0.0705215
-0.0750644
-0.0768324
-0.0713846
-0.0603479
-0.0443561
-0.0284289
-0.0160954
-0.00518736
0.00392598
0.00231649
-0.00864911
-0.0058366
-0.0322739
-0.0576278
-0.0510162
-0.0425846
-0.0292888
-0.00754907
-0.00791907
-0.0229489
-0.0181599
-0.143415
-0.136739
-0.121557
-0.105168
-0.0903455
-0.0786279
-0.0716759
-0.0698665
-0.0746421
-0.0825953
-0.0865676
-0.0810804
-0.0685967
-0.0507624
-0.0333159
-0.0202717
-0.00938353
-0.00113315
-0.00452202
-0.0173207
-0.01553
-0.0425439
-0.0628257
-0.0563656
-0.0497383
-0.036341
-0.0123931
-0.0128052
-0.0257523
-0.019545
-0.157944
-0.148653
-0.129866
-0.11012
-0.0924046
-0.0787815
-0.07131
-0.0706261
-0.0788994
-0.0911785
-0.0977805
-0.0920184
-0.0776457
-0.0576045
-0.0383884
-0.0244114
-0.0133748
-0.00583194
-0.00989902
-0.0235178
-0.0228888
-0.0501553
-0.0663268
-0.0606091
-0.0561241
-0.0427771
-0.0169292
-0.0171651
-0.0277995
-0.0204683
-0.173415
-0.161003
-0.138143
-0.114581
-0.0935028
-0.0777449
-0.0697348
-0.0705469
-0.0833768
-0.101049
-0.110722
-0.104335
-0.0875384
-0.0648775
-0.0436235
-0.028479
-0.0171228
-0.0101328
-0.0139824
-0.0276704
-0.0283983
-0.0554422
-0.0683919
-0.0638395
-0.0616557
-0.0485298
-0.0211307
-0.0210299
-0.0291861
-0.021009
-0.189833
-0.17376
-0.146383
-0.118498
-0.093512
-0.0753836
-0.0667776
-0.0694956
-0.0877016
-0.112435
-0.125635
-0.118153
-0.0983042
-0.0725725
-0.0489963
-0.0324561
-0.0206161
-0.0140447
-0.0170205
-0.0302071
-0.0325484
-0.0588736
-0.0693178
-0.0661926
-0.0663071
-0.0535753
-0.0249881
-0.0244414
-0.0300143
-0.0212445
-0.207146
-0.186904
-0.154615
-0.121844
-0.0923308
-0.0715954
-0.0622692
-0.0673639
-0.0927769
-0.125528
-0.142697
-0.13355
-0.10995
-0.0806731
-0.0544785
-0.0363362
-0.0238652
-0.0176048
-0.0192759
-0.0317247
-0.0357637
-0.060925
-0.0693917
-0.0678233
-0.0701005
-0.0579229
-0.0285053
-0.0274443
-0.030382
-0.0212462
-0.22523
-0.200417
-0.162911
-0.124649
-0.0899237
-0.0663481
-0.0560728
-0.0639388
-0.0979583
-0.140254
-0.161917
-0.150511
-0.122446
-0.0891495
-0.0600371
-0.0401214
-0.0268931
-0.0208651
-0.0209831
-0.0326869
-0.0383833
-0.0620256
-0.0688628
-0.0688818
-0.0730936
-0.061605
-0.0316952
-0.0300816
-0.0303778
-0.0210774
-0.243921
-0.214302
-0.171374
-0.12706
-0.0864147
-0.0597532
-0.0481792
-0.0590288
-0.102901
-0.156203
-0.182999
-0.168869
-0.135712
-0.0979519
-0.0656342
-0.0438174
-0.0297278
-0.0238854
-0.0223277
-0.033302
-0.0406545
-0.0625485
-0.0679371
-0.0694911
-0.0753662
-0.0646687
-0.034577
-0.032392
-0.0300828
-0.0207931
-0.262914
-0.22859
-0.180135
-0.127897
-0.0821439
-0.0521748
-0.0388679
-0.0526258
-0.107119
-0.172651
-0.20528
-0.18826
-0.149596
-0.107003
-0.071228
-0.0474308
-0.0323992
-0.0267254
-0.0234531
-0.0337086
-0.0427212
-0.0627763
-0.0668074
-0.0697443
-0.0770039
-0.0671689
-0.0371734
-0.0344104
-0.02957
-0.0204389
-0.281699
-0.243336
-0.189571
-0.130193
-0.0778575
-0.0443057
-0.0288072
-0.0450718
-0.110204
-0.188886
-0.227778
-0.208123
-0.163874
-0.116193
-0.0767689
-0.0509659
-0.0349366
-0.029439
-0.0244729
-0.034013
-0.0446042
-0.0628253
-0.065672
-0.0697555
-0.0780916
-0.0691621
-0.0395086
-0.0361676
-0.0289023
-0.0200479
-0.300221
-0.258615
-0.199953
-0.133206
-0.0742781
-0.0372212
-0.0190312
-0.0369933
-0.112059
-0.203488
-0.249475
-0.227769
-0.178252
-0.125405
-0.082219
-0.0544273
-0.0373687
-0.0320732
-0.0254846
-0.0342538
-0.0462328
-0.0626675
-0.0646441
-0.069692
-0.0787133
-0.0707038
-0.0416067
-0.0376923
-0.0281311
-0.0196322
-0.319157
-0.274554
-0.21166
-0.137894
-0.0730833
-0.0320918
-0.0107513
-0.0295109
-0.113405
-0.216907
-0.269937
-0.246711
-0.192397
-0.134416
-0.087507
-0.0578212
-0.039723
-0.0346862
-0.0265705
-0.0342346
-0.0477463
-0.0624305
-0.0636005
-0.0695819
-0.0790727
-0.0718568
-0.0434961
-0.0390023
-0.0272921
-0.0191973
-0.338465
-0.290319
-0.22414
-0.144516
-0.0747271
-0.0296435
-0.00591102
-0.0262979
-0.117087
-0.22913
-0.288382
-0.26456
-0.206522
-0.143616
-0.0927971
-0.0611562
-0.0420242
-0.0373575
-0.0278619
-0.0336803
-0.0502416
-0.0628294
-0.0621872
-0.0689516
-0.0789661
-0.0726498
-0.0451923
-0.0401524
-0.0264554
-0.0188328
-0.354637
-0.299203
-0.23162
-0.150567
-0.0807243
-0.0340543
-0.00871813
-0.0315538
-0.123471
-0.234743
-0.295777
-0.274346
-0.215735
-0.150677
-0.0976044
-0.0646501
-0.044196
-0.0399272
-0.0306779
-0.0385394
-0.0546402
-0.0644531
-0.0604924
-0.0673833
-0.0771583
-0.0726426
-0.0461177
-0.0409061
-0.0260454
-0.018793
-0.356254
-0.298943
-0.229138
-0.146322
-0.0776645
-0.0317969
-0.0105166
-0.0383601
-0.13573
-0.24898
-0.307853
-0.283221
-0.220754
-0.153505
-0.0991721
-0.065971
-0.0454609
-0.0417011
-0.031663
-0.0399106
-0.0562108
-0.0651791
-0.0598339
-0.0669261
-0.0767039
-0.0729799
-0.0468589
-0.0414007
-0.0255032
-0.01871
-0.356508
-0.296835
-0.225886
-0.142997
-0.0779239
-0.0336091
-0.0151846
-0.0483707
-0.149329
-0.263337
-0.320365
-0.290335
-0.222943
-0.153356
-0.0985815
-0.0659392
-0.0461796
-0.0430088
-0.0321014
-0.0410725
-0.0576159
-0.0658661
-0.0592078
-0.0665566
-0.0764271
-0.0733766
-0.0475917
-0.0417851
-0.0247801
-0.0185723
-0.356917
-0.295696
-0.22503
-0.143313
-0.0822622
-0.0390436
-0.0231202
-0.0601565
-0.162907
-0.276488
-0.330945
-0.296272
-0.22493
-0.153261
-0.0981587
-0.0660693
-0.0470031
-0.0443527
-0.0329083
-0.0426639
-0.0591825
-0.0665069
-0.0585603
-0.0660958
-0.0759808
-0.0736621
-0.048299
-0.0421286
-0.0239994
-0.0184057
-0.35698
-0.295118
-0.22607
-0.146719
-0.0905868
-0.0479184
-0.0342165
-0.0736791
-0.176581
-0.288807
-0.340184
-0.301424
-0.22698
-0.153626
-0.0982562
-0.066629
-0.0480961
-0.0459459
-0.0342315
-0.0445756
-0.0608368
-0.0671124
-0.0579042
-0.0655686
-0.075418
-0.0738341
-0.0489682
-0.0424574
-0.0231946
-0.0182153
-0.357017
-0.295427
-0.229345
-0.153691
-0.105095
-0.0605115
-0.0485151
-0.0888242
-0.190092
-0.300025
-0.34819
-0.305684
-0.228667
-0.153959
-0.098518
-0.0674021
-0.0493923
-0.0477979
-0.036002
-0.0467503
-0.062555
-0.0676931
-0.0572466
-0.0649901
-0.0747772
-0.0739179
-0.0495985
-0.0427688
-0.022362
-0.0180037
-0.357364
-0.29753
-0.235619
-0.166111
-0.122334
-0.0770359
-0.0659564
-0.105346
-0.203145
-0.309835
-0.354725
-0.308898
-0.229833
-0.154054
-0.0987904
-0.0682851
-0.0508589
-0.0499184
-0.0382244
-0.0491918
-0.0643292
-0.0682572
-0.0565931
-0.0643655
-0.0740635
-0.0739228
-0.0501912
-0.0430571
-0.0215023
-0.0177754
-0.35791
-0.301728
-0.244563
-0.181695
-0.131223
-0.0969516
-0.0863147
-0.122905
-0.215439
-0.317956
-0.359589
-0.310986
-0.23048
-0.153945
-0.0991058
-0.0692986
-0.0525216
-0.0523584
-0.0409488
-0.0518973
-0.066147
-0.0688108
-0.0559488
-0.0636987
-0.0732798
-0.07385
-0.0507462
-0.0433226
-0.0206235
-0.0175359
-0.358973
-0.307889
-0.256723
-0.200971
-0.154443
-0.120775
-0.10915
-0.141069
-0.226682
-0.324122
-0.362625
-0.311897
-0.230599
-0.153668
-0.099504
-0.0704759
-0.0544197
-0.055177
-0.0442143
-0.0548482
-0.0679934
-0.0693588
-0.055319
-0.0629942
-0.0724318
-0.0737012
-0.0512628
-0.0435694
-0.0197348
-0.0172904
-0.361519
-0.316395
-0.272233
-0.223975
-0.18127
-0.147869
-0.133778
-0.159338
-0.236597
-0.328107
-0.363694
-0.311586
-0.230148
-0.153216
-0.0999885
-0.0718297
-0.0565877
-0.0584207
-0.0480404
-0.0580165
-0.0698528
-0.0699047
-0.0547085
-0.0622565
-0.0715263
-0.0734793
-0.0517407
-0.0438021
-0.0188445
-0.0170439
-0.365684
-0.327359
-0.291021
-0.250517
-0.211477
-0.177395
-0.159379
-0.177182
-0.244941
-0.329737
-0.362688
-0.310014
-0.229083
-0.152567
-0.100549
-0.0733633
-0.0590562
-0.0621211
-0.0524312
-0.0613675
-0.0717097
-0.070451
-0.0541216
-0.06149
-0.0705704
-0.0731878
-0.0521798
-0.0440245
-0.0179603
-0.016801
-0.371531
-0.340749
-0.312902
-0.280195
-0.244436
-0.208437
-0.185095
-0.194088
-0.251515
-0.328919
-0.359531
-0.307153
-0.227364
-0.151702
-0.101174
-0.0750795
-0.0618534
-0.0662968
-0.0573776
-0.0648626
-0.0735489
-0.0709989
-0.0535623
-0.0606993
-0.0695715
-0.0728297
-0.0525801
-0.0442397
-0.0170893
-0.0165662
-0.379095
-0.356437
-0.337552
-0.312474
-0.279314
-0.240064
-0.210122
-0.209599
-0.256174
-0.325637
-0.354191
-0.302986
-0.224953
-0.150608
-0.101852
-0.0769802
-0.0650029
-0.0709536
-0.0628548
-0.0684624
-0.0753562
-0.0715489
-0.0530339
-0.0598891
-0.0685382
-0.0724086
-0.0529417
-0.0444511
-0.0162385
-0.0163431
-0.388325
-0.374181
-0.364495
-0.34672
-0.315236
-0.271418
-0.233787
-0.223354
-0.258835
-0.319962
-0.346671
-0.297515
-0.221814
-0.149268
-0.10257
-0.0790642
-0.06852
-0.0760842
-0.0688231
-0.0721285
-0.0771185
-0.0721
-0.052539
-0.0590639
-0.0674798
-0.0719278
-0.0532651
-0.0446616
-0.0154143
-0.0161352
-0.399074
-0.393614
-0.393116
-0.382191
-0.351345
-0.301783
-0.255584
-0.235105
-0.259478
-0.312055
-0.336736
-0.290756
-0.217914
-0.147665
-0.103309
-0.0813252
-0.072409
-0.0816687
-0.0752295
-0.0758259
-0.0788238
-0.0726502
-0.0520795
-0.0582283
-0.0664051
-0.0713912
-0.0535504
-0.0448741
-0.0146226
-0.0159453
-0.411094
-0.414258
-0.422678
-0.417976
-0.38684
-0.330616
-0.275195
-0.244729
-0.258155
-0.302174
-0.325394
-0.28275
-0.213224
-0.14578
-0.104047
-0.0837512
-0.0766611
-0.0876754
-0.0820098
-0.0795242
-0.0804619
-0.0731965
-0.0516565
-0.057387
-0.0653225
-0.0708026
-0.0537983
-0.0450913
-0.0138685
-0.0157757
-0.42406
-0.43556
-0.452375
-0.452789
-0.421041
-0.357485
-0.292481
-0.252219
-0.254978
-0.290639
-0.31222
-0.273519
-0.207718
-0.143593
-0.104758
-0.0863241
-0.081254
-0.0940616
-0.0890916
-0.0831976
-0.0820236
-0.0737346
-0.0512703
-0.0565449
-0.06424
-0.0701655
-0.0540093
-0.0453152
-0.0131569
-0.0156284
-0.437574
-0.456941
-0.481438
-0.486468
-0.453496
-0.381996
-0.307439
-0.25765
-0.250119
-0.277808
-0.297318
-0.263092
-0.201378
-0.141085
-0.105412
-0.0890192
-0.0861512
-0.100775
-0.096397
-0.0868249
-0.0835016
-0.0742593
-0.0509207
-0.0557067
-0.0631649
-0.0694839
-0.0541842
-0.0455476
-0.0124919
-0.0155048
-0.451128
-0.477732
-0.509172
-0.518265
-0.483589
-0.404247
-0.320139
-0.261164
-0.243796
-0.264017
-0.280898
-0.251521
-0.194194
-0.138236
-0.105976
-0.0918051
-0.0913029
-0.107754
-0.103845
-0.0903885
-0.0848896
-0.0747642
-0.0506068
-0.0548773
-0.0621048
-0.0687622
-0.0543235
-0.0457894
-0.011877
-0.0154059
-0.464168
-0.497254
-0.534908
-0.547595
-0.511096
-0.424192
-0.330701
-0.262947
-0.236264
-0.249556
-0.263238
-0.238867
-0.186167
-0.135028
-0.106414
-0.0946437
-0.0966475
-0.114929
-0.111377
-0.0938746
-0.0861825
-0.0752426
-0.0503269
-0.0540615
-0.0610672
-0.0680048
-0.0544281
-0.0460412
-0.0113155
-0.0153324
)
;

boundaryField
{
    inlet
    {
        type            zeroGradient;
    }
    outlet
    {
        type            fixedValue;
        value           uniform 0;
    }
    cylinder
    {
        type            zeroGradient;
    }
    top
    {
        type            symmetryPlane;
    }
    bottom
    {
        type            symmetryPlane;
    }
    defaultFaces
    {
        type            empty;
    }
}


// ************************************************************************* //
