/*--------------------------------*- C++ -*----------------------------------*\
  =========                 |
  \\      /  F ield         | OpenFOAM: The Open Source CFD Toolbox
   \\    /   O peration     | Website:  https://openfoam.org
    \\  /    A nd           | Version:  7
     \\/     M anipulation  |
\*---------------------------------------------------------------------------*/
FoamFile
{
    version     2.0;
    format      ascii;
    class       volVectorField;
    location    "25";
    object      U;
}
// * * * * * * * * * * * * * * * * * * * * * * * * * * * * * * * * * * * * * //

dimensions      [0 1 -1 0 0 0 0];

internalField   nonuniform List<vector> 
2125
(
(1.09282 -0.0943195 -7.4031e-21)
(0.957781 -0.0568046 -2.03942e-20)
(1.05674 -0.073274 -3.69946e-21)
(0.798989 -0.0180426 1.35486e-20)
(0.914317 -0.0391211 -1.5905e-21)
(1.01733 -0.0535825 1.7844e-20)
(0.511859 0.0273329 3.47379e-20)
(0.631717 0.0128693 -7.53349e-20)
(0.751852 -0.00452362 1.59056e-20)
(0.868483 -0.0234653 -1.27347e-20)
(0.974853 -0.0356031 -1.89712e-20)
(0.359363 0.0405464 6.86629e-21)
(0.469652 0.0331347 -5.88612e-20)
(0.585444 0.021447 4.11702e-20)
(0.703542 0.00666248 -3.30174e-20)
(0.820632 -0.0100627 3.41185e-20)
(0.929603 -0.0197155 -1.3623e-21)
(0.228949 0.0420944 -9.49458e-23)
(0.323889 0.0418899 2.33564e-20)
(0.428109 0.0368895 1.37964e-21)
(0.539191 0.0277703 -3.287e-20)
(0.654433 0.0154599 -7.6978e-22)
(0.771113 0.00089666 -1.48623e-20)
(0.881915 -0.00631794 1.83922e-20)
(0.125818 0.034415 4.18743e-21)
(0.201897 0.0402035 1.21412e-20)
(0.289715 0.0416404 -2.09545e-20)
(0.387519 0.0387519 5.01853e-20)
(0.493293 0.0319436 -1.3408e-22)
(0.604871 0.0218814 -4.17981e-21)
(0.720236 0.00927832 -2.84289e-20)
(0.832111 0.00417849 -4.45836e-21)
(0.107641 0.0308666 3.13017e-21)
(0.176375 0.0372472 -8.62176e-21)
(0.257036 0.0400026 -1.02959e-20)
(0.348141 0.038923 -6.78487e-21)
(0.448053 0.0341392 -4.87843e-21)
(0.555153 0.0260294 6.53636e-21)
(0.668237 0.0150381 2.71478e-20)
(0.780453 0.011367 2.11944e-20)
(0.042378 0.0177362 1.71192e-20)
(0.0908661 0.0267448 -4.07417e-20)
(0.152489 0.0334265 2.35125e-20)
(0.226019 0.0372051 2.06065e-20)
(0.310205 0.037648 -5.36262e-20)
(0.403741 0.0346035 1.49411e-20)
(0.505525 0.02812 -7.03588e-22)
(0.61522 0.0182723 1.1231e-20)
(0.727052 0.0148857 -2.32618e-20)
(0.0067892 0.00370147 4.55432e-20)
(0.0335255 0.0140339 -1.34444e-20)
(0.0755277 0.0222118 1.96903e-20)
(0.130319 0.0289484 1.26329e-20)
(0.196809 0.0334931 -7.45922e-21)
(0.273924 0.0352093 1.7382e-20)
(0.360614 0.0336604 -7.0799e-21)
(0.456183 0.0285148 4.15188e-20)
(0.561063 0.0192732 -6.82117e-20)
(0.671631 0.014386 -2.42852e-20)
(0.00428853 0.00209587 -1.32914e-20)
(0.0256638 0.0102386 5.25973e-20)
(0.0616427 0.0174261 -4.27722e-20)
(0.109925 0.0240181 -1.45582e-21)
(0.16953 0.0291167 -2.07746e-20)
(0.239509 0.0319131 2.30611e-20)
(0.318956 0.0317105 2.51445e-20)
(0.407343 0.0277872 -1.26355e-20)
(0.505405 0.0187354 1.16487e-20)
(0.612854 0.00950032 1.46109e-20)
(0.00215832 0.00052283 2.45952e-21)
(0.0187761 0.00644853 -1.45766e-20)
(0.0492107 0.012537 1.82454e-20)
(0.0913479 0.0188296 -1.77124e-20)
(0.144297 0.0243144 -2.17442e-20)
(0.207185 0.0280599 -9.75481e-21)
(0.279146 0.0291924 -3.75408e-20)
(0.359468 0.02678 2.34121e-20)
(0.448212 0.018557 4.36825e-20)
(0.54823 0.00252384 -1.19818e-20)
(0.000383258 -0.000983951 7.9357e-21)
(0.0128342 0.00275372 6.42226e-21)
(0.0382134 0.00768044 -1.62364e-21)
(0.0746056 0.013557 -3.0112e-20)
(0.121203 0.0192919 3.19546e-20)
(0.177187 0.0238883 3.62125e-20)
(0.241691 0.0264201 1.26872e-20)
(0.313607 0.026138 -2.44859e-21)
(0.391477 0.0215666 -4.43595e-20)
(0.477769 0.00563479 1.51601e-20)
(-0.00105617 -0.00239484 -2.41524e-20)
(0.00779851 -0.000766246 -3.54451e-21)
(0.0286133 0.00297594 7.2339e-21)
(0.0596884 0.00834927 2.38967e-21)
(0.100302 0.0142099 9.36223e-21)
(0.149707 0.0195352 -5.77121e-20)
(0.207091 0.0234059 3.48841e-20)
(0.271281 0.0252329 -4.1609e-20)
(0.340824 0.0243101 3.08704e-20)
(0.421543 0.0119397 3.46442e-20)
(-0.00218337 -0.00368473 1.06024e-20)
(0.00361803 -0.00404286 -7.34201e-21)
(0.020353 -0.0014738 3.41787e-21)
(0.0465531 0.00333169 -1.57326e-20)
(0.0815931 0.00919529 2.00186e-21)
(0.124817 0.0150813 -4.07661e-21)
(0.175526 0.0200743 -2.17281e-20)
(0.23268 0.0235799 1.1729e-20)
(0.295097 0.0250247 2.17476e-20)
(0.369571 0.0155064 -3.22502e-20)
(-0.003025 -0.00483307 -1.39739e-20)
(0.000232 -0.00701858 -2.22055e-20)
(0.0133564 -0.00558151 1.81344e-20)
(0.0351243 -0.00138841 1.8264e-20)
(0.0650165 0.00435878 -4.53833e-20)
(0.102481 0.0106098 4.5728e-20)
(0.146947 0.0164297 -5.16181e-20)
(0.197531 0.0211134 1.44042e-20)
(0.253217 0.0238458 -1.56299e-20)
(0.320552 0.0161233 -2.36221e-20)
(-0.00361012 -0.00582371 7.30657e-21)
(-0.00242827 -0.00964626 1.77378e-20)
(0.0075319 -0.00927376 4.37105e-21)
(0.0253001 -0.00571787 5.17235e-21)
(0.050469 -0.000196096 1.06267e-22)
(0.0825961 0.00622351 7.84147e-21)
(0.12123 0.0125695 1.59482e-20)
(0.165628 0.0180017 2.9769e-20)
(0.214894 0.0214271 -2.9837e-20)
(0.274939 0.0151292 1.02583e-20)
(-0.00396923 -0.00664444 -1.67845e-20)
(-0.00443698 -0.0118885 1.81791e-22)
(0.00277646 -0.0124899 5.83769e-21)
(0.0169589 -0.00957591 -1.12392e-20)
(0.0378178 -0.00437167 2.27585e-20)
(0.0650195 0.00203777 -5.43968e-20)
(0.0982216 0.00864145 2.95285e-20)
(0.136798 0.0144823 -2.73367e-20)
(0.179961 0.0182804 5.2917e-20)
(0.232845 0.0133203 1.36606e-20)
(-0.00413334 -0.0072866 9.15677e-21)
(-0.0058715 -0.0137169 -1.93653e-20)
(-0.00102026 -0.0151812 -6.23274e-21)
(0.00996671 -0.012894 9.09436e-21)
(0.0269116 -0.00807841 1.57336e-20)
(0.0495859 -0.00183052 2.75221e-21)
(0.0777436 0.00480792 -9.90845e-21)
(0.110857 0.0107983 2.29779e-20)
(0.148234 0.0147775 -1.29864e-20)
(0.194213 0.0110903 -1.25089e-21)
(-0.00413325 -0.00774468 2.3682e-20)
(-0.00681021 -0.0151114 7.16299e-21)
(-0.00397203 -0.017311 1.35769e-21)
(0.0041829 -0.0156165 -1.99065e-20)
(0.0175894 -0.0112381 1.82484e-20)
(0.0361187 -0.00527224 6.24949e-21)
(0.0596094 0.00122501 3.12742e-21)
(0.0876191 0.00717444 -7.20221e-21)
(0.119538 0.0112149 7.92408e-21)
(0.158966 0.00870324 1.36808e-20)
(-0.00399903 -0.00801603 -1.73785e-20)
(-0.00733069 -0.0160602 1.03574e-20)
(-0.00619273 -0.0188542 -1.24955e-21)
(-0.000534388 -0.0177017 2.84363e-20)
(0.00968798 -0.0137872 -3.20832e-20)
(0.0244392 -0.00819336 1.08134e-20)
(0.0436331 -0.00197054 -6.91835e-21)
(0.066903 0.00380052 -6.13916e-21)
(0.0937162 0.00782297 -1.87982e-20)
(0.127012 0.0063571 7.3393e-21)
(-0.00375954 -0.00810054 7.49124e-21)
(-0.00750841 -0.0165594 -2.04443e-20)
(-0.00779365 -0.0197977 -1.20128e-20)
(-0.00432416 -0.0191226 -1.94138e-20)
(0.00304746 -0.015679 5.3795e-21)
(0.0143735 -0.0105202 -1.88728e-21)
(0.0296356 -0.00466962 -1.74956e-20)
(0.0485372 0.000823542 -3.715e-21)
(0.0706176 0.00476665 -3.46394e-22)
(0.0982438 0.00419128 8.39371e-21)
(-0.00344248 -0.00800075 1.30023e-20)
(-0.00741561 -0.0166125 1.47533e-21)
(-0.00888132 -0.0201402 6.37496e-21)
(-0.00731942 -0.0198679 2.90984e-20)
(-0.00248445 -0.0168863 2.97545e-20)
(0.005757 -0.0122029 -5.4511e-21)
(0.0174486 -0.00679454 1.40497e-20)
(0.0323607 -0.00165329 -8.96911e-21)
(0.0500984 0.00215512 -5.38322e-21)
(0.072541 0.00229752 -1.25506e-20)
(-0.00307395 -0.00772203 -1.66027e-20)
(-0.00712033 -0.0162309 1.52522e-20)
(-0.00955597 -0.0198928 8.08249e-21)
(-0.00964476 -0.0199423 -1.64849e-20)
(-0.00704974 -0.0174015 -1.91981e-20)
(-0.00156268 -0.0132161 6.26492e-21)
(0.00691714 -0.00829959 5.4607e-22)
(0.0182248 -0.00356773 2.83794e-20)
(0.0320233 5.14138e-05 1.72774e-20)
(0.0497828 0.000730775 -6.94045e-21)
(-0.00267828 -0.00727238 9.02382e-21)
(-0.00668594 -0.0154336 -4.40587e-21)
(-0.00991034 -0.0190783 -1.64707e-20)
(-0.0114148 -0.0193661 7.23673e-21)
(-0.0107781 -0.0172366 -2.46393e-22)
(-0.00772379 -0.0135594 -2.56557e-20)
(-0.00209865 -0.00916904 -1.54649e-21)
(0.00599496 -0.00489294 -2.61265e-20)
(0.0162664 -0.00152165 -1.18771e-20)
(0.0298553 -0.000484466 1.99808e-20)
(-0.00227805 -0.00666266 -1.09458e-20)
(-0.00617055 -0.0142471 -1.03179e-21)
(-0.0100287 -0.0177309 -7.67517e-22)
(-0.0127329 -0.018175 -1.54908e-20)
(-0.0137857 -0.016423 2.45032e-21)
(-0.0128492 -0.0132549 1.57068e-20)
(-0.00972238 -0.00941417 -8.39564e-21)
(-0.00444884 -0.00562859 1.40375e-20)
(0.00271211 -0.0025753 6.48115e-21)
(0.0126632 -0.00133228 -7.16663e-21)
(-0.0018938 -0.00590665 6.90453e-21)
(-0.00562646 -0.0127054 1.46145e-20)
(-0.00998627 -0.0158963 -3.43093e-21)
(-0.0136905 -0.016419 7.46016e-21)
(-0.0161744 -0.0150093 5.17127e-21)
(-0.0170457 -0.0123464 -1.31e-20)
(-0.0160599 -0.00907277 3.37283e-21)
(-0.0132159 -0.00580866 -3.69821e-21)
(-0.00873011 -0.00312132 4.76368e-21)
(-0.00187345 -0.00175544 -9.70013e-21)
(-0.00154383 -0.00502094 -2.19062e-21)
(-0.00509974 -0.0108496 -9.47299e-21)
(-0.00984849 -0.0136302 1.39324e-20)
(-0.0143666 -0.0141613 -7.36715e-21)
(-0.0180318 -0.0130603 3.5784e-21)
(-0.020405 -0.0108957 1.10668e-20)
(-0.0212047 -0.00820253 -9.71057e-21)
(-0.020388 -0.00549197 -2.41812e-21)
(-0.0181078 -0.00321278 2.92952e-22)
(-0.0139251 -0.00185269 1.1502e-20)
(-0.00124396 -0.00402484 -6.70649e-22)
(-0.00462969 -0.00872693 -2.85522e-21)
(-0.00967071 -0.0109974 -1.23224e-20)
(-0.0148276 -0.0114766 2.52473e-21)
(-0.0194308 -0.0106541 2.17195e-21)
(-0.0230029 -0.00898039 -9.08535e-22)
(-0.0252321 -0.00687703 -2.5633e-22)
(-0.0260394 -0.00474377 -3.91631e-21)
(-0.0255314 -0.00292253 5.59197e-21)
(-0.0235097 -0.00175549 3.81924e-21)
(-0.00100725 -0.00294009 1.7376e-21)
(-0.00424843 -0.00639045 3.46465e-21)
(-0.00949771 -0.00807086 9.30774e-21)
(-0.0151266 -0.00844915 -5.03557e-21)
(-0.0204293 -0.00788036 -4.52624e-21)
(-0.0248993 -0.00669054 -1.81259e-22)
(-0.0282014 -0.00518367 9.23714e-21)
(-0.0302289 -0.00364626 4.47658e-21)
(-0.0310587 -0.00231975 -3.92242e-21)
(-0.0306509 -0.00143434 -4.52258e-21)
(-0.000843729 -0.00179045 -2.87568e-22)
(-0.00398045 -0.00389775 7.01155e-22)
(-0.00936339 -0.0049297 -1.75836e-21)
(-0.0153036 -0.00517128 1.31478e-21)
(-0.0210709 -0.00483763 1.21765e-21)
(-0.026139 -0.00412612 9.00653e-22)
(-0.0301568 -0.00322025 -1.86605e-21)
(-0.0329987 -0.00229226 -7.7678e-21)
(-0.034724 -0.00148571 -1.22895e-21)
(-0.0353887 -0.000933073 2.40701e-21)
(-0.0153855 -0.00174084 1.07354e-21)
(-0.0213845 -0.00163091 -1.13443e-21)
(-0.0267514 -0.00139414 -5.59083e-22)
(-0.0311272 -0.0010919 6.07931e-22)
(-0.0343767 -0.000781638 3.06415e-21)
(-0.0365507 -0.000510942 -1.09812e-21)
(-0.0377511 -0.000323025 1.12534e-21)
(1.15517 -0.00452985 5.36488e-23)
(1.15686 -0.00449475 -1.30947e-22)
(1.15852 -0.00445866 1.10685e-22)
(1.16016 -0.00442147 -3.4041e-23)
(1.16178 -0.00438303 -5.02559e-23)
(1.16338 -0.00434319 1.11872e-23)
(1.16494 -0.0043017 2.06567e-23)
(1.16649 -0.00425808 1.14981e-23)
(1.168 -0.00421141 -2.11805e-24)
(1.16949 -0.0041596 -2.13205e-24)
(1.17094 -0.00409796 2.55407e-24)
(1.15655 -0.0133431 3.90301e-23)
(1.15827 -0.013234 3.19266e-24)
(1.15996 -0.0131238 -2.61368e-23)
(1.16163 -0.0130125 -3.71911e-23)
(1.16328 -0.0128997 6.04011e-24)
(1.1649 -0.012785 1.05518e-23)
(1.16649 -0.0126678 2.93058e-24)
(1.16806 -0.0125467 -6.02703e-24)
(1.16959 -0.0124187 2.90767e-24)
(1.1711 -0.0122769 -2.42318e-24)
(1.17258 -0.0121053 -8.0123e-24)
(1.15903 -0.0218978 5.66542e-23)
(1.16081 -0.0217163 -1.26474e-23)
(1.16257 -0.0215335 -1.12427e-23)
(1.1643 -0.021349 -5.93809e-23)
(1.16601 -0.0211626 5.77894e-23)
(1.16769 -0.0209737 -1.46719e-23)
(1.16934 -0.020781 -6.76032e-24)
(1.17097 -0.0205823 2.26472e-24)
(1.17256 -0.0203723 -7.24274e-24)
(1.17413 -0.0201393 -2.31352e-24)
(1.17567 -0.0198562 1.19804e-24)
(1.1625 -0.0302553 -5.25235e-23)
(1.16437 -0.0299972 2.88328e-23)
(1.16621 -0.0297376 -4.0982e-23)
(1.16803 -0.0294764 2.36056e-23)
(1.16982 -0.029213 -4.28286e-25)
(1.17159 -0.0289467 -1.04071e-24)
(1.17333 -0.0286758 1.41886e-24)
(1.17505 -0.0283971 2.62203e-24)
(1.17673 -0.0281032 1.51433e-23)
(1.17839 -0.0277771 -2.03728e-23)
(1.18001 -0.0273799 2.93525e-23)
(1.16682 -0.0384912 -2.70219e-23)
(1.1688 -0.0381522 2.44202e-23)
(1.17075 -0.0378118 3.01736e-24)
(1.17268 -0.0374694 1.26372e-23)
(1.17459 -0.0371247 5.67203e-24)
(1.17647 -0.0367767 1.14883e-23)
(1.17833 -0.0364233 -1.86399e-24)
(1.18015 -0.0360603 3.04936e-23)
(1.18195 -0.0356778 -1.5393e-24)
(1.18373 -0.0352535 1.00556e-22)
(1.18547 -0.0347357 -5.60632e-23)
(1.1719 -0.0466564 -5.35852e-24)
(1.17401 -0.0462298 -3.5839e-25)
(1.1761 -0.0458016 -1.19095e-23)
(1.17817 -0.0453714 -2.54353e-23)
(1.18021 -0.0449385 9.85352e-24)
(1.18223 -0.044502 -4.0054e-23)
(1.18422 -0.0440593 2.67452e-23)
(1.18618 -0.043605 1.30467e-22)
(1.18812 -0.043127 -2.37947e-24)
(1.19003 -0.0425967 -1.27535e-22)
(1.19192 -0.0419487 -5.77681e-23)
(1.17766 -0.0547933 -2.58623e-23)
(1.17993 -0.0542708 -1.8077e-23)
(1.18217 -0.0537464 4.21958e-23)
(1.18439 -0.0532197 2.96959e-23)
(1.18658 -0.05269 8.66508e-24)
(1.18876 -0.0521561 3.47923e-23)
(1.19091 -0.0516151 -1.19114e-22)
(1.19303 -0.0510605 -2.07372e-22)
(1.19513 -0.0504773 -1.08097e-22)
(1.1972 -0.0498307 -5.72534e-24)
(1.19925 -0.0490397 1.90028e-23)
(1.18403 -0.062935 3.41248e-23)
(1.18646 -0.0623064 3.90641e-23)
(1.18888 -0.0616752 7.65083e-23)
(1.19127 -0.0610412 -1.23581e-22)
(1.19364 -0.0604035 1.77497e-22)
(1.19599 -0.0597609 -5.36884e-23)
(1.19831 -0.05911 1.70928e-22)
(1.20061 -0.0584432 -1.21926e-22)
(1.20289 -0.0577425 1.97033e-22)
(1.20514 -0.0569661 2.8931e-22)
(1.20737 -0.0560157 1.25399e-22)
(1.19094 -0.071107 5.69706e-23)
(1.19356 -0.0703598 1.76005e-23)
(1.19617 -0.0696092 -2.07946e-22)
(1.19875 -0.0688547 8.97353e-23)
(1.20132 -0.0680956 -4.3509e-24)
(1.20386 -0.0673304 -2.95396e-23)
(1.20638 -0.0665551 1.73992e-22)
(1.20887 -0.0657609 -2.83932e-23)
(1.21134 -0.0649269 -2.27788e-22)
(1.21378 -0.0640034 -4.86001e-22)
(1.21621 -0.0628732 5.98945e-23)
(1.19834 -0.0793286 -9.92904e-23)
(1.20118 -0.0784483 4.65017e-23)
(1.20399 -0.0775631 3.48634e-22)
(1.20679 -0.0766724 2.59194e-22)
(1.20956 -0.0757754 -2.70491e-22)
(1.21231 -0.0748701 -1.55515e-22)
(1.21504 -0.0739522 -1.63679e-22)
(1.21774 -0.0730115 9.88406e-23)
(1.22041 -0.0720237 1.82481e-22)
(1.22306 -0.0709309 2.8415e-22)
(1.2257 -0.0695953 -1.06354e-22)
(1.20621 -0.0876135 2.62054e-23)
(1.20927 -0.0865829 -4.33449e-22)
(1.21231 -0.085545 2.28085e-23)
(1.21532 -0.084499 -3.58768e-22)
(1.21832 -0.0834438 2.67391e-22)
(1.22129 -0.082377 3.83411e-22)
(1.22424 -0.0812933 -6.74494e-23)
(1.22716 -0.0801809 -3.26174e-22)
(1.23005 -0.079012 -1.78589e-22)
(1.23291 -0.0777203 1.99448e-22)
(1.23576 -0.0761462 -2.01994e-22)
(1.21118 -0.0971606 2.14667e-22)
(1.2145 -0.0959695 3.03783e-22)
(1.2178 -0.0947683 -5.28256e-23)
(1.22108 -0.093556 -5.86938e-22)
(1.22433 -0.0923315 -3.65591e-22)
(1.22757 -0.0910927 -2.82566e-22)
(1.23077 -0.0898365 5.44233e-22)
(1.23394 -0.0885562 7.51374e-22)
(1.23708 -0.0872382 2.74014e-22)
(1.24018 -0.0858508 1.44826e-23)
(1.24324 -0.0843194 -3.74787e-22)
(1.24628 -0.0824631 8.78392e-22)
(1.21961 -0.105778 -1.19903e-22)
(1.22319 -0.104397 -6.43877e-22)
(1.22674 -0.103001 6.13704e-23)
(1.23027 -0.101587 2.59373e-22)
(1.23377 -0.100155 2.45849e-22)
(1.23725 -0.0986995 -3.80931e-22)
(1.24068 -0.0972167 -7.24214e-22)
(1.24407 -0.095698 -1.2125e-22)
(1.24742 -0.0941269 3.93558e-22)
(1.2507 -0.092468 8.23493e-22)
(1.25392 -0.090639 -2.67136e-22)
(1.2571 -0.0884415 -1.2389e-21)
(1.2284 -0.114486 4.53092e-22)
(1.23224 -0.112887 1.23491e-22)
(1.23606 -0.111264 2.58825e-22)
(1.23985 -0.109615 -6.01033e-23)
(1.24359 -0.107936 -4.23205e-22)
(1.24729 -0.106219 2.70408e-23)
(1.25094 -0.104459 -1.38707e-22)
(1.25452 -0.102643 -7.19447e-22)
(1.25802 -0.100751 -1.32177e-21)
(1.26143 -0.0987449 -1.81744e-21)
(1.26473 -0.0965362 1.86791e-21)
(1.26794 -0.0939173 2.20093e-23)
(1.23751 -0.123265 7.42772e-22)
(1.24163 -0.121411 -2.9089e-22)
(1.2457 -0.119522 -2.84535e-22)
(1.24973 -0.117591 5.43367e-23)
(1.25369 -0.115611 4.02051e-22)
(1.25759 -0.113572 8.71057e-22)
(1.26139 -0.111462 -5.86291e-22)
(1.26509 -0.109265 1.06177e-21)
(1.26867 -0.106958 -4.53335e-22)
(1.27209 -0.104497 -5.62253e-22)
(1.27531 -0.101795 -2.14412e-21)
(1.27834 -0.0986488 -5.05643e-22)
(1.2469 -0.132073 -5.57908e-22)
(1.25127 -0.129917 5.23345e-22)
(1.25558 -0.127706 9.42998e-22)
(1.2598 -0.125428 5.35262e-22)
(1.26393 -0.123073 -3.35116e-22)
(1.26793 -0.120624 -1.35646e-21)
(1.27179 -0.118063 2.20534e-21)
(1.27548 -0.11537 -5.86286e-22)
(1.27895 -0.112516 1.40973e-21)
(1.28217 -0.109457 -1.14319e-21)
(1.28505 -0.106111 1.50404e-21)
(1.28758 -0.102306 1.48873e-21)
(1.25648 -0.140837 -1.06491e-22)
(1.26106 -0.13831 -7.02897e-22)
(1.26553 -0.135697 -9.34138e-22)
(1.26986 -0.132982 2.04736e-22)
(1.27403 -0.130147 1.71811e-21)
(1.278 -0.127167 -1.03957e-21)
(1.28173 -0.12402 2.60196e-22)
(1.28516 -0.120676 -3.47932e-21)
(1.28826 -0.117105 -5.45546e-22)
(1.29095 -0.113266 2.45029e-21)
(1.2931 -0.109093 5.30226e-23)
(1.29463 -0.104479 -3.17004e-21)
(1.26611 -0.14943 2.84713e-23)
(1.2708 -0.146436 2.73799e-22)
(1.2753 -0.143311 1.03947e-21)
(1.27958 -0.140033 -8.08801e-22)
(1.2836 -0.136574 -1.86687e-21)
(1.28728 -0.132905 9.16341e-22)
(1.29058 -0.128993 7.68359e-22)
(1.29341 -0.124806 5.14781e-21)
(1.29571 -0.120314 2.86724e-22)
(1.29741 -0.115484 -2.62216e-21)
(1.29828 -0.110284 4.71762e-22)
(1.29812 -0.104712 -7.76344e-22)
(1.27553 -0.157658 -1.99941e-22)
(1.28016 -0.154062 1.97915e-22)
(1.2845 -0.150275 -2.23411e-22)
(1.28847 -0.146267 1.32195e-21)
(1.29201 -0.142001 3.64092e-21)
(1.29504 -0.137443 3.83562e-21)
(1.29747 -0.132555 -5.8494e-21)
(1.2992 -0.127305 9.49235e-22)
(1.30015 -0.121668 3.2055e-21)
(1.30022 -0.115633 6.51069e-21)
(1.29909 -0.109219 -1.05715e-21)
(1.29641 -0.102574 1.63453e-21)
(1.28437 -0.165239 7.52054e-22)
(1.28868 -0.160865 5.07089e-22)
(1.29253 -0.156223 -1.74487e-21)
(1.29581 -0.151276 -1.12785e-21)
(1.29843 -0.145983 -1.39258e-21)
(1.30029 -0.140308 4.21486e-22)
(1.30127 -0.134214 3.43965e-21)
(1.30125 -0.127676 -3.02696e-21)
(1.30013 -0.120685 -1.57884e-21)
(1.29782 -0.113265 -7.04291e-21)
(1.29387 -0.105503 2.0923e-21)
(1.2877 -0.0977436 8.33301e-21)
(1.29208 -0.171799 1.52222e-21)
(1.29569 -0.166427 -4.30857e-22)
(1.29859 -0.160698 1.0501e-21)
(1.30066 -0.154574 6.09678e-22)
(1.30178 -0.148015 -4.09811e-21)
(1.30182 -0.140989 -7.65243e-21)
(1.30063 -0.133472 5.54272e-21)
(1.29809 -0.125455 4.99266e-22)
(1.29409 -0.11696 -3.26802e-21)
(1.28856 -0.108053 6.85824e-21)
(1.28092 -0.0989123 3.79962e-21)
(1.27028 -0.0901079 -2.21098e-21)
(1.2979 -0.176878 -4.16636e-22)
(1.3003 -0.170255 -9.54324e-22)
(1.30167 -0.163187 -7.12973e-22)
(1.30188 -0.155639 -1.2796e-21)
(1.30079 -0.147585 -2.65852e-21)
(1.29823 -0.139008 3.72216e-21)
(1.29408 -0.129906 -1.01392e-20)
(1.28818 -0.1203 -5.82259e-21)
(1.28045 -0.110251 3.03815e-21)
(1.27087 -0.0998846 -7.10045e-21)
(1.25871 -0.0894731 -7.64286e-21)
(1.24274 -0.0798239 -1.08212e-20)
(1.30089 -0.179958 -2.64931e-21)
(1.30143 -0.171823 1.95798e-21)
(1.30057 -0.16317 1.90975e-21)
(1.29818 -0.153982 -1.19541e-21)
(1.29407 -0.144254 1.23672e-21)
(1.28811 -0.133999 5.13498e-21)
(1.28016 -0.123249 1.48847e-20)
(1.27009 -0.112067 1.25409e-20)
(1.25785 -0.100562 -8.29535e-21)
(1.2435 -0.0889219 5.93526e-21)
(1.22616 -0.077507 1.08854e-21)
(1.20421 -0.0673388 7.79594e-21)
(1.29991 -0.180518 9.92317e-22)
(1.29787 -0.170634 -4.45871e-21)
(1.29402 -0.160199 -7.57532e-21)
(1.28822 -0.149222 -5.18472e-21)
(1.28031 -0.137736 1.38847e-20)
(1.27016 -0.125791 -6.14402e-21)
(1.25765 -0.113469 -1.18963e-20)
(1.2427 -0.10088 -7.2586e-21)
(1.22534 -0.0881866 3.14205e-21)
(1.2057 -0.075627 1.65919e-21)
(1.18275 -0.0636247 -6.97661e-21)
(1.15448 -0.0533493 -7.15335e-21)
(1.29377 -0.178095 2.68031e-22)
(1.28839 -0.166289 9.3583e-22)
(1.28079 -0.153958 4.58684e-21)
(1.27082 -0.141152 -2.66471e-22)
(1.25838 -0.127948 -4.88481e-21)
(1.24335 -0.114452 -8.33687e-21)
(1.22569 -0.100796 2.07088e-21)
(1.20537 -0.087146 -1.24862e-22)
(1.1825 -0.0737067 8.00915e-21)
(1.15732 -0.0607434 2.95628e-21)
(1.12864 -0.0486828 8.67187e-21)
(1.09406 -0.0387298 5.30836e-22)
(1.28133 -0.172347 3.10054e-21)
(1.27188 -0.158538 1.79043e-22)
(1.25982 -0.144306 1.27494e-20)
(1.24504 -0.129753 1.03478e-20)
(1.22747 -0.115014 -9.20605e-21)
(1.20708 -0.100253 3.77503e-21)
(1.18388 -0.0856636 -3.24197e-21)
(1.15793 -0.0714628 2.99757e-21)
(1.12944 -0.0578851 -4.23709e-21)
(1.09879 -0.045178 4.1118e-21)
(1.0646 -0.0336733 -1.01793e-20)
(1.02407 -0.0244253 1.30265e-20)
(1.26165 -0.163187 -6.30378e-21)
(1.24752 -0.147413 4.68191e-21)
(1.23045 -0.131404 -1.07386e-20)
(1.21038 -0.11532 4.64248e-21)
(1.1873 -0.0993573 1.72141e-20)
(1.16126 -0.0837447 4.34947e-21)
(1.13237 -0.0687394 7.42532e-21)
(1.10077 -0.054608 -2.66652e-21)
(1.0668 -0.0415984 4.76849e-22)
(1.03097 -0.0298911 -7.34845e-21)
(0.991751 -0.0195959 1.33932e-20)
(0.945925 -0.0113388 -7.405e-21)
(1.23409 -0.15072 1.76391e-21)
(1.21486 -0.13317 -8.65703e-21)
(1.19245 -0.115667 5.97684e-22)
(1.16687 -0.0984347 -1.5412e-20)
(1.13818 -0.0817304 -9.94329e-21)
(1.10652 -0.0658486 -5.43192e-21)
(1.07208 -0.0511069 -4.74554e-23)
(1.03511 -0.0378153 -4.46929e-21)
(0.996025 -0.0262147 1.39461e-20)
(0.955458 -0.0163588 4.23685e-21)
(0.911793 -0.00795768 -9.36435e-21)
(0.861391 -0.000715162 -3.64799e-21)
(1.19816 -0.134588 5.71357e-21)
(1.17354 -0.115472 1.6854e-21)
(1.14558 -0.0967931 -6.44944e-21)
(1.1144 -0.07884 1.14053e-20)
(1.08014 -0.0619414 -1.23158e-20)
(1.04305 -0.0464616 -4.06667e-21)
(1.00342 -0.032787 2.39058e-21)
(0.961595 -0.0212853 -1.60672e-21)
(0.918073 -0.0122089 -1.7933e-20)
(0.873604 -0.00549624 -1.69942e-20)
(0.826601 -0.000313403 6.08443e-21)
(0.772781 0.00560486 -6.3025e-21)
(1.15423 -0.115094 -1.76068e-21)
(1.12403 -0.0945492 -8.8571e-22)
(1.09039 -0.0748632 3.36468e-21)
(1.05351 -0.0563878 -7.10229e-21)
(1.01362 -0.0395122 1.78091e-20)
(0.971033 -0.0246604 1.35734e-20)
(0.926115 -0.0122808 -8.75473e-21)
(0.879258 -0.0028123 1.00939e-20)
(0.83099 0.00340704 1.04572e-20)
(0.782158 0.00630488 4.50476e-21)
(0.732113 0.00663866 1.82734e-21)
(0.677383 0.00858196 1.68502e-20)
(1.17328 -0.00396237 0)
(1.17647 -0.00376312 0)
(1.17963 -0.00355227 0)
(1.18275 -0.0033293 0)
(1.18581 -0.00309369 0)
(1.18878 -0.00284593 0)
(1.19162 -0.00258724 0)
(1.19431 -0.00231921 0)
(1.19682 -0.00204368 0)
(1.19912 -0.00176286 0)
(1.20116 -0.0014793 0)
(1.20293 -0.00119586 0)
(1.20439 -0.000915647 0)
(1.20551 -0.000641904 0)
(1.20627 -0.000377945 0)
(1.20666 -0.000127018 0)
(1.20665 0.000107777 0)
(1.20624 0.000323715 0)
(1.20544 0.000518314 0)
(1.20423 0.000690091 0)
(1.20264 0.000837184 0)
(1.20067 0.000960711 0)
(1.19841 0.0010579 0)
(1.19572 0.00113613 0)
(1.19296 0.00118578 0)
(1.18952 0.00123044 0)
(1.18667 0.00123818 0)
(1.1821 0.00126922 0)
(1.18003 0.00124541 0)
(1.17294 0.00127448 0)
(1.17495 -0.0117105 0)
(1.17816 -0.0111237 0)
(1.18134 -0.0105001 0)
(1.18447 -0.00983874 0)
(1.18754 -0.00913851 0)
(1.19051 -0.00840141 0)
(1.19335 -0.00763155 0)
(1.19602 -0.00683395 0)
(1.19851 -0.00601441 0)
(1.20077 -0.00517967 0)
(1.20278 -0.00433745 0)
(1.20451 -0.00349637 0)
(1.20591 -0.0026657 0)
(1.20698 -0.00185509 0)
(1.20768 -0.00107435 0)
(1.208 -0.000333059 0)
(1.20792 0.00035969 0)
(1.20744 0.000995912 0)
(1.20656 0.00156844 0)
(1.20528 0.0020729 0)
(1.20364 0.00250425 0)
(1.2016 0.00286523 0)
(1.19928 0.00314933 0)
(1.19654 0.00337543 0)
(1.19374 0.00352114 0)
(1.19025 0.00364535 0)
(1.18738 0.00367339 0)
(1.18277 0.00375041 0)
(1.1807 0.0036982 0)
(1.17356 0.00376528 0)
(1.17811 -0.0191991 0)
(1.18137 -0.01822 0)
(1.18457 -0.0171807 0)
(1.18772 -0.0160797 0)
(1.1908 -0.0149153 0)
(1.19376 -0.0136912 0)
(1.19658 -0.0124146 0)
(1.19923 -0.011094 0)
(1.20167 -0.00973928 0)
(1.20387 -0.00836175 0)
(1.20581 -0.00697438 0)
(1.20744 -0.00559146 0)
(1.20875 -0.00422829 0)
(1.2097 -0.00290073 0)
(1.21028 -0.00162479 0)
(1.21047 -0.000415998 0)
(1.21026 0.000711006 0)
(1.20965 0.00174344 0)
(1.20864 0.00267004 0)
(1.20723 0.00348386 0)
(1.20546 0.00417761 0)
(1.2033 0.00475523 0)
(1.20088 0.00520852 0)
(1.19803 0.0055648 0)
(1.19516 0.00579548 0)
(1.19158 0.00598304 0)
(1.18866 0.00603074 0)
(1.18396 0.00613487 0)
(1.18189 0.00606935 0)
(1.17465 0.00615517 0)
(1.18257 -0.0264548 0)
(1.18588 -0.0250741 0)
(1.18911 -0.0236104 0)
(1.19228 -0.0220618 0)
(1.19537 -0.0204263 0)
(1.19833 -0.0187098 0)
(1.20113 -0.016923 0)
(1.20372 -0.0150784 0)
(1.20609 -0.0131902 0)
(1.20821 -0.0112747 0)
(1.21003 -0.00935002 0)
(1.21153 -0.00743644 0)
(1.21269 -0.00555518 0)
(1.21348 -0.00372815 0)
(1.21388 -0.00197726 0)
(1.21389 -0.000323586 0)
(1.21349 0.00121321 0)
(1.21268 0.00261613 0)
(1.21148 0.00387053 0)
(1.20989 0.00496753 0)
(1.20794 0.00589831 0)
(1.20561 0.00666846 0)
(1.20304 0.00726897 0)
(1.20004 0.00773545 0)
(1.19705 0.00803416 0)
(1.19335 0.00827065 0)
(1.19036 0.00832623 0)
(1.18553 0.00845061 0)
(1.18343 0.00836279 0)
(1.17604 0.00847074 0)
(1.18817 -0.0335292 0)
(1.19155 -0.0317262 0)
(1.19481 -0.0298186 0)
(1.19801 -0.0278038 0)
(1.20111 -0.0256803 0)
(1.20405 -0.0234569 0)
(1.2068 -0.0211481 0)
(1.20932 -0.018771 0)
(1.2116 -0.0163444 0)
(1.21358 -0.0138899 0)
(1.21526 -0.0114313 0)
(1.21658 -0.00899475 0)
(1.21755 -0.00660732 0)
(1.21812 -0.00429675 0)
(1.2183 -0.00209049 0)
(1.21806 -1.46418e-05 0)
(1.21742 0.00190671 0)
(1.21636 0.0036531 0)
(1.21492 0.0052073 0)
(1.21308 0.00655926 0)
(1.2109 0.00769954 0)
(1.20836 0.00863591 0)
(1.20558 0.00935957 0)
(1.20239 0.00991423 0)
(1.19924 0.0102623 0)
(1.19536 0.0105317 0)
(1.19226 0.0105817 0)
(1.18726 0.0107188 0)
(1.18512 0.0105977 0)
(1.17751 0.0107336 0)
(1.19479 -0.0404425 0)
(1.19824 -0.0381901 0)
(1.20153 -0.0358122 0)
(1.20475 -0.0333065 0)
(1.20784 -0.030672 0)
(1.21075 -0.0279211 0)
(1.21344 -0.0250733 0)
(1.21587 -0.0221505 0)
(1.21801 -0.0191768 0)
(1.21983 -0.0161793 0)
(1.22131 -0.0131877 0)
(1.22242 -0.010234 0)
(1.22313 -0.00735124 0)
(1.22344 -0.00457257 0)
(1.22333 -0.00193057 0)
(1.2228 0.000544306 0)
(1.22186 0.00282426 0)
(1.2205 0.00488615 0)
(1.21875 0.0067111 0)
(1.21661 0.00828868 0)
(1.21415 0.00960996 0)
(1.21133 0.0106851 0)
(1.2083 0.0115073 0)
(1.20487 0.012127 0)
(1.20151 0.0125058 0)
(1.1974 0.0127904 0)
(1.19415 0.0128228 0)
(1.1889 0.0129621 0)
(1.18669 0.012799 0)
(1.17877 0.0129654 0)
(1.20231 -0.04721 0)
(1.20585 -0.0444736 0)
(1.20915 -0.0415924 0)
(1.21237 -0.0385644 0)
(1.21545 -0.0353901 0)
(1.21831 -0.0320864 0)
(1.2209 -0.0286783 0)
(1.22319 -0.0251932 0)
(1.22516 -0.0216609 0)
(1.22678 -0.0181144 0)
(1.22802 -0.0145894 0)
(1.22885 -0.0111238 0)
(1.22927 -0.00775619 0)
(1.22925 -0.00452491 0)
(1.2288 -0.00146707 0)
(1.22792 0.0013832 0)
(1.2266 0.00399525 0)
(1.22488 0.00634416 0)
(1.22276 0.00841038 0)
(1.22027 0.0101839 0)
(1.21746 0.0116576 0)
(1.2143 0.012844 0)
(1.21096 0.0137402 0)
(1.20721 0.0144014 0)
(1.20358 0.0147935 0)
(1.19918 0.015074 0)
(1.19571 0.015079 0)
(1.19016 0.0152056 0)
(1.18783 0.0149954 0)
(1.1795 0.0151886 0)
(1.21065 -0.0538339 0)
(1.21426 -0.0505721 0)
(1.21756 -0.0471485 0)
(1.22077 -0.0435616 0)
(1.22382 -0.0398143 0)
(1.22659 -0.0359286 0)
(1.22905 -0.031936 0)
(1.23116 -0.0278699 0)
(1.23291 -0.0237661 0)
(1.23427 -0.0196637 0)
(1.23521 -0.0156046 0)
(1.2357 -0.0116322 0)
(1.23575 -0.00779044 0)
(1.23535 -0.00412236 0)
(1.23448 -0.000668708 0)
(1.23317 0.00253289 0)
(1.23142 0.0054502 0)
(1.22925 0.00805745 0)
(1.22669 0.0103355 0)
(1.22377 0.0122754 0)
(1.22054 0.0138731 0)
(1.21697 0.0151432 0)
(1.21323 0.0160898 0)
(1.2091 0.0167685 0)
(1.20512 0.0171577 0)
(1.20035 0.0174122 0)
(1.1966 0.0173829 0)
(1.19065 0.0174756 0)
(1.18816 0.0172177 0)
(1.17932 0.017424 0)
(1.21972 -0.0603052 0)
(1.22339 -0.0564701 0)
(1.22667 -0.0524592 0)
(1.22984 -0.0482721 0)
(1.23281 -0.0439143 0)
(1.23545 -0.0394146 0)
(1.23772 -0.0348112 0)
(1.23961 -0.030144 0)
(1.24108 -0.0254551 0)
(1.2421 -0.0207897 0)
(1.24267 -0.0161956 0)
(1.24275 -0.0117218 0)
(1.24236 -0.007417 0)
(1.24147 -0.00332837 0)
(1.24011 0.000500233 0)
(1.23828 0.00402898 0)
(1.23601 0.00722465 0)
(1.23331 0.0100615 0)
(1.23022 0.0125218 0)
(1.22677 0.0145984 0)
(1.22302 0.0162917 0)
(1.21895 0.0176179 0)
(1.21474 0.018591 0)
(1.21014 0.0192621 0)
(1.20572 0.0196325 0)
(1.20049 0.019836 0)
(1.19638 0.019768 0)
(1.18995 0.0197969 0)
(1.18724 0.0194964 0)
(1.17779 0.0196878 0)
(1.22945 -0.066601 0)
(1.23314 -0.0621379 0)
(1.23636 -0.0574893 0)
(1.23945 -0.0526558 0)
(1.24229 -0.0476469 0)
(1.24474 -0.0424986 0)
(1.24676 -0.0372565 0)
(1.24834 -0.0319672 0)
(1.24944 -0.0266791 0)
(1.25005 -0.0214435 0)
(1.25015 -0.0163139 0)
(1.24972 -0.0113446 0)
(1.24878 -0.00658863 0)
(1.24731 -0.00209645 0)
(1.24534 0.00208535 0)
(1.24289 0.00591612 0)
(1.23997 0.00936225 0)
(1.23663 0.0123988 0)
(1.23291 0.0150107 0)
(1.22883 0.017193 0)
(1.22446 0.0189523 0)
(1.21979 0.0203051 0)
(1.21499 0.0212796 0)
(1.20983 0.0219156 0)
(1.20488 0.0222505 0)
(1.19912 0.022373 0)
(1.19456 0.0222634 0)
(1.18758 0.0221885 0)
(1.18459 0.0218565 0)
(1.17448 0.0219879 0)
(1.23974 -0.0726796 0)
(1.24342 -0.0675266 0)
(1.24651 -0.0621842 0)
(1.24945 -0.0566538 0)
(1.25208 -0.0509496 0)
(1.25426 -0.0451159 0)
(1.25593 -0.0392062 0)
(1.25709 -0.0332733 0)
(1.25771 -0.027372 0)
(1.25779 -0.0215596 0)
(1.25729 -0.0158952 0)
(1.25623 -0.0104377 0)
(1.2546 -0.00524398 0)
(1.25242 -0.000367258 0)
(1.24971 0.00414399 0)
(1.2465 0.00824874 0)
(1.24282 0.0119143 0)
(1.23871 0.0151176 0)
(1.23422 0.0178472 0)
(1.22939 0.0201009 0)
(1.22429 0.0218931 0)
(1.21891 0.0232397 0)
(1.21344 0.024187 0)
(1.20762 0.0247564 0)
(1.20207 0.0250364 0)
(1.1957 0.0250427 0)
(1.19063 0.0248885 0)
(1.18306 0.0246593 0)
(1.17973 0.0243128 0)
(1.16894 0.024321 0)
(1.25047 -0.0784708 0)
(1.25405 -0.07256 0)
(1.25693 -0.0664618 0)
(1.25961 -0.0601793 0)
(1.26193 -0.0537329 0)
(1.2637 -0.0471759 0)
(1.26489 -0.0405692 0)
(1.26549 -0.0339719 0)
(1.26549 -0.0274447 0)
(1.26487 -0.0210511 0)
(1.26362 -0.0148553 0)
(1.26176 -0.00892055 0)
(1.25928 -0.00330685 0)
(1.25623 0.0019303 0)
(1.25262 0.00674172 0)
(1.24849 0.0110868 0)
(1.24389 0.014935 0)
(1.23888 0.018266 0)
(1.2335 0.0210732 0)
(1.2278 0.0233581 0)
(1.22187 0.0251444 0)
(1.2157 0.0264464 0)
(1.20946 0.0273328 0)
(1.20293 0.0277994 0)
(1.19671 0.0280008 0)
(1.18971 0.0278506 0)
(1.18408 0.0276473 0)
(1.17593 0.0272046 0)
(1.17224 0.0268659 0)
(1.16082 0.0266711 0)
(1.26143 -0.0838635 0)
(1.2648 -0.0771219 0)
(1.26733 -0.0702016 0)
(1.2696 -0.0631084 0)
(1.27144 -0.0558716 0)
(1.27264 -0.0485541 0)
(1.27316 -0.041223 0)
(1.27301 -0.0339435 0)
(1.27219 -0.0267823 0)
(1.27067 -0.0198087 0)
(1.26848 -0.0130919 0)
(1.26561 -0.00669846 0)
(1.2621 -0.000691119 0)
(1.25798 0.00487301 0)
(1.2533 0.00994557 0)
(1.2481 0.0144876 0)
(1.24244 0.0184716 0)
(1.23639 0.0218817 0)
(1.23002 0.0247175 0)
(1.22336 0.0269851 0)
(1.21652 0.028719 0)
(1.20949 0.0299316 0)
(1.20246 0.0307173 0)
(1.19519 0.03104 0)
(1.18828 0.0311345 0)
(1.18067 0.0307837 0)
(1.17447 0.0305248 0)
(1.1658 0.0298037 0)
(1.16173 0.0294991 0)
(1.14981 0.0290095 0)
(1.27229 -0.0886897 0)
(1.27525 -0.0810442 0)
(1.27723 -0.0732337 0)
(1.2789 -0.0652709 0)
(1.28003 -0.0571986 0)
(1.28042 -0.0490883 0)
(1.28004 -0.0410125 0)
(1.2789 -0.0330415 0)
(1.27701 -0.0252483 0)
(1.27437 -0.0177075 0)
(1.271 -0.0104926 0)
(1.26692 -0.00367297 0)
(1.26217 0.00268689 0)
(1.2568 0.00853016 0)
(1.25088 0.0138103 0)
(1.24447 0.0184915 0)
(1.23764 0.0225516 0)
(1.23046 0.0259801 0)
(1.22301 0.0287848 0)
(1.21535 0.0309771 0)
(1.20757 0.0326043 0)
(1.19969 0.0336759 0)
(1.19186 0.0343158 0)
(1.18389 0.0344498 0)
(1.17633 0.0344057 0)
(1.16818 0.0338091 0)
(1.16146 0.0334857 0)
(1.1524 0.0324206 0)
(1.14798 0.032179 0)
(1.13576 0.0312969 0)
(1.28248 -0.0927103 0)
(1.28477 -0.084097 0)
(1.28596 -0.0753332 0)
(1.28674 -0.0664487 0)
(1.28688 -0.0575062 0)
(1.28617 -0.0485845 0)
(1.2846 -0.0397583 0)
(1.28219 -0.0311031 0)
(1.27897 -0.0226979 0)
(1.27495 -0.0146222 0)
(1.27016 -0.00695265 0)
(1.26465 0.000240058 0)
(1.25848 0.00689096 0)
(1.25171 0.0129458 0)
(1.24443 0.0183614 0)
(1.23671 0.0231074 0)
(1.22863 0.0271686 0)
(1.22029 0.030542 0)
(1.21176 0.033245 0)
(1.20312 0.0352959 0)
(1.19445 0.0367554 0)
(1.18577 0.0376306 0)
(1.17723 0.0380762 0)
(1.16867 0.037976 0)
(1.16056 0.0377597 0)
(1.152 0.0368746 0)
(1.14487 0.0364767 0)
(1.13559 0.0350064 0)
(1.13088 0.034858 0)
(1.11863 0.033487 0)
(1.29118 -0.0956103 0)
(1.29247 -0.0859892 0)
(1.29253 -0.0762256 0)
(1.29208 -0.0663858 0)
(1.29088 -0.0565615 0)
(1.28875 -0.0468338 0)
(1.28567 -0.0372769 0)
(1.28171 -0.0279714 0)
(1.27689 -0.0190019 0)
(1.27125 -0.0104514 0)
(1.26484 -0.0023971 0)
(1.25773 0.00508834 0)
(1.25 0.0119441 0)
(1.24173 0.01812 0)
(1.23303 0.0235789 0)
(1.22398 0.0282981 0)
(1.21468 0.0322716 0)
(1.20522 0.0355057 0)
(1.1957 0.0380289 0)
(1.18617 0.0398669 0)
(1.17673 0.0410952 0)
(1.16741 0.0417176 0)
(1.15831 0.0419211 0)
(1.14931 0.0415439 0)
(1.14082 0.0411237 0)
(1.13205 0.039913 0)
(1.12465 0.039431 0)
(1.11539 0.0375035 0)
(1.11049 0.0374781 0)
(1.09851 0.0355307 0)
(1.2972 -0.0970136 0)
(1.29709 -0.0863879 0)
(1.29567 -0.0756099 0)
(1.29362 -0.064816 0)
(1.29072 -0.0541354 0)
(1.28681 -0.0436439 0)
(1.28194 -0.0334125 0)
(1.27615 -0.0235268 0)
(1.2695 -0.0140763 0)
(1.26205 -0.00514495 0)
(1.25388 0.00319018 0)
(1.24508 0.01086 0)
(1.23575 0.017809 0)
(1.22599 0.0239937 0)
(1.21591 0.029386 0)
(1.20561 0.0339734 0)
(1.19521 0.0377608 0)
(1.18479 0.0407655 0)
(1.17444 0.0430281 0)
(1.16422 0.0445821 0)
(1.15422 0.0455179 0)
(1.14446 0.0458355 0)
(1.13503 0.0457538 0)
(1.12583 0.0450634 0)
(1.11717 0.0444125 0)
(1.10842 0.0428484 0)
(1.10094 0.0422744 0)
(1.09196 0.0398514 0)
(1.087 0.0399766 0)
(1.07565 0.0373808 0)
(1.29904 -0.0965224 0)
(1.29714 -0.0849586 0)
(1.29389 -0.0732007 0)
(1.28986 -0.0615054 0)
(1.2849 -0.0500447 0)
(1.27893 -0.0388785 0)
(1.27201 -0.0280728 0)
(1.2642 -0.0177198 0)
(1.25558 -0.00791147 0)
(1.24624 0.00126982 0)
(1.23629 0.00975041 0)
(1.22582 0.0174693 0)
(1.21496 0.0243775 0)
(1.20383 0.0304421 0)
(1.19254 0.0356464 0)
(1.18121 0.0399902 0)
(1.16992 0.0434911 0)
(1.15878 0.0461778 0)
(1.14787 0.0481033 0)
(1.13724 0.0493088 0)
(1.12695 0.0498989 0)
(1.11702 0.0498683 0)
(1.10753 0.0494677 0)
(1.09839 0.0484377 0)
(1.08983 0.0475369 0)
(1.08136 0.0456033 0)
(1.07404 0.0449325 0)
(1.06561 0.0419922 0)
(1.06073 0.0422916 0)
(1.05036 0.0389956 0)
(1.29495 -0.093784 0)
(1.29092 -0.0814241 0)
(1.28557 -0.0687833 0)
(1.27923 -0.0563037 0)
(1.27195 -0.0441969 0)
(1.26373 -0.0324953 0)
(1.25463 -0.0212628 0)
(1.24473 -0.0105985 0)
(1.23413 -0.000593683 0)
(1.22296 0.00867416 0)
(1.21133 0.0171397 0)
(1.19936 0.0247509 0)
(1.1872 0.0314706 0)
(1.17495 0.0372786 0)
(1.16274 0.0421719 0)
(1.15067 0.0461634 0)
(1.13883 0.0492839 0)
(1.1273 0.0515737 0)
(1.11615 0.0530971 0)
(1.10544 0.053902 0)
(1.09518 0.0541059 0)
(1.08542 0.053697 0)
(1.07617 0.0529557 0)
(1.06739 0.0515718 0)
(1.05919 0.0504119 0)
(1.05128 0.0481049 0)
(1.04436 0.0473366 0)
(1.03676 0.0438744 0)
(1.03211 0.0443667 0)
(1.02306 0.0403421 0)
(1.2831 -0.088571 0)
(1.27677 -0.0756298 0)
(1.26918 -0.062269 0)
(1.26034 -0.0491892 0)
(1.2506 -0.0366249 0)
(1.24008 -0.0245734 0)
(1.22882 -0.0131037 0)
(1.21691 -0.00232139 0)
(1.20449 0.00768741 0)
(1.19169 0.0168555 0)
(1.17866 0.0251286 0)
(1.16551 0.0324676 0)
(1.15239 0.0388499 0)
(1.1394 0.0442699 0)
(1.12665 0.0487388 0)
(1.11424 0.0522827 0)
(1.10224 0.0549447 0)
(1.09072 0.0567753 0)
(1.07972 0.0578491 0)
(1.06928 0.0582183 0)
(1.05942 0.058012 0)
(1.05015 0.0572098 0)
(1.04145 0.05612 0)
(1.03333 0.054381 0)
(1.02578 0.0529629 0)
(1.0187 0.0502911 0)
(1.01239 0.0494289 0)
(1.00589 0.0454574 0)
(1.00161 0.0461545 0)
(0.994207 0.0413974 0)
(1.26182 -0.080855 0)
(1.25327 -0.0675962 0)
(1.24346 -0.053734 0)
(1.23208 -0.0402942 0)
(1.21994 -0.0275021 0)
(1.20725 -0.0153208 0)
(1.19403 -0.00383583 0)
(1.18037 0.00684433 0)
(1.16645 0.0166471 0)
(1.15241 0.0255195 0)
(1.13838 0.0334218 0)
(1.1245 0.040331 0)
(1.11088 0.0462403 0)
(1.09761 0.0511586 0)
(1.08479 0.0551105 0)
(1.07249 0.0581338 0)
(1.06077 0.0602821 0)
(1.04967 0.0616135 0)
(1.03921 0.0622109 0)
(1.02943 0.0621289 0)
(1.0203 0.061506 0)
(1.01185 0.0603112 0)
(1.004 0.058879 0)
(0.99683 0.0567963 0)
(0.990183 0.0551308 0)
(0.984172 0.0521141 0)
(0.978704 0.0511652 0)
(0.973521 0.0467122 0)
(0.969773 0.047619 0)
(0.964275 0.0421492 0)
(1.22983 -0.070849 0)
(1.21944 -0.0575415 0)
(1.20763 -0.043429 0)
(1.19386 -0.0299018 0)
(1.17956 -0.0171317 0)
(1.16502 -0.00506227 0)
(1.1502 0.00619502 0)
(1.13524 0.0165421 0)
(1.1203 0.0259275 0)
(1.10554 0.0343158 0)
(1.09107 0.0416854 0)
(1.077 0.0480301 0)
(1.06341 0.0533578 0)
(1.05038 0.0576899 0)
(1.03798 0.0610617 0)
(1.02626 0.0635198 0)
(1.01525 0.0651255 0)
(1.00497 0.0659422 0)
(0.99544 0.0660588 0)
(0.986655 0.0655292 0)
(0.978581 0.0645004 0)
(0.971242 0.0629284 0)
(0.964528 0.0611722 0)
(0.958546 0.058768 0)
(0.953033 0.0568743 0)
(0.948308 0.0535417 0)
(0.943865 0.0525168 0)
(0.940201 0.0476228 0)
(0.937102 0.0487369 0)
(0.933737 0.0425954 0)
(1.18648 -0.0590013 0)
(1.17491 -0.0458609 0)
(1.16149 -0.0317525 0)
(1.14564 -0.018416 0)
(1.12961 -0.00591778 0)
(1.11371 0.00578358 0)
(1.09785 0.0165649 0)
(1.08218 0.0263548 0)
(1.06686 0.0351285 0)
(1.052 0.0428717 0)
(1.0377 0.0495807 0)
(1.02401 0.0552634 0)
(1.01102 0.0599387 0)
(0.998747 0.0636364 0)
(0.987247 0.0663987 0)
(0.976543 0.0682775 0)
(0.966647 0.0693391 0)
(0.957567 0.0696492 0)
(0.949288 0.0693004 0)
(0.941807 0.0683445 0)
(0.935066 0.0669348 0)
(0.929092 0.0650133 0)
(0.923735 0.0629616 0)
(0.919154 0.0602668 0)
(0.914964 0.0581706 0)
(0.9117 0.054558 0)
(0.908437 0.0534696 0)
(0.906446 0.0481851 0)
(0.904102 0.0494971 0)
(0.903038 0.0427428 0)
(1.13181 -0.0459355 0)
(1.11999 -0.0330695 0)
(1.1054 -0.0192001 0)
(1.08795 -0.00632037 0)
(1.07079 0.00565122 0)
(1.05419 0.016732 0)
(1.038 0.0268032 0)
(1.02233 0.0358388 0)
(1.00733 0.043846 0)
(0.993058 0.0508293 0)
(0.979549 0.0567981 0)
(0.966838 0.0617685 0)
(0.954952 0.0657638 0)
(0.943915 0.0688175 0)
(0.933739 0.0709744 0)
(0.924435 0.0722887 0)
(0.915996 0.0728286 0)
(0.908418 0.0726604 0)
(0.901668 0.0718788 0)
(0.895738 0.0705313 0)
(0.89055 0.068777 0)
(0.88614 0.0665428 0)
(0.882318 0.0642313 0)
(0.879299 0.0612826 0)
(0.876578 0.0590138 0)
(0.874907 0.0551618 0)
(0.872942 0.0540234 0)
(0.872735 0.0484053 0)
(0.871232 0.0498998 0)
(0.872584 0.0426056 0)
(1.06659 -0.032355 0)
(1.0555 -0.0197227 0)
(1.04024 -0.00630871 0)
(1.0218 0.00585742 0)
(1.00428 0.0170505 0)
(0.987804 0.0272687 0)
(0.972082 0.0364289 0)
(0.957217 0.0445657 0)
(0.94327 0.0517119 0)
(0.930235 0.0578819 0)
(0.918103 0.063088 0)
(0.906876 0.0673454 0)
(0.896553 0.0706758 0)
(0.887139 0.0731112 0)
(0.878632 0.0746959 0)
(0.871029 0.0754839 0)
(0.864313 0.0755439 0)
(0.858469 0.0749409 0)
(0.853454 0.0737708 0)
(0.849256 0.0720763 0)
(0.845782 0.070021 0)
(0.843078 0.0675165 0)
(0.840917 0.064985 0)
(0.839573 0.0618226 0)
(0.838422 0.059413 0)
(0.838435 0.0553644 0)
(0.83785 0.0541894 0)
(0.839499 0.0482989 0)
(0.838896 0.0499549 0)
(0.84273 0.0422035 0)
(0.992116 -0.0189325 0)
(0.982695 -0.00635066 0)
(0.967248 0.00638042 0)
(0.948619 0.017573 0)
(0.931701 0.027742 0)
(0.916264 0.0368833 0)
(0.901894 0.0449971 0)
(0.888612 0.0521686 0)
(0.87639 0.0584358 0)
(0.865163 0.0638062 0)
(0.854891 0.068283 0)
(0.845552 0.0718718 0)
(0.837135 0.0745877 0)
(0.829635 0.076458 0)
(0.823044 0.0775251 0)
(0.817354 0.0778415 0)
(0.812542 0.0774757 0)
(0.808588 0.0764909 0)
(0.805442 0.0749839 0)
(0.803093 0.0729917 0)
(0.801433 0.0706826 0)
(0.800522 0.0679528 0)
(0.8001 0.0652425 0)
(0.800498 0.0619075 0)
(0.800976 0.059389 0)
(0.802722 0.0551872 0)
(0.803565 0.0539882 0)
(0.807104 0.0478877 0)
(0.807442 0.04968 0)
(0.813778 0.0415605 0)
(0.910024 -0.00618966 0)
(0.902982 0.00657792 0)
(0.887918 0.01831 0)
(0.870175 0.0282529 0)
(0.854978 0.0371717 0)
(0.841574 0.0451036 0)
(0.829399 0.0521394 0)
(0.818385 0.0583759 0)
(0.808433 0.0638257 0)
(0.799447 0.0684723 0)
(0.791376 0.0722993 0)
(0.7842 0.0752978 0)
(0.77791 0.0774739 0)
(0.772505 0.0788503 0)
(0.767978 0.0794672 0)
(0.764323 0.0793759 0)
(0.761514 0.078645 0)
(0.759534 0.077336 0)
(0.758325 0.0755465 0)
(0.75788 0.0733079 0)
(0.75808 0.0707928 0)
(0.759001 0.067883 0)
(0.760348 0.0650343 0)
(0.762513 0.0615677 0)
(0.764642 0.0589708 0)
(0.768136 0.0546584 0)
(0.770425 0.0534465 0)
(0.775855 0.047198 0)
(0.777152 0.0490989 0)
(0.785971 0.0407026 0)
(0.821907 0.00572421 0)
(0.817748 0.0186613 0)
(0.804002 0.0287912 0)
(0.78858 0.0371976 0)
(0.77632 0.044742 0)
(0.76588 0.0514809 0)
(0.756597 0.0575442 0)
(0.748354 0.0629808 0)
(0.74103 0.0677502 0)
(0.734542 0.0718015 0)
(0.728862 0.0750946 0)
(0.723988 0.0776064 0)
(0.719929 0.0793358 0)
(0.716694 0.0803023 0)
(0.714288 0.0805457 0)
(0.712708 0.0801175 0)
(0.711931 0.0790869 0)
(0.71194 0.0775142 0)
(0.712678 0.0754984 0)
(0.714141 0.0730654 0)
(0.716198 0.0703921 0)
(0.718946 0.0673466 0)
(0.722054 0.0643991 0)
(0.725976 0.0608398 0)
(0.729745 0.0581939 0)
(0.734973 0.053811 0)
(0.738698 0.0525967 0)
(0.745992 0.0462584 0)
(0.748251 0.0482408 0)
(0.759498 0.0396563 0)
(0.729333 0.0173253 0)
(0.728193 0.0293965 0)
(0.71754 0.036819 0)
(0.70627 0.0435251 0)
(0.698087 0.0498212 0)
(0.691316 0.0556106 0)
(0.685362 0.0609651 0)
(0.680146 0.06584 0)
(0.675597 0.0701345 0)
(0.671689 0.0737646 0)
(0.668441 0.0766714 0)
(0.665884 0.0788226 0)
(0.664053 0.0802143 0)
(0.662975 0.0808665 0)
(0.662667 0.0808211 0)
(0.663131 0.0801313 0)
(0.664352 0.078869 0)
(0.666314 0.0770938 0)
(0.668959 0.0749068 0)
(0.672287 0.0723292 0)
(0.676162 0.0695425 0)
(0.680695 0.066402 0)
(0.685525 0.0633915 0)
(0.691164 0.0597738 0)
(0.696537 0.0571051 0)
(0.703457 0.0526859 0)
(0.708588 0.0514787 0)
(0.717697 0.0451014 0)
(0.720905 0.0471391 0)
(0.734498 0.0384497 0)
(0.632757 0.0293624 0)
(0.635472 0.037471 0)
(0.631097 0.0415793 0)
(0.625993 0.0470302 0)
(0.62265 0.0525561 0)
(0.619844 0.0578334 0)
(0.61731 0.0628259 0)
(0.61511 0.0674016 0)
(0.613279 0.0714219 0)
(0.611874 0.0747855 0)
(0.610971 0.0774261 0)
(0.610643 0.0793117 0)
(0.61095 0.080442 0)
(0.611942 0.0808425 0)
(0.613643 0.0805606 0)
(0.616068 0.0796541 0)
(0.619202 0.0781987 0)
(0.623036 0.0762552 0)
(0.627509 0.0739275 0)
(0.632629 0.0712329 0)
(0.638249 0.0683577 0)
(0.644498 0.065146 0)
(0.650985 0.0620923 0)
(0.658278 0.0584397 0)
(0.665197 0.0557607 0)
(0.673749 0.0513352 0)
(0.680239 0.0501306 0)
(0.691095 0.0437693 0)
(0.695225 0.0458167 0)
(0.711063 0.0371179 0)
(0.541916 0.0295739 1.15638e-20)
(0.557014 0.0396735 -5.56945e-21)
(0.561369 0.0441458 -2.25954e-21)
(0.562326 0.0496506 -3.91615e-21)
(0.563022 0.0549508 5.45441e-21)
(0.563383 0.0600344 -5.14069e-21)
(0.563534 0.0648249 -2.56564e-21)
(0.563686 0.0691597 2.18089e-21)
(0.563971 0.0729082 4.96621e-21)
(0.56452 0.0759768 9.2464e-23)
(0.565451 0.0783089 -2.97866e-21)
(0.566869 0.0798831 -8.76788e-22)
(0.568856 0.0807097 1.22506e-21)
(0.571473 0.080823 -4.31955e-22)
(0.574755 0.0802771 -2.57707e-22)
(0.57872 0.0791344 3.66598e-22)
(0.583358 0.0774737 1.39935e-21)
(0.588661 0.0753567 1.59034e-22)
(0.594569 0.0728868 -3.51406e-22)
(0.601092 0.0700803 -5.37132e-22)
(0.608078 0.06712 2.65695e-22)
(0.615668 0.0638505 -2.74201e-22)
(0.623447 0.0607557 6.37745e-23)
(0.632028 0.0570918 5.52779e-23)
(0.640147 0.054394 1.80646e-22)
(0.649966 0.0500046 -8.90017e-23)
(0.657498 0.0487685 -8.82019e-24)
(0.669711 0.0425018 2.90078e-24)
(0.674526 0.0444744 -7.41587e-25)
(0.692118 0.0358827 8.08757e-24)
(0.471715 0.0244628 6.43862e-21)
(0.488242 0.0379982 -8.90118e-21)
(0.498429 0.0441132 4.31309e-21)
(0.504419 0.05014 2.61257e-21)
(0.508806 0.0556057 -1.96725e-21)
(0.512179 0.0606999 4.5684e-21)
(0.51494 0.0654037 -6.70426e-21)
(0.517418 0.0695801 1.01244e-21)
(0.51983 0.0731246 2.99457e-21)
(0.522361 0.0759643 -4.79632e-21)
(0.525169 0.0780595 2.84272e-21)
(0.52838 0.0794028 -2.74121e-21)
(0.532092 0.0800147 2.36213e-21)
(0.536375 0.0799367 4.48406e-22)
(0.541269 0.0792272 4.25376e-22)
(0.546794 0.0779504 -1.4581e-21)
(0.552941 0.0761846 1.65659e-21)
(0.559703 0.0739911 -5.29291e-22)
(0.567017 0.0714691 3.87128e-22)
(0.574896 0.0686357 -4.52131e-22)
(0.583181 0.0656638 -1.645e-23)
(0.592023 0.062407 1.02289e-22)
(0.600987 0.059324 1.01414e-22)
(0.610722 0.0557068 2.20382e-24)
(0.619894 0.0530203 -1.71161e-22)
(0.630791 0.0487176 1.88941e-23)
(0.639195 0.0474558 -9.29542e-24)
(0.652499 0.0413342 2.40723e-23)
(0.657841 0.0432121 -7.33016e-24)
(0.67679 0.0347671 -6.37503e-24)
(0.410266 0.0197079 -1.36154e-21)
(0.425145 0.0345461 1.01659e-20)
(0.438603 0.0423081 4.18669e-22)
(0.448223 0.0491194 -2.53623e-21)
(0.455646 0.0550125 4.91503e-21)
(0.461663 0.0603036 1.37703e-21)
(0.466789 0.0650517 -4.13261e-21)
(0.471424 0.0691705 4.23885e-23)
(0.475846 0.0725927 -6.2751e-21)
(0.480281 0.0752724 7.10129e-21)
(0.484912 0.0771907 -4.57516e-21)
(0.489883 0.0783564 2.50057e-21)
(0.495302 0.0788018 -1.55121e-21)
(0.501244 0.0785762 -2.32888e-22)
(0.50775 0.0777426 -2.52492e-22)
(0.514843 0.0763677 -1.65804e-22)
(0.52251 0.0745295 -2.13115e-22)
(0.530745 0.0722893 1.33006e-21)
(0.539483 0.0697422 1.3888e-22)
(0.548737 0.0669069 -3.47468e-22)
(0.558344 0.0639457 2.05836e-22)
(0.568461 0.0607234 -2.65266e-22)
(0.578634 0.0576705 4.21376e-23)
(0.589548 0.0541204 2.03175e-22)
(0.5998 0.0514589 -4.77335e-23)
(0.611802 0.0472654 2.31545e-23)
(0.621107 0.0459831 -7.18667e-23)
(0.635527 0.0400381 1.09342e-24)
(0.641435 0.041811 1.42447e-23)
(0.661757 0.0335497 -1.70591e-23)
(0.355029 0.0161459 -8.34023e-21)
(0.367539 0.0309495 8.04474e-21)
(0.38248 0.0396562 -9.7293e-21)
(0.394417 0.0471605 9.58356e-21)
(0.404128 0.0535493 -2.19172e-21)
(0.412326 0.0591259 -3.81628e-21)
(0.419505 0.0639983 4.36118e-21)
(0.426081 0.0681287 -4.41633e-21)
(0.432358 0.0714879 4.66638e-21)
(0.438586 0.0740587 5.54893e-22)
(0.444963 0.0758449 -1.55157e-21)
(0.45164 0.0768724 -4.53726e-21)
(0.458729 0.0771861 3.3508e-21)
(0.466306 0.0768437 -7.07224e-22)
(0.47441 0.0759135 -1.01293e-21)
(0.483063 0.074465 -9.96883e-23)
(0.492249 0.0725765 4.00248e-23)
(0.501961 0.0703096 9.95364e-22)
(0.51213 0.067756 -8.95039e-22)
(0.522769 0.0649357 -5.45825e-23)
(0.533708 0.0620016 5.22558e-22)
(0.545114 0.0588285 -8.72549e-23)
(0.556512 0.0558206 -2.71906e-23)
(0.56862 0.0523508 4.06918e-24)
(0.579972 0.0497279 -9.03638e-23)
(0.593096 0.0456568 4.56481e-24)
(0.603326 0.0443642 2.41507e-23)
(0.618879 0.0386143 -8.35339e-24)
(0.625382 0.0402814 3.24397e-23)
(0.647085 0.0322324 1.6597e-23)
(0.304798 0.0131043 3.36486e-22)
(0.315026 0.0273522 9.19775e-21)
(0.330268 0.0365043 -9.02204e-22)
(0.34344 0.0445208 -5.57335e-21)
(0.354711 0.0513719 -5.12493e-22)
(0.364597 0.0572538 -6.27644e-24)
(0.37348 0.0622865 1.77142e-21)
(0.381746 0.0664677 -5.2099e-21)
(0.389697 0.0698021 3.9483e-21)
(0.397585 0.0723005 1.93827e-21)
(0.405608 0.0739892 -3.16524e-21)
(0.413918 0.0749117 2.8496e-21)
(0.422623 0.0751252 1.87325e-23)
(0.431794 0.0746961 -9.70151e-22)
(0.441469 0.0736977 -1.38037e-21)
(0.451661 0.0722026 7.70388e-22)
(0.462353 0.0702893 9.46034e-22)
(0.473533 0.0680198 -1.15246e-21)
(0.485128 0.0654823 3.07567e-22)
(0.49715 0.0626983 -3.11809e-23)
(0.509423 0.0598113 1.75441e-22)
(0.522121 0.0567062 8.27841e-23)
(0.534749 0.0537614 9.42244e-23)
(0.548059 0.0503887 -7.41528e-23)
(0.56052 0.0478202 -2.87419e-23)
(0.574776 0.0438875 -2.89326e-23)
(0.585945 0.0425959 5.19351e-23)
(0.602636 0.0370614 1.7634e-23)
(0.609761 0.0386229 -2.71745e-23)
(0.632843 0.0308177 -4.70927e-23)
(0.258883 0.0103834 6.25824e-21)
(0.267183 0.0237766 -7.01834e-21)
(0.281984 0.0330462 1.47596e-21)
(0.295562 0.0413926 2.69991e-21)
(0.307748 0.0486193 -5.21055e-21)
(0.318837 0.0547788 5.1089e-22)
(0.329064 0.0599733 1.37088e-22)
(0.338754 0.0642206 -4.52252e-21)
(0.348179 0.0675519 6.98741e-21)
(0.357575 0.0700029 -7.31407e-21)
(0.367129 0.0716212 2.64747e-21)
(0.376983 0.0724667 2.63161e-21)
(0.387235 0.0726085 -1.72616e-22)
(0.397949 0.0721211 -1.49152e-22)
(0.409151 0.0710825 -6.38836e-22)
(0.42085 0.0695681 -5.81151e-22)
(0.433022 0.0676562 -7.39315e-23)
(0.445649 0.0654092 8.52665e-22)
(0.458653 0.0629118 -7.98218e-22)
(0.472046 0.0601867 5.0291e-22)
(0.485643 0.0573685 -3.65635e-22)
(0.499625 0.0543515 3.70597e-22)
(0.51348 0.0514889 1.51326e-22)
(0.527988 0.0482313 -4.37389e-23)
(0.541557 0.0457337 3.33494e-23)
(0.556943 0.0419568 -1.59611e-23)
(0.569058 0.0406776 -2.12e-23)
(0.586884 0.0353805 -1.7511e-23)
(0.594647 0.0368358 -8.62366e-24)
(0.619096 0.029309 5.00512e-23)
(0.216891 0.00794909 -4.38307e-21)
(0.223627 0.0203238 3.37789e-21)
(0.237542 0.0294699 -7.40797e-21)
(0.250926 0.0379645 -1.72079e-21)
(0.26349 0.0454446 -1.69759e-21)
(0.27534 0.0518165 3.22063e-21)
(0.286565 0.0571439 3.99087e-21)
(0.297411 0.0614501 -7.71706e-21)
(0.308104 0.0647839 2.00689e-21)
(0.318848 0.0672011 5.5653e-21)
(0.329807 0.0687677 -1.04588e-21)
(0.341104 0.0695583 -2.01105e-21)
(0.352822 0.0696524 1.12258e-21)
(0.36501 0.0691319 -1.76365e-21)
(0.377686 0.0680787 -4.02244e-22)
(0.390846 0.0665702 1.00215e-21)
(0.404459 0.0646846 -2.21966e-22)
(0.4185 0.062484 -1.88594e-22)
(0.432885 0.0600499 1.76346e-22)
(0.447625 0.0574056 8.09527e-23)
(0.462525 0.0546772 1.34689e-22)
(0.477773 0.0517681 -5.88395e-22)
(0.492838 0.0490065 4.72245e-23)
(0.50853 0.0458819 -5.603e-23)
(0.523199 0.0434712 -4.9283e-24)
(0.539703 0.0398673 9.07838e-23)
(0.55276 0.038612 -1.1309e-23)
(0.571708 0.0335738 2.17771e-23)
(0.580119 0.0349229 9.68893e-24)
(0.605911 0.02771 -6.79666e-23)
(0.178574 0.00577204 -1.307e-20)
(0.18404 0.0170653 1.15094e-21)
(0.196811 0.02592 1.46604e-20)
(0.209591 0.0343927 -1.14557e-20)
(0.222112 0.041986 -3.08323e-22)
(0.234341 0.0484787 1.04611e-20)
(0.246248 0.0538853 -7.65883e-21)
(0.257996 0.0582231 2.65067e-21)
(0.269752 0.0615495 -2.10413e-21)
(0.281679 0.0639351 3.30442e-21)
(0.293909 0.0654604 -3.46795e-22)
(0.30654 0.0662117 4.95799e-22)
(0.319632 0.0662775 6.58274e-22)
(0.333219 0.0657454 -1.11349e-21)
(0.347301 0.0647003 1.40657e-21)
(0.361865 0.0632209 -1.88666e-21)
(0.376868 0.0613849 9.76889e-22)
(0.392279 0.0592534 2.79256e-23)
(0.408006 0.0569045 6.08152e-23)
(0.424055 0.0543623 3.9394e-24)
(0.440227 0.0517438 -8.11828e-23)
(0.456712 0.0489619 -2.16616e-22)
(0.472961 0.0463195 -1.64705e-22)
(0.489812 0.0433452 -9.42487e-23)
(0.505559 0.0410374 2.27208e-22)
(0.52316 0.0376233 -7.85456e-23)
(0.537146 0.0364033 -9.86662e-23)
(0.557193 0.0316448 -5.08776e-24)
(0.566251 0.032888 -2.9933e-23)
(0.593352 0.0260251 7.57585e-23)
(0.143757 0.00384342 -1.95089e-22)
(0.148165 0.0140461 -9.10205e-21)
(0.159652 0.022495 3.41325e-21)
(0.171563 0.0307951 1.02089e-20)
(0.183728 0.0383577 -1.27062e-20)
(0.196025 0.0448639 6.88583e-21)
(0.208339 0.0502781 -1.16157e-21)
(0.220756 0.0546037 3.51318e-21)
(0.233381 0.0578996 -3.71544e-21)
(0.24633 0.0602453 2.57883e-21)
(0.259695 0.0617314 -2.014e-21)
(0.273544 0.0624531 -1.39502e-21)
(0.287912 0.0625054 -3.53574e-22)
(0.30281 0.0619797 -1.00301e-21)
(0.318223 0.0609628 1.09474e-21)
(0.334122 0.0595336 -9.11604e-22)
(0.350454 0.0577686 -5.66472e-22)
(0.367178 0.0557277 1.86628e-22)
(0.384195 0.053485 -6.92258e-23)
(0.401507 0.051065 -2.05852e-22)
(0.418906 0.0485762 -7.5004e-23)
(0.436586 0.04594 5.31801e-22)
(0.453983 0.0434346 -2.64789e-23)
(0.471958 0.0406276 4.74853e-23)
(0.488752 0.0384382 -1.7178e-22)
(0.507417 0.0352299 1.26398e-23)
(0.52231 0.0340567 2.2853e-23)
(0.54342 0.0295978 6.28483e-24)
(0.553118 0.0307356 -6.50398e-24)
(0.581483 0.0242587 -2.10107e-23)
(0.112293 0.00217219 7.94442e-21)
(0.115796 0.0113025 -1.17464e-20)
(0.125937 0.0192633 6.38123e-21)
(0.136825 0.0272587 2.84126e-21)
(0.148413 0.0346513 -9.64817e-21)
(0.160537 0.041057 7.06164e-21)
(0.17303 0.0463956 -4.72448e-21)
(0.18591 0.0506531 -2.64321e-22)
(0.199227 0.0538846 1.15796e-21)
(0.213044 0.0561731 -6.36523e-22)
(0.227411 0.0576152 1.97261e-21)
(0.24236 0.0583114 -1.70455e-21)
(0.257899 0.0583604 -9.11455e-22)
(0.274014 0.0578556 2.42959e-21)
(0.290672 0.0568842 -5.5132e-22)
(0.307828 0.0555242 1.24529e-22)
(0.325416 0.0538498 -2.76075e-24)
(0.343386 0.0519195 -5.37286e-22)
(0.36163 0.0498028 7.10144e-22)
(0.380146 0.0475244 2.24322e-22)
(0.398718 0.0451839 -4.90843e-22)
(0.417541 0.0427113 1.96729e-22)
(0.436037 0.0403601 -7.34297e-23)
(0.455089 0.0377364 -5.10816e-23)
(0.472889 0.0356806 -1.22386e-22)
(0.492575 0.0326936 5.79238e-24)
(0.508341 0.0315785 -4.11382e-23)
(0.53047 0.027438 9.55674e-24)
(0.540793 0.0284714 5.61961e-23)
(0.570364 0.0224161 1.79666e-23)
(0.0840568 0.000772194 -3.87622e-21)
(0.0867634 0.00886274 -1.68634e-21)
(0.0955545 0.0162717 4.63492e-21)
(0.105345 0.0238465 2.20708e-21)
(0.116213 0.0309384 -1.43333e-21)
(0.12799 0.0371291 3.71081e-22)
(0.140481 0.0423026 9.66328e-22)
(0.153655 0.0464281 -1.89351e-21)
(0.167505 0.0495534 1.91082e-21)
(0.182047 0.0517605 -7.00541e-22)
(0.197286 0.0531478 -6.92199e-22)
(0.213218 0.0538176 6.82164e-22)
(0.229819 0.0538696 7.18683e-23)
(0.247051 0.0533971 5.16493e-22)
(0.264861 0.0524857 -1.22971e-21)
(0.283186 0.0512116 4.31182e-22)
(0.301948 0.0496458 -1.8361e-22)
(0.321087 0.0478442 -2.25122e-22)
(0.340485 0.045872 4.77933e-22)
(0.360135 0.0437533 1.39044e-22)
(0.379813 0.0415788 8.14692e-23)
(0.399717 0.0392866 2.43789e-22)
(0.419252 0.0371058 -3.26259e-22)
(0.439323 0.034681 -5.36125e-23)
(0.458077 0.032773 1.2529e-22)
(0.478731 0.0300221 4.97071e-23)
(0.495329 0.0289759 6.74169e-23)
(0.518422 0.0251718 -8.19086e-24)
(0.529345 0.0261017 -3.81685e-23)
(0.560053 0.0205027 6.3913e-23)
(0.0589368 -0.000340029 2.68191e-21)
(0.0609305 0.00674413 -4.00612e-21)
(0.0684098 0.0135484 -1.50803e-21)
(0.0770875 0.0206007 7.89699e-22)
(0.0871616 0.0272722 2.10599e-21)
(0.0984745 0.033137 -1.6985e-21)
(0.11083 0.0380547 -5.65805e-22)
(0.124159 0.0419803 2.13603e-21)
(0.138408 0.0449524 7.00126e-22)
(0.153545 0.0470489 -1.46279e-21)
(0.169534 0.048366 5.94441e-22)
(0.186332 0.0490046 -1.17167e-21)
(0.203886 0.0490625 1.17501e-21)
(0.222131 0.0486304 -7.84294e-22)
(0.240992 0.0477912 5.54946e-22)
(0.260391 0.0466173 -2.86459e-22)
(0.280236 0.045176 4.22511e-23)
(0.300455 0.0435199 -4.05925e-22)
(0.320924 0.0417091 2.20692e-22)
(0.341627 0.0397667 -1.37618e-22)
(0.362335 0.0377746 8.78506e-23)
(0.383246 0.0356786 -7.48736e-23)
(0.403751 0.0336834 8.7731e-24)
(0.424774 0.031472 8.30058e-23)
(0.44442 0.0297254 -9.55756e-23)
(0.465978 0.0272243 -4.88566e-23)
(0.483355 0.0262573 -1.36643e-23)
(0.507348 0.0228063 1.26873e-23)
(0.518838 0.0236339 1.05688e-23)
(0.550605 0.0185243 -4.46649e-23)
(0.0368359 -0.00114985 -2.88613e-21)
(0.0381836 0.00495224 6.29558e-22)
(0.0444261 0.0111051 -2.23959e-22)
(0.0520223 0.0175462 1.45311e-21)
(0.0612797 0.0236893 -2.79805e-23)
(0.072065 0.0291242 -3.25686e-21)
(0.0841953 0.0336978 2.0019e-21)
(0.0975736 0.0373548 1.48553e-21)
(0.112109 0.0401245 -1.16697e-21)
(0.127727 0.042078 -1.89057e-22)
(0.144351 0.0433065 -2.56514e-21)
(0.161903 0.0439059 1.25933e-21)
(0.180298 0.0439697 -7.63622e-22)
(0.199448 0.0435839 6.21537e-22)
(0.219255 0.0428264 1.15542e-21)
(0.239626 0.0417652 -2.9319e-22)
(0.260454 0.0404623 -5.13843e-22)
(0.281658 0.0389665 3.82413e-22)
(0.303103 0.0373323 -7.89641e-23)
(0.32477 0.0355816 -4.76494e-23)
(0.346421 0.0337869 -5.28972e-23)
(0.368255 0.0319016 -5.46375e-23)
(0.389651 0.0301061 1.42545e-22)
(0.411548 0.0281215 -8.16574e-23)
(0.432014 0.0265488 1.07346e-22)
(0.454403 0.0243102 4.12106e-23)
(0.472499 0.0234322 4.98666e-23)
(0.497318 0.0203494 -1.49708e-25)
(0.509333 0.0210759 -1.77743e-23)
(0.542071 0.0164869 -4.47127e-23)
(0.0176706 -0.00168143 -9.52647e-23)
(0.0184286 0.00349087 1.6072e-21)
(0.0235436 0.00894116 -2.68777e-21)
(0.030124 0.0146927 2.81346e-21)
(0.0385854 0.0202118 -9.86347e-22)
(0.0488233 0.0251221 -1.17068e-21)
(0.0606757 0.0292684 2.96831e-21)
(0.0740287 0.0325903 -7.59248e-22)
(0.088761 0.0351086 -2.23738e-21)
(0.10476 0.0368859 1.40611e-21)
(0.121914 0.0380054 -7.55878e-22)
(0.140112 0.0385559 -7.49301e-22)
(0.159239 0.0386234 6.68814e-22)
(0.179182 0.0382875 9.18021e-22)
(0.199826 0.0376193 -8.87578e-22)
(0.22106 0.036681 4.14886e-22)
(0.242764 0.0355286 2.87844e-24)
(0.264848 0.0342063 -4.63879e-22)
(0.287168 0.0327623 2.01357e-22)
(0.3097 0.0312167 5.58512e-24)
(0.332198 0.029633 2.74143e-22)
(0.354862 0.0279715 6.48146e-23)
(0.37706 0.0263885 -1.68503e-23)
(0.399743 0.0246428 1.26022e-22)
(0.420949 0.0232554 7.49231e-24)
(0.444087 0.021291 1.71181e-23)
(0.462831 0.0205107 -5.05415e-23)
(0.488394 0.01781 -9.20705e-24)
(0.500887 0.0184366 8.82182e-24)
(0.534496 0.014397 1.46368e-23)
(0.00136487 -0.00206965 -1.59744e-21)
(0.00160303 0.00239084 -3.46697e-22)
(0.00571227 0.00705023 6.68091e-22)
(0.0113732 0.0120375 1.71898e-21)
(0.0190947 0.0168494 -3.51522e-21)
(0.0288019 0.0211508 1.69615e-21)
(0.0403576 0.0247945 2.53871e-22)
(0.0536377 0.0277196 1.1446e-21)
(0.0684974 0.0299397 -1.05447e-21)
(0.0847932 0.0315082 5.45273e-23)
(0.102382 0.0324982 3.81482e-22)
(0.121121 0.0329886 2.07592e-22)
(0.140871 0.0330564 -6.68069e-22)
(0.161496 0.0327722 -3.87438e-22)
(0.182863 0.0321993 5.30919e-22)
(0.204846 0.0313924 -1.17653e-22)
(0.227313 0.0304007 -2.40529e-23)
(0.250165 0.0292629 -1.85276e-23)
(0.27325 0.028021 -5.38179e-23)
(0.296539 0.0266927 -7.79165e-23)
(0.31978 0.0253319 -1.85672e-22)
(0.343173 0.0239058 1.71389e-22)
(0.366075 0.0225465 -2.54688e-23)
(0.38945 0.0210505 -8.53606e-23)
(0.411306 0.0198586 -6.07969e-23)
(0.435101 0.0181784 -1.73646e-23)
(0.454418 0.017504 -4.16855e-23)
(0.480634 0.0151975 -2.33995e-24)
(0.49355 0.0157255 -1.64853e-23)
(0.527923 0.012261 -4.16698e-24)
(-0.0121655 -0.00218408 -5.36074e-21)
(-0.0122882 0.00156167 1.86304e-21)
(-0.00912453 0.00540768 -2.09353e-21)
(-0.00424496 0.00956719 2.39567e-22)
(0.00282266 0.0136012 1.21873e-21)
(0.0120458 0.0172212 -1.25136e-21)
(0.0233136 0.020296 4.83092e-22)
(0.0364971 0.0227692 6.69746e-22)
(0.0514336 0.0246487 -1.1854e-22)
(0.0679549 0.0259781 -1.86324e-22)
(0.0858901 0.0268189 1.35047e-22)
(0.105072 0.0272384 2.36629e-22)
(0.125337 0.0273022 -1.34329e-22)
(0.146532 0.0270704 1.56437e-22)
(0.168505 0.0265969 -1.38443e-22)
(0.191118 0.0259282 2.91483e-22)
(0.214231 0.0251057 5.53977e-23)
(0.237732 0.024162 -2.16919e-22)
(0.261466 0.0231322 -1.14749e-22)
(0.285398 0.0220313 -2.17412e-22)
(0.30927 0.0209037 1.37152e-22)
(0.333281 0.019723 -1.54318e-22)
(0.356782 0.0185972 2.42372e-23)
(0.380746 0.0173601 2.08231e-24)
(0.403155 0.0163726 -2.58382e-24)
(0.427511 0.0149856 -1.84878e-24)
(0.447316 0.0144239 4.05014e-23)
(0.474087 0.0125222 6.04757e-24)
(0.487366 0.0129525 2.58383e-23)
(0.522388 0.0100858 -1.51258e-23)
(-0.0229429 -0.00193223 3.01534e-21)
(-0.0233566 0.000932634 -1.34665e-21)
(-0.0209704 0.00397087 1.38959e-21)
(-0.0167357 0.00725916 -1.51262e-21)
(-0.010216 0.0104576 1.70804e-21)
(-0.00140679 0.0133361 1.58063e-22)
(0.00960468 0.0157868 -2.20385e-21)
(0.0226873 0.017761 6.74712e-22)
(0.037666 0.0192631 9.46574e-22)
(0.0543529 0.0203268 -6.81013e-22)
(0.0725556 0.0210008 2.26738e-22)
(0.0920855 0.0213392 -6.34486e-22)
(0.112761 0.0213944 1.6546e-22)
(0.134411 0.021215 7.62192e-22)
(0.156872 0.0208441 -7.12324e-22)
(0.179994 0.0203188 2.30171e-22)
(0.203627 0.0196722 3.67567e-23)
(0.227655 0.0189304 9.61884e-23)
(0.251915 0.0181209 1.19964e-22)
(0.276368 0.0172558 1.59361e-23)
(0.300753 0.0163699 -7.90037e-23)
(0.325268 0.0154428 2.99327e-23)
(0.349257 0.0145586 -7.40998e-24)
(0.373699 0.0135883 3.69849e-23)
(0.39656 0.0128124 5.90783e-24)
(0.421372 0.0117259 1.74773e-23)
(0.441574 0.0112828 7.33255e-24)
(0.468797 0.00979453 -2.25766e-24)
(0.482373 0.0101282 -7.32722e-24)
(0.517922 0.00787825 3.05427e-23)
(-0.0309942 -0.00150001 -2.17983e-21)
(-0.0316403 0.000509178 1.54046e-21)
(-0.0298411 0.00270681 -8.16833e-22)
(-0.0261025 0.00508486 1.69843e-21)
(-0.0200081 0.00740209 -4.5022e-22)
(-0.0115245 0.00949219 -2.02728e-21)
(-0.000720347 0.0112747 1.06349e-21)
(0.012273 0.0127124 -4.76284e-23)
(0.027272 0.0138074 3.01607e-24)
(0.0440745 0.0145834 1.20861e-23)
(0.0624718 0.015076 2.16373e-22)
(0.0822592 0.0153244 2.3472e-22)
(0.103241 0.0153671 -2.95595e-22)
(0.125232 0.0152396 2.10615e-22)
(0.14806 0.0149734 -8.77842e-24)
(0.171566 0.0145955 1.13588e-22)
(0.195594 0.01413 -2.54822e-22)
(0.22002 0.0135959 5.18707e-23)
(0.244679 0.0130131 -1.14125e-22)
(0.269528 0.0123904 1.80199e-22)
(0.294302 0.0117529 7.47232e-23)
(0.319199 0.011086 -2.9455e-23)
(0.343558 0.0104498 3.6435e-23)
(0.368364 0.00975229 -7.84954e-23)
(0.391568 0.00919392 1.8191e-23)
(0.416727 0.00841362 -2.06246e-23)
(0.437232 0.0080938 -1.03624e-24)
(0.464799 0.00702578 -1.96084e-24)
(0.4786 0.00726351 -7.50636e-24)
(0.51455 0.00564546 -7.3192e-24)
(-0.036347 -0.000951197 -1.74232e-22)
(-0.0371538 0.000241691 -5.84437e-22)
(-0.0357489 0.0015716 1.35157e-21)
(-0.032347 0.00301007 -3.78511e-22)
(-0.0265429 0.00441348 -5.42118e-23)
(-0.0182834 0.00568119 7.03648e-22)
(-0.00762445 0.00676355 -8.22004e-22)
(0.00530286 0.00763733 6.90748e-22)
(0.02031 0.00830323 -3.12838e-22)
(0.0371855 0.0087755 1.62184e-22)
(0.0557096 0.00907562 7.34034e-23)
(0.0756668 0.00922744 1.27389e-23)
(0.0968514 0.00925446 -5.48413e-23)
(0.119071 0.00917824 -3.09238e-22)
(0.142144 0.00901799 -9.99541e-24)
(0.165908 0.0087902 4.66728e-23)
(0.190199 0.00850949 1.15304e-22)
(0.214893 0.00818734 1.78372e-23)
(0.23982 0.00783581 -4.09792e-23)
(0.264935 0.00746033 -1.22803e-23)
(0.289971 0.00707585 -2.51682e-23)
(0.315125 0.00667383 -1.35396e-23)
(0.339733 0.00629028 5.75798e-24)
(0.364784 0.00587 1.01869e-23)
(0.388219 0.00553329 6.48651e-24)
(0.413611 0.00506343 3.76426e-24)
(0.43432 0.00487019 -8.31755e-24)
(0.462119 0.0042274 5.4416e-25)
(0.476073 0.00436981 1.70066e-24)
(0.512291 0.00339455 -1.08491e-23)
(-0.0390193 -0.000325961 -2.1912e-22)
(-0.0399078 6.97655e-05 2.65443e-22)
(-0.0387011 0.00051506 -3.12136e-25)
(-0.0354694 0.000996485 -1.3735e-22)
(-0.0298123 0.00146646 -6.65263e-23)
(-0.021667 0.00189131 3.18485e-23)
(-0.0110828 0.00225425 -5.06108e-23)
(0.00180964 0.00254738 7.36621e-23)
(0.0168192 0.00277085 -1.71742e-22)
(0.0337299 0.00292939 3.43455e-23)
(0.0523165 0.0030302 -1.24248e-22)
(0.0723582 0.00308128 1.31918e-22)
(0.0936441 0.00309052 -4.80825e-23)
(0.115977 0.00306516 -2.59877e-23)
(0.139173 0.00301166 -1.05659e-23)
(0.163066 0.00293556 -1.53436e-23)
(0.18749 0.00284174 2.94394e-23)
(0.212319 0.00273408 -6.79401e-23)
(0.23738 0.00261659 3.33641e-23)
(0.262628 0.00249111 -3.75382e-26)
(0.287796 0.00236263 -2.01114e-23)
(0.31308 0.00222831 5.43356e-25)
(0.337813 0.00210015 -1.86584e-23)
(0.362987 0.00195976 1.95389e-24)
(0.386538 0.00184724 -9.77291e-24)
(0.412048 0.00169035 3.77377e-24)
(0.432859 0.00162572 5.51098e-24)
(0.460774 0.00141113 3.49207e-25)
(0.474805 0.00145857 5.02099e-24)
(0.511158 0.00113275 9.28676e-24)
)
;

boundaryField
{
    inlet
    {
        type            uniformFixedValue;
        uniformValue    constant (1 0 0);
        value           nonuniform 0();
    }
    outlet
    {
        type            pressureInletOutletVelocity;
        value           nonuniform List<vector> 
50
(
(0.692118 0.0358827 8.08757e-24)
(0.67679 0.0347671 -6.37503e-24)
(0.661757 0.0335497 -1.70591e-23)
(0.647085 0.0322324 1.6597e-23)
(0.632843 0.0308177 -4.70927e-23)
(0.619096 0.029309 5.00512e-23)
(0.605911 0.02771 -6.79666e-23)
(0.593352 0.0260251 7.57585e-23)
(0.581483 0.0242587 -2.10107e-23)
(0.570364 0.0224161 1.79666e-23)
(0.560053 0.0205027 6.3913e-23)
(0.550605 0.0185243 -4.46649e-23)
(0.542071 0.0164869 -4.47127e-23)
(0.534496 0.014397 1.46368e-23)
(0.527923 0.012261 -4.16698e-24)
(0.522388 0.0100858 -1.51258e-23)
(0.517922 0.00787825 3.05427e-23)
(0.51455 0.00564546 -7.3192e-24)
(0.512291 0.00339455 -1.08491e-23)
(0.511158 0.00113275 9.28676e-24)
(1.17294 0.00127448 0)
(1.17356 0.00376528 0)
(1.17465 0.00615517 0)
(1.17604 0.00847074 0)
(1.17751 0.0107336 0)
(1.17877 0.0129654 0)
(1.1795 0.0151886 0)
(1.17932 0.017424 0)
(1.17779 0.0196878 0)
(1.17448 0.0219879 0)
(1.16894 0.024321 0)
(1.16082 0.0266711 0)
(1.14981 0.0290095 0)
(1.13576 0.0312969 0)
(1.11863 0.033487 0)
(1.09851 0.0355307 0)
(1.07565 0.0373808 0)
(1.05036 0.0389956 0)
(1.02306 0.0403421 0)
(0.994207 0.0413974 0)
(0.964275 0.0421492 0)
(0.933737 0.0425954 0)
(0.903038 0.0427428 0)
(0.872584 0.0426056 0)
(0.84273 0.0422035 0)
(0.813778 0.0415605 0)
(0.785971 0.0407026 0)
(0.759498 0.0396563 0)
(0.734498 0.0384497 0)
(0.711063 0.0371179 0)
)
;
    }
    cylinder
    {
        type            fixedValue;
        value           uniform (0 0 0);
    }
    top
    {
        type            symmetryPlane;
    }
    bottom
    {
        type            symmetryPlane;
    }
    defaultFaces
    {
        type            empty;
    }
    procBoundary1to0
    {
        type            processor;
        value           nonuniform List<vector> 
50
(
(1.12537 -0.116385 8.53407e-21)
(0.99854 -0.0762677 -2.22685e-20)
(0.99854 -0.0762677 -2.22685e-20)
(0.844565 -0.033785 3.32424e-20)
(0.844565 -0.033785 3.32424e-20)
(0.554411 0.0193761 -1.8606e-20)
(0.677648 0.00199422 -5.5935e-20)
(0.677648 0.00199422 -5.5935e-20)
(0.395913 0.0374346 4.29061e-21)
(0.395913 0.0374346 4.29061e-21)
(0.257402 0.0427306 1.59756e-20)
(0.257402 0.0427306 1.59756e-20)
(0.145345 0.0372282 -4.11549e-21)
(0.145345 0.0372282 -4.11549e-21)
(0.0630652 0.0244392 -9.30906e-21)
(0.0522266 0.0212406 2.89857e-20)
(0.0522266 0.0212406 2.89857e-20)
(0.00967151 0.00530267 6.60721e-21)
(0.00967151 0.00530267 6.60721e-21)
(1.15346 -0.00456405 -1.81014e-23)
(1.15481 -0.0134514 -7.28968e-24)
(1.15723 -0.0220783 8.1464e-23)
(1.16061 -0.0305124 -2.00697e-24)
(1.16482 -0.038829 -8.61368e-23)
(1.16977 -0.0470815 6.05916e-24)
(1.17538 -0.0553139 2.95518e-24)
(1.18157 -0.0635613 6.24758e-24)
(1.18829 -0.0718509 -4.44408e-24)
(1.19549 -0.0802043 -6.77578e-23)
(1.20313 -0.0886373 4.86884e-23)
(1.20313 -0.0886373 4.86884e-23)
(1.20784 -0.0983422 -2.31685e-22)
(1.21601 -0.107146 -1.62787e-22)
(1.22453 -0.116065 3.71843e-24)
(1.23336 -0.125087 3.12687e-22)
(1.24248 -0.134182 5.9509e-22)
(1.25182 -0.143292 8.61568e-22)
(1.26127 -0.152316 -1.35425e-21)
(1.27064 -0.161091 2.82428e-22)
(1.27966 -0.16938 -9.53886e-22)
(1.28786 -0.176854 7.01712e-22)
(1.29462 -0.183093 -1.69447e-21)
(1.29911 -0.187602 9.06659e-22)
(1.30032 -0.189854 1.82732e-21)
(1.29711 -0.189344 -6.67854e-22)
(1.28831 -0.185658 -1.25251e-21)
(1.27293 -0.178598 4.24279e-22)
(1.25017 -0.168133 9.85633e-22)
(1.21942 -0.153888 -3.68324e-21)
(1.18089 -0.136185 -2.07118e-21)
)
;
    }
    procBoundary1to3
    {
        type            processor;
        value           nonuniform List<vector> 
41
(
(-0.0153855 0.00174084 1.49052e-21)
(-0.0213845 0.00163091 -1.43298e-21)
(-0.0267514 0.00139415 -7.92143e-22)
(-0.0311272 0.00109191 1.39431e-21)
(-0.0343767 0.000781647 1.77566e-21)
(-0.0365507 0.000510954 -2.95036e-22)
(-0.0377511 0.000323038 8.82419e-22)
(-0.000760242 -0.00060125 -3.61909e-22)
(-0.0038423 -0.0013099 1.15872e-21)
(-0.00929053 -0.00165786 1.42781e-21)
(-0.00929053 -0.00165786 1.42781e-21)
(-0.0390193 0.000325977 1.59001e-22)
(-0.0399078 -6.97476e-05 -3.78642e-22)
(-0.0387011 -0.000515041 2.92267e-23)
(-0.0354694 -0.000996463 1.65119e-22)
(-0.0298123 -0.00146644 -2.07833e-24)
(-0.021667 -0.00189129 2.69394e-23)
(-0.0110828 -0.00225423 2.24888e-23)
(0.00180964 -0.00254736 -1.64557e-22)
(0.0168192 -0.00277083 6.24212e-23)
(0.0337299 -0.00292937 -1.47222e-22)
(0.0523165 -0.00303018 1.28104e-22)
(0.0723582 -0.00308127 -1.35234e-22)
(0.0936441 -0.00309052 4.53445e-23)
(0.115977 -0.00306517 2.69306e-23)
(0.139173 -0.00301168 -5.31968e-23)
(0.163066 -0.00293558 -3.75985e-23)
(0.18749 -0.00284178 -2.97826e-23)
(0.212319 -0.00273413 1.04951e-23)
(0.23738 -0.00261665 1.15774e-23)
(0.262628 -0.00249118 5.86783e-24)
(0.287796 -0.0023627 -3.35898e-23)
(0.31308 -0.00222838 4.55171e-24)
(0.337813 -0.00210022 -1.36724e-23)
(0.362987 -0.00195983 5.48865e-24)
(0.386538 -0.0018473 -1.08147e-23)
(0.412048 -0.00169039 2.37077e-24)
(0.432859 -0.00162573 6.26321e-24)
(0.460774 -0.00141112 -3.81906e-25)
(0.474805 -0.00145852 4.99007e-24)
(0.511158 -0.00113268 9.27477e-24)
)
;
    }
}


// ************************************************************************* //
