/*--------------------------------*- C++ -*----------------------------------*\
  =========                 |
  \\      /  F ield         | OpenFOAM: The Open Source CFD Toolbox
   \\    /   O peration     | Website:  https://openfoam.org
    \\  /    A nd           | Version:  7
     \\/     M anipulation  |
\*---------------------------------------------------------------------------*/
FoamFile
{
    version     2.0;
    format      ascii;
    class       volVectorField;
    location    "340";
    object      U;
}
// * * * * * * * * * * * * * * * * * * * * * * * * * * * * * * * * * * * * * //

dimensions      [0 1 -1 0 0 0 0];

internalField   nonuniform List<vector> 
2125
(
(1.41246 -0.117901 -1.16284e-20)
(1.41006 -0.114416 -3.3545e-20)
(1.414 -0.104001 -5.68152e-21)
(1.34737 -0.0962109 2.33316e-20)
(1.39926 -0.0999474 -2.68286e-21)
(1.41302 -0.0901552 2.8452e-20)
(0.967623 -0.0424052 6.57709e-20)
(1.17527 -0.0656992 -1.37213e-19)
(1.31127 -0.0797207 2.78772e-20)
(1.38258 -0.0856258 -2.16309e-20)
(1.40866 -0.0763303 -3.01005e-20)
(0.616563 -0.00787921 1.35924e-20)
(0.878726 -0.0282077 -1.11211e-19)
(1.10456 -0.049549 7.52915e-20)
(1.26512 -0.0637841 -5.84968e-20)
(1.35858 -0.0715338 5.79946e-20)
(1.39975 -0.0625253 -2.60076e-21)
(0.298262 0.00247984 -5.24303e-22)
(0.526767 -0.00257017 4.52547e-20)
(0.783898 -0.0169398 2.4945e-21)
(1.02322 -0.0352256 -6.06231e-20)
(1.20772 -0.0487071 -1.78435e-21)
(1.32562 -0.0578405 -2.53293e-20)
(1.38491 -0.0487225 2.98647e-20)
(0.0903189 -0.00666346 8.52831e-21)
(0.235531 -0.000918056 2.40346e-20)
(0.440175 -0.000746141 -4.07793e-20)
(0.68551 -0.00902303 9.53445e-20)
(0.932047 -0.0232669 -4.59566e-22)
(1.13815 -0.0349075 -8.0309e-21)
(1.28209 -0.0448143 -4.96965e-20)
(1.3621 -0.0350557 -6.75757e-21)
(0.0582244 -0.0131014 6.62895e-21)
(0.179614 -0.00620858 -1.72873e-20)
(0.35889 -0.00220259 -2.0147e-20)
(0.586493 -0.00480149 -1.31252e-20)
(0.832759 -0.0142733 -9.40994e-21)
(1.05612 -0.0229302 1.17723e-20)
(1.22629 -0.0328726 4.79156e-20)
(1.32973 -0.0216034 3.53888e-20)
(-0.0179602 -0.0222303 3.67314e-20)
(0.0314104 -0.0198765 -8.44659e-20)
(0.130854 -0.0130272 4.70415e-20)
(0.284641 -0.00664978 4.07316e-20)
(0.490067 -0.00449024 -1.02671e-19)
(0.728162 -0.00886887 2.79263e-20)
(0.962233 -0.0134341 -1.45551e-21)
(1.15734 -0.0226292 2.04964e-20)
(1.2841 -0.00882814 -3.96499e-20)
(-0.0214862 -0.0163144 1.03658e-19)
(-0.0259803 -0.0268344 -2.8613e-20)
(0.00958534 -0.0268957 4.14356e-20)
(0.0893605 -0.0211545 2.58617e-20)
(0.218709 -0.0138057 -1.43576e-20)
(0.399384 -0.00815116 3.31719e-20)
(0.622038 -0.00762107 -1.37316e-20)
(0.858449 -0.00722496 7.72244e-20)
(1.0745 -0.01474 -1.25166e-19)
(1.22581 0.00252398 -4.27461e-20)
(-0.0213296 -0.0172242 -3.05025e-20)
(-0.0316316 -0.0311147 1.14192e-19)
(-0.00761515 -0.0342008 -8.95609e-20)
(0.0550428 -0.0305229 -2.65473e-21)
(0.161926 -0.0234671 -4.09934e-20)
(0.317181 -0.0157098 4.44154e-20)
(0.518812 -0.0109328 4.79379e-20)
(0.748124 -0.0051241 -2.39017e-20)
(0.979377 -0.0104781 2.04977e-20)
(1.14706 0.0120283 2.46958e-20)
(-0.0206697 -0.0178963 6.26783e-21)
(-0.0352962 -0.0352457 -3.14412e-20)
(-0.0206302 -0.0419403 3.87628e-20)
(0.0276214 -0.0411819 -3.62072e-20)
(0.11468 -0.0355218 -4.37186e-20)
(0.245537 -0.0269973 -1.94133e-20)
(0.422912 -0.0189101 -7.25676e-20)
(0.635951 -0.00825141 4.4475e-20)
(0.875847 -0.00923885 8.28094e-20)
(1.04972 0.0116647 -2.7332e-20)
(-0.0196913 -0.0184481 1.94584e-20)
(-0.0373807 -0.0394542 1.49216e-20)
(-0.0299684 -0.0503262 -3.58183e-21)
(0.00661771 -0.0532359 -6.26983e-20)
(0.0769101 -0.0499005 6.45859e-20)
(0.185711 -0.0417767 7.17113e-20)
(0.337954 -0.0313752 2.46921e-20)
(0.528802 -0.0179427 -3.71492e-21)
(0.760671 -0.00871495 -8.81816e-20)
(0.972593 0.00271388 2.76637e-20)
(-0.0185846 -0.0190392 -5.87391e-20)
(-0.0382802 -0.0439842 -7.3599e-21)
(-0.0362033 -0.0595704 1.54973e-20)
(-0.00865211 -0.0667704 4.82369e-21)
(0.0480866 -0.0664992 1.95253e-20)
(0.138034 -0.0597215 -1.15187e-19)
(0.266316 -0.0480396 6.86847e-20)
(0.433003 -0.0338917 -8.28289e-20)
(0.641555 -0.013317 6.06888e-20)
(0.886618 -0.00243445 7.59606e-20)
(-0.01751 -0.0198426 2.59202e-20)
(-0.0383635 -0.0490711 -1.64091e-20)
(-0.0399516 -0.0698353 7.26384e-21)
(-0.0190519 -0.0817893 -3.41365e-20)
(0.0272282 -0.0851066 4.63875e-21)
(0.101882 -0.0803708 -8.95361e-21)
(0.208952 -0.0684614 -4.30741e-20)
(0.352477 -0.0545629 2.26722e-20)
(0.528594 -0.0257136 4.62582e-20)
(0.790641 -0.00878957 -6.94519e-20)
(-0.016573 -0.0210057 -3.60207e-20)
(-0.0379575 -0.0549189 -5.23952e-20)
(-0.0418311 -0.0811994 4.09763e-20)
(-0.0255604 -0.0981764 3.91143e-20)
(0.0129929 -0.105363 -9.52386e-20)
(0.0757914 -0.103091 9.35656e-20)
(0.165291 -0.0918747 -1.04356e-19)
(0.288189 -0.0782302 2.93377e-20)
(0.430584 -0.0456844 -3.1493e-20)
(0.688671 -0.0198774 -5.28937e-20)
(-0.0158409 -0.0226343 1.84545e-20)
(-0.0373223 -0.0616556 4.21697e-20)
(-0.0424023 -0.0936416 1.0684e-20)
(-0.029173 -0.115686 1.12634e-20)
(0.00384618 -0.126761 -7.56397e-22)
(0.0577242 -0.127088 1.66685e-20)
(0.133422 -0.117182 3.21373e-20)
(0.23873 -0.10346 6.19337e-20)
(0.352271 -0.0711214 -6.17411e-20)
(0.588116 -0.0362001 2.38527e-20)
(-0.0153372 -0.0248039 -4.56162e-20)
(-0.0366195 -0.06932 1.00154e-21)
(-0.0421277 -0.107033 1.43852e-20)
(-0.0308028 -0.133961 -2.52989e-20)
(-0.00173598 -0.148688 4.88528e-20)
(0.0454372 -0.151473 -1.15049e-19)
(0.110596 -0.143125 6.12471e-20)
(0.201263 -0.12912 -5.76367e-20)
(0.293429 -0.0991119 1.13352e-19)
(0.496888 -0.0573553 3.07608e-20)
(-0.0150363 -0.0275402 2.37661e-20)
(-0.0359201 -0.0778662 -4.81353e-20)
(-0.0413474 -0.121152 -1.4352e-20)
(-0.0312045 -0.152563 2.08454e-20)
(-0.00509202 -0.170486 3.48348e-20)
(0.0368381 -0.175374 5.25088e-21)
(0.0938675 -0.168508 -2.06496e-20)
(0.172412 -0.154264 4.83346e-20)
(0.250137 -0.127008 -2.8423e-20)
(0.419414 -0.0819988 -3.55461e-21)
(-0.0148765 -0.0308202 6.60622e-20)
(-0.035217 -0.087166 1.79539e-20)
(-0.040277 -0.135699 3.3961e-21)
(-0.0309409 -0.171015 -4.64741e-20)
(-0.0072731 -0.191519 4.12757e-20)
(0.0302219 -0.198018 1.33073e-20)
(0.0806319 -0.192364 6.90077e-21)
(0.148991 -0.178088 -1.49856e-20)
(0.217097 -0.15311 1.86957e-20)
(0.355994 -0.108387 3.21638e-20)
(-0.0147751 -0.0345772 -4.97386e-20)
(-0.0344464 -0.0970186 2.70367e-20)
(-0.0390259 -0.150321 -2.87386e-21)
(-0.0303903 -0.188834 6.68983e-20)
(-0.00902107 -0.211214 -7.26393e-20)
(0.0243625 -0.218787 2.39599e-20)
(0.0689301 -0.214015 -1.49253e-20)
(0.12845 -0.199961 -1.36228e-20)
(0.189559 -0.176687 -4.26834e-20)
(0.303954 -0.134753 1.65693e-20)
(-0.0146411 -0.0387078 2.12645e-20)
(-0.0335139 -0.107164 -5.37575e-20)
(-0.0376285 -0.16463 -2.99458e-20)
(-0.0297795 -0.205557 -4.65905e-20)
(-0.0108044 -0.229092 1.24021e-20)
(0.0184837 -0.23723 -4.09113e-21)
(0.0574949 -0.233056 -3.89445e-20)
(0.109037 -0.219481 -8.46409e-21)
(0.164195 -0.197625 -6.87271e-22)
(0.259523 -0.159765 2.00975e-20)
(-0.0143873 -0.0430796 3.8499e-20)
(-0.032319 -0.117299 3.76012e-21)
(-0.0360762 -0.178225 1.6139e-20)
(-0.0292273 -0.220763 7.06067e-20)
(-0.0128805 -0.244777 6.98118e-20)
(0.0121662 -0.253055 -1.2155e-20)
(0.0456395 -0.249295 3.14694e-20)
(0.0897244 -0.236457 -2.09808e-20)
(0.13909 -0.216055 -1.28082e-20)
(0.219359 -0.182644 -2.94832e-20)
(-0.0139394 -0.0475388 -5.02729e-20)
(-0.0307755 -0.127097 4.15284e-20)
(-0.034346 -0.190713 2.08698e-20)
(-0.028784 -0.234085 -4.01332e-20)
(-0.0153595 -0.257993 -4.52966e-20)
(0.00524216 -0.266097 1.46187e-20)
(0.0330895 -0.262681 1.33784e-21)
(0.0700268 -0.250837 6.44188e-20)
(0.113386 -0.23213 3.94889e-20)
(0.181176 -0.203043 -1.70662e-20)
(-0.013242 -0.051918 2.75587e-20)
(-0.0288254 -0.136221 -1.1994e-20)
(-0.03242 -0.20173 -4.27357e-20)
(-0.0284616 -0.245223 1.81216e-20)
(-0.0182569 -0.268553 -7.60292e-22)
(-0.00229352 -0.276288 -5.96523e-20)
(0.0198316 -0.273243 -3.35047e-21)
(0.0498163 -0.262641 -6.01506e-20)
(0.0868412 -0.245921 -2.79235e-20)
(0.14366 -0.220863 4.8295e-20)
(-0.0122625 -0.0560446 -3.40549e-20)
(-0.0264463 -0.144348 -2.99687e-21)
(-0.0302969 -0.210951 -2.09162e-21)
(-0.0282545 -0.253947 -3.855e-20)
(-0.0215304 -0.276355 5.74504e-21)
(-0.0103477 -0.283629 3.66102e-20)
(0.0060032 -0.281044 -1.95563e-20)
(0.0291788 -0.271902 3.19139e-20)
(0.0595476 -0.257412 1.46834e-20)
(0.106225 -0.236043 -1.75007e-20)
(-0.0109925 -0.0597484 2.14516e-20)
(-0.0236534 -0.151178 4.0671e-20)
(-0.0279962 -0.218109 -9.05936e-21)
(-0.0281512 -0.2601 1.8727e-20)
(-0.0251047 -0.28136 1.24754e-20)
(-0.01877 -0.28817 -3.09039e-20)
(-0.00817348 -0.28616 7.66772e-21)
(0.0083309 -0.278637 -8.52852e-21)
(0.0317869 -0.266521 1.14022e-20)
(0.0687772 -0.248491 -2.31259e-20)
(-0.00944764 -0.0628703 -6.90516e-21)
(-0.020498 -0.156455 -2.64624e-20)
(-0.0255594 -0.223002 3.67351e-20)
(-0.0281407 -0.263596 -1.85108e-20)
(-0.0288877 -0.283594 8.64817e-21)
(-0.0273788 -0.289993 2.60775e-20)
(-0.022428 -0.28867 -2.25356e-20)
(-0.0124222 -0.282855 -5.8419e-21)
(0.00397715 -0.273147 4.37314e-22)
(0.0315877 -0.25809 2.79883e-20)
(-0.00766563 -0.0652694 -2.09434e-21)
(-0.0170628 -0.159972 -7.95548e-21)
(-0.0230467 -0.225499 -3.2477e-20)
(-0.0282162 -0.264417 6.33653e-21)
(-0.0327809 -0.28313 5.23198e-21)
(-0.0359776 -0.28921 -2.11671e-21)
(-0.0364636 -0.288663 -4.5458e-22)
(-0.032711 -0.284568 -9.02595e-21)
(-0.0233437 -0.277206 1.29983e-20)
(-0.00478819 -0.264724 8.97404e-21)
(-0.00570351 -0.0668292 5.44819e-21)
(-0.0134564 -0.161583 9.67125e-21)
(-0.0205339 -0.22554 2.44592e-20)
(-0.0283762 -0.262604 -1.25612e-20)
(-0.0366886 -0.280088 -1.0875e-20)
(-0.0443694 -0.285962 -3.83979e-22)
(-0.0499732 -0.286248 2.13308e-20)
(-0.0521203 -0.28382 1.02582e-20)
(-0.0495301 -0.278636 -9.18497e-21)
(-0.0396033 -0.268343 -1.06813e-20)
(-0.00363511 -0.0674614 -8.9069e-22)
(-0.00980762 -0.161208 1.92183e-21)
(-0.0181044 -0.223127 -4.63726e-21)
(-0.0286265 -0.258264 3.30606e-21)
(-0.0405265 -0.274627 2.88409e-21)
(-0.0523682 -0.28042 2.06191e-21)
(-0.0626562 -0.28157 -4.24711e-21)
(-0.0702023 -0.280699 -1.75366e-20)
(-0.0738916 -0.277458 -2.80081e-21)
(-0.0720105 -0.269098 5.69398e-21)
(-0.00154695 -0.0671129 1.38705e-21)
(-0.00625305 -0.158822 -3.4671e-21)
(-0.0158528 -0.218327 -2.7857e-21)
(-0.0289868 -0.251549 1.95758e-21)
(-0.0442215 -0.266946 -2.70187e-21)
(-0.0598097 -0.272789 -1.29031e-21)
(-0.0742355 -0.274812 1.37214e-21)
(-0.0865287 -0.275358 6.86965e-21)
(-0.095801 -0.273807 -2.45274e-21)
(-0.101027 -0.267148 2.5738e-21)
(1.09001 -0.00113081 -1.46013e-22)
(1.09042 -0.00106297 3.82762e-22)
(1.0908 -0.000994486 -3.77266e-22)
(1.09115 -0.000925357 1.21477e-22)
(1.09147 -0.000855594 2.94837e-22)
(1.09176 -0.000785216 3.15042e-25)
(1.09203 -0.00071428 -1.38952e-22)
(1.09227 -0.000642811 -2.2382e-22)
(1.09248 -0.00057093 1.4692e-22)
(1.09266 -0.000498624 -6.28794e-23)
(1.09283 -0.000425928 4.54305e-23)
(1.09125 -0.003348 -1.11708e-22)
(1.09167 -0.00313662 -3.07965e-23)
(1.09207 -0.0029244 8.45037e-23)
(1.09243 -0.00271142 1.90121e-22)
(1.09277 -0.00249779 -1.60876e-23)
(1.09307 -0.00228361 -4.78378e-23)
(1.09335 -0.00206903 -6.14568e-23)
(1.0936 -0.00185414 1.99638e-22)
(1.09383 -0.0016391 5.10425e-23)
(1.09402 -0.00142413 -5.05203e-23)
(1.0942 -0.00120829 -8.31758e-23)
(1.09355 -0.00547218 -1.91202e-22)
(1.094 -0.00511862 1.30588e-23)
(1.09442 -0.00476381 2.09761e-23)
(1.09481 -0.00440786 4.25409e-22)
(1.09517 -0.00405092 -5.65723e-22)
(1.09551 -0.00369311 1.53265e-22)
(1.09581 -0.00333462 1.57658e-22)
(1.09609 -0.00297568 9.03771e-23)
(1.09634 -0.0026162 -8.68767e-23)
(1.09656 -0.00225736 -7.95594e-24)
(1.09678 -0.00189516 4.85864e-24)
(1.09681 -0.00757183 2.27994e-22)
(1.09731 -0.00706806 -1.40078e-22)
(1.09777 -0.00656231 3.70354e-22)
(1.0982 -0.00605474 -1.52463e-22)
(1.09861 -0.00554553 -7.49001e-23)
(1.09898 -0.00503492 -3.86664e-22)
(1.09933 -0.00452304 1.54715e-23)
(1.09964 -0.00401048 1.22199e-23)
(1.09993 -0.00349638 1.16391e-22)
(1.10019 -0.00298425 -9.23242e-23)
(1.10046 -0.00246339 1.34424e-22)
(1.10097 -0.00964502 1.8721e-22)
(1.10152 -0.00898087 -1.40843e-22)
(1.10204 -0.00831369 -8.55102e-23)
(1.10253 -0.00764369 -5.34604e-23)
(1.10299 -0.00697103 1.85341e-22)
(1.10341 -0.00629608 2.85131e-22)
(1.10381 -0.00561877 -3.19823e-25)
(1.10418 -0.00494028 2.30525e-22)
(1.10453 -0.00425824 -8.20556e-23)
(1.10484 -0.00358026 4.97774e-22)
(1.10519 -0.00288414 -2.45182e-22)
(1.10595 -0.0117328 -1.92394e-22)
(1.10657 -0.0108951 2.35857e-22)
(1.10716 -0.0100527 -1.71185e-22)
(1.10772 -0.00920605 -5.14878e-22)
(1.10825 -0.0083551 5.21372e-23)
(1.10875 -0.00750037 -3.62761e-22)
(1.10922 -0.00664146 1.7907e-22)
(1.10965 -0.00578046 5.89988e-22)
(1.11007 -0.00491251 -8.47863e-23)
(1.11045 -0.00405162 -5.17337e-22)
(1.11089 -0.00315802 -1.65045e-22)
(1.11171 -0.0138556 4.67438e-23)
(1.11242 -0.0128286 -1.83803e-22)
(1.1131 -0.0117948 5.41843e-22)
(1.11374 -0.0107544 2.52882e-22)
(1.11436 -0.00970743 1.05884e-22)
(1.11494 -0.00865461 1.74853e-22)
(1.1155 -0.00759491 -4.70979e-22)
(1.11602 -0.00653178 -9.0086e-22)
(1.11653 -0.00545668 -3.81866e-22)
(1.11699 -0.00439288 2.20095e-23)
(1.11756 -0.00327573 8.49609e-23)
(1.11821 -0.0160429 3.59734e-22)
(1.11902 -0.014809 2.75562e-22)
(1.11981 -0.0135653 3.33796e-22)
(1.12056 -0.0123121 -6.64351e-22)
(1.12128 -0.0110493 7.73482e-22)
(1.12197 -0.00977771 -2.11897e-22)
(1.12263 -0.00849543 7.1657e-22)
(1.12326 -0.00720793 -3.9507e-22)
(1.12387 -0.00590129 6.21188e-22)
(1.12444 -0.00461179 8.39552e-22)
(1.12515 -0.00324062 3.21361e-22)
(1.12542 -0.0183232 3.10307e-22)
(1.12636 -0.0168628 2.69699e-23)
(1.12727 -0.0153889 -1.02482e-21)
(1.12814 -0.0139018 3.55857e-22)
(1.12899 -0.012401 -1.45963e-22)
(1.12981 -0.0108876 -1.01465e-22)
(1.13059 -0.00935851 5.64143e-22)
(1.13134 -0.0078218 -5.38327e-23)
(1.13209 -0.00625631 -6.16723e-22)
(1.13279 -0.00471521 -1.25053e-21)
(1.13368 -0.00305664 1.16689e-22)
(1.13332 -0.020725 -5.28402e-22)
(1.1344 -0.0190175 1.72252e-22)
(1.13546 -0.0172919 1.26983e-21)
(1.13648 -0.0155484 7.97375e-22)
(1.13748 -0.0137861 -9.19489e-22)
(1.13844 -0.0120066 -4.26911e-22)
(1.13938 -0.010205 -4.57392e-22)
(1.14028 -0.00839299 2.61676e-22)
(1.14118 -0.00654007 4.83844e-22)
(1.14204 -0.00472029 7.31564e-22)
(1.14313 -0.00274042 -2.49658e-22)
(1.14188 -0.0232774 1.11434e-22)
(1.14314 -0.0213009 -1.41967e-21)
(1.14436 -0.0193009 -6.16586e-24)
(1.14556 -0.0172776 -1.12391e-21)
(1.14673 -0.0152293 6.97018e-22)
(1.14786 -0.0131584 1.03737e-21)
(1.14898 -0.0110576 -1.4862e-22)
(1.15005 -0.00894312 -7.6785e-22)
(1.15114 -0.00677291 -3.89185e-22)
(1.15218 -0.00464674 4.53777e-22)
(1.15353 -0.00230948 -4.12475e-22)
(1.14961 -0.0282471 7.014e-22)
(1.1511 -0.0260081 9.36629e-22)
(1.15255 -0.0237402 -3.43265e-23)
(1.15397 -0.0214424 -1.64335e-21)
(1.15537 -0.0191149 -9.02245e-22)
(1.15673 -0.0167553 -7.64803e-22)
(1.15807 -0.0143669 1.24031e-21)
(1.15938 -0.0119391 1.69117e-21)
(1.16067 -0.00949433 6.22626e-22)
(1.16197 -0.00697579 6.02887e-23)
(1.16323 -0.00451466 -7.72214e-22)
(1.16486 -0.00178271 1.66356e-21)
(1.15924 -0.0314898 -4.319e-22)
(1.16095 -0.0289431 -1.84049e-21)
(1.16262 -0.0263607 2.99934e-22)
(1.16427 -0.0237412 6.81997e-22)
(1.16589 -0.0210848 6.87198e-22)
(1.16748 -0.018388 -8.80278e-22)
(1.16905 -0.0156554 -1.64674e-21)
(1.1706 -0.0128726 -3.48189e-22)
(1.17211 -0.0100694 7.79968e-22)
(1.17367 -0.00717112 1.68724e-21)
(1.17518 -0.00434628 -4.93238e-22)
(1.17714 -0.00118259 -2.30424e-21)
(1.16947 -0.0349832 1.19228e-21)
(1.17142 -0.0321059 3.58099e-22)
(1.17335 -0.0291855 7.33237e-22)
(1.17525 -0.02622 -1.3947e-22)
(1.17712 -0.0232096 -8.84278e-22)
(1.17897 -0.0201496 6.74713e-23)
(1.18079 -0.0170463 -2.5409e-22)
(1.18261 -0.0138802 -1.4961e-21)
(1.18439 -0.0106905 -2.64706e-21)
(1.18623 -0.00738136 -3.51808e-21)
(1.18803 -0.00416432 3.56363e-21)
(1.19037 -0.000532883 7.30042e-23)
(1.18027 -0.0387465 1.76137e-21)
(1.1825 -0.0355157 -6.90885e-22)
(1.18471 -0.0322335 -5.89131e-22)
(1.18689 -0.0288976 1.55065e-22)
(1.18904 -0.0255083 9.31974e-22)
(1.19118 -0.0220592 1.77554e-21)
(1.1933 -0.0185588 -1.11248e-21)
(1.19541 -0.0149819 2.04148e-21)
(1.1975 -0.0113784 -7.93416e-22)
(1.19966 -0.007628 -9.43051e-22)
(1.20178 -0.003991 -3.99025e-21)
(1.20456 0.000142066 -8.32108e-22)
(1.19164 -0.0427945 -1.3805e-21)
(1.19418 -0.0391865 1.14789e-21)
(1.19669 -0.0355187 2.02859e-21)
(1.19918 -0.0317878 1.11052e-21)
(1.20165 -0.0279947 -6.44761e-22)
(1.20411 -0.0241308 -2.69389e-21)
(1.20655 -0.0202077 4.27315e-21)
(1.20899 -0.016193 -1.16478e-21)
(1.21141 -0.0121496 2.64592e-21)
(1.21394 -0.00792953 -1.94792e-21)
(1.21642 -0.00384636 2.72059e-21)
(1.21968 0.000818639 2.51373e-21)
(1.20356 -0.0471366 -2.07117e-22)
(1.20643 -0.0431278 -1.51331e-21)
(1.20928 -0.0390504 -1.9485e-21)
(1.21211 -0.0349005 3.9424e-22)
(1.21492 -0.0306792 3.3291e-21)
(1.21773 -0.0263758 -1.91074e-21)
(1.22052 -0.0220051 4.396e-22)
(1.22333 -0.0175266 -6.28882e-21)
(1.22612 -0.0130182 -9.72784e-22)
(1.22905 -0.00830185 4.45146e-21)
(1.23193 -0.00374794 7.22701e-23)
(1.23574 0.00147454 -5.15921e-21)
(1.21601 -0.0517703 9.14289e-23)
(1.21924 -0.0473367 5.78401e-22)
(1.22245 -0.0428259 2.01644e-21)
(1.22564 -0.0382327 -1.54868e-21)
(1.22883 -0.0335598 -3.51172e-21)
(1.23201 -0.0287935 1.72819e-21)
(1.23519 -0.0239528 1.34175e-21)
(1.23841 -0.0189879 9.20376e-21)
(1.24159 -0.0139929 5.13225e-22)
(1.24496 -0.00875715 -4.47264e-21)
(1.24828 -0.00371051 7.83098e-22)
(1.25269 0.00208911 -1.13127e-21)
(1.22896 -0.0566943 -3.82531e-22)
(1.23258 -0.0518111 3.77458e-22)
(1.23618 -0.0468425 -4.78976e-22)
(1.23977 -0.0417817 2.44415e-21)
(1.24335 -0.0366333 6.6091e-21)
(1.24694 -0.0313798 6.77931e-21)
(1.25053 -0.0260472 -1.02758e-20)
(1.25418 -0.0205744 1.55995e-21)
(1.2578 -0.0150752 5.4655e-21)
(1.26166 -0.00930322 1.11201e-20)
(1.26545 -0.00374822 -1.80711e-21)
(1.27053 0.00264028 2.67764e-21)
(1.24242 -0.0618908 1.44256e-21)
(1.24644 -0.0565322 9.18963e-22)
(1.25045 -0.0510822 -3.22801e-21)
(1.25445 -0.0455311 -2.05827e-21)
(1.25846 -0.0398872 -2.56386e-21)
(1.26248 -0.0341254 5.71617e-22)
(1.26651 -0.028282 6.06534e-21)
(1.27062 -0.0222792 -5.24406e-21)
(1.2747 -0.0162595 -2.74758e-21)
(1.2791 -0.00993433 -1.18541e-20)
(1.28341 -0.00386232 3.46672e-21)
(1.28923 0.00311937 1.29766e-20)
(1.25634 -0.0673298 2.77695e-21)
(1.26079 -0.0614691 -8.121e-22)
(1.26523 -0.0555135 1.90586e-21)
(1.26967 -0.0494484 1.08556e-21)
(1.27413 -0.0432921 -7.1499e-21)
(1.27861 -0.0370058 -1.32714e-20)
(1.28312 -0.0306461 9.44683e-21)
(1.28773 -0.024101 8.21833e-22)
(1.29233 -0.0175576 -5.49693e-21)
(1.29728 -0.0106604 1.14601e-20)
(1.30215 -0.00406663 6.21986e-21)
(1.30877 0.00352077 -3.51001e-21)
(1.27075 -0.0729851 -8.68781e-22)
(1.27563 -0.0665942 -1.72232e-21)
(1.28053 -0.0601079 -1.24951e-21)
(1.28541 -0.0535021 -2.21774e-21)
(1.29035 -0.046812 -4.46416e-21)
(1.29529 -0.039975 6.37792e-21)
(1.30034 -0.0330918 -1.71724e-20)
(1.30546 -0.0259908 -9.77509e-21)
(1.31067 -0.0189447 5.08801e-21)
(1.3162 -0.011467 -1.1817e-20)
(1.32171 -0.00437508 -1.26373e-20)
(1.32905 0.00384784 -1.66896e-20)
(1.28563 -0.0788011 -4.763e-21)
(1.29098 -0.0718564 3.42822e-21)
(1.29636 -0.0648223 3.33604e-21)
(1.30171 -0.0576609 -2.03088e-21)
(1.30718 -0.0504282 2.24031e-21)
(1.31258 -0.0430185 8.66885e-21)
(1.31821 -0.0355987 2.51259e-20)
(1.32375 -0.0278956 2.10527e-20)
(1.32964 -0.0203492 -1.38589e-20)
(1.33557 -0.0122473 9.90014e-21)
(1.34186 -0.00471178 1.8033e-21)
(1.34958 0.00420088 1.20516e-20)
(1.30103 -0.084728 1.75715e-21)
(1.30685 -0.0772001 -7.78671e-21)
(1.31274 -0.0695935 -1.30242e-20)
(1.31856 -0.0618636 -8.8137e-21)
(1.32463 -0.0540881 2.36674e-20)
(1.33047 -0.0461141 -1.04599e-20)
(1.3368 -0.038182 -2.01225e-20)
(1.34258 -0.0298575 -1.22381e-20)
(1.34921 -0.021817 5.26322e-21)
(1.35498 -0.0129754 2.81131e-21)
(1.36204 -0.00501644 -1.16686e-20)
(1.36917 0.00474638 -1.11654e-20)
(1.31704 -0.0907126 4.65452e-22)
(1.32333 -0.0825671 1.65048e-21)
(1.32972 -0.0743453 7.97246e-21)
(1.33596 -0.0660109 -3.68955e-22)
(1.34254 -0.0576441 -8.37483e-21)
(1.34865 -0.0490864 -1.42005e-20)
(1.35564 -0.0406342 3.51668e-21)
(1.36133 -0.0317199 -2.07013e-22)
(1.36881 -0.0232604 1.36222e-20)
(1.3735 -0.0136452 5.11865e-21)
(1.38134 -0.00532683 1.46139e-20)
(1.38574 0.00555507 7.27684e-22)
(1.33371 -0.0966496 5.33106e-21)
(1.34044 -0.0878481 3.17416e-22)
(1.34725 -0.0789661 2.18819e-20)
(1.35378 -0.0699919 1.77818e-20)
(1.36066 -0.060954 -1.58069e-20)
(1.36667 -0.0517536 6.45017e-21)
(1.37385 -0.0426284 -5.60551e-21)
(1.37859 -0.0330637 5.19901e-21)
(1.38649 -0.0240793 -7.28925e-21)
(1.38855 -0.0137221 7.34134e-21)
(1.3972 -0.00518964 -1.76515e-20)
(1.39544 0.00694097 2.09978e-20)
(1.35089 -0.102314 -1.0872e-20)
(1.35788 -0.0927853 8.04665e-21)
(1.36483 -0.0831901 -1.85482e-20)
(1.37141 -0.0735577 8.02445e-21)
(1.37817 -0.0638303 2.98575e-20)
(1.38371 -0.0540302 7.55232e-21)
(1.39031 -0.0441404 1.29653e-20)
(1.39311 -0.0339499 -4.63297e-21)
(1.39997 -0.0240772 8.33267e-22)
(1.3967 -0.0129483 -1.28258e-20)
(1.40495 -0.00390097 2.35752e-20)
(1.39171 0.00941361 -1.21191e-20)
(1.36811 -0.107501 3.0593e-21)
(1.37496 -0.0971368 -1.50065e-20)
(1.38154 -0.0867514 1.0388e-21)
(1.3876 -0.076406 -2.69701e-20)
(1.39341 -0.0659976 -1.73936e-20)
(1.39785 -0.0556781 -9.68402e-21)
(1.40256 -0.0451462 -1.24269e-23)
(1.40272 -0.0346787 -8.08254e-21)
(1.40626 -0.0239042 2.55559e-20)
(1.3954 -0.0125802 8.03392e-21)
(1.39975 -0.00229951 -1.70444e-20)
(1.36748 0.0116184 -6.28449e-21)
(1.38454 -0.112267 9.9732e-21)
(1.39071 -0.100995 2.91923e-21)
(1.39624 -0.0897528 -1.14923e-20)
(1.4009 -0.0785873 2.03249e-20)
(1.40452 -0.0674186 -2.24192e-20)
(1.40633 -0.0564125 -7.74064e-21)
(1.40667 -0.0452227 4.61918e-21)
(1.40226 -0.0344658 -3.26299e-21)
(1.39805 -0.0230413 -3.34306e-20)
(1.37847 -0.0125353 -3.24599e-20)
(1.37283 -0.00106811 1.13642e-20)
(1.31593 0.0106273 -1.17025e-20)
(1.39895 -0.116277 -3.13883e-21)
(1.40376 -0.104026 -1.41384e-21)
(1.40733 -0.0918236 6.17238e-21)
(1.40928 -0.0796665 -1.27271e-20)
(1.40896 -0.067519 3.24313e-20)
(1.4056 -0.0554316 2.51145e-20)
(1.39815 -0.0432606 -1.63953e-20)
(1.38489 -0.031442 1.92405e-20)
(1.36595 -0.0192352 2.0288e-20)
(1.33375 -0.00879583 8.83638e-21)
(1.30533 0.00319102 3.72618e-21)
(1.22568 0.0089445 3.15745e-20)
(1.09313 -0.00024123 0)
(1.09333 0.000106149 0)
(1.09276 0.000367989 0)
(1.09229 0.000674886 0)
(1.09047 0.000820915 0)
(1.08962 0.00101384 0)
(1.08658 0.00099169 0)
(1.08611 0.00100721 0)
(1.08222 0.000792206 0)
(1.08316 0.000596494 0)
(1.0791 0.000256826 0)
(1.08245 -8.61844e-05 0)
(1.07894 -0.000257523 0)
(1.08428 -0.000571732 0)
(1.08148 1.05365e-05 0)
(1.08476 -8.57726e-05 0)
(1.08191 0.00171935 0)
(1.07463 0.00177915 0)
(1.07085 0.00391235 0)
(1.04826 0.00439128 0)
(1.04016 0.00409148 0)
(1.01825 0.00564212 0)
(0.995666 0.00188199 0)
(1.00259 -3.84771e-05 0)
(0.993565 -0.00681442 0)
(1.06623 -0.00653305 0)
(1.05595 -0.00450308 0)
(1.1127 -0.00428973 0)
(1.10202 0.00387063 0)
(1.06758 0.00296282 0)
(1.09452 -0.000659468 0)
(1.09469 0.000380245 0)
(1.09401 0.00116481 0)
(1.09341 0.00208528 0)
(1.0914 0.00252406 0)
(1.09041 0.00310107 0)
(1.08714 0.00303307 0)
(1.08652 0.00307169 0)
(1.08242 0.00241395 0)
(1.08327 0.00180856 0)
(1.07912 0.000753069 0)
(1.08256 -0.000296319 0)
(1.07918 -0.000871533 0)
(1.08491 -0.0018229 0)
(1.08249 -0.000131751 0)
(1.08622 -0.000388887 0)
(1.08377 0.00503701 0)
(1.07625 0.00524021 0)
(1.07289 0.0116991 0)
(1.04887 0.0131334 0)
(1.04099 0.0122624 0)
(1.01789 0.017066 0)
(0.993202 0.00591479 0)
(0.999247 -8.54902e-05 0)
(0.991188 -0.0206786 0)
(1.06777 -0.0197837 0)
(1.05761 -0.0134865 0)
(1.11625 -0.0128111 0)
(1.10527 0.0116844 0)
(1.06765 0.0090817 0)
(1.09714 -0.000972547 0)
(1.09724 0.000782601 0)
(1.09635 0.0021105 0)
(1.09552 0.00366107 0)
(1.09316 0.00440898 0)
(1.09187 0.00537019 0)
(1.08817 0.00526031 0)
(1.08724 0.00529154 0)
(1.08274 0.00416048 0)
(1.08339 0.00307718 0)
(1.07908 0.0012131 0)
(1.08267 -0.000633041 0)
(1.0796 -0.00175952 0)
(1.08601 -0.00340974 0)
(1.08441 -0.000712991 0)
(1.08896 -0.00105635 0)
(1.08738 0.00809117 0)
(1.07933 0.00850875 0)
(1.07677 0.0195166 0)
(1.05006 0.02192 0)
(1.04252 0.0205232 0)
(1.01743 0.0290651 0)
(0.988339 0.010738 0)
(0.99276 -7.81442e-05 0)
(0.986395 -0.0353954 0)
(1.07063 -0.0337426 0)
(1.06114 -0.0225021 0)
(1.12261 -0.0212731 0)
(1.11164 0.019806 0)
(1.06783 0.0158044 0)
(1.10089 -0.00113958 0)
(1.1009 0.00138602 0)
(1.0997 0.00330415 0)
(1.09853 0.00552526 0)
(1.09564 0.00661811 0)
(1.09392 0.0079715 0)
(1.08958 0.00783209 0)
(1.08819 0.00780443 0)
(1.08308 0.00615461 0)
(1.0834 0.00446708 0)
(1.07887 0.00165719 0)
(1.08261 -0.0011671 0)
(1.08008 -0.00305291 0)
(1.08736 -0.0055581 0)
(1.08722 -0.00195682 0)
(1.09279 -0.00227976 0)
(1.09272 0.0108285 0)
(1.08375 0.0116055 0)
(1.08238 0.0275422 0)
(1.05189 0.031004 0)
(1.04463 0.0290528 0)
(1.01726 0.0422066 0)
(0.980915 0.0169323 0)
(0.983224 5.42885e-05 0)
(0.978747 -0.0517347 0)
(1.07453 -0.049157 0)
(1.06707 -0.0316893 0)
(1.1307 -0.0298085 0)
(1.12122 0.0284657 0)
(1.06819 0.0235779 0)
(1.1057 -0.00112156 0)
(1.1056 0.00225237 0)
(1.10397 0.00482802 0)
(1.10237 0.00778177 0)
(1.09876 0.00927224 0)
(1.09649 0.011036 0)
(1.09128 0.0108864 0)
(1.08925 0.0107363 0)
(1.08333 0.00850981 0)
(1.08316 0.00604423 0)
(1.07836 0.00210971 0)
(1.08218 -0.00196185 0)
(1.08048 -0.0048633 0)
(1.08874 -0.00849298 0)
(1.09091 -0.00408446 0)
(1.09761 -0.00424648 0)
(1.09981 0.013172 0)
(1.0895 0.0145772 0)
(1.08961 0.0358789 0)
(1.05444 0.0406058 0)
(1.04722 0.037915 0)
(1.01785 0.0569773 0)
(0.970801 0.0251018 0)
(0.970657 0.000489394 0)
(0.967197 -0.0703729 0)
(1.07883 -0.0668498 0)
(1.07597 -0.0410545 0)
(1.13932 -0.038531 0)
(1.13417 0.0376986 0)
(1.06896 0.0327784 0)
(1.11152 -0.000905856 0)
(1.1113 0.0034199 0)
(1.10914 0.0067436 0)
(1.10699 0.0105145 0)
(1.10249 0.0124751 0)
(1.0995 0.0146807 0)
(1.09319 0.0145512 0)
(1.09032 0.0142078 0)
(1.08338 0.0113386 0)
(1.0825 0.00788388 0)
(1.07736 0.00260844 0)
(1.08116 -0.003064 0)
(1.08063 -0.00727767 0)
(1.08994 -0.0124477 0)
(1.09544 -0.0073277 0)
(1.10339 -0.00711068 0)
(1.10867 0.0150454 0)
(1.09664 0.0174965 0)
(1.09834 0.0445879 0)
(1.05785 0.0509077 0)
(1.05023 0.0470814 0)
(1.01955 0.073748 0)
(0.958288 0.0359425 0)
(0.954856 0.00160502 0)
(0.94965 -0.0917411 0)
(1.08165 -0.0877929 0)
(1.0874 -0.0505867 0)
(1.14736 -0.0475263 0)
(1.15029 0.0473617 0)
(1.07044 0.0436651 0)
(1.11834 -0.000474096 0)
(1.11796 0.00493052 0)
(1.11516 0.00911419 0)
(1.11235 0.0138051 0)
(1.10679 0.0163271 0)
(1.10289 0.0190189 0)
(1.09527 0.0189515 0)
(1.0913 0.0183438 0)
(1.08311 0.014755 0)
(1.08126 0.0100775 0)
(1.07567 0.00320684 0)
(1.07934 -0.00449491 0)
(1.08025 -0.0103689 0)
(1.09076 -0.0176728 0)
(1.10072 -0.0119271 0)
(1.11022 -0.0110236 0)
(1.11931 0.0163676 0)
(1.1053 0.0204525 0)
(1.10842 0.0537182 0)
(1.06224 0.0620293 0)
(1.05364 0.0564746 0)
(1.02256 0.0926792 0)
(0.944573 0.0502074 0)
(0.93536 0.00433727 0)
(0.922289 -0.115727 0)
(1.07833 -0.113109 0)
(1.09848 -0.0606339 0)
(1.15372 -0.0569833 0)
(1.16872 0.05719 0)
(1.07288 0.0563088 0)
(1.12613 0.000179723 0)
(1.12559 0.00680645 0)
(1.12204 0.0119873 0)
(1.11843 0.0177199 0)
(1.11163 0.0209172 0)
(1.10662 0.0241553 0)
(1.09746 0.0242042 0)
(1.09209 0.0232708 0)
(1.0824 0.0188735 0)
(1.07928 0.0127325 0)
(1.07311 0.00395945 0)
(1.07653 -0.00624281 0)
(1.07904 -0.0142064 0)
(1.09103 -0.0244288 0)
(1.10665 -0.0181738 0)
(1.11826 -0.0161315 0)
(1.13171 0.0170749 0)
(1.11561 0.023548 0)
(1.1197 0.0633103 0)
(1.06775 0.0740558 0)
(1.05732 0.0659997 0)
(1.02692 0.113552 0)
(0.931793 0.0686811 0)
(0.912024 0.010456 0)
(0.88068 -0.14113 0)
(1.06121 -0.143847 0)
(1.10325 -0.0723495 0)
(1.15669 -0.0675257 0)
(1.18773 0.0667944 0)
(1.07627 0.0705375 0)
(1.13491 0.00107227 0)
(1.13417 0.00907435 0)
(1.12978 0.0154072 0)
(1.12521 0.0223186 0)
(1.11702 0.0263286 0)
(1.11066 0.0301901 0)
(1.09972 0.0304259 0)
(1.0926 0.0291154 0)
(1.08117 0.0238113 0)
(1.07641 0.0159735 0)
(1.06946 0.00492685 0)
(1.07249 -0.00825078 0)
(1.07662 -0.018853 0)
(1.09056 -0.0330064 0)
(1.11309 -0.0263979 0)
(1.12777 -0.0225703 0)
(1.14592 0.0171519 0)
(1.12764 0.026902 0)
(1.13211 0.0733855 0)
(1.07445 0.0870812 0)
(1.06111 0.0755555 0)
(1.0326 0.135736 0)
(0.922274 0.0918655 0)
(0.886088 0.0224209 0)
(0.825517 -0.165445 0)
(1.02423 -0.180254 0)
(1.09493 -0.087498 0)
(1.15357 -0.0804318 0)
(1.205 0.0755799 0)
(1.08022 0.0859299 0)
(1.14468 0.00219666 0)
(1.14371 0.0117495 0)
(1.13839 0.0194086 0)
(1.1327 0.0276515 0)
(1.12296 0.0326354 0)
(1.11499 0.0372139 0)
(1.10204 0.0377273 0)
(1.09279 0.0359978 0)
(1.07933 0.0296899 0)
(1.07249 0.019931 0)
(1.06458 0.00620018 0)
(1.06701 -0.0104034 0)
(1.07261 -0.0243621 0)
(1.08914 -0.0437191 0)
(1.11993 -0.0369656 0)
(1.13906 -0.0305272 0)
(1.16202 0.0166375 0)
(1.14136 0.0306324 0)
(1.14569 0.0839543 0)
(1.08214 0.101231 0)
(1.06512 0.0850261 0)
(1.03937 0.15828 0)
(0.917397 0.119639 0)
(0.861254 0.0418371 0)
(0.768473 -0.185799 0)
(0.97046 -0.220923 0)
(1.07077 -0.107436 0)
(1.14211 -0.0972131 0)
(1.21827 0.0827666 0)
(1.08406 0.101881 0)
(1.15546 0.00353622 0)
(1.15422 0.0148339 0)
(1.14788 0.0240161 0)
(1.14092 0.0337603 0)
(1.12945 0.0399016 0)
(1.11961 0.0453121 0)
(1.10438 0.0462102 0)
(1.0926 0.0440295 0)
(1.07682 0.0366429 0)
(1.0674 0.0247246 0)
(1.05834 0.00788367 0)
(1.0598 -0.0125341 0)
(1.06657 -0.0307751 0)
(1.0865 -0.0569061 0)
(1.12702 -0.0503174 0)
(1.15257 -0.0401751 0)
(1.18001 0.0156712 0)
(1.15685 0.0348345 0)
(1.16049 0.0950797 0)
(1.09028 0.116606 0)
(1.06998 0.0942477 0)
(1.04658 0.1804 0)
(0.917186 0.150874 0)
(0.843361 0.0673421 0)
(0.727006 -0.200067 0)
(0.912123 -0.26257 0)
(1.0345 -0.13205 0)
(1.12231 -0.118758 0)
(1.22616 0.0876532 0)
(1.08711 0.117745 0)
(1.16727 0.00508249 0)
(1.16573 0.0183288 0)
(1.15829 0.0292432 0)
(1.14987 0.0406785 0)
(1.13653 0.0481768 0)
(1.12456 0.0545645 0)
(1.10673 0.055967 0)
(1.09206 0.0533121 0)
(1.07354 0.0448012 0)
(1.06105 0.0304594 0)
(1.05065 0.0101211 0)
(1.05063 -0.0144087 0)
(1.05806 -0.0381032 0)
(1.08227 -0.0729405 0)
(1.13433 -0.0669611 0)
(1.16883 -0.0516682 0)
(1.19977 0.0144605 0)
(1.17438 0.0395633 0)
(1.17629 0.106967 0)
(1.0984 0.133134 0)
(1.07651 0.103136 0)
(1.05316 0.20179 0)
(0.920732 0.183696 0)
(0.837331 0.0960633 0)
(0.7103 -0.206972 0)
(0.860812 -0.300933 0)
(0.992881 -0.159671 0)
(1.09623 -0.144938 0)
(1.2284 0.0898448 0)
(1.0889 0.132948 0)
(1.18013 0.00681971 0)
(1.17825 0.0222282 0)
(1.16963 0.0350929 0)
(1.1596 0.0484327 0)
(1.14421 0.0574965 0)
(1.12986 0.065048 0)
(1.10905 0.067071 0)
(1.09117 0.0639379 0)
(1.06943 0.0542935 0)
(1.0534 0.0372151 0)
(1.04145 0.0130802 0)
(1.03929 -0.0157281 0)
(1.04657 -0.0463116 0)
(1.07594 -0.0922271 0)
(1.14192 -0.087515 0)
(1.18828 -0.0651218 0)
(1.2212 0.0132159 0)
(1.19433 0.0448882 0)
(1.1925 0.119939 0)
(1.10648 0.15054 0)
(1.08492 0.111778 0)
(1.05822 0.222553 0)
(0.927125 0.215998 0)
(0.843522 0.12512 0)
(0.71442 -0.206631 0)
(0.821015 -0.332768 0)
(0.951325 -0.188125 0)
(1.06645 -0.174844 0)
(1.22551 0.0892436 0)
(1.08925 0.147064 0)
(1.19404 0.00872917 0)
(1.19179 0.0265172 0)
(1.18192 0.0415575 0)
(1.17013 0.0570379 0)
(1.15253 0.0678834 0)
(1.13554 0.076835 0)
(1.11135 0.0795724 0)
(1.08997 0.0759938 0)
(1.06442 0.0652285 0)
(1.04449 0.0450475 0)
(1.0307 0.0169546 0)
(1.02567 -0.0161128 0)
(1.03156 -0.0552768 0)
(1.06685 -0.115244 0)
(1.15001 -0.112674 0)
(1.21105 -0.0805692 0)
(1.24442 0.0121245 0)
(1.21689 0.0509743 0)
(1.20841 0.134305 0)
(1.11491 0.168458 0)
(1.0946 0.120403 0)
(1.06143 0.242824 0)
(0.935396 0.245904 0)
(0.858192 0.152243 0)
(0.73087 -0.200275 0)
(0.792696 -0.356875 0)
(0.913091 -0.215687 0)
(1.03516 -0.207231 0)
(1.21832 0.085975 0)
(1.08815 0.159835 0)
(1.20901 0.0107903 0)
(1.20636 0.0311711 0)
(1.1952 0.0486184 0)
(1.18147 0.066496 0)
(1.16156 0.0793506 0)
(1.14164 0.0899915 0)
(1.11366 0.0935015 0)
(1.08849 0.0895611 0)
(1.0585 0.0776768 0)
(1.03436 0.0540025 0)
(1.01837 0.0219326 0)
(1.00983 -0.0151098 0)
(1.01257 -0.0647636 0)
(1.05409 -0.142521 0)
(1.15839 -0.143148 0)
(1.23668 -0.0980447 0)
(1.26969 0.0113365 0)
(1.24177 0.0581008 0)
(1.22354 0.150263 0)
(1.12407 0.186559 0)
(1.10444 0.129324 0)
(1.06291 0.262562 0)
(0.944562 0.272356 0)
(0.876821 0.176652 0)
(0.753266 -0.189282 0)
(0.774869 -0.373511 0)
(0.880229 -0.24123 0)
(1.00413 -0.240838 0)
(1.20773 0.0803179 0)
(1.08574 0.171149 0)
(1.22504 0.0129811 0)
(1.22195 0.0361536 0)
(1.20948 0.0562475 0)
(1.19366 0.0767934 0)
(1.17134 0.0919072 0)
(1.14816 0.104572 0)
(1.116 0.108874 0)
(1.08672 0.104707 0)
(1.05169 0.091672 0)
(1.0231 0.0641183 0)
(1.00443 0.0281281 0)
(0.991898 -0.0122718 0)
(0.989644 -0.0743882 0)
(1.03624 -0.174436 0)
(1.16512 -0.179573 0)
(1.26341 -0.117762 0)
(1.29687 0.0108855 0)
(1.26819 0.0665752 0)
(1.23773 0.16785 0)
(1.13404 0.204641 0)
(1.11345 0.13884 0)
(1.06301 0.281656 0)
(0.953762 0.295072 0)
(0.896216 0.198288 0)
(0.777627 -0.175074 0)
(0.766055 -0.383628 0)
(0.853926 -0.264048 0)
(0.974735 -0.274533 0)
(1.19465 0.0726196 0)
(1.08224 0.180993 0)
(1.2421 0.0152772 0)
(1.23857 0.0414162 0)
(1.22477 0.0644053 0)
(1.20675 0.0879012 0)
(1.18195 0.105563 0)
(1.15514 0.120613 0)
(1.11843 0.125698 0)
(1.08463 0.121476 0)
(1.04406 0.107206 0)
(1.01083 0.075441 0)
(0.988754 0.0355941 0)
(0.97216 -0.00732072 0)
(0.963991 -0.0835014 0)
(1.01075 -0.210622 0)
(1.16442 -0.22244 0)
(1.28664 -0.140375 0)
(1.32444 0.0105134 0)
(1.29486 0.0765692 0)
(1.25092 0.186953 0)
(1.14456 0.222637 0)
(1.12101 0.149145 0)
(1.06207 0.300014 0)
(0.96234 0.314238 0)
(0.914578 0.217225 0)
(0.801528 -0.158977 0)
(0.764309 -0.388454 0)
(0.834496 -0.283771 0)
(0.947988 -0.307331 0)
(1.17989 0.0632745 0)
(1.07789 0.189424 0)
(1.26017 0.0176511 0)
(1.2562 0.0468988 0)
(1.24109 0.0730376 0)
(1.2208 0.0997783 0)
(1.19344 0.120334 0)
(1.1626 0.138133 0)
(1.121 0.143991 0)
(1.08216 0.139879 0)
(1.03575 0.124224 0)
(0.997724 0.0880603 0)
(0.971062 0.0443388 0)
(0.951083 -0.000467116 0)
(0.937911 -0.0909449 0)
(0.973785 -0.248914 0)
(1.1455 -0.271739 0)
(1.29753 -0.167421 0)
(1.34841 0.00920237 0)
(1.31973 0.0878499 0)
(1.2629 0.207308 0)
(1.15513 0.240538 0)
(1.12681 0.160315 0)
(1.06038 0.31759 0)
(0.969872 0.33021 0)
(0.930996 0.233672 0)
(0.823714 -0.142031 0)
(0.767753 -0.389232 0)
(0.82158 -0.300312 0)
(0.92447 -0.33848 0)
(1.16414 0.0526897 0)
(1.07291 0.196546 0)
(1.27923 0.0200667 0)
(1.27485 0.0525262 0)
(1.25847 0.0820715 0)
(1.23592 0.112376 0)
(1.20587 0.136239 0)
(1.1706 0.157129 0)
(1.12376 0.163778 0)
(1.07926 0.159892 0)
(1.02691 0.142622 0)
(0.983897 0.102126 0)
(0.9511 0.0543042 0)
(0.929387 0.00778081 0)
(0.912798 -0.0948261 0)
(0.922202 -0.284574 0)
(1.09648 -0.32599 0)
(1.28434 -0.201181 0)
(1.36233 0.00488495 0)
(1.33989 0.0995035 0)
(1.27308 0.228432 0)
(1.16512 0.2583 0)
(1.13081 0.172327 0)
(1.05813 0.334375 0)
(0.976126 0.343378 0)
(0.945087 0.247904 0)
(0.843653 -0.124993 0)
(0.774809 -0.387085 0)
(0.814407 -0.313802 0)
(0.904426 -0.367478 0)
(1.14795 0.0412376 0)
(1.06752 0.202484 0)
(1.29924 0.0224878 0)
(1.29453 0.0582103 0)
(1.27692 0.0914151 0)
(1.25223 0.125645 0)
(1.2193 0.153307 0)
(1.17921 0.177585 0)
(1.1267 0.1851 0)
(1.07589 0.181448 0)
(1.01774 0.162288 0)
(0.969267 0.117813 0)
(0.929264 0.0652768 0)
(0.907732 0.0167024 0)
(0.8863 -0.0929892 0)
(0.857339 -0.311619 0)
(1.01403 -0.381824 0)
(1.23843 -0.243588 0)
(1.35938 -0.00501454 0)
(1.35194 0.109963 0)
(1.28045 0.249569 0)
(1.17385 0.275785 0)
(1.13305 0.18507 0)
(1.05545 0.350362 0)
(0.981001 0.354153 0)
(0.956769 0.260212 0)
(0.86116 -0.1084 0)
(0.78419 -0.382954 0)
(0.81201 -0.324508 0)
(0.887849 -0.393999 0)
(1.13176 0.0292559 0)
(1.06191 0.207371 0)
(1.32013 0.0248733 0)
(1.31521 0.0638445 0)
(1.29648 0.100957 0)
(1.26985 0.139544 0)
(1.23377 0.171565 0)
(1.18848 0.199484 0)
(1.12978 0.207997 0)
(1.0721 0.204443 0)
(1.00827 0.183158 0)
(0.953553 0.135156 0)
(0.906804 0.0769419 0)
(0.885713 0.0263609 0)
(0.853141 -0.0841397 0)
(0.787228 -0.326664 0)
(0.910619 -0.435229 0)
(1.1613 -0.295024 0)
(1.33603 -0.0231567 0)
(1.35312 0.117359 0)
(1.28387 0.269741 0)
(1.1807 0.292741 0)
(1.13362 0.198359 0)
(1.0524 0.365553 0)
(0.984484 0.362937 0)
(0.966121 0.270856 0)
(0.876213 -0.0926125 0)
(0.794873 -0.377597 0)
(0.813386 -0.332771 0)
(0.87457 -0.417891 0)
(1.11591 0.0170386 0)
(1.0562 0.21134 0)
(1.34174 0.0271662 0)
(1.33674 0.0692901 0)
(1.31709 0.110562 0)
(1.28882 0.154036 0)
(1.24926 0.19103 0)
(1.19843 0.222817 0)
(1.13285 0.232489 0)
(1.06803 0.228758 0)
(0.998325 0.205243 0)
(0.936639 0.153897 0)
(0.885429 0.0891551 0)
(0.861118 0.0380194 0)
(0.809965 -0.0689145 0)
(0.723554 -0.33122 0)
(0.808982 -0.48299 0)
(1.06468 -0.353512 0)
(1.29385 -0.0508595 0)
(1.34248 0.120099 0)
(1.28244 0.287924 0)
(1.18511 0.308833 0)
(1.13263 0.211949 0)
(1.04901 0.379964 0)
(0.986614 0.370082 0)
(0.973302 0.280066 0)
(0.888862 -0.0778531 0)
(0.806079 -0.371598 0)
(0.817604 -0.338953 0)
(0.864337 -0.439143 0)
(1.10063 0.0048261 0)
(1.05053 0.214517 0)
(1.36349 0.0293353 0)
(1.3586 0.0743822 0)
(1.33841 0.120075 0)
(1.3089 0.169073 0)
(1.26559 0.211691 0)
(1.20888 0.247585 0)
(1.13571 0.258541 0)
(1.06376 0.25431 0)
(0.987425 0.228569 0)
(0.91895 0.173506 0)
(0.865804 0.102248 0)
(0.830834 0.0530229 0)
(0.759074 -0.0499431 0)
(0.675045 -0.329728 0)
(0.727767 -0.522921 0)
(0.963957 -0.41499 0)
(1.23809 -0.0870317 0)
(1.32089 0.117402 0)
(1.27581 0.303265 0)
(1.18677 0.323709 0)
(1.13018 0.225572 0)
(1.04528 0.393608 0)
(0.987466 0.375886 0)
(0.978511 0.288041 0)
(0.899209 -0.0642454 0)
(0.817258 -0.365393 0)
(0.823864 -0.34341 0)
(0.856865 -0.457838 0)
(1.0861 -0.00718891 0)
(1.04498 0.217019 0)
(1.38405 0.0313753 0)
(1.37961 0.0789246 0)
(1.35954 0.129305 0)
(1.32939 0.184561 0)
(1.28227 0.233488 0)
(1.21939 0.273764 0)
(1.13811 0.286053 0)
(1.05918 0.281073 0)
(0.975066 0.253048 0)
(0.901347 0.193437 0)
(0.846695 0.117033 0)
(0.792993 0.0719952 0)
(0.706708 -0.0306863 0)
(0.643463 -0.326481 0)
(0.673065 -0.553945 0)
(0.871376 -0.474836 0)
(1.17497 -0.129328 0)
(1.29041 0.109344 0)
(1.26419 0.315225 0)
(1.18556 0.337075 0)
(1.12638 0.238966 0)
(1.0412 0.406487 0)
(0.987135 0.380605 0)
(0.981959 0.294956 0)
(0.907407 -0.0518438 0)
(0.828044 -0.359309 0)
(0.831522 -0.346466 0)
(0.851871 -0.474117 0)
(1.07246 -0.0188528 0)
(1.03961 0.218952 0)
(1.40092 0.0331697 0)
(1.39745 0.0826375 0)
(1.37863 0.137966 0)
(1.34884 0.20027 0)
(1.29832 0.256252 0)
(1.22918 0.301258 0)
(1.13967 0.314859 0)
(1.05386 0.309051 0)
(0.960995 0.278403 0)
(0.884495 0.213428 0)
(0.825564 0.134478 0)
(0.7482 0.0942022 0)
(0.659098 -0.0141489 0)
(0.625486 -0.324285 0)
(0.641275 -0.576505 0)
(0.79375 -0.529384 0)
(1.10984 -0.175108 0)
(1.2535 0.0965618 0)
(1.24819 0.323592 0)
(1.1816 0.348728 0)
(1.12136 0.251898 0)
(1.03677 0.418601 0)
(0.985734 0.384455 0)
(0.98386 0.300959 0)
(0.913672 -0.0406572 0)
(0.838202 -0.353593 0)
(0.840065 -0.348424 0)
(0.849072 -0.488145 0)
(1.05978 -0.0300457 0)
(1.03446 0.220409 0)
(1.41 0.0345559 0)
(1.40835 0.085176 0)
(1.39249 0.145646 0)
(1.36477 0.21576 0)
(1.31202 0.279629 0)
(1.23705 0.329821 0)
(1.13985 0.344734 0)
(1.04707 0.338186 0)
(0.945302 0.304203 0)
(0.868339 0.233634 0)
(0.799923 0.155218 0)
(0.699017 0.117972 0)
(0.620346 -0.00229278 0)
(0.616874 -0.324365 0)
(0.625692 -0.592091 0)
(0.733207 -0.576673 0)
(1.04658 -0.221736 0)
(1.21251 0.0799964 0)
(1.22864 0.328417 0)
(1.17515 0.358569 0)
(1.11529 0.264185 0)
(1.03198 0.429952 0)
(0.983383 0.387611 0)
(0.984411 0.306178 0)
(0.918265 -0.0306624 0)
(0.847577 -0.348425 0)
(0.84909 -0.349562 0)
(0.848184 -0.50014 0)
(1.04812 -0.0406749 0)
(1.02958 0.221474 0)
(1.40501 0.035584 0)
(1.40661 0.0862024 0)
(1.39623 0.151784 0)
(1.37344 0.230407 0)
(1.32086 0.303035 0)
(1.2414 0.358976 0)
(1.13781 0.375426 0)
(1.03795 0.368363 0)
(0.928276 0.330022 0)
(0.852044 0.254526 0)
(0.768314 0.179278 0)
(0.64878 0.141224 0)
(0.592292 0.00389979 0)
(0.614827 -0.326481 0)
(0.620211 -0.602002 0)
(0.688753 -0.616423 0)
(0.987564 -0.267032 0)
(1.16943 0.0607914 0)
(1.20643 0.32995 0)
(1.16656 0.366597 0)
(1.1083 0.275694 0)
(1.02684 0.44056 0)
(0.980207 0.390217 0)
(0.983787 0.310713 0)
(0.921473 -0.021786 0)
(0.856088 -0.34387 0)
(0.858282 -0.350104 0)
(0.84892 -0.510377 0)
(1.03749 -0.0506715 0)
(1.02497 0.22222 0)
(1.37755 0.0358489 0)
(1.38439 0.0851653 0)
(1.38317 0.155303 0)
(1.36979 0.243193 0)
(1.32144 0.325872 0)
(1.24029 0.38802 0)
(1.13248 0.406162 0)
(1.02572 0.398896 0)
(0.910171 0.355355 0)
(0.834338 0.276613 0)
(0.730461 0.206169 0)
(0.600638 0.161751 0)
(0.575092 0.0042082 0)
(0.618127 -0.329283 0)
(0.620245 -0.607074 0)
(0.6578 -0.649162 0)
(0.933938 -0.31032 0)
(1.12584 0.0400081 0)
(1.18242 0.3286 0)
(1.15624 0.372859 0)
(1.10059 0.286348 0)
(1.02139 0.450404 0)
(0.976339 0.39239 0)
(0.982132 0.314636 0)
(0.923577 -0.013833 0)
(0.863725 -0.339812 0)
(0.867389 -0.350199 0)
(0.851006 -0.519105 0)
(1.02788 -0.0600295 0)
(1.02065 0.222712 0)
(1.31837 0.034524 0)
(1.33216 0.0814595 0)
(1.34562 0.154125 0)
(1.34828 0.251312 0)
(1.30988 0.346635 0)
(1.23126 0.417885 0)
(1.12207 0.439108 0)
(1.00918 0.431104 0)
(0.890867 0.380504 0)
(0.813942 0.300557 0)
(0.686946 0.235395 0)
(0.557076 0.178778 0)
(0.567602 -0.000597304 0)
(0.626082 -0.331908 0)
(0.6229 -0.609066 0)
(0.637302 -0.675745 0)
(0.885667 -0.35169 0)
(1.08324 0.0177561 0)
(1.15734 0.324872 0)
(1.14458 0.377659 0)
(1.0923 0.29605 0)
(1.01559 0.45975 0)
(0.971892 0.394251 0)
(0.979578 0.318142 0)
(0.924853 -0.00649463 0)
(0.870546 -0.336094 0)
(0.876211 -0.349954 0)
(0.854184 -0.526436 0)
(1.01927 -0.068835 0)
(1.01661 0.222974 0)
(1.21493 0.0338907 0)
(1.24039 0.0749653 0)
(1.27868 0.146634 0)
(1.30666 0.250573 0)
(1.28448 0.356287 0)
(1.21448 0.436652 0)
(1.10916 0.464646 0)
(0.992178 0.460842 0)
(0.872589 0.406659 0)
(0.790344 0.329159 0)
(0.638943 0.268334 0)
(0.519964 0.193507 0)
(0.567457 -0.00602076 0)
(0.637209 -0.338165 0)
(0.627044 -0.612297 0)
(0.624209 -0.697832 0)
(0.841899 -0.387763 0)
(1.04367 -0.0104439 0)
(1.1322 0.315931 0)
(1.13212 0.380505 0)
(1.0835 0.304196 0)
(1.00991 0.467543 0)
(0.967062 0.39662 0)
(0.976331 0.322056 0)
(0.925566 0.000817808 0)
(0.876645 -0.333183 0)
(0.884611 -0.349559 0)
(0.858221 -0.532397 0)
(1.01158 -0.0768568 0)
(1.01285 0.222992 0)
(1.06106 0.0217261 1.49268e-20)
(1.13138 0.064006 -2.59633e-21)
(1.20597 0.145556 5.73121e-21)
(1.26306 0.27002 -1.76554e-20)
(1.25313 0.395654 8.103e-21)
(1.18397 0.484117 -6.67616e-21)
(1.07689 0.510519 -8.97034e-22)
(0.957528 0.498938 5.15065e-21)
(0.841721 0.432296 -1.97208e-22)
(0.752482 0.354009 -6.77916e-22)
(0.588051 0.29056 4.18856e-22)
(0.494965 0.189289 -1.23189e-22)
(0.570267 -0.0307559 2.54284e-22)
(0.646363 -0.35583 -5.5214e-22)
(0.631962 -0.619554 -6.09511e-22)
(0.617206 -0.712466 -9.89604e-22)
(0.80886 -0.40875 6.77791e-22)
(1.01403 -0.0170807 1.13558e-21)
(1.11505 0.320672 6.56109e-22)
(1.121 0.385895 -7.58101e-22)
(1.07335 0.313937 3.13108e-22)
(1.00299 0.476503 -7.46829e-23)
(0.962172 0.396243 5.69917e-23)
(0.973231 0.32055 -1.32288e-22)
(0.925813 0.00127224 4.26449e-22)
(0.881276 -0.332895 -1.82439e-22)
(0.891436 -0.349326 -1.23372e-24)
(0.862268 -0.536455 -6.43301e-24)
(1.00556 -0.0820726 -1.5094e-23)
(1.00982 0.223334 -2.01666e-23)
(0.948543 0.00966833 3.96296e-21)
(1.03156 0.0570793 -1.19472e-20)
(1.1313 0.148896 5.52633e-21)
(1.21587 0.286661 8.19254e-21)
(1.22087 0.421401 -3.41964e-21)
(1.15517 0.509887 5.39096e-21)
(1.04751 0.532037 -6.67161e-21)
(0.927039 0.51399 -2.82337e-22)
(0.814425 0.440129 1.53379e-21)
(0.717346 0.365698 -4.97237e-22)
(0.544245 0.300271 3.30591e-23)
(0.476769 0.175011 -1.02615e-22)
(0.573978 -0.065766 7.84572e-23)
(0.65463 -0.382917 9.29066e-23)
(0.636338 -0.630746 6.21245e-22)
(0.617277 -0.712832 -2.34988e-21)
(0.794588 -0.406672 3.01507e-21)
(0.992274 -0.0112638 -2.36411e-21)
(1.10071 0.324664 5.36533e-22)
(1.11155 0.387675 -9.7766e-22)
(1.06509 0.320462 2.76018e-22)
(0.997353 0.482973 4.16923e-22)
(0.958006 0.395333 -7.43438e-23)
(0.970313 0.318081 5.03088e-23)
(0.925825 -0.00179894 -4.79344e-22)
(0.884973 -0.33464 -2.14454e-23)
(0.896902 -0.349965 -5.13733e-23)
(0.866138 -0.539249 1.46622e-23)
(1.00116 -0.0850366 9.36025e-23)
(1.00735 0.223687 4.59336e-23)
(0.84888 -0.000359086 -2.24043e-21)
(0.936642 0.0471037 2.60595e-21)
(1.05149 0.146751 1.15526e-20)
(1.15949 0.297139 -9.98296e-21)
(1.18138 0.441217 1.38103e-20)
(1.12189 0.529597 4.24573e-23)
(1.01514 0.547522 -7.33306e-21)
(0.894936 0.523158 4.24567e-21)
(0.785455 0.444521 -8.72371e-22)
(0.678708 0.376011 -4.32625e-22)
(0.500097 0.305344 -3.67556e-22)
(0.462164 0.154507 2.77679e-23)
(0.577924 -0.100317 1.35493e-22)
(0.66197 -0.405789 -3.40286e-23)
(0.640698 -0.638176 -5.7898e-22)
(0.616004 -0.714727 -6.40301e-22)
(0.783848 -0.40662 2.14935e-21)
(0.972183 -0.00915162 -8.14535e-22)
(1.08611 0.327244 1.87515e-22)
(1.1016 0.388281 4.39018e-22)
(1.05677 0.326462 -1.64926e-22)
(0.991613 0.488841 3.3877e-23)
(0.953611 0.394013 -2.37217e-22)
(0.966949 0.315152 3.56099e-22)
(0.925631 -0.00465452 -1.5488e-22)
(0.888602 -0.336353 1.93116e-22)
(0.902291 -0.350464 9.68687e-23)
(0.870295 -0.541781 -2.80584e-22)
(0.99718 -0.0878859 -5.98702e-23)
(1.00492 0.224002 -3.84375e-23)
(0.754879 -0.0141992 1.25615e-21)
(0.847672 0.0345273 4.79931e-21)
(0.970729 0.140159 -2.18672e-20)
(1.09643 0.303913 1.44496e-20)
(1.13532 0.459833 -9.21965e-21)
(1.08418 0.550572 6.461e-21)
(0.979766 0.565506 -3.67771e-21)
(0.86124 0.534865 -5.52517e-22)
(0.754337 0.452532 7.74377e-22)
(0.636424 0.38985 -3.80025e-22)
(0.456804 0.308992 -3.9823e-22)
(0.450962 0.130686 -2.26972e-23)
(0.581205 -0.134126 -1.17508e-22)
(0.668642 -0.426628 1.00229e-21)
(0.6454 -0.644335 -1.39591e-21)
(0.614491 -0.715589 -1.54424e-21)
(0.7736 -0.407334 2.75341e-21)
(0.952881 -0.00817935 -8.61529e-22)
(1.07137 0.328674 1.56607e-22)
(1.09126 0.388893 4.66087e-22)
(1.04839 0.332536 2.75442e-23)
(0.985753 0.49448 -5.9676e-23)
(0.94903 0.39259 2.35328e-22)
(0.963126 0.312318 -9.71577e-23)
(0.925241 -0.00721667 2.15024e-22)
(0.892189 -0.338044 -3.99098e-22)
(0.9076 -0.350916 1.00677e-22)
(0.874717 -0.544051 2.21598e-22)
(0.993561 -0.090735 2.55335e-23)
(1.00252 0.224248 -7.20391e-23)
(0.665951 -0.0316341 7.69437e-22)
(0.765243 0.020303 5.94475e-21)
(0.891792 0.131356 9.75171e-21)
(1.029 0.308087 -6.07403e-21)
(1.08345 0.476589 -5.74909e-21)
(1.04205 0.571129 -1.19223e-21)
(0.941275 0.584043 7.70334e-22)
(0.825841 0.547571 -2.80413e-21)
(0.720519 0.463126 1.68218e-21)
(0.590487 0.405893 4.7042e-23)
(0.415896 0.310041 -2.33397e-22)
(0.442435 0.103337 4.47126e-23)
(0.583585 -0.168049 -6.44624e-22)
(0.674859 -0.445857 2.38557e-22)
(0.650426 -0.648852 -1.07459e-22)
(0.612806 -0.716065 -9.78128e-22)
(0.76322 -0.408211 6.40889e-23)
(0.933921 -0.00769119 4.68077e-22)
(1.05649 0.329176 -1.17239e-21)
(1.08062 0.389462 5.02648e-22)
(1.03992 0.338614 1.97354e-22)
(0.979751 0.499947 -3.3017e-22)
(0.944302 0.391141 -3.85073e-22)
(0.958837 0.30961 3.42199e-22)
(0.924695 -0.00971074 -2.83921e-22)
(0.895759 -0.339802 1.68984e-22)
(0.91282 -0.351361 -7.08857e-23)
(0.879387 -0.546071 1.07253e-22)
(0.99027 -0.0934776 3.82568e-23)
(1.00017 0.224441 2.77542e-23)
(0.584413 -0.0509685 -6.05116e-21)
(0.689491 0.00693592 1.05186e-21)
(0.81622 0.121397 4.50179e-21)
(0.959 0.309899 7.75641e-21)
(1.02654 0.490735 -8.91995e-21)
(0.995561 0.589832 5.94403e-22)
(0.899667 0.601388 -2.39651e-22)
(0.788717 0.559768 -3.04829e-21)
(0.683646 0.475223 3.20944e-21)
(0.541283 0.422559 -1.80195e-21)
(0.3791 0.307189 4.96835e-22)
(0.435921 0.072432 2.29666e-22)
(0.585351 -0.201766 2.82002e-22)
(0.680806 -0.463525 -3.82909e-22)
(0.655828 -0.651901 6.2628e-22)
(0.61107 -0.715974 -7.33059e-22)
(0.752503 -0.409276 -9.84153e-22)
(0.915077 -0.00806145 1.60636e-21)
(1.0415 0.328735 -3.51938e-22)
(1.06976 0.389775 1.05649e-21)
(1.03137 0.344557 -6.91675e-22)
(0.973594 0.505189 5.5357e-22)
(0.93946 0.389658 1.65858e-22)
(0.954096 0.306938 2.49772e-23)
(0.924059 -0.0122298 2.83238e-22)
(0.899335 -0.341633 1.35307e-22)
(0.91794 -0.351803 1.41749e-22)
(0.884285 -0.54785 -2.24834e-22)
(0.987287 -0.0960952 -1.42783e-22)
(0.997857 0.224595 1.51067e-22)
(0.512545 -0.0727267 -8.78879e-21)
(0.620571 -0.00923365 5.56247e-21)
(0.744262 0.110977 -6.40835e-21)
(0.887802 0.309776 1.55806e-21)
(0.965398 0.502309 -6.6099e-21)
(0.944903 0.606598 4.85985e-21)
(0.855053 0.617484 4.4446e-21)
(0.749834 0.57167 -1.41926e-21)
(0.643466 0.48902 -1.12039e-21)
(0.489579 0.439045 -3.68016e-22)
(0.347913 0.299949 4.50486e-22)
(0.431158 0.0385492 -4.51383e-22)
(0.587038 -0.23495 -1.23879e-22)
(0.686657 -0.479754 1.49931e-23)
(0.661641 -0.653532 2.12484e-22)
(0.609394 -0.715313 7.58369e-22)
(0.741392 -0.410588 1.1413e-21)
(0.896241 -0.00917011 -1.06484e-21)
(1.0264 0.327316 -5.01984e-22)
(1.05874 0.389781 3.23433e-22)
(1.02273 0.350321 -3.67247e-22)
(0.96727 0.510175 -2.17539e-22)
(0.934521 0.388146 -2.82649e-22)
(0.948938 0.304276 1.28696e-22)
(0.923403 -0.014784 4.08297e-22)
(0.902939 -0.343532 1.8248e-22)
(0.922953 -0.352246 -5.85208e-23)
(0.88939 -0.549398 5.65725e-23)
(0.984594 -0.0985856 1.08783e-22)
(0.995593 0.224717 7.53418e-23)
(0.449658 -0.095187 3.58537e-21)
(0.557867 -0.0282153 -8.97796e-21)
(0.676682 0.100151 1.38769e-20)
(0.816386 0.308246 -1.703e-20)
(0.900881 0.511493 -5.23881e-21)
(0.890416 0.621451 1.50825e-20)
(0.807661 0.63243 -9.86198e-21)
(0.709113 0.583732 2.76956e-21)
(0.599844 0.504784 -1.7931e-21)
(0.436562 0.454563 2.09983e-21)
(0.32331 0.288136 -2.2795e-22)
(0.428377 0.00288972 -3.60016e-22)
(0.589272 -0.267427 -1.91255e-22)
(0.692574 -0.494654 2.90633e-22)
(0.667901 -0.653814 1.72348e-22)
(0.607904 -0.714027 -1.9814e-22)
(0.729919 -0.41216 5.62062e-22)
(0.877378 -0.0113937 -2.02203e-21)
(1.0112 0.324916 1.81044e-22)
(1.04762 0.3895 -5.19255e-22)
(1.01401 0.355901 -1.6794e-22)
(0.960773 0.514908 9.92946e-23)
(0.929484 0.38663 5.25068e-22)
(0.94342 0.301631 -4.58348e-22)
(0.922796 -0.0173812 -7.08987e-23)
(0.906587 -0.345496 -1.32216e-22)
(0.92785 -0.352696 -3.67779e-23)
(0.894682 -0.550727 -5.05436e-23)
(0.982175 -0.100933 -1.76889e-23)
(0.993373 0.224811 -3.08241e-22)
(0.394688 -0.117503 2.58829e-21)
(0.50015 -0.0452135 -1.63969e-20)
(0.612604 0.0898199 5.33136e-21)
(0.745302 0.305786 1.13988e-20)
(0.833748 0.518432 -6.27354e-22)
(0.832528 0.634262 -3.17515e-22)
(0.757817 0.646113 3.13775e-21)
(0.666459 0.596169 -8.93127e-22)
(0.552834 0.522416 -1.74168e-21)
(0.383889 0.468123 -4.82382e-22)
(0.305825 0.271608 4.12993e-22)
(0.428161 -0.0338902 -1.11403e-22)
(0.592584 -0.29905 -3.69648e-22)
(0.698689 -0.508313 7.39588e-22)
(0.674634 -0.652808 -1.29738e-22)
(0.606738 -0.712065 -4.85401e-22)
(0.71811 -0.413972 1.88838e-21)
(0.858496 -0.0146325 3.47559e-22)
(0.995961 0.321526 -1.30571e-21)
(1.03645 0.388941 -1.93807e-22)
(1.00523 0.361293 5.03847e-22)
(0.9541 0.519397 4.28232e-22)
(0.924334 0.385138 -6.67614e-22)
(0.937609 0.299009 2.49222e-22)
(0.9223 -0.0200365 -2.3127e-22)
(0.910296 -0.34752 3.33592e-24)
(0.932625 -0.353156 -2.8142e-22)
(0.900138 -0.551849 -3.00107e-22)
(0.980018 -0.103131 -3.05734e-23)
(0.991193 0.224884 3.49217e-22)
(0.34548 -0.139016 5.46013e-21)
(0.445794 -0.0610651 -1.33714e-20)
(0.551002 0.0803262 3.77243e-21)
(0.674756 0.302735 1.19623e-20)
(0.764659 0.523264 -1.73453e-20)
(0.771737 0.6449 -3.12936e-21)
(0.705924 0.658419 5.76591e-21)
(0.621792 0.609115 -1.09337e-21)
(0.502753 0.541535 4.95851e-22)
(0.333636 0.478684 -1.2647e-22)
(0.29555 0.250395 1.13933e-22)
(0.431179 -0.0715175 -3.2343e-22)
(0.597468 -0.329695 -1.35611e-22)
(0.705107 -0.520796 -3.59482e-22)
(0.681855 -0.650575 -3.31884e-22)
(0.606052 -0.709371 1.5038e-21)
(0.706096 -0.416017 -1.21621e-21)
(0.839642 -0.0186856 -5.35945e-24)
(0.980702 0.317158 8.86743e-22)
(1.02528 0.388101 -1.83909e-22)
(0.996406 0.366482 1.19817e-22)
(0.947254 0.523651 3.47847e-23)
(0.919048 0.383692 2.18834e-22)
(0.931579 0.296404 -3.41365e-23)
(0.921972 -0.022764 -1.14006e-22)
(0.914081 -0.349594 -2.67561e-22)
(0.937272 -0.353627 4.65248e-22)
(0.905736 -0.552775 3.75174e-22)
(0.978108 -0.105184 1.25167e-22)
(0.989052 0.22494 -1.99365e-22)
(0.299661 -0.159277 1.94656e-22)
(0.393081 -0.0758661 -6.14679e-21)
(0.490786 0.0716683 9.24331e-21)
(0.604738 0.299277 -5.25248e-22)
(0.694167 0.526085 -7.31633e-21)
(0.708597 0.653289 5.17794e-21)
(0.652426 0.669319 1.75112e-22)
(0.575082 0.622696 -1.03199e-22)
(0.450227 0.561555 -5.39186e-22)
(0.288102 0.485291 -1.19099e-21)
(0.292393 0.224741 4.26666e-22)
(0.43795 -0.109186 -7.99139e-23)
(0.604241 -0.359195 -4.78309e-23)
(0.71191 -0.532153 9.99927e-22)
(0.689569 -0.647183 -9.90738e-22)
(0.606012 -0.705891 -1.85729e-22)
(0.693985 -0.418255 -8.62234e-22)
(0.820885 -0.0238779 -2.53894e-22)
(0.965492 0.311799 2.67346e-22)
(1.01414 0.386971 2.78544e-22)
(0.987555 0.371458 -1.07969e-22)
(0.940234 0.527681 -2.36943e-22)
(0.913601 0.382308 -1.46226e-22)
(0.925406 0.293805 -1.30571e-22)
(0.921866 -0.0255749 3.18341e-22)
(0.917955 -0.351707 -1.36783e-22)
(0.941789 -0.354113 -9.03676e-23)
(0.911453 -0.553516 -1.43022e-22)
(0.976434 -0.107084 -3.66088e-23)
(0.986944 0.224986 1.84958e-23)
(0.255212 -0.177993 4.67506e-21)
(0.340519 -0.0894635 -5.99986e-21)
(0.430927 0.0637407 -2.9512e-21)
(0.535099 0.295408 2.0346e-21)
(0.622738 0.526937 3.95364e-21)
(0.643722 0.659414 -2.71495e-21)
(0.597777 0.678858 -5.89003e-22)
(0.526393 0.636991 1.91628e-21)
(0.396203 0.581677 -5.89805e-22)
(0.249523 0.487131 4.3318e-23)
(0.296124 0.195114 5.78285e-23)
(0.448721 -0.146321 -2.3188e-22)
(0.613065 -0.387379 3.46106e-22)
(0.719158 -0.542423 -1.36205e-21)
(0.697766 -0.642704 4.61506e-22)
(0.606789 -0.701575 9.62406e-22)
(0.681926 -0.420643 3.36438e-22)
(0.802319 -0.0300972 -1.16268e-21)
(0.950398 0.305452 1.28074e-21)
(1.00308 0.385542 -5.8029e-22)
(0.97871 0.376212 3.74637e-22)
(0.933041 0.531498 -2.10255e-22)
(0.907969 0.380998 -6.10418e-23)
(0.919166 0.291198 8.08156e-23)
(0.922028 -0.0284776 -1.01284e-22)
(0.921928 -0.353846 5.58324e-22)
(0.946174 -0.354612 -2.20037e-22)
(0.91727 -0.554085 3.02517e-22)
(0.974983 -0.108828 -7.47664e-23)
(0.984866 0.225025 -2.0921e-24)
(0.210659 -0.194909 -5.19886e-21)
(0.287031 -0.101874 2.13944e-21)
(0.370612 0.05634 -2.39208e-21)
(0.465672 0.290944 -1.72366e-21)
(0.550806 0.525863 2.55689e-21)
(0.577768 0.663296 -3.37625e-21)
(0.542403 0.687115 1.75358e-21)
(0.475926 0.651975 1.03134e-21)
(0.341958 0.600917 7.48545e-22)
(0.219736 0.48358 -9.5811e-22)
(0.306319 0.162213 -8.37888e-22)
(0.46346 -0.182472 1.53141e-22)
(0.623975 -0.414079 -2.30962e-22)
(0.726902 -0.551641 1.70226e-22)
(0.70642 -0.637224 3.23647e-22)
(0.608554 -0.696383 -5.77293e-22)
(0.670086 -0.42312 1.10042e-22)
(0.784054 -0.0373308 1.17397e-21)
(0.935492 0.29812 -9.01211e-22)
(0.992143 0.383809 6.61278e-22)
(0.969914 0.380741 1.97217e-22)
(0.925666 0.535118 3.26618e-22)
(0.902136 0.379773 5.88771e-23)
(0.912935 0.288564 -1.36073e-22)
(0.922497 -0.0314774 -6.7054e-23)
(0.926008 -0.355995 -1.22637e-22)
(0.950426 -0.355125 9.54982e-23)
(0.923163 -0.554492 -1.70346e-22)
(0.973743 -0.110411 4.58003e-23)
(0.982812 0.225064 -1.2689e-22)
(0.165116 -0.209776 4.23416e-21)
(0.232055 -0.113181 -2.76821e-21)
(0.309346 0.0491683 1.88948e-21)
(0.396361 0.285618 2.07922e-21)
(0.47882 0.522878 -2.30849e-21)
(0.511409 0.664962 -2.51163e-21)
(0.486695 0.694187 1.19791e-21)
(0.424065 0.667492 -4.35767e-22)
(0.289096 0.618182 1.1581e-21)
(0.199928 0.474255 -6.66796e-22)
(0.322332 0.126862 -2.81315e-22)
(0.48192 -0.217282 5.85552e-23)
(0.636913 -0.439142 1.65148e-21)
(0.735188 -0.559839 -4.91737e-22)
(0.715498 -0.630837 3.36654e-22)
(0.611467 -0.690285 -6.03909e-22)
(0.658653 -0.425613 1.10854e-22)
(0.766225 -0.0455363 -6.08707e-22)
(0.920847 0.289815 2.67543e-22)
(0.98136 0.381765 -6.81098e-22)
(0.961213 0.385041 -3.07103e-22)
(0.918095 0.538563 2.18097e-22)
(0.896095 0.378636 -1.19198e-22)
(0.90679 0.285886 -6.55506e-23)
(0.923306 -0.0345768 -3.37433e-22)
(0.930199 -0.358138 6.04406e-23)
(0.954548 -0.355649 -2.26547e-22)
(0.929113 -0.554749 1.98586e-22)
(0.972702 -0.111827 -7.72209e-23)
(0.980778 0.225107 1.41516e-22)
(0.118279 -0.222361 -1.81625e-21)
(0.175558 -0.123469 -2.88432e-21)
(0.246996 0.0418639 -2.60592e-21)
(0.327217 0.279177 1.00446e-20)
(0.407265 0.51795 -6.52506e-21)
(0.445314 0.664448 4.85784e-21)
(0.431013 0.700169 -4.23681e-22)
(0.371403 0.68323 1.50625e-21)
(0.239536 0.632365 -4.91273e-22)
(0.190515 0.459075 -1.37231e-21)
(0.343343 0.0899207 3.99666e-22)
(0.503729 -0.250488 -4.37933e-22)
(0.651753 -0.462433 -8.0857e-22)
(0.744055 -0.567051 5.32535e-22)
(0.724951 -0.623648 -1.21804e-22)
(0.615666 -0.683268 -2.17829e-22)
(0.64783 -0.428044 -3.39071e-22)
(0.74898 -0.0546714 1.12013e-22)
(0.906529 0.280551 3.56178e-22)
(0.970783 0.3794 5.03846e-22)
(0.952664 0.389115 4.50916e-22)
(0.910308 0.541855 -2.29869e-22)
(0.889849 0.377586 -2.13732e-23)
(0.900805 0.283141 8.00497e-23)
(0.924479 -0.0377751 1.01763e-22)
(0.934505 -0.360257 6.24149e-23)
(0.958545 -0.356184 2.40913e-22)
(0.9351 -0.554867 -1.81858e-22)
(0.971849 -0.113074 9.82244e-23)
(0.978756 0.225159 -1.44049e-22)
(0.0703998 -0.23247 -3.7263e-21)
(0.117985 -0.132834 -4.15023e-21)
(0.183797 0.0340832 2.31418e-21)
(0.258471 0.271395 -3.72847e-21)
(0.336664 0.511015 3.07102e-21)
(0.380112 0.661798 -2.43321e-21)
(0.375716 0.705132 1.81977e-21)
(0.318758 0.698706 -2.46263e-22)
(0.195445 0.642458 -4.83669e-22)
(0.191157 0.438293 -7.16249e-22)
(0.368495 0.0524532 4.39563e-23)
(0.528462 -0.281893 5.39793e-22)
(0.668332 -0.483848 2.05711e-23)
(0.753538 -0.573309 2.82721e-22)
(0.734725 -0.615771 4.02197e-22)
(0.621256 -0.675334 -4.80064e-23)
(0.637826 -0.430324 3.82695e-22)
(0.732482 -0.0647297 -3.61985e-22)
(0.892601 0.27035 3.38582e-23)
(0.960462 0.376707 -2.53789e-22)
(0.944319 0.392966 4.51249e-23)
(0.902279 0.545019 -2.86996e-22)
(0.883414 0.376618 8.14505e-23)
(0.895052 0.280308 1.96872e-23)
(0.926031 -0.0410682 1.26735e-22)
(0.938924 -0.362334 -7.77147e-23)
(0.962423 -0.356726 -7.24857e-24)
(0.941106 -0.554856 -2.28613e-22)
(0.971172 -0.114153 -5.98881e-23)
(0.976742 0.225224 8.85536e-23)
(0.022216 -0.239993 5.0049e-21)
(0.0601951 -0.141346 -3.70726e-21)
(0.120311 0.0255864 1.3037e-21)
(0.190531 0.262059 -1.74259e-21)
(0.267566 0.501997 3.33949e-21)
(0.316372 0.657069 -5.76597e-22)
(0.321203 0.709094 -1.47327e-21)
(0.267149 0.71327 8.15138e-22)
(0.159076 0.64765 3.19313e-22)
(0.200966 0.412499 -3.23673e-22)
(0.397017 0.0153433 1.25955e-22)
(0.555676 -0.311374 -3.65002e-22)
(0.686466 -0.503316 1.07855e-22)
(0.763667 -0.578643 1.26919e-22)
(0.744764 -0.607325 -1.11272e-22)
(0.6283 -0.666503 -3.6109e-22)
(0.628853 -0.43236 -5.2345e-22)
(0.716897 -0.075667 -4.5974e-23)
(0.87912 0.259237 1.21644e-22)
(0.950454 0.373673 2.74864e-22)
(0.93623 0.396606 -2.97354e-22)
(0.893986 0.548086 -4.54126e-23)
(0.876817 0.37572 5.71943e-23)
(0.889597 0.277365 6.9939e-23)
(0.927972 -0.0444492 -4.269e-23)
(0.943453 -0.36435 9.54594e-23)
(0.966195 -0.357272 -1.65674e-23)
(0.947113 -0.554726 5.46853e-23)
(0.970659 -0.115064 4.5798e-23)
(0.97473 0.225307 -1.40286e-23)
(-0.0251413 -0.244883 -3.46601e-21)
(0.00336741 -0.149022 3.40147e-21)
(0.0573705 0.0162497 -3.06418e-21)
(0.12394 0.250986 2.57895e-21)
(0.200531 0.490829 1.67717e-21)
(0.254599 0.650322 -2.4039e-21)
(0.267963 0.711997 1.67314e-21)
(0.217766 0.726124 3.29962e-22)
(0.132477 0.647408 -7.62718e-22)
(0.21872 0.382566 8.68804e-23)
(0.428298 -0.0210993 3.12776e-23)
(0.584974 -0.338867 -6.40657e-23)
(0.705967 -0.520799 8.30983e-23)
(0.774461 -0.583084 -1.35102e-22)
(0.755012 -0.59843 -3.70141e-23)
(0.636806 -0.656816 3.86183e-22)
(0.621124 -0.434061 2.5281e-23)
(0.702393 -0.0873873 -7.1778e-24)
(0.866141 0.247245 -6.3756e-23)
(0.940817 0.370284 1.87035e-23)
(0.928439 0.400046 1.39259e-22)
(0.885415 0.551082 3.10861e-23)
(0.870099 0.374876 -4.52572e-23)
(0.884505 0.274292 1.51456e-23)
(0.9303 -0.0479078 -1.18686e-22)
(0.948086 -0.366287 -1.83835e-22)
(0.969872 -0.357819 6.86012e-23)
(0.953106 -0.554487 1.02905e-22)
(0.970298 -0.115804 -2.05255e-24)
(0.972713 0.225413 -3.33661e-23)
(-0.0702433 -0.246875 -4.79348e-22)
(-0.0511152 -0.155935 3.73624e-22)
(-0.00398708 0.00604945 7.77561e-22)
(0.0593674 0.238041 -1.01605e-21)
(0.136107 0.477476 -5.53646e-22)
(0.195253 0.641606 5.13584e-22)
(0.216602 0.713689 -6.21096e-22)
(0.171939 0.736375 4.0735e-22)
(0.117133 0.641509 8.46543e-23)
(0.243088 0.349573 1.70727e-22)
(0.461889 -0.0566042 -2.70373e-22)
(0.616021 -0.364308 4.77627e-22)
(0.726649 -0.536283 -1.67973e-22)
(0.785927 -0.586661 -9.38419e-23)
(0.765424 -0.589206 -9.07846e-24)
(0.646726 -0.646333 -4.26015e-23)
(0.614846 -0.435342 -4.23438e-23)
(0.689134 -0.0998088 4.75677e-23)
(0.853713 0.234414 -2.72789e-23)
(0.931613 0.366527 -1.20712e-22)
(0.920979 0.403304 1.11266e-22)
(0.876564 0.554039 -1.65433e-23)
(0.863311 0.374067 2.29661e-23)
(0.879831 0.271071 -7.93261e-23)
(0.933009 -0.0514311 5.86712e-23)
(0.952817 -0.368127 1.41699e-22)
(0.973471 -0.358362 -4.74978e-24)
(0.959071 -0.554147 -8.39777e-23)
(0.970077 -0.116371 3.79877e-24)
(0.970686 0.225545 5.09505e-23)
(-0.111533 -0.246047 1.81193e-22)
(-0.101844 -0.162113 -1.08078e-24)
(-0.0625001 -0.0048601 -4.97875e-22)
(-0.00239877 0.22314 9.13829e-23)
(0.0748394 0.461934 1.32558e-22)
(0.138799 0.630948 -2.82067e-22)
(0.167867 0.713915 1.29488e-22)
(0.131135 0.743128 9.36478e-23)
(0.113682 0.630046 -1.44292e-22)
(0.272906 0.314675 1.96256e-22)
(0.497482 -0.0907793 -2.85952e-22)
(0.648518 -0.387653 6.78711e-23)
(0.748336 -0.549775 3.8151e-23)
(0.798056 -0.589405 2.80511e-23)
(0.775966 -0.579766 -5.61941e-23)
(0.65795 -0.635129 2.69682e-23)
(0.61021 -0.436127 5.90618e-23)
(0.677274 -0.112839 1.94878e-23)
(0.841888 0.220785 5.94431e-23)
(0.922906 0.362386 5.69323e-23)
(0.913869 0.406397 -5.95801e-24)
(0.867445 0.556982 -2.90931e-23)
(0.856513 0.37327 1.02337e-23)
(0.875627 0.267687 -2.86272e-23)
(0.936086 -0.0550039 -1.91077e-23)
(0.957639 -0.369855 -1.23334e-23)
(0.977013 -0.358897 1.13349e-23)
)
;

boundaryField
{
    inlet
    {
        type            uniformFixedValue;
        uniformValue    constant (1 0 0);
        value           nonuniform 0();
    }
    outlet
    {
        type            pressureInletOutletVelocity;
        value           nonuniform List<vector> 
49
(
(1.00982 0.223334 -2.01666e-23)
(1.00735 0.223687 4.59336e-23)
(1.00492 0.224002 -3.84375e-23)
(1.00252 0.224248 -7.20391e-23)
(1.00017 0.224441 2.77542e-23)
(0.997857 0.224595 1.51067e-22)
(0.995593 0.224717 7.53418e-23)
(0.993373 0.224811 -3.08241e-22)
(0.991193 0.224884 3.49217e-22)
(0.989052 0.22494 -1.99365e-22)
(0.986944 0.224986 1.84958e-23)
(0.984866 0.225025 -2.0921e-24)
(0.982812 0.225064 -1.2689e-22)
(0.980778 0.225107 1.41516e-22)
(0.978756 0.225159 -1.44049e-22)
(0.976742 0.225224 8.85536e-23)
(0.97473 0.225307 -1.40286e-23)
(0.972713 0.225413 -3.33661e-23)
(0.970686 0.225545 5.09505e-23)
(1.06758 0.00296282 0)
(1.06765 0.0090817 0)
(1.06783 0.0158044 0)
(1.06819 0.0235779 0)
(1.06896 0.0327784 0)
(1.07044 0.0436651 0)
(1.07288 0.0563088 0)
(1.07627 0.0705375 0)
(1.08022 0.0859299 0)
(1.08406 0.101881 0)
(1.08711 0.117745 0)
(1.0889 0.132948 0)
(1.08925 0.147064 0)
(1.08815 0.159835 0)
(1.08574 0.171149 0)
(1.08224 0.180993 0)
(1.07789 0.189424 0)
(1.07291 0.196546 0)
(1.06752 0.202484 0)
(1.06191 0.207371 0)
(1.0562 0.21134 0)
(1.05053 0.214517 0)
(1.04498 0.217019 0)
(1.03961 0.218952 0)
(1.03446 0.220409 0)
(1.02958 0.221474 0)
(1.02497 0.22222 0)
(1.02065 0.222712 0)
(1.01661 0.222974 0)
(1.01285 0.222992 0)
)
;
    }
    cylinder
    {
        type            fixedValue;
        value           uniform (0 0 0);
    }
    top
    {
        type            symmetryPlane;
    }
    bottom
    {
        type            symmetryPlane;
    }
    defaultFaces
    {
        type            empty;
    }
    procBoundary1to0
    {
        type            processor;
        value           nonuniform List<vector> 
50
(
(1.40902 -0.131879 1.35385e-20)
(1.41619 -0.128994 -3.64227e-20)
(1.41619 -0.128994 -3.64227e-20)
(1.37479 -0.113044 5.72597e-20)
(1.37479 -0.113044 5.72597e-20)
(1.0489 -0.059086 -3.49109e-20)
(1.23531 -0.0832211 -1.01335e-19)
(1.23531 -0.0832211 -1.01335e-19)
(0.707242 -0.0167288 8.19357e-21)
(0.707242 -0.0167288 8.19357e-21)
(0.367168 0.00352489 3.16303e-20)
(0.367168 0.00352489 3.16303e-20)
(0.127899 -0.000798811 -8.18743e-21)
(0.127899 -0.000798811 -8.18743e-21)
(0.00655222 -0.0118524 -1.97516e-20)
(-0.00722313 -0.0172272 6.15767e-20)
(-0.00722313 -0.0172272 6.15767e-20)
(-0.0209706 -0.0150775 1.5099e-20)
(-0.0209706 -0.0150775 1.5099e-20)
(1.08957 -0.00119802 3.96048e-23)
(1.0908 -0.00355847 6.01211e-24)
(1.09307 -0.00582438 -2.02254e-22)
(1.09629 -0.00807346 2.79576e-23)
(1.10039 -0.0103059 4.46768e-22)
(1.1053 -0.0125657 8.41362e-23)
(1.11097 -0.0148757 1.05522e-22)
(1.11736 -0.0172671 5.8037e-23)
(1.12445 -0.0197702 -1.15312e-22)
(1.1322 -0.0224149 -3.7587e-22)
(1.14059 -0.0252309 2.25258e-22)
(1.14059 -0.0252309 2.25258e-22)
(1.1481 -0.0304576 -9.17623e-22)
(1.1575 -0.0340014 -4.43888e-22)
(1.16748 -0.0378181 1.26432e-22)
(1.17801 -0.041927 8.77671e-22)
(1.18907 -0.046344 1.45802e-21)
(1.20066 -0.0510783 1.86923e-21)
(1.21275 -0.056128 -2.97529e-21)
(1.22532 -0.0614931 5.74251e-22)
(1.23837 -0.0671571 -1.87761e-21)
(1.25187 -0.073091 1.35414e-21)
(1.26583 -0.0792706 -3.12257e-21)
(1.28025 -0.0856395 1.69548e-21)
(1.29517 -0.0921543 3.24627e-21)
(1.31068 -0.0987651 -1.21223e-21)
(1.32687 -0.105375 -2.1842e-21)
(1.34373 -0.111798 7.42175e-22)
(1.36096 -0.117861 1.69934e-21)
(1.37784 -0.123573 -6.3903e-21)
(1.39319 -0.12858 -3.34397e-21)
)
;
    }
    procBoundary1to3
    {
        type            processor;
        value           nonuniform List<vector> 
41
(
(0.000472164 -0.0657679 1.08828e-21)
(-0.0029335 -0.154462 -3.11889e-21)
(-0.0138781 -0.211272 -3.6354e-21)
(-0.0294814 -0.242649 3.61591e-21)
(-0.0477219 -0.25727 -3.3296e-21)
(-0.0665621 -0.263304 -1.78586e-21)
(-0.0844784 -0.266206 3.08235e-21)
(-0.100724 -0.268023 3.83557e-21)
(-0.114646 -0.267902 -6.35701e-22)
(-0.125738 -0.26263 1.91851e-21)
(-0.14751 -0.24279 -1.6226e-22)
(-0.147276 -0.167319 3.57711e-23)
(-0.116793 -0.0163079 2.28433e-22)
(-0.0604585 0.206436 -2.28938e-22)
(0.0173463 0.444275 5.28863e-23)
(0.0857629 0.618353 1.32274e-22)
(0.122637 0.712316 1.41992e-24)
(0.0969704 0.745591 -6.26667e-23)
(0.121824 0.613388 -5.51788e-23)
(0.307287 0.27897 -5.92689e-23)
(0.534853 -0.123299 1.97274e-24)
(0.68219 -0.408857 -9.72398e-23)
(0.770859 -0.561285 4.87267e-23)
(0.810817 -0.591343 -1.26434e-23)
(0.78662 -0.570212 -7.58864e-24)
(0.670312 -0.623296 -7.61012e-24)
(0.607385 -0.436352 5.3566e-23)
(0.666962 -0.126358 9.64435e-23)
(0.830726 0.206409 2.92292e-24)
(0.914756 0.357846 3.51565e-23)
(0.907118 0.409348 -1.43613e-23)
(0.858092 0.559937 -9.20584e-24)
(0.849772 0.372461 -3.63159e-24)
(0.871935 0.264129 -1.51666e-23)
(0.939512 -0.0586085 -2.19468e-23)
(0.962542 -0.371456 -1.3681e-23)
(0.980517 -0.359421 6.76231e-24)
(0.964994 -0.553713 -3.84771e-23)
(0.969983 -0.116767 -2.87738e-24)
(0.968644 0.225708 8.72293e-24)
(0.964994 -0.553713 -3.84771e-23)
)
;
    }
}


// ************************************************************************* //
