/*--------------------------------*- C++ -*----------------------------------*\
  =========                 |
  \\      /  F ield         | OpenFOAM: The Open Source CFD Toolbox
   \\    /   O peration     | Website:  https://openfoam.org
    \\  /    A nd           | Version:  7
     \\/     M anipulation  |
\*---------------------------------------------------------------------------*/
FoamFile
{
    version     2.0;
    format      ascii;
    class       volVectorField;
    location    "100";
    object      U;
}
// * * * * * * * * * * * * * * * * * * * * * * * * * * * * * * * * * * * * * //

dimensions      [0 1 -1 0 0 0 0];

internalField   nonuniform List<vector> 
2125
(
(-0.000843729 -0.0296883 9.88787e-22)
(-0.00654521 -0.0784696 -2.83745e-21)
(-0.0187743 -0.11758 -3.30689e-21)
(-0.0341816 -0.146411 3.28569e-21)
(-0.0512405 -0.166971 -3.02295e-21)
(-0.0684386 -0.182675 -1.61357e-21)
(-0.0845945 -0.196788 2.76281e-21)
(-0.0991827 -0.211381 3.43279e-21)
(-0.112042 -0.227101 -5.6645e-22)
(-0.123352 -0.243352 1.67529e-21)
(-0.0002205 -0.0268308 -1.09268e-21)
(-0.00567762 -0.0718356 3.37328e-21)
(-0.0189108 -0.108583 -7.90729e-21)
(-0.0358033 -0.136176 7.17155e-21)
(-0.0545628 -0.156451 3.17815e-22)
(-0.0735053 -0.172595 5.26886e-21)
(-0.0913873 -0.187571 -9.17134e-21)
(-0.107744 -0.203112 -1.34543e-20)
(-0.122523 -0.21956 -2.63497e-21)
(-0.136156 -0.236093 5.9872e-21)
(0.000151853 -0.0233985 9.98576e-22)
(-0.00528096 -0.0640758 7.38971e-21)
(-0.0194707 -0.0982887 1.74152e-20)
(-0.037629 -0.124672 -1.57611e-20)
(-0.0577369 -0.144773 -3.56286e-21)
(-0.0779594 -0.161467 -3.24313e-21)
(-0.0969835 -0.177371 1.65798e-20)
(-0.114375 -0.193856 1.03278e-20)
(-0.130131 -0.210929 2.5366e-21)
(-0.144808 -0.22751 -1.85406e-20)
(0.00023112 -0.0194727 3.53868e-21)
(-0.00540482 -0.055361 -4.33818e-21)
(-0.0204589 -0.0869049 -3.24476e-20)
(-0.0396096 -0.112114 2.86815e-21)
(-0.0606645 -0.132144 8.91116e-21)
(-0.0816622 -0.149493 -6.94437e-21)
(-0.101209 -0.166408 -3.47107e-22)
(-0.118863 -0.18388 -2.82457e-21)
(-0.134606 -0.201538 6.40352e-21)
(-0.148958 -0.217988 1.83984e-20)
(-1.13053e-05 -0.0151571 2.45471e-21)
(-0.00607457 -0.0458949 -1.39374e-20)
(-0.0218562 -0.074665 3.35371e-20)
(-0.0416756 -0.0987309 -1.5277e-20)
(-0.0632296 -0.118771 -5.82836e-23)
(-0.0844587 -0.136869 2.11628e-20)
(-0.103876 -0.15489 -9.71418e-21)
(-0.120988 -0.17344 1.09193e-21)
(-0.135699 -0.19172 -3.99374e-21)
(-0.148262 -0.207924 1.40889e-21)
(-0.000587543 -0.0105733 2.93959e-20)
(-0.00728772 -0.0359077 3.58371e-20)
(-0.0236165 -0.0618229 -9.17165e-21)
(-0.0437328 -0.0847599 1.75324e-20)
(-0.0652914 -0.104864 5.54575e-21)
(-0.0861655 -0.123779 -7.87989e-21)
(-0.104763 -0.143001 -3.04795e-21)
(-0.12049 -0.162764 -1.32749e-20)
(-0.133133 -0.181785 2.88348e-21)
(-0.142326 -0.197707 -1.69376e-20)
(-0.00149124 -0.00585688 -2.83384e-20)
(-0.00901162 -0.0256496 -1.86878e-20)
(-0.0256651 -0.0486489 1.52849e-20)
(-0.0456601 -0.0704482 -2.65475e-20)
(-0.0666796 -0.0906292 3.08507e-21)
(-0.0865612 -0.110391 3.12655e-20)
(-0.103594 -0.130894 -5.65534e-21)
(-0.117043 -0.152032 3.67453e-20)
(-0.126568 -0.172 -7.7733e-22)
(-0.130638 -0.187702 -1.47685e-20)
(-0.00269672 -0.00115157 2.38215e-20)
(-0.0111833 -0.0153831 -4.32737e-20)
(-0.0278991 -0.0354246 -1.72832e-20)
(-0.04731 -0.0560511 2.02117e-20)
(-0.0671921 -0.0762747 7.54203e-22)
(-0.0853787 -0.0968635 -5.87973e-20)
(-0.100031 -0.118687 -3.55991e-21)
(-0.110217 -0.141363 -2.91932e-20)
(-0.115561 -0.162563 -3.73224e-20)
(-0.112532 -0.178225 2.17985e-20)
(-0.00415945 0.00339671 -1.32835e-20)
(-0.0137109 -0.00537547 6.46227e-21)
(-0.0301903 -0.0224392 1.5933e-20)
(-0.0485115 -0.0418331 -1.44595e-20)
(-0.066598 -0.0620168 -5.05715e-20)
(-0.0823056 -0.0833503 1.73653e-20)
(-0.0936572 -0.10647 2.45107e-21)
(-0.0994689 -0.130805 4.40905e-20)
(-0.0995467 -0.153577 5.73847e-20)
(-0.0871554 -0.169514 -2.55771e-20)
(-0.00581803 0.00764688 2.10606e-20)
(-0.0164778 0.00410949 1.92987e-20)
(-0.032391 -0.00998491 -2.77572e-21)
(-0.0490773 -0.0280691 7.17389e-20)
(-0.0646459 -0.0480868 3.05761e-20)
(-0.0769937 -0.070017 2.30159e-20)
(-0.083998 -0.0943177 3.28335e-20)
(-0.0841354 -0.120335 -1.42152e-20)
(-0.0778369 -0.145033 -1.9205e-20)
(-0.0534987 -0.161643 -3.11955e-20)
(-0.00759827 0.0114702 -1.89838e-21)
(-0.0193488 0.0128223 -3.06595e-20)
(-0.0343401 0.00164904 -2.21558e-20)
(-0.0488128 -0.0150459 -3.55786e-20)
(-0.0610783 -0.0347404 -2.83209e-20)
(-0.0690788 -0.0570597 2.87311e-20)
(-0.07054 -0.0823247 -2.7662e-20)
(-0.0634629 -0.109886 -1.89876e-20)
(-0.0496366 -0.136795 2.51784e-21)
(-0.0105495 -0.154262 8.21202e-21)
(-0.00941789 0.0147576 -5.85282e-20)
(-0.0221782 0.0205379 2.80433e-20)
(-0.0358738 0.0121838 2.0548e-20)
(-0.0475278 -0.00305873 1.38915e-20)
(-0.0556481 -0.0222641 -2.55037e-20)
(-0.0582099 -0.0447254 -2.15264e-20)
(-0.0527796 -0.0706444 3.12554e-20)
(-0.0366582 -0.0994122 -2.55583e-20)
(-0.0138948 -0.128807 -1.82204e-21)
(0.042401 -0.146219 -2.59942e-20)
(-0.0111927 0.0174266 4.93057e-20)
(-0.0248177 0.0270657 2.02077e-20)
(-0.0368319 0.0213612 1.18094e-21)
(-0.0450464 0.00759593 -2.52719e-20)
(-0.0481357 -0.0109723 1.67049e-21)
(-0.0440803 -0.0333181 2.8732e-20)
(-0.0302952 -0.0595099 -8.19864e-21)
(-0.0031357 -0.0889202 -1.00652e-20)
(0.0310889 -0.12155 -2.21586e-20)
(0.106061 -0.13632 3.97654e-20)
(-0.0128436 0.0194267 3.37529e-20)
(-0.0271242 0.03226 -5.46029e-20)
(-0.0370629 0.028956 -4.24435e-20)
(-0.0412087 0.0166345 1.83267e-20)
(-0.0383538 -0.00119059 3.77582e-20)
(-0.0264366 -0.0231834 3.25771e-20)
(-0.00274324 -0.0492188 -3.47085e-20)
(0.037001 -0.0785004 6.69794e-20)
(0.086354 -0.114605 -2.04386e-20)
(0.182244 -0.124916 -4.64403e-20)
(-0.014302 0.0207421 -5.0433e-20)
(-0.0289661 0.0360283 3.04607e-20)
(-0.0364244 0.0347902 -1.49231e-20)
(-0.035866 0.0238069 1.55956e-21)
(-0.0261358 0.00677056 1.61263e-20)
(-0.00506418 -0.01468 -5.1289e-20)
(0.0302964 -0.0401433 4.58301e-20)
(0.0841291 -0.0686495 -4.4554e-20)
(0.151028 -0.10715 7.11417e-20)
(0.270575 -0.1124 2.49357e-20)
(-0.0155148 0.021392 1.08718e-20)
(-0.0302254 0.038337 5.97415e-20)
(-0.0347777 0.0387481 -1.52023e-20)
(-0.0288632 0.0289224 1.54075e-20)
(-0.0113062 0.0126547 1.8315e-20)
(0.020222 -0.00815566 -5.56194e-21)
(0.068973 -0.0327463 3.96689e-20)
(0.138775 -0.0600508 2.07806e-21)
(0.225434 -0.0993273 -4.5303e-20)
(0.368063 -0.0983678 5.98798e-20)
(-0.0164462 0.0214263 -2.88784e-20)
(-0.0307965 0.0392116 -5.67142e-20)
(-0.0319759 0.040788 4.94045e-20)
(-0.0200109 0.0318706 2.50318e-20)
(0.00636421 0.0162942 -1.16859e-19)
(0.0496879 -0.00381123 9.60323e-20)
(0.113511 -0.027226 -8.72507e-20)
(0.200832 -0.0528185 1.45102e-21)
(0.309929 -0.0910349 -1.93645e-20)
(0.470608 -0.0829426 -5.49375e-20)
(-0.0170766 0.0209187 2.5193e-20)
(-0.0305802 0.0387343 -3.46726e-21)
(-0.027846 0.0409437 -1.21384e-20)
(-0.00906117 0.0326443 -1.3351e-21)
(0.0272203 0.0176665 -7.32714e-21)
(0.0837537 -0.0016407 -3.05891e-20)
(0.164351 -0.0235366 1.30783e-20)
(0.270377 -0.0470571 -2.07166e-20)
(0.404147 -0.0811858 6.4806e-21)
(0.573048 -0.0662486 1.75162e-21)
(-0.017398 0.0199584 -5.14611e-20)
(-0.0294766 0.0370318 -3.77172e-21)
(-0.0221723 0.0393294 5.67001e-21)
(0.00432928 0.0313573 2.31325e-21)
(0.0517473 0.016919 3.84006e-20)
(0.12304 -0.00142129 -1.12791e-19)
(0.222094 -0.0213193 7.63909e-20)
(0.347824 -0.0425494 -5.71496e-20)
(0.506647 -0.0681196 4.71281e-20)
(0.670406 -0.0491305 5.02851e-20)
(-0.0174075 0.0186381 -6.29756e-21)
(-0.0273702 0.0342636 2.86899e-20)
(-0.0146851 0.0361373 -3.62009e-20)
(0.020615 0.0282381 -1.14043e-20)
(0.0805922 0.0143634 2.21226e-20)
(0.168338 -0.00269718 1.07233e-19)
(0.287349 -0.0199411 -2.15924e-20)
(0.433585 -0.0383677 1.06914e-20)
(0.614438 -0.0508918 -5.48897e-20)
(0.761228 -0.0362682 2.34008e-20)
(-0.0170982 0.0170448 -1.88671e-20)
(-0.0241203 0.0306096 -1.46646e-20)
(-0.00504825 0.0316204 3.58154e-21)
(0.040358 0.0236258 1.43532e-20)
(0.114531 0.0104701 -4.27399e-20)
(0.220501 -0.00480151 -1.74296e-20)
(0.360507 -0.0185786 -5.49475e-20)
(0.527174 -0.0328769 5.60092e-20)
(0.722294 -0.0316236 5.80214e-20)
(0.84956 -0.0347854 -2.43066e-20)
(-0.0164503 0.0152524 -8.97629e-21)
(-0.019551 0.0262556 3.66012e-20)
(0.00713999 0.0260792 -4.11311e-20)
(0.064205 0.017954 -4.80849e-21)
(0.154388 0.00584763 -1.95292e-20)
(0.280253 -0.00690172 4.28605e-20)
(0.441498 -0.0162818 5.54804e-20)
(0.626438 -0.0246653 -5.26193e-20)
(0.823793 -0.0158428 5.45528e-20)
(0.961283 -0.0265284 7.00118e-21)
(-0.0154235 0.0133171 -2.59908e-20)
(-0.0134464 0.0213828 -7.40794e-20)
(0.0223338 0.0198466 7.24663e-20)
(0.0928408 0.0117295 1.04895e-20)
(0.200927 0.00120912 1.55416e-20)
(0.347952 -0.00807538 9.15298e-21)
(0.529437 -0.0121076 4.19834e-20)
(0.72767 -0.0136269 3.06244e-20)
(0.921187 -0.000765831 -1.06831e-19)
(1.05792 -0.00767966 -5.05812e-20)
(-0.00555083 0.0161623 1.79644e-20)
(0.0410175 0.0132739 -4.0873e-20)
(0.12692 0.00550801 8.02831e-21)
(0.254699 -0.00267416 1.29858e-20)
(0.423355 -0.00741349 -9.2997e-20)
(0.622405 -0.00530644 4.07315e-20)
(0.827173 -4.50872e-05 -2.74345e-20)
(1.01067 0.0156308 2.85223e-20)
(1.13457 0.011817 -9.61458e-21)
(0.0636728 0.00672038 -1.9087e-21)
(0.166988 -0.000131641 -1.12505e-20)
(0.315895 -0.00502758 5.25727e-22)
(0.505455 -0.00414617 1.01307e-21)
(0.717579 0.00448933 -6.21041e-20)
(0.921422 0.0156976 7.97103e-21)
(1.08909 0.0329063 7.50773e-20)
(1.19666 0.0314002 3.30905e-20)
(0.0907399 0.000548576 6.95053e-20)
(0.213398 -0.00460888 1.77605e-21)
(0.384214 -0.00513436 -2.91112e-20)
(0.592451 0.00224222 7.87483e-20)
(0.811695 0.0172295 1.70835e-20)
(1.00746 0.0330494 6.87595e-22)
(1.15547 0.0506333 -3.30589e-20)
(1.24384 0.0502696 -4.18604e-20)
(0.266237 -0.00736044 -2.88542e-20)
(0.458782 -0.00240093 4.76659e-20)
(0.681913 0.0119479 -2.3445e-20)
(0.901598 0.0325406 -2.62017e-20)
(1.08338 0.0514359 -6.35165e-21)
(1.20961 0.0683441 -1.88143e-20)
(1.27897 0.0680724 1.99762e-20)
(0.538165 0.00358224 2.5738e-20)
(0.771107 0.0248586 -8.55725e-20)
(0.984715 0.0498869 5.45753e-20)
(1.14829 0.0703422 -2.47432e-20)
(1.25239 0.0857036 3.67288e-20)
(1.30398 0.0848193 9.90566e-21)
(1.05929 0.0687075 -1.42841e-20)
(1.20222 0.089368 1.16232e-20)
(1.28506 0.102526 -2.79461e-20)
(1.32102 0.100559 -2.79188e-20)
(1.24579 0.108236 -3.64298e-20)
(1.30914 0.11874 6.6492e-22)
(1.33184 0.115455 1.93153e-20)
(1.32609 0.134362 2.72247e-20)
(1.33792 0.129668 -1.15928e-20)
(-0.144201 -0.26635 -1.33657e-22)
(-0.158099 -0.292185 3.0414e-23)
(-0.155362 -0.274788 1.94333e-22)
(-0.134226 -0.192502 -2.01681e-22)
(-0.075706 -0.0161906 5.33594e-23)
(0.0106702 0.225438 1.68435e-22)
(0.105894 0.452769 3.82473e-24)
(0.183591 0.603836 -8.53628e-23)
(0.208054 0.677496 -5.7799e-23)
(0.166154 0.711425 -5.20076e-23)
(0.17564 0.580771 1.27734e-23)
(0.361908 0.224911 -9.94067e-23)
(0.564217 -0.136216 6.25473e-23)
(0.709996 -0.435662 -1.69061e-23)
(0.776985 -0.52508 -9.37556e-24)
(0.82172 -0.564327 -7.60341e-24)
(0.740672 -0.577083 4.24629e-23)
(0.619946 -0.537948 7.66583e-23)
(0.62731 -0.314291 6.15069e-24)
(0.774207 0.102691 3.84157e-23)
(0.886889 0.229558 -1.54829e-23)
(0.915601 0.442598 -1.19909e-23)
(0.863856 0.476644 -3.75833e-24)
(0.857372 0.443869 -1.24574e-23)
(0.88401 0.329103 -1.61654e-23)
(0.934995 -0.117699 -1.16495e-23)
(0.953471 -0.211262 8.57116e-24)
(0.989124 -0.526442 4.74073e-23)
(0.963799 -0.474133 2.23671e-24)
(0.947952 -0.00381053 -1.99972e-24)
(-0.161951 -0.258649 5.95287e-23)
(-0.18234 -0.289872 -4.28681e-22)
(-0.18802 -0.27679 -7.86265e-23)
(-0.177092 -0.202353 5.15721e-22)
(-0.125563 -0.0337371 -5.76948e-23)
(-0.0413335 0.203126 -6.47168e-22)
(0.0561866 0.431825 4.20132e-22)
(0.138538 0.591112 -4.08362e-22)
(0.168523 0.677289 1.81188e-22)
(0.137809 0.712353 -3.7651e-22)
(0.189128 0.563108 6.77861e-22)
(0.394562 0.194419 -6.66742e-22)
(0.598552 -0.162156 3.94305e-24)
(0.738908 -0.450644 4.19876e-22)
(0.794333 -0.53317 -5.29181e-23)
(0.834241 -0.561566 -4.78903e-23)
(0.752201 -0.564745 -1.40085e-22)
(0.630452 -0.530639 1.15606e-22)
(0.625436 -0.323136 1.04062e-22)
(0.766396 0.0879217 -1.45243e-22)
(0.879944 0.221537 -3.84825e-23)
(0.907228 0.443696 6.89105e-23)
(0.856745 0.479143 -4.9788e-24)
(0.848513 0.443061 -4.72681e-23)
(0.880302 0.325866 3.18494e-23)
(0.938681 -0.12031 1.16197e-22)
(0.95696 -0.213329 -4.79597e-26)
(0.995106 -0.526598 -8.95435e-23)
(0.968229 -0.472941 -7.91245e-25)
(0.947303 -0.00315209 1.24117e-23)
(-0.174043 -0.249269 3.0679e-21)
(-0.200207 -0.28584 -2.35577e-21)
(-0.21305 -0.277183 1.6675e-21)
(-0.212273 -0.211324 -1.55331e-21)
(-0.169449 -0.0517906 -6.29554e-22)
(-0.0887353 0.179286 3.24551e-21)
(0.0103782 0.409041 -1.09444e-21)
(0.0966358 0.576882 -9.61967e-22)
(0.132551 0.675173 4.61976e-22)
(0.117323 0.709048 -4.41964e-23)
(0.209366 0.542153 1.60734e-22)
(0.429553 0.164401 -7.09966e-23)
(0.633923 -0.186385 -2.01048e-23)
(0.768583 -0.463678 1.7904e-22)
(0.812421 -0.539976 1.78613e-23)
(0.84693 -0.558471 -9.83687e-23)
(0.763934 -0.552426 2.91731e-22)
(0.642346 -0.522939 8.64671e-23)
(0.625691 -0.331685 -4.98948e-23)
(0.759686 0.0728535 -7.94924e-23)
(0.873785 0.213264 5.09425e-23)
(0.899185 0.444571 8.89911e-23)
(0.849557 0.481674 -1.29928e-22)
(0.839673 0.44221 3.92137e-23)
(0.877012 0.322389 -9.28299e-23)
(0.942538 -0.122953 -1.34517e-22)
(0.960638 -0.215365 1.98596e-23)
(1.00098 -0.526717 1.53998e-22)
(0.972572 -0.471576 -8.04567e-24)
(0.946626 -0.00236869 -9.02026e-24)
(-0.180012 -0.238539 -3.40754e-21)
(-0.211249 -0.280346 1.6047e-21)
(-0.229716 -0.276101 -2.10542e-22)
(-0.238513 -0.219123 4.20088e-22)
(-0.205886 -0.069859 -5.75578e-22)
(-0.130681 0.154264 -1.92641e-21)
(-0.030987 0.38446 1.00131e-21)
(0.0585598 0.561006 -1.38574e-22)
(0.101107 0.670642 5.04225e-22)
(0.105894 0.701426 1.26994e-21)
(0.235383 0.518638 -4.07123e-22)
(0.466666 0.135315 5.45466e-22)
(0.670138 -0.20882 -6.27735e-22)
(0.7988 -0.474792 -5.057e-22)
(0.831139 -0.545494 8.79237e-23)
(0.859726 -0.555069 -1.32766e-22)
(0.775865 -0.540219 -2.54044e-22)
(0.655383 -0.51492 -7.0037e-23)
(0.628095 -0.339859 1.13086e-22)
(0.754132 0.0575678 -3.57134e-23)
(0.868464 0.204752 -1.44692e-22)
(0.891497 0.445245 -1.14578e-23)
(0.842295 0.484252 4.79034e-23)
(0.83091 0.441302 3.88898e-24)
(0.874169 0.31867 3.27561e-23)
(0.946564 -0.125618 4.59919e-23)
(0.964508 -0.21736 2.14691e-23)
(1.00673 -0.526788 4.67591e-23)
(0.976798 -0.470043 3.25598e-23)
(0.945909 -0.00146258 -2.71236e-24)
(-0.179478 -0.22677 2.46536e-21)
(-0.215174 -0.273643 2.62142e-21)
(-0.23759 -0.273749 1.50132e-21)
(-0.25485 -0.225513 -1.51272e-21)
(-0.233347 -0.0874124 -1.70749e-22)
(-0.166069 0.128473 -8.97361e-22)
(-0.0671559 0.358287 -1.46434e-21)
(0.0251298 0.543251 -3.83204e-22)
(0.0752472 0.663178 1.91879e-22)
(0.10423 0.689573 2.89213e-23)
(0.266349 0.493346 -5.94605e-22)
(0.505746 0.107459 2.77768e-22)
(0.707035 -0.229391 1.24356e-21)
(0.829346 -0.484021 -5.90798e-22)
(0.850384 -0.549725 4.48589e-22)
(0.872558 -0.551391 6.25756e-23)
(0.787992 -0.528203 5.53991e-22)
(0.669287 -0.506653 -7.41015e-23)
(0.632612 -0.3476 -1.74795e-22)
(0.749794 0.0421447 -2.24323e-23)
(0.864028 0.196015 -1.72613e-22)
(0.884184 0.445741 -2.85174e-22)
(0.834971 0.486893 -3.89459e-24)
(0.822287 0.440323 1.12972e-22)
(0.871801 0.314712 -6.55992e-25)
(0.95076 -0.128296 4.01947e-23)
(0.968572 -0.219303 -9.9615e-23)
(1.01234 -0.526801 -2.18084e-22)
(0.980877 -0.468345 -6.00573e-23)
(0.945139 -0.000436596 2.89947e-23)
(-0.172069 -0.214236 1.5378e-21)
(-0.21176 -0.265912 3.36763e-21)
(-0.236524 -0.270322 1.20705e-21)
(-0.260698 -0.230349 -4.82784e-21)
(-0.250422 -0.103872 4.45362e-21)
(-0.193555 0.102477 -1.97391e-21)
(-0.0971697 0.330809 -2.92742e-22)
(-0.00273383 0.523348 -6.58481e-22)
(0.0560945 0.65231 -5.47617e-22)
(0.11242 0.673719 2.08783e-21)
(0.301561 0.467044 -7.88731e-22)
(0.546614 0.0811763 -2.229e-21)
(0.744456 -0.248015 -3.93596e-23)
(0.860013 -0.491402 8.66803e-22)
(0.870055 -0.552675 -6.92411e-22)
(0.885351 -0.547463 6.32155e-22)
(0.800317 -0.516445 -5.69969e-22)
(0.683779 -0.498207 3.05437e-22)
(0.639128 -0.35487 3.5286e-23)
(0.746728 0.0266607 2.55766e-22)
(0.860515 0.18707 1.20149e-22)
(0.87726 0.446082 1.14617e-22)
(0.827603 0.489607 1.84158e-23)
(0.813866 0.439257 1.33595e-22)
(0.86993 0.31052 8.36079e-23)
(0.955128 -0.130976 -4.62938e-23)
(0.972826 -0.221184 2.92381e-22)
(1.01782 -0.526746 -1.95178e-22)
(0.984781 -0.466483 9.27719e-23)
(0.944305 0.00070578 -4.82569e-23)
(-0.157349 -0.201181 -3.031e-21)
(-0.200738 -0.257269 5.64413e-22)
(-0.226566 -0.266019 6.26532e-22)
(-0.25591 -0.233659 -5.7853e-22)
(-0.256036 -0.118793 6.63868e-22)
(-0.211647 0.0769215 7.82007e-22)
(-0.119898 0.30236 4.3966e-22)
(-0.0240577 0.501077 -7.13511e-22)
(0.0447752 0.637688 -8.25909e-22)
(0.129961 0.654229 4.6416e-22)
(0.340404 0.440445 3.04335e-22)
(0.58902 0.0567325 2.00903e-21)
(0.782221 -0.264621 -1.80417e-21)
(0.8906 -0.496982 -3.698e-22)
(0.89005 -0.55436 1.05316e-21)
(0.898038 -0.54331 3.26358e-22)
(0.812834 -0.504999 6.98438e-24)
(0.698595 -0.489642 3.3158e-24)
(0.647445 -0.361651 -1.12584e-22)
(0.744982 0.0111847 -3.84475e-22)
(0.857948 0.177934 2.0666e-24)
(0.870734 0.446292 -1.27274e-22)
(0.820218 0.492403 -7.68331e-23)
(0.805713 0.438091 -7.52419e-23)
(0.868575 0.306103 -1.37196e-22)
(0.959671 -0.133648 -3.15039e-23)
(0.977266 -0.222993 -2.74668e-22)
(1.02314 -0.526612 2.23876e-22)
(0.988482 -0.464463 -8.85748e-23)
(0.943394 0.00196054 5.30575e-23)
(-0.134779 -0.187849 3.47218e-21)
(-0.18168 -0.247784 5.38462e-22)
(-0.207778 -0.261031 -9.16764e-23)
(-0.2407 -0.235612 -2.83113e-22)
(-0.249651 -0.131926 -5.83818e-22)
(-0.218908 0.0524605 2.87768e-21)
(-0.134116 0.273304 -2.21971e-21)
(-0.0378646 0.476328 -7.85249e-22)
(0.0422853 0.619142 -7.21259e-22)
(0.155895 0.631583 2.44181e-22)
(0.382247 0.414161 2.43548e-21)
(0.632623 0.0342711 -7.59112e-22)
(0.820156 -0.279152 -1.68346e-21)
(0.920914 -0.500811 2.0183e-21)
(0.910268 -0.554799 -1.80949e-21)
(0.910558 -0.538958 3.10591e-22)
(0.825528 -0.493906 1.05447e-23)
(0.713514 -0.481007 2.07163e-22)
(0.657285 -0.367944 -3.03046e-22)
(0.744579 -0.0042274 3.92169e-22)
(0.856339 0.168624 -3.62949e-23)
(0.864611 0.446391 6.68395e-22)
(0.812849 0.495286 1.11776e-22)
(0.79789 0.436813 -3.31278e-22)
(0.867753 0.301473 3.13842e-23)
(0.964392 -0.1363 -1.2309e-22)
(0.981881 -0.224719 4.01238e-23)
(1.02829 -0.526386 -1.80512e-22)
(0.991955 -0.462287 5.58851e-23)
(0.942394 0.00332319 -4.60476e-23)
(-0.103718 -0.174478 -2.31332e-21)
(-0.153936 -0.237468 1.3809e-21)
(-0.180038 -0.255451 1.86191e-21)
(-0.215452 -0.23643 1.86594e-22)
(-0.231351 -0.143243 -3.17766e-21)
(-0.214243 0.0297011 2.94486e-22)
(-0.138619 0.243983 4.35389e-22)
(-0.0432179 0.449166 -1.50335e-21)
(0.0493054 0.596722 -9.88677e-22)
(0.189002 0.606357 2.57527e-21)
(0.426405 0.388679 -6.77315e-22)
(0.677017 0.0139724 1.63964e-21)
(0.858066 -0.29156 -2.72787e-21)
(0.950776 -0.502941 1.22547e-21)
(0.930606 -0.554022 -7.63761e-22)
(0.922868 -0.534426 9.01588e-22)
(0.838359 -0.483198 7.21048e-23)
(0.728373 -0.472338 -3.04464e-22)
(0.668297 -0.373759 5.1383e-22)
(0.745507 -0.0195374 -2.62464e-22)
(0.85568 0.159159 1.97613e-22)
(0.858896 0.446399 -1.00158e-22)
(0.805537 0.498258 -3.53311e-22)
(0.79046 0.435411 3.72175e-22)
(0.867476 0.296641 -4.76018e-23)
(0.969293 -0.138921 4.72713e-22)
(0.986662 -0.22635 -3.10127e-22)
(1.03327 -0.526056 3.37282e-22)
(0.99518 -0.459958 -7.02937e-23)
(0.941295 0.00478882 -2.63392e-25)
(-0.0634838 -0.161315 3.60679e-22)
(-0.116664 -0.226312 5.3113e-21)
(-0.14289 -0.249243 -5.8233e-21)
(-0.180422 -0.236278 -3.64347e-22)
(-0.201712 -0.152876 3.80205e-21)
(-0.19718 0.00944016 4.33771e-22)
(-0.132392 0.214697 -1.55595e-21)
(-0.0392763 0.419858 -5.26584e-22)
(0.0660265 0.570683 2.55762e-22)
(0.227961 0.579183 1.18511e-21)
(0.472142 0.364369 -5.72303e-23)
(0.721761 -0.00410331 -1.86084e-22)
(0.895749 -0.301817 1.13581e-21)
(0.980021 -0.503433 -8.11349e-22)
(0.950957 -0.552062 6.53591e-22)
(0.934941 -0.52973 -3.35792e-22)
(0.85127 -0.472898 -1.05208e-22)
(0.743071 -0.463653 3.48354e-22)
(0.680082 -0.379115 -7.0542e-22)
(0.747704 -0.0347166 3.2282e-22)
(0.855944 0.149556 -1.48532e-22)
(0.85359 0.44633 -4.13925e-22)
(0.798326 0.501318 5.28725e-23)
(0.783479 0.433878 -8.7133e-23)
(0.867752 0.291626 2.70993e-22)
(0.974376 -0.141499 -2.13835e-22)
(0.991595 -0.227874 -8.32142e-23)
(1.03807 -0.52561 -1.542e-22)
(0.998141 -0.457479 -3.31749e-23)
(0.940086 0.00635227 2.47486e-24)
(-0.0134709 -0.148703 -4.0437e-21)
(-0.0689756 -0.214346 7.40508e-21)
(-0.0955411 -0.242253 -1.56525e-21)
(-0.135478 -0.235158 -5.97769e-21)
(-0.161411 -0.160976 6.36893e-21)
(-0.167997 -0.00864064 7.04856e-22)
(-0.114901 0.185712 -2.9105e-21)
(-0.0254031 0.388795 4.85583e-23)
(0.0920733 0.54147 -1.06111e-21)
(0.271453 0.550707 2.124e-22)
(0.518701 0.341489 -2.97264e-21)
(0.766422 -0.0198356 2.74576e-21)
(0.933011 -0.309916 -2.99376e-22)
(1.0085 -0.502351 2.42141e-22)
(0.971215 -0.548962 4.67989e-22)
(0.946768 -0.524884 -1.19763e-21)
(0.86418 -0.463028 5.76306e-22)
(0.757569 -0.454959 -2.76016e-22)
(0.69224 -0.384029 1.31052e-22)
(0.751052 -0.0497615 2.16254e-22)
(0.857082 0.139828 -4.83732e-23)
(0.848695 0.446193 -1.64463e-22)
(0.791264 0.504462 7.19736e-22)
(0.776999 0.432208 -2.98792e-22)
(0.868585 0.286444 5.26595e-23)
(0.97964 -0.144021 -3.70524e-22)
(0.996668 -0.22928 6.14982e-22)
(1.04267 -0.525036 4.10359e-22)
(1.00083 -0.454854 7.2464e-23)
(0.938758 0.0080082 -9.54364e-23)
(0.0466128 -0.13727 -2.28027e-21)
(-0.0101312 -0.201575 9.41685e-21)
(-0.0370507 -0.234292 -2.89805e-21)
(-0.0800128 -0.232888 -2.31167e-21)
(-0.111087 -0.167685 4.53369e-21)
(-0.127599 -0.0266199 -3.16948e-21)
(-0.0861333 0.157318 -9.89775e-22)
(-0.00134176 0.356415 -1.95347e-22)
(0.126557 0.509675 2.22026e-21)
(0.318203 0.521537 -4.12064e-22)
(0.565373 0.320202 -1.12425e-21)
(0.810612 -0.0331545 1.1784e-22)
(0.969646 -0.315874 1.17301e-21)
(1.03609 -0.499763 -1.3415e-21)
(0.99127 -0.544773 1.16713e-21)
(0.958355 -0.519898 -2.35546e-23)
(0.876996 -0.453607 2.34846e-22)
(0.771869 -0.446249 2.14575e-23)
(0.704401 -0.388511 3.33053e-22)
(0.755374 -0.0646654 -3.26388e-22)
(0.859022 0.12998 -1.50678e-22)
(0.844209 0.445991 3.00987e-22)
(0.784401 0.507684 -4.10086e-22)
(0.771064 0.430398 1.49222e-22)
(0.869973 0.281116 -2.45995e-22)
(0.985082 -0.146477 -1.04204e-22)
(1.00186 -0.230557 -9.21109e-23)
(1.04707 -0.524323 -4.18276e-22)
(1.00324 -0.452086 -3.09103e-24)
(0.937306 0.00975136 1.75788e-22)
(0.116457 -0.127294 -2.35436e-22)
(0.0602696 -0.187773 6.37047e-21)
(0.0332947 -0.225276 -4.98294e-21)
(-0.0131529 -0.229187 5.62914e-21)
(-0.051028 -0.172854 1.26518e-21)
(-0.0770794 -0.0433428 -1.75993e-21)
(-0.0465898 0.129786 5.01748e-22)
(0.0326143 0.323181 -6.27822e-22)
(0.168208 0.475985 2.14203e-21)
(0.366989 0.492207 -4.6386e-21)
(0.611514 0.300582 3.44492e-23)
(0.854016 -0.0441611 1.809e-21)
(1.00547 -0.319728 -1.77186e-21)
(1.06266 -0.495747 1.98435e-21)
(1.01101 -0.539561 -1.12923e-21)
(0.969719 -0.514783 5.70592e-22)
(0.889621 -0.444655 -3.4585e-22)
(0.785995 -0.437511 2.57816e-22)
(0.71628 -0.392565 -1.57471e-22)
(0.760444 -0.0794382 -8.52652e-23)
(0.861667 0.120014 2.05644e-22)
(0.840129 0.44572 -4.64247e-22)
(0.777788 0.510975 8.1229e-22)
(0.765711 0.428447 -3.3563e-22)
(0.871914 0.275664 -3.93075e-22)
(0.990698 -0.148853 -1.9476e-22)
(1.00717 -0.231692 6.00625e-23)
(1.05126 -0.523462 6.88334e-24)
(1.00538 -0.44918 -5.02441e-23)
(0.935724 0.0115767 -1.58255e-22)
(0.195358 -0.117748 7.01145e-21)
(0.142045 -0.173582 -2.90481e-21)
(0.115557 -0.215226 2.49676e-21)
(0.0658 -0.223758 2.13764e-23)
(0.0195311 -0.175848 1.85519e-21)
(-0.0171754 -0.0571813 -1.39935e-21)
(0.00223915 0.103197 -8.32055e-22)
(0.0755508 0.289582 8.56065e-23)
(0.21552 0.44111 1.64591e-22)
(0.41665 0.463158 1.75606e-21)
(0.656598 0.282632 -5.86929e-21)
(0.896415 -0.0529602 5.80596e-21)
(1.04029 -0.321529 1.54734e-21)
(1.08813 -0.490382 -8.33726e-22)
(1.03034 -0.533392 -1.24629e-22)
(0.980883 -0.509538 -2.94501e-22)
(0.901967 -0.436187 1.60232e-22)
(0.799971 -0.428725 1.77588e-22)
(0.727691 -0.396172 -4.45058e-23)
(0.765998 -0.0941207 4.03461e-23)
(0.864896 0.109913 -2.16121e-22)
(0.836447 0.445365 1.18462e-22)
(0.771472 0.514326 -5.92539e-22)
(0.760966 0.42636 -3.56905e-23)
(0.8744 0.270109 2.65295e-22)
(0.996485 -0.151137 4.56368e-22)
(1.01257 -0.232674 -6.1968e-23)
(1.05523 -0.522441 2.66249e-23)
(1.00726 -0.446138 1.4229e-22)
(0.934011 0.0134794 3.54343e-23)
(0.282763 -0.107725 -5.46088e-21)
(0.234457 -0.160189 7.84943e-21)
(0.209123 -0.204117 -1.2075e-21)
(0.156737 -0.216129 -1.28825e-21)
(0.101266 -0.176149 2.47857e-21)
(0.0520234 -0.0693651 9.48017e-23)
(0.0590961 0.0785516 -2.13691e-22)
(0.126054 0.256147 1.04932e-21)
(0.266851 0.405724 -2.27949e-21)
(0.466093 0.434718 4.48299e-21)
(0.70025 0.266288 2.11248e-21)
(0.937702 -0.0596853 -3.15326e-21)
(1.07397 -0.321326 -1.40294e-21)
(1.11241 -0.483717 1.50356e-21)
(1.04915 -0.526288 -3.7026e-22)
(0.991873 -0.504113 7.02981e-22)
(0.913959 -0.428187 -6.50486e-22)
(0.813801 -0.41987 1.82572e-22)
(0.738567 -0.39929 1.00096e-22)
(0.771759 -0.108722 2.10033e-23)
(0.868565 0.0996547 2.42779e-22)
(0.833152 0.444906 -8.25822e-24)
(0.765496 0.517724 2.72072e-22)
(0.756849 0.424143 -5.80884e-23)
(0.877427 0.264475 3.49407e-22)
(1.00244 -0.153321 6.43682e-23)
(1.01804 -0.233494 2.64761e-22)
(1.05899 -0.521255 -2.17671e-22)
(1.0089 -0.442962 -1.24912e-22)
(0.932168 0.0154557 8.04861e-23)
(0.377488 -0.0974662 -5.67987e-22)
(0.33629 -0.147869 -2.9863e-21)
(0.312583 -0.192342 -4.44512e-21)
(0.258306 -0.20676 3.27739e-21)
(0.193906 -0.173869 1.53258e-21)
(0.130891 -0.0789252 -3.37751e-22)
(0.12361 0.0567709 -1.87388e-23)
(0.182526 0.223411 6.45033e-22)
(0.320565 0.370429 -1.01706e-21)
(0.51434 0.407105 -1.64086e-21)
(0.742332 0.251432 -1.71401e-21)
(0.977896 -0.0645362 -2.43386e-21)
(1.10637 -0.31919 5.48842e-21)
(1.13542 -0.475768 -3.52846e-21)
(1.06735 -0.518246 1.10158e-21)
(1.00271 -0.498442 -1.11573e-21)
(0.925541 -0.420628 -1.3453e-22)
(0.827467 -0.410933 -3.02117e-22)
(0.748944 -0.401875 1.09479e-22)
(0.777458 -0.123213 -2.55917e-22)
(0.872508 0.0892162 3.08308e-23)
(0.830224 0.44431 2.30605e-22)
(0.759899 0.521156 -1.83787e-22)
(0.75337 0.421803 2.36495e-22)
(0.880993 0.258783 -5.83771e-22)
(1.00855 -0.155401 4.6256e-22)
(1.02357 -0.234142 -4.67342e-22)
(1.06254 -0.519898 2.55903e-22)
(1.01032 -0.439655 3.19491e-23)
(0.9302 0.0175024 1.95921e-23)
(0.478311 -0.0871006 8.18817e-23)
(0.446089 -0.13638 -2.19021e-21)
(0.423602 -0.180215 1.07274e-20)
(0.367727 -0.196123 -7.03845e-21)
(0.295938 -0.168987 3.69127e-21)
(0.219494 -0.084617 -1.27814e-21)
(0.196046 0.0380212 5.96311e-22)
(0.244028 0.192091 -4.24566e-23)
(0.375307 0.335743 -1.01462e-21)
(0.560695 0.380389 -1.44296e-21)
(0.783065 0.237821 -2.62227e-22)
(1.01716 -0.0678368 -9.14711e-22)
(1.13734 -0.315267 4.70393e-21)
(1.1571 -0.46669 -2.78185e-21)
(1.08486 -0.509469 3.24482e-21)
(1.01342 -0.492662 2.07976e-22)
(0.936672 -0.413605 -1.03862e-21)
(0.840927 -0.401975 1.22469e-22)
(0.758931 -0.403961 2.75284e-22)
(0.782872 -0.137581 1.14525e-22)
(0.876523 0.0786005 -5.45858e-22)
(0.827639 0.443539 1.47446e-22)
(0.754712 0.524607 1.80795e-22)
(0.750533 0.419346 -9.65653e-23)
(0.88511 0.253045 2.82519e-22)
(1.01484 -0.157361 -4.77677e-22)
(1.02913 -0.234604 -7.85276e-23)
(1.06588 -0.518367 3.27601e-22)
(1.01153 -0.436235 1.78997e-23)
(0.928117 0.0196147 -3.92003e-23)
(0.58484 -0.0769714 -3.70025e-22)
(0.562509 -0.125653 -2.43205e-21)
(0.539287 -0.167702 -5.76446e-21)
(0.481142 -0.184175 3.51094e-21)
(0.40409 -0.161775 -4.1078e-21)
(0.316764 -0.0868044 8.07643e-22)
(0.277145 0.022928 1.06332e-21)
(0.310902 0.163113 -4.3967e-22)
(0.430588 0.302289 -4.60653e-22)
(0.605163 0.354452 -1.90607e-21)
(0.823295 0.224986 3.76858e-21)
(1.0558 -0.0694496 -2.84454e-21)
(1.16675 -0.309668 1.25337e-21)
(1.1774 -0.457025 1.34896e-21)
(1.10161 -0.50063 9.46731e-22)
(1.02403 -0.487287 -3.39546e-24)
(0.947345 -0.40743 -8.53534e-22)
(0.854135 -0.393133 4.35317e-22)
(0.768667 -0.405671 -8.08838e-24)
(0.78785 -0.151967 -1.43555e-22)
(0.880351 0.0676816 9.33493e-23)
(0.825349 0.442551 -1.67182e-22)
(0.749956 0.528065 1.29019e-22)
(0.74835 0.416786 -1.84516e-22)
(0.889825 0.247321 2.8258e-22)
(1.02129 -0.159115 2.39876e-22)
(1.0347 -0.234863 -1.29669e-22)
(1.06902 -0.516658 -8.37823e-23)
(1.01254 -0.432725 -1.01688e-22)
(0.925932 0.0217818 -1.69721e-23)
(0.698974 -0.0691569 -3.39248e-21)
(0.684148 -0.116477 7.41867e-21)
(0.656095 -0.155868 -4.04726e-21)
(0.594083 -0.172707 -3.12791e-21)
(0.513855 -0.154537 1.24965e-21)
(0.419894 -0.0872488 -6.68827e-22)
(0.36697 0.0119965 8.88674e-22)
(0.384965 0.13661 7.37409e-23)
(0.487966 0.271259 -7.08672e-22)
(0.649628 0.330263 8.26167e-22)
(0.86521 0.214003 -2.79616e-21)
(1.09432 -0.0676589 -2.31526e-21)
(1.19431 -0.301987 4.34681e-21)
(1.19618 -0.446958 -4.59961e-22)
(1.11755 -0.491891 -7.97225e-22)
(1.03458 -0.482294 1.61118e-21)
(0.957599 -0.402063 -1.26138e-21)
(0.867063 -0.384368 4.26317e-22)
(0.778282 -0.40684 -2.75268e-22)
(0.792314 -0.166456 2.30055e-22)
(0.883657 0.0558327 9.18112e-23)
(0.82328 0.441164 -1.94695e-22)
(0.745636 0.5315 4.35487e-23)
(0.746872 0.414247 -3.72587e-23)
(0.895269 0.241817 -6.19338e-23)
(1.02793 -0.160559 -2.22191e-22)
(1.04024 -0.23492 6.27274e-23)
(1.07198 -0.514766 -1.6512e-23)
(1.01334 -0.429115 3.83151e-23)
(0.923673 0.0240043 3.51451e-23)
(0.82704 -0.0653581 -1.15454e-20)
(0.808471 -0.106012 3.06563e-21)
(0.769377 -0.141815 -2.0032e-21)
(0.701814 -0.159547 8.5011e-21)
(0.62038 -0.146202 -2.8055e-21)
(0.524855 -0.0868797 1.19037e-21)
(0.464017 0.000968865 -2.96395e-22)
(0.46902 0.111937 -3.69777e-22)
(0.553759 0.240793 -1.09393e-22)
(0.701879 0.307553 2.36237e-21)
(0.914089 0.205926 4.96418e-22)
(1.1333 -0.0638718 -5.58157e-21)
(1.21959 -0.291591 -1.03199e-21)
(1.21331 -0.433908 5.26313e-21)
(1.13264 -0.480228 -4.67541e-23)
(1.04508 -0.474984 -2.26565e-22)
(0.967449 -0.395768 -6.27046e-22)
(0.879685 -0.374998 -2.56238e-22)
(0.787857 -0.406411 -1.14068e-22)
(0.796172 -0.18007 2.05945e-22)
(0.886005 0.0434275 -1.7063e-22)
(0.821217 0.43877 -7.42907e-23)
(0.74165 0.534927 1.09343e-22)
(0.746392 0.411908 1.49696e-22)
(0.9018 0.236265 -2.48418e-22)
(1.03475 -0.16209 2.72254e-22)
(1.04572 -0.234863 3.5566e-23)
(1.07476 -0.512699 -5.09568e-23)
(1.01392 -0.425257 -9.45217e-24)
(0.92138 0.0263604 -1.23309e-23)
(0.997573 -0.0485369 0)
(0.942998 -0.0801916 0)
(0.886728 -0.110132 0)
(0.813404 -0.125335 0)
(0.732649 -0.115604 0)
(0.638554 -0.0670787 0)
(0.574561 0.00458936 0)
(0.57122 0.096436 0)
(0.640606 0.204951 0)
(0.779731 0.262442 0)
(0.982795 0.170616 0)
(1.1794 -0.0749242 0)
(1.24757 -0.279464 0)
(1.23268 -0.412111 0)
(1.15025 -0.459125 0)
(1.05788 -0.460281 0)
(0.978928 -0.384892 0)
(0.89488 -0.362169 0)
(0.799786 -0.403043 0)
(0.800032 -0.193309 0)
(0.887056 0.0355194 0)
(0.816803 0.442229 0)
(0.73618 0.53874 0)
(0.748642 0.405035 0)
(0.912139 0.225461 0)
(1.04345 -0.165793 0)
(1.05241 -0.234817 0)
(1.07802 -0.51 0)
(1.01437 -0.42001 0)
(0.918596 0.0294806 0)
(1.12426 -0.0286198 0)
(1.07095 -0.060475 0)
(1.00961 -0.0892015 0)
(0.935382 -0.102011 0)
(0.859018 -0.09052 0)
(0.772313 -0.0437449 0)
(0.711011 0.0180666 0)
(0.69994 0.0905553 0)
(0.749086 0.179278 0)
(0.876887 0.22021 0)
(1.065 0.126794 0)
(1.2377 -0.103821 0)
(1.28405 -0.288693 0)
(1.25081 -0.405744 0)
(1.16139 -0.444597 0)
(1.06471 -0.443968 0)
(0.984154 -0.370489 0)
(0.906108 -0.347678 0)
(0.812311 -0.393836 0)
(0.804874 -0.197432 0)
(0.88767 0.0359233 0)
(0.811326 0.452141 0)
(0.730622 0.543172 0)
(0.753742 0.394057 0)
(0.925725 0.207937 0)
(1.05473 -0.173518 0)
(1.06092 -0.237543 0)
(1.08166 -0.508075 0)
(1.01391 -0.412466 0)
(0.914824 0.0343717 0)
(1.20928 -0.0110045 0)
(1.16259 -0.0411853 0)
(1.10535 -0.0673227 0)
(1.03725 -0.0784208 0)
(0.969726 -0.0671848 0)
(0.895138 -0.0236082 0)
(0.843072 0.0293995 0)
(0.830733 0.0872086 0)
(0.862877 0.159268 0)
(0.976983 0.183481 0)
(1.14665 0.0886423 0)
(1.29331 -0.125536 0)
(1.31544 -0.288767 0)
(1.26503 -0.391383 0)
(1.17094 -0.425791 0)
(1.07194 -0.426779 0)
(0.989125 -0.356909 0)
(0.917296 -0.333146 0)
(0.825126 -0.385095 0)
(0.809372 -0.202725 0)
(0.887655 0.0368491 0)
(0.805436 0.464117 0)
(0.72645 0.546967 0)
(0.761447 0.380655 0)
(0.941181 0.188856 0)
(1.06687 -0.18093 0)
(1.0698 -0.239494 0)
(1.08509 -0.504989 0)
(1.01269 -0.40437 0)
(0.910441 0.0396365 0)
(1.26188 0.00497716 0)
(1.22239 -0.0235186 0)
(1.17249 -0.0464767 0)
(1.11415 -0.0559201 0)
(1.05789 -0.0460142 0)
(0.998112 -0.00652341 0)
(0.959602 0.0390749 0)
(0.953064 0.0844464 0)
(0.976047 0.140665 0)
(1.0767 0.148847 0)
(1.22441 0.0551312 0)
(1.34048 -0.140864 0)
(1.33852 -0.284 0)
(1.27395 -0.375217 0)
(1.17713 -0.406522 0)
(1.07805 -0.40875 0)
(0.993235 -0.343023 0)
(0.927917 -0.318652 0)
(0.837915 -0.375499 0)
(0.813194 -0.207654 0)
(0.886849 0.0377094 0)
(0.798922 0.476451 0)
(0.724415 0.549757 0)
(0.772156 0.365348 0)
(0.958817 0.169208 0)
(1.07969 -0.187964 0)
(1.07888 -0.240966 0)
(1.08824 -0.501298 0)
(1.01056 -0.395473 0)
(0.905394 0.0452269 0)
(1.28885 0.0184556 0)
(1.25687 -0.00845315 0)
(1.21493 -0.0283866 0)
(1.16723 -0.0363619 0)
(1.12241 -0.0282745 0)
(1.07733 0.00637429 0)
(1.05306 0.0455802 0)
(1.05606 0.0809531 0)
(1.07774 0.123244 0)
(1.16752 0.117094 0)
(1.29071 0.0266652 0)
(1.37456 -0.150461 0)
(1.35176 -0.275041 0)
(1.2776 -0.356589 0)
(1.18026 -0.386011 0)
(1.08332 -0.389714 0)
(0.996606 -0.328857 0)
(0.937876 -0.304281 0)
(0.850579 -0.365036 0)
(0.816302 -0.211296 0)
(0.885047 0.0390621 0)
(0.79155 0.488981 0)
(0.725121 0.551327 0)
(0.786398 0.348155 0)
(0.978734 0.148667 0)
(1.09311 -0.19469 0)
(1.08805 -0.241982 0)
(1.09104 -0.496737 0)
(1.00736 -0.385657 0)
(0.899623 0.0512352 0)
(1.29776 0.0293201 0)
(1.27287 0.00403784 0)
(1.23837 -0.0133445 0)
(1.20058 -0.0201416 0)
(1.16602 -0.0141043 0)
(1.13366 0.0152177 0)
(1.12147 0.048314 0)
(1.13352 0.0755406 0)
(1.15824 0.106281 0)
(1.23935 0.088717 0)
(1.33797 0.00432757 0)
(1.39282 -0.154313 0)
(1.35493 -0.262379 0)
(1.27642 -0.336269 0)
(1.18051 -0.364931 0)
(1.08777 -0.369954 0)
(0.999336 -0.314435 0)
(0.947069 -0.290127 0)
(0.862971 -0.353617 0)
(0.818669 -0.213492 0)
(0.881997 0.0411374 0)
(0.783152 0.501759 0)
(0.728899 0.551282 0)
(0.804702 0.328764 0)
(1.00093 0.127184 0)
(1.10699 -0.20091 0)
(1.09714 -0.242399 0)
(1.09342 -0.491216 0)
(1.00291 -0.374818 0)
(0.893065 0.0576937 0)
(1.29542 0.0379089 0)
(1.27663 0.0143032 0)
(1.24861 -0.00114668 0)
(1.21921 -0.00708575 0)
(1.19323 -0.00307115 0)
(1.17095 0.0207371 0)
(1.16737 0.0477238 0)
(1.18554 0.0679586 0)
(1.21364 0.0891535 0)
(1.28646 0.0636848 0)
(1.36298 -0.0123243 0)
(1.39552 -0.153428 0)
(1.34919 -0.247192 0)
(1.27137 -0.315002 0)
(1.1783 -0.343644 0)
(1.09147 -0.349654 0)
(1.00158 -0.299753 0)
(0.955385 -0.276273 0)
(0.874975 -0.341185 0)
(0.820175 -0.214016 0)
(0.87732 0.0440346 0)
(0.773633 0.514582 0)
(0.736043 0.548963 0)
(0.827551 0.306952 0)
(1.02529 0.105053 0)
(1.12116 -0.206382 0)
(1.10596 -0.242083 0)
(1.0953 -0.484587 0)
(0.997027 -0.362839 0)
(0.885659 0.0645951 0)
(1.28687 0.0445865 0)
(1.2731 0.0226985 0)
(1.25059 0.00862245 0)
(1.2279 0.00315092 0)
(1.20873 0.00534284 0)
(1.19402 0.0236496 0)
(1.19567 0.0447449 0)
(1.21661 0.0588036 0)
(1.24617 0.0721596 0)
(1.3098 0.0419421 0)
(1.36806 -0.024575 0)
(1.38589 -0.149298 0)
(1.33675 -0.230722 0)
(1.26362 -0.293485 0)
(1.17411 -0.322512 0)
(1.09443 -0.329031 0)
(1.00356 -0.284797 0)
(0.962683 -0.262776 0)
(0.886522 -0.327662 0)
(0.820603 -0.212541 0)
(0.870462 0.0478349 0)
(0.762931 0.526956 0)
(0.747099 0.543592 0)
(0.855314 0.282692 0)
(1.0516 0.08264 0)
(1.13537 -0.21085 0)
(1.11428 -0.240891 0)
(1.09659 -0.476699 0)
(0.989515 -0.349598 0)
(0.877358 0.0719185 0)
(1.27557 0.0496211 0)
(1.26581 0.0294986 0)
(1.24797 0.0164327 0)
(1.23048 0.0110377 0)
(1.21654 0.0116058 0)
(1.20731 0.024739 0)
(1.21165 0.0403815 0)
(1.23275 0.0490012 0)
(1.26145 0.0560917 0)
(1.31506 0.0234537 0)
(1.35902 -0.0333451 0)
(1.36837 -0.143299 0)
(1.32004 -0.214027 0)
(1.25425 -0.272257 0)
(1.16847 -0.301777 0)
(1.09657 -0.308292 0)
(1.00556 -0.269539 0)
(0.968788 -0.249658 0)
(0.897583 -0.312949 0)
(0.819714 -0.20865 0)
(0.860709 0.0526282 0)
(0.751005 0.53812 0)
(0.762946 0.534355 0)
(0.888143 0.25606 0)
(1.07944 0.0603582 0)
(1.14928 -0.214033 0)
(1.12183 -0.238673 0)
(1.09723 -0.467384 0)
(0.980177 -0.334965 0)
(0.868137 0.0796309 0)
(1.26355 0.0532867 0)
(1.25696 0.0349253 0)
(1.24311 0.0226196 0)
(1.22965 0.0170359 0)
(1.21965 0.0161447 0)
(1.21429 0.0246711 0)
(1.21973 0.0354512 0)
(1.23932 0.0393428 0)
(1.26553 0.0416022 0)
(1.30914 0.00812565 0)
(1.34205 -0.0396001 0)
(1.34702 -0.136471 0)
(1.30117 -0.197835 0)
(1.24406 -0.251677 0)
(1.16189 -0.281565 0)
(1.09773 -0.28764 0)
(1.00789 -0.253947 0)
(0.973529 -0.236892 0)
(0.90812 -0.296923 0)
(0.817368 -0.201821 0)
(0.847289 0.0585253 0)
(0.737897 0.547069 0)
(0.78465 0.520353 0)
(0.925855 0.227248 0)
(1.10822 0.0387455 0)
(1.1625 -0.21563 0)
(1.12829 -0.235284 0)
(1.09713 -0.456464 0)
(0.968832 -0.318807 0)
(0.858004 0.0876813 0)
(1.25176 0.0557962 0)
(1.24771 0.0391281 0)
(1.23728 0.0274398 0)
(1.22701 0.0214958 0)
(1.22002 0.0193234 0)
(1.2173 0.0238975 0)
(1.22303 0.0304912 0)
(1.24021 0.0303296 0)
(1.26316 0.0290231 0)
(1.29757 -0.00439672 0)
(1.3218 -0.0441185 0)
(1.3247 -0.129421 0)
(1.28164 -0.182535 0)
(1.2335 -0.231955 0)
(1.15489 -0.261903 0)
(1.09771 -0.267281 0)
(1.01087 -0.237996 0)
(0.976831 -0.224393 0)
(0.917989 -0.279453 0)
(0.813713 -0.191432 0)
(0.829569 0.0656477 0)
(0.723966 0.552508 0)
(0.81325 0.500601 0)
(0.967869 0.196644 0)
(1.13712 0.0183988 0)
(1.17455 -0.215348 0)
(1.13335 -0.230592 0)
(1.09623 -0.44375 0)
(0.955324 -0.300991 0)
(0.847027 0.0959942 0)
(1.2405 0.0572708 0)
(1.2385 0.0421986 0)
(1.23102 0.0310662 0)
(1.22336 0.024696 0)
(1.2187 0.0214176 0)
(1.21775 0.0226865 0)
(1.22342 0.0258074 0)
(1.23786 0.0222286 0)
(1.25735 0.0184014 0)
(1.28386 -0.0144022 0)
(1.30106 -0.0473535 0)
(1.30302 -0.122397 0)
(1.26242 -0.168249 0)
(1.22271 -0.213212 0)
(1.14793 -0.242743 0)
(1.09633 -0.24741 0)
(1.01465 -0.221696 0)
(0.978872 -0.212 0)
(0.926824 -0.260439 0)
(0.809438 -0.176771 0)
(0.807392 0.0741022 0)
(0.710346 0.552774 0)
(0.849582 0.47413 0)
(1.01314 0.164881 0)
(1.16511 -5.6247e-07 0)
(1.18488 -0.212923 0)
(1.13666 -0.224485 0)
(1.0945 -0.429052 0)
(0.939548 -0.281382 0)
(0.835353 0.104464 0)
(1.22979 0.0578046 0)
(1.22945 0.0442117 0)
(1.2245 0.0336187 0)
(1.21901 0.0268376 0)
(1.21621 0.0226343 0)
(1.2164 0.0211943 0)
(1.22187 0.0215466 0)
(1.23363 0.0151465 0)
(1.24976 0.00962882 0)
(1.26978 -0.0221106 0)
(1.28112 -0.0495435 0)
(1.28263 -0.115457 0)
(1.24409 -0.154934 0)
(1.2117 -0.195519 0)
(1.14136 -0.224009 0)
(1.09363 -0.228191 0)
(1.01906 -0.205134 0)
(0.980242 -0.199465 0)
(0.933974 -0.239871 0)
(0.805989 -0.157169 0)
(0.781806 0.0839482 0)
(0.699171 0.545849 0)
(0.894037 0.440213 0)
(1.06011 0.132846 0)
(1.1909 -0.0157645 0)
(1.1929 -0.208153 0)
(1.13789 -0.216891 0)
(1.09195 -0.412189 0)
(0.921486 -0.25986 0)
(0.823257 0.112945 0)
(1.21955 0.0574891 0)
(1.22053 0.0452484 0)
(1.21773 0.0351974 0)
(1.21403 0.0280764 0)
(1.21274 0.0231332 0)
(1.21364 0.0195215 0)
(1.21882 0.0177555 0)
(1.22821 0.00909502 0)
(1.24116 0.00252859 0)
(1.25608 -0.0278445 0)
(1.26244 -0.0508157 0)
(1.26366 -0.108592 0)
(1.22695 -0.142462 0)
(1.20046 -0.178917 0)
(1.1353 -0.205643 0)
(1.08997 -0.209707 0)
(1.02357 -0.188526 0)
(0.98193 -0.186433 0)
(0.938705 -0.217928 0)
(0.805376 -0.132251 0)
(0.756833 0.095152 0)
(0.69391 0.529565 0)
(0.946491 0.398517 0)
(1.10674 0.101738 0)
(1.21306 -0.0282552 0)
(1.19805 -0.200942 0)
(1.13676 -0.207778 0)
(1.08865 -0.393004 0)
(0.90126 -0.236337 0)
(0.811189 0.121245 0)
(1.2097 0.0564123 0)
(1.21171 0.0453993 0)
(1.21069 0.035898 0)
(1.20845 0.0285442 0)
(1.20838 0.0230426 0)
(1.2097 0.0177471 0)
(1.21451 0.0144226 0)
(1.22192 0.00405198 0)
(1.23192 -0.00308798 0)
(1.24294 -0.0318654 0)
(1.24511 -0.0512394 0)
(1.24603 -0.101784 0)
(1.21115 -0.130684 0)
(1.18912 -0.163397 0)
(1.12959 -0.187659 0)
(1.08599 -0.191928 0)
(1.02738 -0.172204 0)
(0.984939 -0.172531 0)
(0.940821 -0.194886 0)
(0.809403 -0.102826 0)
(0.741489 0.107029 0)
(0.702142 0.501974 0)
(1.00658 0.349619 0)
(1.15041 0.073022 0)
(1.23001 -0.0368683 0)
(1.19983 -0.191342 0)
(1.13307 -0.197163 0)
(1.08471 -0.371391 0)
(0.879213 -0.210768 0)
(0.799844 0.129108 0)
(1.2002 0.0546663 0)
(1.20297 0.0447666 0)
(1.20339 0.0358212 0)
(1.20233 0.0283608 0)
(1.2032 0.0224727 0)
(1.20477 0.0159367 0)
(1.20912 0.0115195 0)
(1.21495 -6.85637e-06 0)
(1.22227 -0.00740521 0)
(1.23034 -0.0344173 0)
(1.22908 -0.0508671 0)
(1.2296 -0.0950235 0)
(1.19662 -0.11948 0)
(1.17796 -0.148882 0)
(1.1239 -0.170159 0)
(1.08247 -0.17474 0)
(1.02987 -0.156494 0)
(0.989682 -0.157573 0)
(0.941266 -0.170975 0)
(0.818766 -0.0715308 0)
(0.747479 0.117202 0)
(0.736596 0.462381 0)
(1.07232 0.296222 0)
(1.18759 0.0486849 0)
(1.24023 -0.0411779 0)
(1.19797 -0.179595 0)
(1.1268 -0.185135 0)
(1.08034 -0.347297 0)
(0.856028 -0.183158 0)
(0.790255 0.136211 0)
(1.19102 0.0523457 0)
(1.19433 0.0434581 0)
(1.19587 0.0350714 0)
(1.19574 0.0276383 0)
(1.19731 0.0215199 0)
(1.199 0.0141475 0)
(1.20286 0.00901121 0)
(1.20741 -0.00317765 0)
(1.21238 -0.0106013 0)
(1.21821 -0.0357225 0)
(1.21426 -0.0497608 0)
(1.21431 -0.088294 0)
(1.18325 -0.108785 0)
(1.16727 -0.135235 0)
(1.11797 -0.153305 0)
(1.07988 -0.158027 0)
(1.03106 -0.141569 0)
(0.9956 -0.141686 0)
(0.942155 -0.146527 0)
(0.833072 -0.0419549 0)
(0.779709 0.12221 0)
(0.803408 0.412858 0)
(1.13655 0.243369 0)
(1.21368 0.0306791 0)
(1.24253 -0.0412209 0)
(1.1925 -0.166157 0)
(1.11815 -0.171886 0)
(1.07573 -0.320707 0)
(0.83288 -0.153656 0)
(0.783876 0.142143 0)
(1.18215 0.0495451 0)
(1.1858 0.0415825 0)
(1.18819 0.0337548 0)
(1.18876 0.0264802 0)
(1.19086 0.0202707 0)
(1.19254 0.0124255 0)
(1.19593 0.00685859 0)
(1.19941 -0.00556816 0)
(1.20245 -0.0128299 0)
(1.2065 -0.0359763 0)
(1.20056 -0.0479996 0)
(1.2001 -0.0815728 0)
(1.1709 -0.0985748 0)
(1.15727 -0.122301 0)
(1.11178 -0.137239 0)
(1.07821 -0.141787 0)
(1.03156 -0.127352 0)
(1.00158 -0.12537 0)
(0.945676 -0.122129 0)
(0.85205 -0.01784 0)
(0.829661 0.119075 0)
(0.887052 0.357942 0)
(1.18638 0.196276 0)
(1.22445 0.0199598 0)
(1.23684 -0.0377886 0)
(1.18391 -0.151654 0)
(1.10757 -0.157731 0)
(1.07101 -0.291751 0)
(0.811593 -0.122558 0)
(0.782669 0.146413 0)
(1.17359 0.0463541 0)
(1.17743 0.0392423 0)
(1.18044 0.0319746 0)
(1.1815 0.024978 0)
(1.18398 0.018804 0)
(1.18557 0.0108005 0)
(1.18853 0.00503486 0)
(1.19108 -0.00724788 0)
(1.19261 -0.0142267 0)
(1.1952 -0.0353485 0)
(1.1879 -0.0456748 0)
(1.18694 -0.07484 0)
(1.15951 -0.0888384 0)
(1.148 -0.109962 0)
(1.1056 -0.122024 0)
(1.07708 -0.12615 0)
(1.03211 -0.113614 0)
(1.0069 -0.109314 0)
(0.952542 -0.0988135 0)
(0.87561 -0.00140729 0)
(0.882075 0.107409 0)
(0.959112 0.30271 0)
(1.21122 0.157621 0)
(1.2192 0.01567 0)
(1.22468 -0.0323159 0)
(1.17305 -0.136737 0)
(1.09582 -0.143023 0)
(1.06617 -0.26078 0)
(0.794794 -0.090455 0)
(0.789079 0.148469 0)
(1.16535 0.0428576 0)
(1.16925 0.0365329 0)
(1.17268 0.029829 0)
(1.17407 0.0232125 0)
(1.17682 0.0171897 0)
(1.17824 0.00929254 0)
(1.18085 0.00351609 0)
(1.18258 -0.0083075 0)
(1.18299 -0.0149172 0)
(1.18437 -0.0339892 0)
(1.17624 -0.0428785 0)
(1.17478 -0.0680914 0)
(1.14909 -0.0795543 0)
(1.13938 -0.0981546 0)
(1.09976 -0.107662 0)
(1.07613 -0.111287 0)
(1.03314 -0.100199 0)
(1.01162 -0.0941352 0)
(0.961845 -0.0777888 0)
(0.902539 0.00819359 0)
(0.925938 0.0906138 0)
(1.00349 0.25128 0)
(1.21135 0.126873 0)
(1.20207 0.0153583 0)
(1.20878 -0.026374 0)
(1.16086 -0.121903 0)
(1.08398 -0.128042 0)
(1.06084 -0.228469 0)
(0.785841 -0.0584099 0)
(0.805842 0.147755 0)
(1.15747 0.0391321 0)
(1.16133 0.0335391 0)
(1.16502 0.0274069 0)
(1.16661 0.0212533 0)
(1.16953 0.0154871 0)
(1.17074 0.00791194 0)
(1.17306 0.00227791 0)
(1.17407 -0.00883616 0)
(1.17368 -0.0150113 0)
(1.17404 -0.0320333 0)
(1.16552 -0.0396927 0)
(1.16356 -0.0613452 0)
(1.13967 -0.0706817 0)
(1.13133 -0.0868691 0)
(1.09454 -0.0941194 0)
(1.07512 -0.0973271 0)
(1.0346 -0.0871305 0)
(1.01628 -0.0801948 0)
(0.972113 -0.0599243 0)
(0.930266 0.0130087 0)
(0.958021 0.0731299 0)
(1.02437 0.205861 0)
(1.19605 0.101877 0)
(1.17938 0.0166574 0)
(1.19179 -0.021048 0)
(1.14796 -0.10742 0)
(1.07334 -0.112897 0)
(1.0543 -0.195849 0)
(0.78831 -0.0281585 0)
(0.835383 0.143813 0)
(1.14997 0.0352446 0)
(1.15373 0.0303354 0)
(1.15756 0.0247861 0)
(1.15925 0.0191595 0)
(1.16224 0.0137443 0)
(1.16324 0.00666175 0)
(1.16531 0.00129932 0)
(1.16571 -0.00891697 0)
(1.16479 -0.0146043 0)
(1.16428 -0.0296028 0)
(1.15572 -0.0361873 0)
(1.15324 -0.0546341 0)
(1.13125 -0.0621743 0)
(1.12383 -0.0761101 0)
(1.09002 -0.0813713 0)
(1.07405 -0.0843002 0)
(1.03629 -0.0746005 0)
(1.02124 -0.0675837 0)
(0.982043 -0.045506 0)
(0.956264 0.0147154 0)
(0.980082 0.0576033 0)
(1.03362 0.166826 0)
(1.17502 0.0808566 0)
(1.15627 0.0179649 0)
(1.17532 -0.0167835 0)
(1.13469 -0.0934567 0)
(1.06516 -0.0975378 0)
(1.04585 -0.164135 0)
(0.804493 -0.00208114 0)
(0.878315 0.136388 0)
(1.14292 0.0312509 0)
(1.14653 0.0269843 0)
(1.15038 0.0220317 0)
(1.15212 0.0169795 0)
(1.15511 0.0119989 0)
(1.15592 0.00553866 0)
(1.15776 0.000557362 0)
(1.15766 -0.00862772 0)
(1.15639 -0.0137789 0)
(1.15517 -0.026805 0)
(1.14684 -0.0324236 0)
(1.14385 -0.0479911 0)
(1.12379 -0.0539963 0)
(1.11693 -0.0658681 0)
(1.08619 -0.0694214 0)
(1.07298 -0.0721505 0)
(1.03802 -0.0628541 0)
(1.0265 -0.0562308 0)
(0.991013 -0.0342954 0)
(0.978956 0.0146444 0)
(0.995129 0.044762 0)
(1.03927 0.133621 0)
(1.15382 0.0630593 0)
(1.13552 0.0185001 0)
(1.16003 -0.0135181 0)
(1.12132 -0.0802155 0)
(1.05999 -0.0819294 0)
(1.03604 -0.134567 0)
(0.833114 0.017542 0)
(0.930713 0.12548 0)
(1.13638 0.0271934 0)
(1.13982 0.0235354 0)
(1.1436 0.0191947 0)
(1.14537 0.0147505 0)
(1.14829 0.010278 0)
(1.14894 0.00453394 0)
(1.15058 2.4286e-05 0)
(1.15007 -0.00803896 0)
(1.1486 -0.0126075 0)
(1.14681 -0.0237296 0)
(1.13887 -0.0284574 0)
(1.13539 -0.041439 0)
(1.11725 -0.0461243 0)
(1.11071 -0.0561151 0)
(1.08293 -0.0582738 0)
(1.072 -0.0607903 0)
(1.03968 -0.0520678 0)
(1.03173 -0.0460026 0)
(0.998943 -0.0258006 0)
(0.997635 0.013587 0)
(1.00575 0.0343942 0)
(1.044 0.105477 0)
(1.1346 0.0482563 0)
(1.11815 0.0180353 0)
(1.146 -0.0109414 0)
(1.10847 -0.0678576 0)
(1.05704 -0.0663068 0)
(1.02736 -0.108087 0)
(0.868496 0.0290624 0)
(0.983089 0.111356 0)
(1.13041 0.023104 0)
(1.13368 0.0200276 0)
(1.13735 0.0163135 0)
(1.13912 0.0125014 0)
(1.14193 0.00859941 0)
(1.14246 0.00363837 0)
(1.1439 -0.000321253 0)
(1.1431 -0.00720839 0)
(1.14151 -0.0111523 0)
(1.13928 -0.0204458 0)
(1.13181 -0.0243392 0)
(1.12794 -0.0349847 0)
(1.11155 -0.0385422 0)
(1.10526 -0.0468041 0)
(1.08017 -0.0479091 0)
(1.07116 -0.0501332 0)
(1.04125 -0.0422897 0)
(1.03653 -0.0368052 0)
(1.00598 -0.0194055 0)
(1.01219 0.0119845 0)
(1.0137 0.0260528 0)
(1.04794 0.081687 0)
(1.11802 0.0362071 0)
(1.10421 0.0165936 0)
(1.13317 -0.00875304 0)
(1.09698 -0.0563743 0)
(1.05476 -0.0512941 0)
(1.02286 -0.0849869 0)
(0.903159 0.032449 0)
(1.02497 0.0947822 0)
(1.12513 0.0189949 0)
(1.12824 0.0164812 0)
(1.13175 0.0134084 0)
(1.13351 0.010247 0)
(1.13618 0.00696868 0)
(1.13663 0.00283831 0)
(1.13789 -0.000503393 0)
(1.13689 -0.00618466 0)
(1.13523 -0.00946879 0)
(1.1327 -0.0170032 0)
(1.12568 -0.0201119 0)
(1.12156 -0.0286179 0)
(1.10666 -0.0312301 0)
(1.10065 -0.0378748 0)
(1.07783 -0.038266 0)
(1.07046 -0.0401075 0)
(1.04271 -0.0334434 0)
(1.0406 -0.0285672 0)
(1.01222 -0.0145155 0)
(1.02295 0.0100608 0)
(1.02 0.019313 0)
(1.05082 0.0616118 0)
(1.10431 0.0265464 0)
(1.09337 0.0143294 0)
(1.12153 -0.00678467 0)
(1.08753 -0.0455665 0)
(1.05218 -0.0377386 0)
(1.02342 -0.0650519 0)
(0.931832 0.0298783 0)
(1.05163 0.0770474 0)
(1.12062 0.0148749 0)
(1.12359 0.0129121 0)
(1.12695 0.0104937 0)
(1.1287 0.00799843 0)
(1.13122 0.00538815 0)
(1.13163 0.00212243 0)
(1.13271 -0.000548156 0)
(1.1316 -0.00500483 0)
(1.12988 -0.00760077 0)
(1.12718 -0.0134321 0)
(1.12053 -0.0158028 0)
(1.11629 -0.0223134 0)
(1.10258 -0.0241496 0)
(1.0969 -0.0292556 0)
(1.0759 -0.0292361 0)
(1.0699 -0.0306413 0)
(1.04403 -0.0253636 0)
(1.0438 -0.0212109 0)
(1.0176 -0.0106166 0)
(1.0305 0.00794962 0)
(1.02508 0.0138215 0)
(1.05256 0.044631 0)
(1.0935 0.0188292 0)
(1.08518 0.0114931 0)
(1.11133 -0.00498949 0)
(1.08028 -0.0351919 0)
(1.04942 -0.0262682 0)
(1.02714 -0.0478197 0)
(0.953173 0.0242596 0)
(1.06551 0.0593044 0)
(1.11702 0.0107202 0)
(1.11987 0.00930658 0)
(1.12308 0.00755703 0)
(1.12483 0.00574641 0)
(1.12721 0.00384181 0)
(1.12761 0.00147139 0)
(1.12854 -0.000481432 0)
(1.12737 -0.00369697 0)
(1.1256 -0.0055814 0)
(1.12282 -0.00974652 0)
(1.11646 -0.0114192 0)
(1.11221 -0.0160307 0)
(1.09937 -0.0172362 0)
(1.09402 -0.0208571 0)
(1.0744 -0.02067 0)
(1.06946 -0.021633 0)
(1.04514 -0.017841 0)
(1.04613 -0.0146099 0)
(1.02196 -0.00731124 0)
(1.03548 0.00574169 0)
(1.02905 0.00925713 0)
(1.05339 0.0301256 0)
(1.08551 0.0125411 0)
(1.07924 0.00833543 0)
(1.10294 -0.00338114 0)
(1.07508 -0.0250683 0)
(1.04702 -0.0169842 0)
(1.03146 -0.0327154 0)
(0.968209 0.0175601 0)
(1.07186 0.0420452 0)
(1.11445 0.00650788 0)
(1.11722 0.00564797 0)
(1.12031 0.0045825 0)
(1.12207 0.0034764 0)
(1.12434 0.00231029 0)
(1.12474 0.000863237 0)
(1.12555 -0.000333832 0)
(1.12437 -0.00228665 0)
(1.12255 -0.00343638 0)
(1.11975 -0.00594766 0)
(1.11357 -0.00694904 0)
(1.10936 -0.00971198 0)
(1.09711 -0.0103963 0)
(1.09204 -0.0125625 0)
(1.07335 -0.0123831 0)
(1.06914 -0.0129299 0)
(1.04596 -0.0106534 0)
(1.04765 -0.00856867 0)
(1.02508 -0.00431743 0)
(1.03848 0.00348464 0)
(1.03184 0.00532817 0)
(1.05365 0.0174139 0)
(1.08021 0.00719295 0)
(1.0753 0.00503774 0)
(1.09687 -0.00196068 0)
(1.07168 -0.0150613 0)
(1.04536 -0.00947582 0)
(1.03476 -0.0191303 0)
(0.978069 0.0106119 0)
(1.07467 0.0252054 0)
(1.11307 0.00220647 0)
(1.11579 0.00191475 0)
(1.11882 0.00155397 0)
(1.12058 0.00117829 0)
(1.12279 0.000782675 0)
(1.1232 0.00029199 0)
(1.12394 -0.000115071 0)
(1.12276 -0.0007737 0)
(1.12091 -0.00116295 0)
(1.11812 -0.00200574 0)
(1.11204 -0.00234182 0)
(1.10786 -0.003265 0)
(1.09591 -0.00348868 0)
(1.09101 -0.0042103 0)
(1.07279 -0.00414075 0)
(1.06898 -0.00431425 0)
(1.04641 -0.00355624 0)
(1.04841 -0.00282791 0)
(1.02675 -0.00143441 0)
(1.03991 0.00117397 0)
(1.03331 0.00174349 0)
(1.05367 0.00570574 0)
(1.07751 0.00234597 0)
(1.07329 0.00168408 0)
(1.09359 -0.000648897 0)
(1.06997 -0.00503472 0)
(1.0445 -0.00304134 0)
(1.03651 -0.0063158 0)
(0.983128 0.00356194 0)
(1.07579 0.00842679 0)
(1.33153 0.144471 -4.09105e-21)
(1.33314 0.132835 9.35956e-21)
(1.33276 0.120819 1.61519e-20)
(1.32974 0.10831 -4.92807e-22)
(1.32316 0.0951546 8.68626e-21)
(1.31188 0.0812386 8.95207e-21)
(1.29448 0.066335 -3.82275e-21)
(1.26907 0.050621 1.43647e-21)
(1.23493 0.0335276 -5.25018e-21)
(1.1863 0.016742 2.18508e-20)
(1.13722 -0.00194784 -5.77515e-21)
(1.03907 -0.0167455 7.02362e-21)
(1.32026 0.142575 8.04953e-21)
(1.32365 0.132283 2.49932e-21)
(1.32584 0.121727 -1.06417e-20)
(1.32644 0.110857 1.77754e-20)
(1.32499 0.099536 -1.93132e-20)
(1.32062 0.0877594 -6.70234e-21)
(1.31296 0.0751806 5.03708e-21)
(1.29929 0.0621092 -3.51329e-21)
(1.28254 0.0476546 -2.86759e-20)
(1.24993 0.0327546 -2.71851e-20)
(1.22725 0.0168162 9.37138e-21)
(1.14941 -0.0034616 -1.00962e-20)
(1.30689 0.139931 1.11936e-21)
(1.31133 0.130918 -1.21893e-20)
(1.31508 0.121719 7.18496e-22)
(1.31786 0.112327 -2.30247e-20)
(1.31964 0.102613 -1.45314e-20)
(1.31946 0.0926014 -8.22707e-21)
(1.31808 0.0819624 -6.46641e-22)
(1.3115 0.0707403 -7.14148e-21)
(1.30567 0.058607 2.2755e-20)
(1.28406 0.0445859 5.77355e-21)
(1.27591 0.0317802 -1.39427e-20)
(1.22283 0.0103223 -5.02194e-21)
(1.29271 0.136743 -1.02751e-20)
(1.29763 0.128854 7.23218e-21)
(1.30219 0.12081 -1.52744e-20)
(1.30608 0.112601 7.11083e-21)
(1.30958 0.104131 2.39895e-20)
(1.31149 0.0953559 7.31152e-21)
(1.31339 0.0861783 9.78543e-21)
(1.3108 0.076232 -2.41403e-21)
(1.31078 0.0662096 -8.37113e-22)
(1.29826 0.0536662 -9.12239e-21)
(1.29806 0.0439669 1.89825e-20)
(1.26721 0.0252154 -9.89952e-21)
(1.27857 0.13287 3.98414e-21)
(1.28349 0.125903 6.1088e-22)
(1.28823 0.118804 1.7215e-20)
(1.29246 0.111544 1.61141e-20)
(1.2966 0.104107 -1.41446e-20)
(1.29952 0.0963687 6.33441e-21)
(1.30298 0.0885192 -4.18215e-21)
(1.30318 0.0799066 3.22997e-21)
(1.30619 0.0718083 -5.88779e-21)
(1.3008 0.0612704 5.99224e-21)
(1.30397 0.0536089 -1.36305e-20)
(1.28864 0.0384304 1.6627e-20)
(1.26505 0.128529 2.69515e-22)
(1.26972 0.122352 1.63465e-21)
(1.27428 0.116082 7.56288e-21)
(1.27849 0.109678 -7.63971e-22)
(1.28277 0.103197 -8.33642e-21)
(1.28624 0.0964648 -1.16825e-20)
(1.29034 0.0897919 3.26143e-21)
(1.29234 0.0824406 2.87304e-22)
(1.29636 0.0756638 1.1136e-20)
(1.29528 0.0668827 3.17577e-21)
(1.29922 0.060301 1.22091e-20)
(1.2935 0.0483603 5.29756e-22)
(1.25241 0.123968 9.30333e-22)
(1.25679 0.118515 -5.43196e-21)
(1.26109 0.113 -1.04233e-20)
(1.26515 0.107381 -7.49258e-21)
(1.2693 0.10173 1.90745e-20)
(1.27292 0.0958657 -7.3176e-21)
(1.27696 0.0900708 -1.64498e-20)
(1.27975 0.0837306 -1.17001e-20)
(1.28366 0.0778179 4.89848e-21)
(1.28491 0.0705258 2.50816e-21)
(1.28892 0.0647542 -9.9625e-21)
(1.28863 0.0554841 -8.50154e-21)
(1.24065 0.119265 -3.69621e-21)
(1.24476 0.114469 3.7257e-21)
(1.24879 0.109625 1.60752e-21)
(1.25263 0.104691 -1.34768e-21)
(1.25648 0.0997257 2.01058e-21)
(1.26 0.094592 6.08254e-21)
(1.26371 0.0895001 2.02932e-20)
(1.26677 0.0840479 1.78954e-20)
(1.2704 0.0788827 -1.12129e-20)
(1.27284 0.0728744 7.99586e-21)
(1.27667 0.067814 1.33299e-21)
(1.27892 0.0605355 9.3775e-21)
(1.22963 0.114409 -1.10795e-21)
(1.23348 0.110204 4.50506e-23)
(1.23725 0.105955 -1.38871e-21)
(1.24086 0.101635 -1.2397e-21)
(1.24444 0.0972846 -5.24394e-21)
(1.24781 0.092823 5.99667e-21)
(1.25125 0.0883824 -1.40257e-20)
(1.25437 0.0837283 -7.85982e-21)
(1.25773 0.0792302 4.25123e-21)
(1.26056 0.074225 -1.0009e-20)
(1.26406 0.0697614 -9.36343e-21)
(1.26721 0.0639206 -1.31598e-20)
(1.21921 0.109414 2.85586e-21)
(1.22284 0.105742 -6.69038e-22)
(1.22638 0.102036 7.43499e-22)
(1.22981 0.0982805 7.12015e-22)
(1.23318 0.094499 -6.04083e-21)
(1.23642 0.0906471 -9.55744e-21)
(1.23964 0.0867926 6.11114e-21)
(1.24268 0.0828071 1.57748e-21)
(1.24577 0.0788861 -5.02847e-21)
(1.24862 0.0746683 1.00754e-20)
(1.25184 0.0707549 4.6504e-21)
(1.25517 0.0660076 -2.7322e-21)
(1.20935 0.104304 1.31209e-21)
(1.21278 0.101114 2.10405e-22)
(1.21612 0.0978967 -1.69823e-21)
(1.21938 0.0946458 -2.58487e-21)
(1.22258 0.0913713 -1.98854e-21)
(1.22567 0.0880502 8.9908e-22)
(1.22871 0.0847141 4.41727e-21)
(1.23162 0.081301 -2.99333e-21)
(1.23454 0.0779108 -2.74909e-21)
(1.23731 0.0743575 -9.42327e-21)
(1.24035 0.0709638 2.4927e-21)
(1.24359 0.067084 1.0195e-20)
(1.19999 0.0990969 -9.45643e-23)
(1.20322 0.0963314 6.86642e-22)
(1.20639 0.0935465 -2.00013e-22)
(1.20948 0.0907388 1.74906e-21)
(1.21251 0.0879125 4.74583e-21)
(1.21547 0.0850582 5.19797e-21)
(1.21836 0.0821898 -7.28133e-21)
(1.22118 0.0792808 8.48494e-22)
(1.22397 0.0763749 3.9242e-21)
(1.22666 0.0733851 8.97998e-21)
(1.22955 0.070458 -1.48323e-21)
(1.23263 0.0672845 2.36727e-21)
(1.19109 0.0938067 9.06007e-22)
(1.19414 0.0914143 8.60565e-22)
(1.19713 0.0890092 1.16449e-21)
(1.20007 0.0865908 -1.35544e-21)
(1.20295 0.0841606 -3.21533e-21)
(1.20577 0.0817158 2.51842e-21)
(1.20855 0.0792605 3.27493e-23)
(1.21125 0.076786 7.26489e-21)
(1.21393 0.0743037 1.13695e-21)
(1.21654 0.0717893 -3.87559e-21)
(1.2193 0.0692737 7.61577e-22)
(1.22223 0.0666896 -1.23547e-21)
(1.18261 0.0884528 -1.60552e-21)
(1.18548 0.0863866 -8.4075e-22)
(1.18831 0.0843135 -1.11711e-21)
(1.19109 0.0822337 6.22426e-22)
(1.19384 0.0801478 2.77044e-21)
(1.19653 0.0780557 -1.15678e-21)
(1.19918 0.0759567 -6.62331e-22)
(1.20178 0.0738528 -4.70719e-21)
(1.20435 0.071737 -7.66329e-22)
(1.20687 0.069626 3.79898e-21)
(1.20952 0.06747 -4.7219e-22)
(1.21233 0.0653778 -4.05864e-21)
(1.17453 0.0830515 -1.77553e-21)
(1.17723 0.081269 9.95089e-22)
(1.1799 0.0794836 1.59377e-21)
(1.18254 0.077696 5.43217e-22)
(1.18514 0.0759062 -1.56112e-22)
(1.1877 0.0741161 -9.92672e-22)
(1.19023 0.0723227 2.35072e-21)
(1.19272 0.0705342 -1.40707e-21)
(1.19519 0.0687323 2.17443e-21)
(1.19762 0.0669598 -1.25699e-21)
(1.20014 0.0651119 2.30613e-21)
(1.20284 0.0634229 2.06598e-21)
(1.16937 0.0760803 -3.83525e-22)
(1.17188 0.0745428 -1.46382e-23)
(1.17437 0.0730061 -3.0991e-22)
(1.17683 0.0714702 9.33874e-22)
(1.17926 0.0699377 1.07906e-21)
(1.18166 0.0684045 -1.01838e-21)
(1.18404 0.0668818 1.67396e-21)
(1.18639 0.065345 -7.03686e-22)
(1.18873 0.0638526 -3.14357e-22)
(1.19113 0.0622656 -3.71205e-21)
(1.19371 0.0609014 -4.39514e-22)
(1.16187 0.0708434 5.28157e-22)
(1.16423 0.0695185 6.69966e-22)
(1.16657 0.0681962 -8.2129e-22)
(1.16889 0.0668763 -6.35115e-22)
(1.17119 0.0655617 1.04208e-22)
(1.17346 0.0642477 1.13971e-22)
(1.17572 0.0629472 -5.90016e-22)
(1.17796 0.0616324 -2.796e-21)
(1.18019 0.0603699 -2.54925e-21)
(1.18246 0.0590024 2.81244e-21)
(1.18491 0.0578956 -1.13119e-22)
(1.15471 0.0655741 -1.07761e-21)
(1.15693 0.0644316 -3.70455e-22)
(1.15913 0.0632923 9.67634e-22)
(1.16131 0.0621559 3.23674e-22)
(1.16347 0.0610254 -1.11893e-22)
(1.16562 0.0598961 -1.99624e-21)
(1.16775 0.0587809 -5.66712e-22)
(1.16986 0.0576516 1.65526e-21)
(1.17198 0.0565769 7.02648e-22)
(1.17412 0.0553933 -2.40222e-22)
(1.17643 0.0544874 -1.92643e-21)
(1.1479 0.0602908 4.82099e-22)
(1.14997 0.0593044 -2.38464e-22)
(1.15203 0.0583212 -3.28384e-22)
(1.15407 0.0573408 -1.24139e-21)
(1.1561 0.0563658 -4.42779e-22)
(1.15811 0.0553919 5.74178e-22)
(1.16012 0.0544312 1.40902e-21)
(1.16211 0.0534565 6.10164e-22)
(1.1641 0.0525348 -4.04725e-23)
(1.16611 0.0515052 -3.99487e-22)
(1.16827 0.0507545 1.28378e-21)
(1.14142 0.0550084 8.43379e-23)
(1.14335 0.0541564 -5.66252e-22)
(1.14527 0.0533069 -8.91502e-22)
(1.14718 0.0524595 -4.17317e-22)
(1.14907 0.0516164 4.85245e-22)
(1.15096 0.0507738 8.49711e-22)
(1.15283 0.0499425 -2.20173e-22)
(1.15469 0.0490975 -5.90524e-22)
(1.15656 0.0483011 -3.66263e-22)
(1.15842 0.0474012 1.24361e-22)
(1.16043 0.0467698 -1.61035e-22)
(1.13528 0.04974 -1.97465e-22)
(1.13708 0.0490043 -1.11462e-22)
(1.13887 0.0482701 1.07622e-21)
(1.14064 0.0475371 2.95484e-22)
(1.1424 0.046807 -4.17356e-25)
(1.14416 0.0460764 -9.80862e-22)
(1.1459 0.0453547 1.74509e-22)
(1.14763 0.0446195 2.7366e-22)
(1.14936 0.0439272 1.6508e-22)
(1.15109 0.0431379 4.42112e-22)
(1.15294 0.0425986 -1.26157e-22)
(1.1295 0.0444955 -3.10552e-23)
(1.13117 0.0438617 -3.27377e-22)
(1.13283 0.0432283 -7.04745e-22)
(1.13448 0.0425949 2.88214e-22)
(1.13611 0.041963 1.98594e-23)
(1.13774 0.0413294 3.9703e-22)
(1.13935 0.0407022 -1.00518e-22)
(1.14095 0.0400617 4.07237e-22)
(1.14255 0.0394575 -6.41612e-22)
(1.14414 0.0387646 -1.13965e-21)
(1.14583 0.0382978 6.32344e-23)
(1.12411 0.039281 3.95328e-22)
(1.12566 0.0387377 4.24606e-22)
(1.1272 0.0381938 1.25209e-22)
(1.12872 0.0376489 -4.2859e-23)
(1.13023 0.0371039 4.27559e-22)
(1.13173 0.0365563 -7.44557e-23)
(1.13322 0.0360126 2.04908e-22)
(1.13469 0.035456 -2.44288e-22)
(1.13616 0.034929 5.43172e-22)
(1.13762 0.0343223 5.31209e-22)
(1.13915 0.0339148 3.34592e-22)
(1.11914 0.0340975 -5.55058e-23)
(1.12058 0.0336362 -1.61463e-22)
(1.122 0.0331735 3.71696e-22)
(1.12341 0.0327088 -1.09511e-23)
(1.1248 0.0322428 2.46035e-22)
(1.12618 0.0317733 -3.27209e-24)
(1.12755 0.0313055 -5.30686e-22)
(1.1289 0.0308253 -7.61301e-23)
(1.13024 0.0303685 -7.41912e-22)
(1.13157 0.0298417 -1.14044e-22)
(1.13295 0.0294854 1.59124e-22)
(1.11464 0.0289405 -1.15646e-22)
(1.11597 0.0285554 -2.73841e-22)
(1.11729 0.0281681 1.21631e-22)
(1.11859 0.0277782 -2.13159e-22)
(1.11987 0.0273861 -5.19021e-22)
(1.12114 0.0269897 1.89926e-22)
(1.1224 0.0265934 -1.45934e-22)
(1.12363 0.0261855 3.81674e-22)
(1.12486 0.0257951 2.2828e-22)
(1.12607 0.0253448 -4.07136e-22)
(1.12731 0.0250364 -2.00831e-22)
(1.11067 0.0237955 -2.09842e-22)
(1.11191 0.0234824 2.22273e-22)
(1.11313 0.0231667 -2.11657e-22)
(1.11433 0.022848 1.19441e-22)
(1.11552 0.0225265 3.06615e-22)
(1.11669 0.0222007 1.05153e-22)
(1.11784 0.0218736 -9.71079e-23)
(1.11898 0.021536 -1.18393e-22)
(1.12009 0.0212111 1.91432e-22)
(1.1212 0.0208364 3.4834e-22)
(1.12231 0.0205754 -1.54404e-22)
(1.10728 0.0186493 6.73463e-23)
(1.10844 0.0184058 -1.19796e-22)
(1.10958 0.0181598 -1.89756e-22)
(1.11071 0.0179107 2.95648e-22)
(1.11181 0.0176587 -5.211e-23)
(1.1129 0.0174025 -1.75674e-22)
(1.11396 0.0171443 -7.91272e-23)
(1.11501 0.016877 -2.19838e-22)
(1.11604 0.0166183 2.79198e-22)
(1.11705 0.0163201 -8.11313e-23)
(1.11805 0.0161086 9.99599e-23)
(1.10458 0.0134519 1.47238e-22)
(1.10567 0.0132776 2.15078e-23)
(1.10675 0.013101 -3.29288e-23)
(1.10781 0.0129218 -3.67087e-22)
(1.10884 0.01274 5.16368e-22)
(1.10986 0.0125546 3.87502e-23)
(1.11086 0.0123671 -1.07976e-22)
(1.11183 0.0121726 -3.48629e-23)
(1.11279 0.0119832 -1.91593e-22)
(1.11373 0.0117648 -2.52516e-23)
(1.11464 0.0116076 7.98774e-23)
(1.10264 0.00819168 1.28283e-22)
(1.10369 0.00808506 -1.94519e-23)
(1.10472 0.00797672 3.44006e-24)
(1.10573 0.00786646 -9.42624e-23)
(1.10672 0.00775425 -9.40513e-23)
(1.10769 0.00763951 1.412e-22)
(1.10864 0.00752316 1.83583e-22)
(1.10957 0.00740213 -5.57439e-23)
(1.11047 0.00728391 2.00772e-24)
(1.11136 0.00714773 -6.73243e-23)
(1.11221 0.00704808 4.09929e-24)
(1.10156 0.00276373 7.16141e-23)
(1.10259 0.0027314 -2.24717e-22)
(1.1036 0.00269808 2.43726e-22)
(1.10458 0.00266366 -2.62987e-22)
(1.10555 0.00262805 -1.34189e-23)
(1.10649 0.00259104 -5.97665e-24)
(1.10742 0.00255288 7.08967e-23)
(1.10832 0.00251251 1.57088e-22)
(1.1092 0.00247243 -7.82818e-23)
(1.11007 0.00242567 6.84545e-23)
(1.1109 0.0023904 -3.2193e-23)
(0.983042 -0.526256 -4.61831e-23)
(0.959309 -0.47515 -2.14344e-24)
(0.948585 -0.0043422 1.72165e-24)
)
;

boundaryField
{
    inlet
    {
        type            uniformFixedValue;
        uniformValue    constant (1 0 0);
        value           nonuniform 0();
    }
    outlet
    {
        type            pressureInletOutletVelocity;
        value           nonuniform List<vector> 
51
(
(0.918596 0.0294806 0)
(0.914824 0.0343717 0)
(0.910441 0.0396365 0)
(0.905394 0.0452269 0)
(0.899623 0.0512352 0)
(0.893065 0.0576937 0)
(0.885659 0.0645951 0)
(0.877358 0.0719185 0)
(0.868137 0.0796309 0)
(0.858004 0.0876813 0)
(0.847027 0.0959942 0)
(0.835353 0.104464 0)
(0.823257 0.112945 0)
(0.811189 0.121245 0)
(0.799844 0.129108 0)
(0.790255 0.136211 0)
(0.783876 0.142143 0)
(0.782669 0.146413 0)
(0.789079 0.148469 0)
(0.805842 0.147755 0)
(0.835383 0.143813 0)
(0.878315 0.136388 0)
(0.930713 0.12548 0)
(0.983089 0.111356 0)
(1.02497 0.0947822 0)
(1.05163 0.0770474 0)
(1.06551 0.0593044 0)
(1.07186 0.0420452 0)
(1.07467 0.0252054 0)
(1.07579 0.00842679 0)
(0.947952 -0.00381053 -1.99972e-24)
(0.947303 -0.00315209 1.24117e-23)
(0.946626 -0.00236869 -9.02026e-24)
(0.945909 -0.00146258 -2.71236e-24)
(0.945139 -0.000436596 2.89947e-23)
(0.944305 0.00070578 -4.82569e-23)
(0.943394 0.00196054 5.30575e-23)
(0.942394 0.00332319 -4.60476e-23)
(0.941295 0.00478882 -2.63392e-25)
(0.940086 0.00635227 2.47486e-24)
(0.938758 0.0080082 -9.54364e-23)
(0.937306 0.00975136 1.75788e-22)
(0.935724 0.0115767 -1.58255e-22)
(0.934011 0.0134794 3.54343e-23)
(0.932168 0.0154557 8.04861e-23)
(0.9302 0.0175024 1.95921e-23)
(0.928117 0.0196147 -3.92003e-23)
(0.925932 0.0217818 -1.69721e-23)
(0.923673 0.0240043 3.51451e-23)
(0.92138 0.0263604 -1.23309e-23)
(0.948585 -0.0043422 1.72165e-24)
)
;
    }
    cylinder
    {
        type            fixedValue;
        value           uniform (0 0 0);
    }
    top
    {
        type            symmetryPlane;
    }
    bottom
    {
        type            symmetryPlane;
    }
    defaultFaces
    {
        type            empty;
    }
    procBoundary3to1
    {
        type            processor;
        value           nonuniform List<vector> 
41
(
(-0.00166557 -0.031914 1.23133e-21)
(-0.00781474 -0.0838449 -3.08429e-21)
(-0.0190365 -0.125104 -2.4775e-21)
(-0.0327962 -0.155184 1.73715e-21)
(-0.0478562 -0.176134 -2.39176e-21)
(-0.0628916 -0.191503 -1.13539e-21)
(-0.0767802 -0.204798 1.19525e-21)
(-0.0889157 -0.218398 5.93339e-21)
(-0.0989872 -0.233235 -2.09408e-21)
(-0.106787 -0.24892 2.15377e-21)
(-0.121374 -0.272056 1.46131e-22)
(-0.128127 -0.292588 -1.24906e-24)
(-0.116082 -0.271137 -4.13147e-22)
(-0.0850908 -0.18212 7.54999e-23)
(-0.0212014 0.000456373 1.4373e-22)
(0.0665421 0.245836 -3.61116e-22)
(0.159082 0.471811 1.72726e-22)
(0.231294 0.615102 1.27819e-22)
(0.250267 0.676249 -1.41018e-22)
(0.200882 0.706532 1.67591e-22)
(0.16989 0.594509 -2.47765e-22)
(0.331963 0.255342 5.67903e-23)
(0.531155 -0.108668 4.57819e-23)
(0.682069 -0.418719 3.85709e-23)
(0.760485 -0.51572 -6.75583e-23)
(0.809421 -0.566721 2.64726e-23)
(0.729364 -0.589335 4.19513e-23)
(0.611026 -0.544801 1.13139e-23)
(0.631239 -0.305241 5.23245e-23)
(0.783072 0.117079 6.55412e-23)
(0.894561 0.237312 -6.02124e-24)
(0.924269 0.441259 -3.6194e-23)
(0.870892 0.474157 1.24352e-23)
(0.866197 0.444647 -2.54093e-23)
(0.888103 0.332103 -1.41092e-23)
(0.931486 -0.115129 -1.1079e-23)
(0.950162 -0.209173 1.34903e-23)
(0.976868 -0.526046 -1.00332e-22)
(0.954788 -0.475989 3.55616e-24)
(0.949214 -0.00474603 9.68455e-24)
(0.950162 -0.209173 1.34903e-23)
)
;
    }
    procBoundary3to2
    {
        type            processor;
        value           nonuniform List<vector> 
50
(
(-0.0139516 0.011277 -8.90205e-20)
(-0.0139516 0.011277 -8.90205e-20)
(0.0044236 0.0107549 3.46814e-20)
(0.0044236 0.0107549 3.46814e-20)
(0.0167833 0.00531604 -1.62004e-20)
(0.122577 -0.00487561 -7.55766e-21)
(0.122577 -0.00487561 -7.55766e-21)
(0.325263 -0.00785949 3.58178e-20)
(0.325263 -0.00785949 3.58178e-20)
(0.620482 0.0130021 1.2286e-20)
(0.857389 0.0406337 -7.52161e-20)
(0.857389 0.0406337 -7.52161e-20)
(1.12442 0.0885018 7.87713e-21)
(1.12442 0.0885018 7.87713e-21)
(1.28 0.126779 8.02895e-21)
(1.28 0.126779 8.02895e-21)
(1.33727 0.149458 4.31014e-22)
(1.34042 0.143366 1.25529e-20)
(1.34042 0.143366 1.25529e-20)
(1.3284 0.155822 1.38471e-20)
(1.31591 0.152659 -6.5676e-21)
(1.30183 0.148799 1.0799e-21)
(1.2874 0.144514 5.54836e-22)
(1.27338 0.13973 -2.18978e-21)
(1.26017 0.134612 -1.41558e-21)
(1.24787 0.129346 3.20627e-21)
(1.23641 0.123997 1.10849e-21)
(1.22565 0.11856 -2.00548e-21)
(1.21548 0.113042 1.71431e-21)
(1.20584 0.107465 -1.61216e-21)
(1.19669 0.101841 1.26702e-21)
(1.18798 0.0961855 -1.82413e-21)
(1.17969 0.0905114 1.03103e-21)
(1.17179 0.0848303 2.06655e-22)
(1.16683 0.0776177 -2.04231e-21)
(1.16683 0.0776177 -2.04231e-21)
(1.15948 0.0721697 3.1368e-22)
(1.15248 0.0667188 -2.77731e-22)
(1.14581 0.0612794 7.5981e-22)
(1.13947 0.0558622 -4.84559e-23)
(1.13347 0.0504767 3.03418e-22)
(1.12782 0.0451295 -4.84609e-22)
(1.12255 0.0398235 3.96404e-22)
(1.11769 0.0345572 -2.81909e-22)
(1.1133 0.0293235 -1.88533e-22)
(1.10941 0.0241063 -2.1863e-23)
(1.10611 0.0188903 -8.42926e-23)
(1.10346 0.0136242 2.13984e-22)
(1.10157 0.00829671 -5.30984e-23)
(1.10052 0.0027952 -2.03738e-23)
)
;
    }
}


// ************************************************************************* //
