/*--------------------------------*- C++ -*----------------------------------*\
  =========                 |
  \\      /  F ield         | OpenFOAM: The Open Source CFD Toolbox
   \\    /   O peration     | Website:  https://openfoam.org
    \\  /    A nd           | Version:  7
     \\/     M anipulation  |
\*---------------------------------------------------------------------------*/
FoamFile
{
    version     2.0;
    format      ascii;
    class       surfaceScalarField;
    location    "55";
    object      phi;
}
// * * * * * * * * * * * * * * * * * * * * * * * * * * * * * * * * * * * * * //

dimensions      [0 3 -1 0 0 0 0];

internalField   nonuniform List<scalar> 
4137
(
0.000759439
5.58307e-05
0.000703608
0.00081312
7.71113e-05
0.000626497
0.000415319
0.000102444
0.000524053
0.00058904
-7.12762e-05
-0.00244456
0.000131935
0.000392118
0.000717616
-0.000656958
0.00199681
-0.00372375
-0.00916962
0.000165556
0.000226562
0.000859659
-0.00135106
0.00233271
-0.00519681
0.0048192
-0.0116561
0.00839346
-0.0207752
-0.0319163
0.000203139
2.34228e-05
0.00101347
-0.00216139
0.00268414
-0.00686748
0.00541245
-0.0143844
0.00915932
-0.024522
0.013518
-0.036275
-0.0481436
0.000244365
-0.000220943
0.00117661
-0.00309364
0.00304207
-0.00873294
0.00597795
-0.0173203
0.00981288
-0.028357
0.0140229
-0.040485
0.0180102
-0.0521309
-0.0623348
0.000288767
-0.000509709
0.00134591
-0.00415078
0.00339578
-0.0107828
0.00649234
-0.0204169
0.0103269
-0.0321915
0.0143013
-0.0444594
0.0178753
-0.0557049
0.0207931
-0.0652526
0.023092
-0.073215
-0.0802634
0.000335695
-0.000845404
0.00151749
-0.00533257
0.00373337
-0.0129987
0.00693406
-0.0236175
0.0106841
-0.0359416
0.0143598
-0.0481351
0.0175091
-0.0588542
0.0199913
-0.0677348
0.0219174
-0.0751411
-0.0818217
0.0234757
0.000384327
-0.00122973
0.00168686
-0.00663511
0.00404257
-0.0153544
0.00728544
-0.0268604
0.010878
-0.0395341
0.014215
-0.0514722
0.0169476
-0.0615868
0.019035
-0.0698222
0.020638
-0.076744
-0.0831303
0.0219466
0.000433678
-0.00166341
0.00184912
-0.00805055
0.00431167
-0.017817
0.00753426
-0.030083
0.010911
-0.0429108
0.0138896
-0.0544508
0.0162262
-0.0639234
0.0179612
-0.0715572
0.0192842
-0.078067
-0.0842214
0.0203753
0.000482616
-0.00214603
0.00199916
-0.00956709
0.00453051
-0.0203483
0.0076742
-0.0332267
0.0107926
-0.0460292
0.013409
-0.0570673
0.0153776
-0.065892
0.0168004
-0.07298
0.0178792
-0.0791458
-0.0851189
0.0187767
0.000529911
-0.00267594
0.00213198
-0.0111692
0.00469122
-0.0229075
0.0077046
-0.0362401
0.010537
-0.0488615
0.0127989
-0.0593291
0.0144306
-0.0675237
0.0155775
-0.074127
0.0164407
-0.0800089
-0.0858399
0.0171616
0.000574277
-0.00325021
0.00224302
-0.0128379
0.00478873
-0.0254533
0.00762949
-0.0390808
0.010161
-0.0513931
0.0120836
-0.0612517
0.0134097
-0.0688498
0.0143121
-0.0750294
0.0149817
-0.0806786
-0.0863962
0.015538
0.000614437
-0.00386465
0.00232841
-0.0145519
0.00482085
-0.0279457
0.00745641
-0.0417164
0.00968237
-0.053619
0.0112854
-0.0628548
0.0123354
-0.0698997
0.0130193
-0.0757133
0.0135122
-0.0811715
-0.0867962
0.0139122
0.000649184
-0.00451383
0.00238521
-0.0162879
0.00478813
-0.0303486
0.00719514
-0.0441234
0.00911845
-0.0555424
0.0104238
-0.0641602
0.0112245
-0.0707004
0.0117111
-0.0761999
0.0120396
-0.0815
-0.0870457
0.0122891
0.000677431
-0.00519127
0.00241157
-0.018022
0.00469336
-0.0326304
0.00685673
-0.0462868
0.00848567
-0.0571713
0.00951552
-0.06519
0.0100903
-0.0712752
0.0103965
-0.0765061
0.0105695
-0.081673
-0.0871486
0.0106724
0.000698266
-0.00588953
0.00240671
-0.0197305
0.00454105
-0.0347647
0.00645259
-0.0481983
0.00779896
-0.0585177
0.00857467
-0.0659657
0.00894367
-0.0716442
0.00908244
-0.0766448
0.00910645
-0.081697
-0.0871073
0.00906515
0.000710982
-0.00660051
0.00237091
-0.0213904
0.00433687
-0.0367307
0.00599394
-0.0498554
0.00707156
-0.0595953
0.00761299
-0.0665072
0.00779299
-0.0718242
0.00777437
-0.0766262
0.0076538
-0.0815765
-0.0869231
0.00746965
0.000715099
-0.00731561
0.00230533
-0.0229806
0.00408715
-0.0385125
0.00549135
-0.0512596
0.00631499
-0.0604189
0.00664012
-0.0668323
0.00664491
-0.071829
0.00647639
-0.0764577
0.00621432
-0.0813144
-0.0865967
0.00588784
0.000710365
-0.00802598
0.00221187
-0.0244821
0.00379844
-0.0400991
0.00495455
-0.0524157
0.00553912
-0.0610035
0.00566397
-0.0669571
0.00550479
-0.0716698
0.00519177
-0.0761447
0.00479012
-0.0809127
-0.0861276
0.00432105
0.000696753
-0.00872273
0.00209296
-0.0258784
0.00347724
-0.0414834
0.00439227
-0.0533307
0.00475233
-0.0613636
0.00469096
-0.0668958
0.00437708
-0.0713559
0.00392379
-0.0756914
0.00338284
-0.0803718
-0.0855143
0.00276952
0.000674444
-0.00939717
0.00195133
-0.0271552
0.00312974
-0.0426618
0.00381221
-0.0540132
0.00396158
-0.0615129
0.00372627
-0.0666605
0.00326557
-0.0708952
0.00267647
-0.0751023
0.00199473
-0.0796901
-0.0847482
0.00122869
0.000643831
-0.010041
0.00179008
-0.0283015
0.00276173
-0.0436335
0.00322104
-0.0544725
0.00317263
-0.0614645
0.00277393
-0.0662618
0.00217306
-0.0702943
0.0014528
-0.074382
0.000637169
-0.0788744
-0.0838036
-0.00030745
0.000605485
-0.0106465
0.00161242
-0.0293084
0.00237853
-0.0443996
0.00262455
-0.0547185
0.00239024
-0.0612302
0.00183722
-0.0657088
0.00110176
-0.0695589
0.000245374
-0.0735256
-0.000695553
-0.0779335
-0.0827555
-0.00174369
0.000560108
-0.0112066
0.00142135
-0.0301697
0.001985
-0.0449632
0.00202766
-0.0547612
0.00161816
-0.0608207
0.000918978
-0.0650096
4.53385e-05
-0.0686852
-0.000925335
-0.072555
-0.00200822
-0.0768506
-0.0815864
-0.00317726
0.000508499
-0.0117151
0.00121978
-0.0308809
0.00158549
-0.0453289
0.00143454
-0.0546102
0.000859265
-0.0602454
1.54862e-05
-0.0641658
-0.000969924
-0.0676998
-0.00207235
-0.0714525
-0.00328482
-0.0756381
-0.0802847
-0.00458653
0.00045156
-0.0121667
0.00101046
-0.0314398
0.00118379
-0.0455023
0.000848557
-0.054275
0.000117656
-0.0595145
-0.00085188
-0.0631963
-0.00196659
-0.0665851
-0.00319206
-0.0702271
-0.00453049
-0.0742997
-0.0788505
-0.00596473
0.000390279
-0.0125569
0.000796291
-0.0318459
0.000782816
-0.0454888
0.000274014
-0.0537662
-0.000605098
-0.0586354
-0.00170309
-0.0620983
-0.00293694
-0.0653513
-0.00428221
-0.0688818
-0.00574486
-0.0728371
-0.077286
-0.00730934
0.000325573
-0.0128825
0.000580301
-0.0321006
0.000385967
-0.0452944
-0.00028928
-0.0530909
-0.00130875
-0.057616
-0.00253002
-0.060877
-0.00387965
-0.0640016
-0.00534181
-0.0674196
-0.00692662
-0.0712523
-0.0755955
-0.00861717
0.000258255
-0.0131408
0.000364443
-0.0322068
1.56811e-05
-0.0449457
-0.000836313
-0.0522389
-0.00199239
-0.0564599
-0.00333177
-0.0595376
-0.00479395
-0.0625395
-0.00637024
-0.0658434
-0.00807434
-0.0695482
-0.0737853
-0.00988446
0.000189945
-0.0133307
0.000150656
-0.0321675
-0.00039252
-0.0444025
-0.00137286
-0.0512586
-0.00265425
-0.0551785
-0.00410744
-0.0580844
-0.0056791
-0.0609678
-0.00736674
-0.0641557
-0.00918672
-0.0677282
-0.0718606
-0.0111114
0.000119399
-0.0134501
-5.62928e-05
-0.0319918
-0.000768273
-0.0436905
-0.00189276
-0.0501341
-0.00329368
-0.0537776
-0.00485635
-0.0565217
-0.00653465
-0.0592895
-0.00833081
-0.0623596
-0.0102639
-0.0657951
-0.069819
-0.0123056
4.36269e-05
-0.0134937
-0.00028749
-0.0316607
-0.00113482
-0.0428432
-0.00239395
-0.048875
-0.00390992
-0.0522616
-0.0055782
-0.0548535
-0.00736093
-0.0575068
-0.00926349
-0.060457
-0.0113047
-0.0637539
-0.0676599
-0.0134638
-3.18549e-05
-0.0134619
-0.000501529
-0.031191
-0.00149015
-0.0418546
-0.00287581
-0.0474893
-0.00450182
-0.0506356
-0.00627242
-0.0530829
-0.00815854
-0.0556206
-0.0101681
-0.0584475
-0.0123041
-0.0616178
-0.0653984
-0.0145656
-0.000102784
-0.0133591
-0.000707187
-0.0305866
-0.00183255
-0.0407292
-0.00333793
-0.0459839
-0.00506864
-0.0489049
-0.00693796
-0.0512136
-0.00892547
-0.0536331
-0.0110431
-0.0563299
-0.0133009
-0.05936
-0.0631729
-0.0155265
-0.000174228
-0.0131849
-0.000905698
-0.0298551
-0.00216112
-0.0394738
-0.00377972
-0.0443653
-0.00560988
-0.0470747
-0.00757379
-0.0492496
-0.00965693
-0.05155
-0.0118603
-0.0541265
-0.0141493
-0.057071
-0.0604491
-0.016873
-0.000244332
-0.0129405
-0.00109696
-0.0290025
-0.00247523
-0.0380955
-0.00420072
-0.0426399
-0.00612533
-0.0451501
-0.00817932
-0.0471956
-0.0103497
-0.0493796
-0.0126326
-0.0518437
-0.0150451
-0.0546584
-0.0577402
-0.017754
-0.000312495
-0.012628
-0.00128051
-0.0280345
-0.00277443
-0.0366016
-0.00460055
-0.0408137
-0.00661467
-0.043136
-0.00875442
-0.0450559
-0.01101
-0.047124
-0.013386
-0.0494676
-0.0159158
-0.0521287
-0.0550018
-0.0186542
-0.000378333
-0.0122497
-0.00145582
-0.026957
-0.00305831
-0.0349991
-0.0049789
-0.0388931
-0.00707748
-0.0410374
-0.0092983
-0.0428351
-0.0116349
-0.0447874
-0.0140972
-0.0470053
-0.0167154
-0.0495105
-0.0522079
-0.0195093
-0.000441537
-0.0118082
-0.00162242
-0.0257761
-0.00332653
-0.033295
-0.00533555
-0.0368841
-0.00751363
-0.0388593
-0.0098112
-0.0405375
-0.0122254
-0.0423732
-0.0147692
-0.0444615
-0.017467
-0.0468127
-0.049348
-0.0203269
-0.000501834
-0.0113063
-0.00177991
-0.024498
-0.00357879
-0.0314961
-0.00567032
-0.0347926
-0.00792294
-0.0366067
-0.0102929
-0.0381676
-0.0127803
-0.0398857
-0.0153997
-0.0418422
-0.0181713
-0.044041
-0.0464184
-0.0211009
-0.000558986
-0.0107474
-0.00192795
-0.0231291
-0.00381488
-0.0296092
-0.00598307
-0.0326244
-0.00830533
-0.0342845
-0.0107432
-0.0357297
-0.0132995
-0.0373294
-0.0159891
-0.0391526
-0.0188305
-0.0411996
-0.0434194
-0.0218296
-0.000612779
-0.0101346
-0.00206627
-0.0216756
-0.00403458
-0.0276409
-0.00627369
-0.0303853
-0.0086607
-0.0318975
-0.0111619
-0.0332285
-0.0137824
-0.0347089
-0.0165376
-0.0363974
-0.0194447
-0.0382925
-0.0403531
-0.022511
-0.000663028
-0.00947154
-0.00219461
-0.020144
-0.00423775
-0.0255977
-0.00654213
-0.0280809
-0.00898898
-0.0294506
-0.011549
-0.0306685
-0.0142291
-0.0320288
-0.017045
-0.0335815
-0.0200137
-0.0353237
-0.037223
-0.0231438
-0.000709571
-0.00876197
-0.00231279
-0.0185408
-0.00442427
-0.0234863
-0.00678831
-0.0257169
-0.0092901
-0.0269488
-0.0119042
-0.0280544
-0.0146392
-0.0292938
-0.0175111
-0.0307095
-0.0205371
-0.0322978
-0.0340333
-0.0237268
-0.000752267
-0.00800971
-0.00242063
-0.0168724
-0.00459404
-0.0213129
-0.00701219
-0.0232987
-0.009564
-0.024397
-0.0122275
-0.025391
-0.0150126
-0.0265087
-0.0179358
-0.0277863
-0.0210142
-0.0292194
-0.0307886
-0.0242589
-0.000790996
-0.00721871
-0.00251801
-0.0151454
-0.00474698
-0.0190839
-0.00721375
-0.0208319
-0.00981064
-0.0218001
-0.0125187
-0.0226828
-0.0153491
-0.0236783
-0.0183187
-0.0248168
-0.0214447
-0.0260934
-0.0274941
-0.0247392
-0.000825655
-0.00639306
-0.0026048
-0.0133663
-0.00488304
-0.0168056
-0.00739295
-0.018322
-0.01003
-0.0191631
-0.0127779
-0.019935
-0.0156487
-0.0208075
-0.0186597
-0.0218058
-0.0218281
-0.022925
-0.024155
-0.0251672
-0.000856158
-0.0055369
-0.00268093
-0.0115415
-0.00500217
-0.0144844
-0.00754978
-0.0157744
-0.010222
-0.0164909
-0.0130047
-0.0171522
-0.0159111
-0.0179012
-0.0189584
-0.0187584
-0.0221641
-0.0197193
-0.0207768
-0.0255423
-0.00088243
-0.00465447
-0.0027463
-0.00967761
-0.00510434
-0.0121264
-0.00768422
-0.0131946
-0.0103866
-0.0137885
-0.0131993
-0.0143394
-0.0161362
-0.0149644
-0.0192147
-0.0156798
-0.0224524
-0.0164817
-0.0173651
-0.0258641
-0.000904411
-0.00375006
-0.00280087
-0.00778115
-0.00518952
-0.00973772
-0.00779627
-0.0105878
-0.0105238
-0.011061
-0.0133616
-0.0115016
-0.0163239
-0.0120021
-0.0194285
-0.0125752
-0.0226929
-0.0132173
-0.0139255
-0.0261325
-0.000922053
-0.002828
-0.00284458
-0.00585862
-0.00525769
-0.00732461
-0.00788591
-0.00795959
-0.0106336
-0.00831336
-0.0134914
-0.00864373
-0.0164741
-0.00901942
-0.0195997
-0.00944964
-0.0228854
-0.00993159
-0.0104635
-0.0263473
-0.000935317
-0.00189269
-0.00287739
-0.00391655
-0.00530882
-0.00489318
-0.00795314
-0.00531527
-0.0107159
-0.00555057
-0.0135889
-0.0057708
-0.0165869
-0.0060214
-0.0197281
-0.00630842
-0.0230298
-0.00662989
-0.0069849
-0.0265084
-0.000944175
-0.00289928
-0.00534292
-0.00799797
-0.00266022
-0.0107708
-0.00277771
-0.0136538
-0.00288782
-0.016662
-0.00301317
-0.0198137
-0.00315674
-0.0231261
-0.00331753
-0.00349516
-0.0266158
-0.00802038
-0.0107983
-0.0136863
-0.0166996
-0.0198566
-0.0231742
-0.0266695
0.0579302
0.0118221
-0.0574633
0.0583944
0.013448
0.0588541
0.0150784
0.0593065
0.0167091
0.0597476
0.0183356
0.0601706
0.0199523
0.0605651
0.0215521
0.0231258
0.060286
0.0113422
-0.0598062
0.0607706
0.0129635
0.061259
0.01459
0.0617497
0.0162185
0.0622403
0.017845
0.0627272
0.0194654
0.0632045
0.0210748
0.0226671
0.0627428
0.010863
-0.0622636
0.0632351
0.0124712
0.06374
0.0140852
0.0642566
0.0157018
0.0647837
0.0173179
0.065319
0.0189301
0.0658593
0.0205345
0.0221266
0.0653472
0.0103929
-0.064877
0.0658363
0.011982
0.0663449
0.0135765
0.0668731
0.0151736
0.0674205
0.0167705
0.0679863
0.0183643
0.0685691
0.0199517
0.0215292
0.0681162
0.00993268
-0.067656
0.0685993
0.0114989
0.0691063
0.0130696
0.0696378
0.0146421
0.0701944
0.0162139
0.0707762
0.0177824
0.071383
0.0193448
0.0208983
0.0710477
0.00948052
-0.0705955
0.0715259
0.0110207
0.072031
0.0125645
0.0725638
0.0141093
0.073125
0.0156527
0.0737152
0.0171922
0.0743346
0.0187254
0.0202497
0.0741399
0.00903512
-0.0736945
0.0746144
0.0105462
0.0751185
0.0120603
0.0756531
0.0135748
0.0762185
0.0150873
0.0768154
0.0165953
0.0774441
0.0180967
0.0195887
0.0773929
0.0085955
-0.0769533
0.0778645
0.0100746
0.0783687
0.0115561
0.0789059
0.0130376
0.0794766
0.0145166
0.0800811
0.0159908
0.08072
0.0174578
0.0189151
0.0808119
0.00816173
-0.0803782
0.0812808
0.0096058
0.0817851
0.0110518
0.0823253
0.0124974
0.0829017
0.0139402
0.0835146
0.0153779
0.0841643
0.0168081
0.0182286
0.0844011
0.00773379
-0.0839731
0.0848671
0.00913977
0.0853716
0.0105473
0.0859149
0.0119541
0.0864971
0.0133579
0.0871184
0.0147565
0.0877789
0.0161477
0.017529
0.0881655
0.00731158
-0.0877432
0.0886287
0.00867649
0.0891334
0.0100427
0.0896796
0.0114079
0.0902675
0.01277
0.0908973
0.0141268
0.0915688
0.0154762
0.0168159
0.0921112
0.00689504
-0.0916947
0.0925718
0.00821596
0.0930765
0.00953789
0.0936257
0.0108587
0.0942194
0.0121763
0.0948576
0.0134886
0.0955402
0.0147936
0.016089
0.0962453
0.00648417
-0.0958344
0.0967031
0.0077582
0.0972079
0.00903301
0.09776
0.0103066
0.0983594
0.0115769
0.099006
0.012842
0.0996997
0.0140998
0.0153484
0.100576
0.00607881
-0.10017
0.101031
0.00730309
0.101536
0.00852797
0.102091
0.00975152
0.102696
0.0109718
0.103351
0.012187
0.104056
0.0133951
0.0145941
0.105108
0.00567835
-0.104707
0.105561
0.0068501
0.106066
0.00802231
0.106625
0.00919312
0.107236
0.0103607
0.1079
0.0115233
0.108616
0.0126789
0.0138259
0.109856
0.0052832
-0.10946
0.110306
0.00639954
0.110812
0.00751622
0.111374
0.00863147
0.111991
0.00974356
0.112664
0.0108508
0.113391
0.0119513
0.114174
0.0130435
0.0141255
0.114826
0.0048931
-0.114435
0.115274
0.00595113
0.115781
0.00700938
0.116346
0.00806622
0.11697
0.00912
0.117651
0.0101691
0.118391
0.0112118
0.119188
0.0122465
0.0132715
0.120029
0.00450771
-0.119644
0.120476
0.00550448
0.120984
0.00650142
0.121553
0.00749697
0.122183
0.00848959
0.122875
0.00947774
0.123626
0.0104598
0.124439
0.0114343
0.0123997
0.125478
0.00412665
-0.125096
0.125923
0.0050592
0.126432
0.00599187
0.127006
0.00692322
0.127644
0.00785179
0.128346
0.00877614
0.129111
0.00969481
0.129939
0.0106063
0.0115093
0.131184
0.0037495
-0.130807
0.131629
0.00461478
0.13214
0.00548017
0.132719
0.00634433
0.133365
0.0072059
0.134078
0.00806353
0.134857
0.00891587
0.135702
0.00976157
0.0105993
0.137164
0.00337572
-0.13679
0.137608
0.00417064
0.138123
0.00496566
0.138707
0.00575955
0.139362
0.00655107
0.140087
0.00733898
0.140881
0.00812202
0.141743
0.00889896
0.00966853
0.143433
0.00300468
-0.143062
0.143878
0.00372604
0.144396
0.00444752
0.144988
0.00516799
0.145652
0.00588632
0.14639
0.00660139
0.1472
0.00731206
0.148082
0.00801719
0.00871565
0.150011
0.00263564
-0.149642
0.150457
0.00328013
0.150979
0.00392477
0.151579
0.00456854
0.152255
0.00521043
0.153007
0.00584944
0.153834
0.00648453
0.154737
0.0071147
0.00773893
0.156918
0.00226766
-0.15655
0.157366
0.00283187
0.157894
0.00339625
0.158503
0.00395991
0.159191
0.00452197
0.159959
0.00508153
0.160806
0.00563771
0.161731
0.00618961
0.00673633
0.164178
0.00189961
-0.16381
0.16463
0.00237996
0.165166
0.00286051
0.165785
0.00334049
0.166488
0.00381916
0.167274
0.00429575
0.168142
0.0047695
0.169092
0.00523964
0.00570542
0.17182
0.00153013
-0.171451
0.172278
0.00192287
0.172822
0.00231583
0.173454
0.00270838
0.174174
0.00309991
0.17498
0.00348978
0.175872
0.00387738
0.176849
0.00426208
0.00464324
0.179876
0.00115765
-0.179504
0.18034
0.00145882
0.180896
0.00176021
0.181543
0.00206133
0.182281
0.00236172
0.18311
0.00266089
0.184029
0.00295836
0.185037
0.00325366
0.00354628
0.188382
0.000780174
-0.188004
0.188855
0.000985562
0.189424
0.00119115
0.190089
0.0013966
0.190849
0.00160159
0.191704
0.00180579
0.192654
0.00200888
0.193697
0.00221052
0.00241038
0.197377
0.000395087
-0.196992
0.197862
0.000500165
0.198448
0.000605381
0.199134
0.000710564
0.19992
0.000815544
0.200806
0.000920156
0.20179
0.00102423
0.202873
0.00112759
0.00123007
0.206913
-0.206517
0.207413
0.208018
0.208729
0.209544
0.210464
0.211489
0.212616
0.0485268
-0.0157806
-0.0482727
0.0489334
-0.0149722
0.049391
-0.0139214
0.0498599
-0.0127745
0.0503303
-0.0115818
0.0508034
-0.0103576
0.0512781
-0.00909181
0.0517528
-0.00778401
0.0522275
-0.00643944
0.0527028
-0.00506185
0.0531796
-0.00365405
0.0536581
-0.00222226
0.0541322
-0.000781493
0.0546333
0.000727583
0.0551102
0.00229261
0.0555833
0.00384801
0.0560549
0.00541624
0.0565253
0.00699923
0.0569948
0.00859564
0.0102039
0.0517751
-0.0161725
-0.0513832
0.0521266
-0.0153237
0.052511
-0.0143057
0.0529135
-0.0131771
0.0533096
-0.0119778
0.0537034
-0.0107514
0.0541021
-0.00949051
0.0545062
-0.00818815
0.0549154
-0.00684863
0.0553302
-0.00547662
0.0557508
-0.00407474
0.0561745
-0.00264588
0.0565899
-0.00119691
0.057044
0.000273499
0.0574912
0.00184534
0.0579425
0.00339671
0.0583997
0.00495903
0.0588629
0.00653612
0.0593317
0.00812682
0.00972945
0.0551021
-0.0165124
-0.0547622
0.0554097
-0.0156313
0.0557235
-0.0146195
0.0560581
-0.0135116
0.0563946
-0.0123143
0.0567287
-0.0110855
0.0570677
-0.00982956
0.0574145
-0.00853495
0.0577682
-0.00720228
0.0581283
-0.00583673
0.0584949
-0.00444136
0.0588667
-0.00301765
0.0592415
-0.00157176
0.059648
-0.000132951
0.0600569
0.00143639
0.0604749
0.00297878
0.0609037
0.00453017
0.0613444
0.00609545
0.0617976
0.00767368
0.00926337
0.0585517
-0.0167751
-0.058289
0.0588006
-0.0158802
0.0590498
-0.0148688
0.0593166
-0.0137784
0.0595932
-0.0125909
0.0598714
-0.0113637
0.0601551
-0.0101132
0.0604482
-0.00882811
0.0607511
-0.0075051
0.0610631
-0.0061488
0.0613851
-0.0047633
0.0617183
-0.00335085
0.0620624
-0.00191587
0.0623995
-0.000470086
0.0627818
0.00105405
0.0631706
0.00258998
0.0635727
0.00412808
0.0639906
0.00567757
0.0644251
0.00723919
0.00881149
0.0621217
-0.016968
-0.0619287
0.0623125
-0.016071
0.0625018
-0.0150581
0.0627045
-0.0139811
0.0629205
-0.0128069
0.063143
-0.0115862
0.0633725
-0.0103427
0.0636129
-0.00906853
0.0638657
-0.00775792
0.0641309
-0.00641395
0.0644086
-0.005041
0.0646994
-0.0036417
0.0650025
-0.00221896
0.065314
-0.00078155
0.0656636
0.000704398
0.0660253
0.0022283
0.0664035
0.00374987
0.0668006
0.00528052
0.0672178
0.00682199
0.00837327
0.0658294
-0.017094
-0.0657034
0.0659607
-0.0162024
0.0660903
-0.0151877
0.0662299
-0.0141207
0.0663846
-0.0129616
0.0665504
-0.011752
0.0667261
-0.0105184
0.0669147
-0.00925706
0.0671182
-0.00796149
0.0673374
-0.00663306
0.0675723
-0.00527594
0.0678237
-0.00389313
0.068092
-0.00248727
0.0683747
-0.00106418
0.0686951
0.000383944
0.0690306
0.00189279
0.069387
0.00339347
0.069766
0.00490157
0.0701685
0.00641943
0.0079463
0.0696861
-0.0171505
-0.0696295
0.0697536
-0.0162699
0.0698216
-0.0152557
0.0698984
-0.0141975
0.0699916
-0.0130549
0.0701002
-0.0118606
0.0702225
-0.0106407
0.0703602
-0.0093948
0.0705158
-0.00811705
0.0706902
-0.00680751
0.0708839
-0.00546967
0.0710974
-0.0041066
0.0713306
-0.00272045
0.0715823
-0.00131591
0.0718799
8.6367e-05
0.0721892
0.00158346
0.0725254
0.00305727
0.0728881
0.00453894
0.0732775
0.00603001
0.00752927
0.0736955
-0.0171355
-0.0737105
0.0736958
-0.0162702
0.0737003
-0.0152601
0.0737145
-0.0142117
0.0737469
-0.0130872
0.0737983
-0.0119121
0.0738676
-0.0107099
0.0739556
-0.00948277
0.0740644
-0.00822588
0.0741956
-0.00693869
0.07435
-0.00562403
0.0745284
-0.00428502
0.074732
-0.00292404
0.074961
-0.0015449
0.0752118
-0.000164445
0.0755028
0.0012924
0.0758206
0.0027395
0.0761677
0.00419188
0.076545
0.00565263
0.00712105
0.0778595
-0.0170486
-0.0779464
0.0777907
-0.0162014
0.0777307
-0.0152002
0.077683
-0.0141639
0.0776555
-0.0130597
0.0776505
-0.0119072
0.0776674
-0.0107268
0.0777066
-0.00952195
0.0777699
-0.00828913
0.0778588
-0.00702764
0.0779745
-0.00573977
0.0781179
-0.00442839
0.0782899
-0.00309598
0.0784905
-0.00174553
0.0787132
-0.000387133
0.0789824
0.0010232
0.079282
0.00243991
0.0796138
0.00386007
0.0799789
0.00528745
0.00672182
0.0821811
-0.0168905
-0.0823392
0.0820431
-0.0160634
0.0819185
-0.0150756
0.0818095
-0.0140549
0.0817233
-0.0129735
0.0816629
-0.0118468
0.0816282
-0.0106921
0.0816194
-0.00951315
0.081638
-0.00830772
0.0816855
-0.00707519
0.0817632
-0.00581742
0.0818718
-0.00453699
0.082012
-0.00323627
0.0821844
-0.00191785
0.0823859
-0.000588644
0.0826322
0.00077687
0.0829131
0.00215904
0.0832297
0.00354343
0.0835828
0.00493432
0.00633154
0.0866656
-0.0166621
-0.086894
0.0864589
-0.0158567
0.0862701
-0.0148867
0.0861006
-0.0138854
0.0859569
-0.0128298
0.0858421
-0.0117321
0.0857566
-0.0106066
0.0857006
-0.00945717
0.0856754
-0.00828249
0.0856824
-0.00708216
0.0857227
-0.00585776
0.0857973
-0.00461161
0.085907
-0.00334591
0.0860522
-0.00206304
0.0862315
-0.000767979
0.0864564
0.000552022
0.0867188
0.0018966
0.0870204
0.00324181
0.0873617
0.00459301
0.00595001
0.0913198
-0.0163644
-0.0916175
0.0910453
-0.0155822
0.0907929
-0.0146344
0.0905639
-0.0136564
0.0903637
-0.0126297
0.0901957
-0.011564
0.0900602
-0.0104712
0.0899578
-0.00935477
0.0898895
-0.00821419
0.0898567
-0.0070493
0.0898604
-0.00586153
0.0899017
-0.00465292
0.0899814
-0.00342552
0.0900998
-0.00218153
0.0902566
-0.000924763
0.0904611
0.000347571
0.0907055
0.00165222
0.0909922
0.00295507
0.0913218
0.00426341
0.00557713
0.0961515
-0.0159984
-0.0965174
0.0958103
-0.0152411
0.0954953
-0.0143194
0.0952076
-0.0133687
0.094952
-0.0123741
0.0947315
-0.0113435
0.094547
-0.0102866
0.0943989
-0.00920665
0.0942882
-0.00810347
0.0942161
-0.00697722
0.0941838
-0.00582922
0.0941922
-0.00466135
0.0942422
-0.00347553
0.0943345
-0.00227383
0.094469
-0.00105921
0.0946539
0.00016264
0.0948805
0.00142565
0.0951523
0.00268321
0.0954702
0.00394554
0.00521289
0.101169
-0.0155652
-0.101603
0.100763
-0.0148343
0.100386
-0.0139427
0.10004
-0.0130231
0.0997303
-0.012064
0.0994583
-0.0110716
0.0992255
-0.0100538
0.0990323
-0.0090135
0.0988798
-0.00795097
0.0987691
-0.00686653
0.0987013
-0.0057614
0.0986772
-0.00463722
0.0986974
-0.00349571
0.0987621
-0.00233861
0.0988717
-0.00116875
0.0990419
-7.55616e-06
0.0992498
0.00121777
0.0995074
0.00242552
0.0998143
0.00363867
0.00485692
0.106383
-0.0150656
-0.106882
0.105912
-0.0143631
0.105474
-0.0135054
0.105072
-0.0126206
0.104708
-0.0117
0.104385
-0.0107488
0.104105
-0.00977324
0.103867
-0.0087759
0.103673
-0.00775727
0.103525
-0.00671789
0.103422
-0.00565894
0.103367
-0.00458202
0.10336
-0.0034888
0.103402
-0.00238104
0.103495
-0.00126101
0.103624
-0.000137207
0.103819
0.00102314
0.104063
0.00218112
0.104359
0.00334281
0.00450885
0.111802
-0.0145007
-0.112367
0.111267
-0.0138285
0.11077
-0.0130081
0.110311
-0.0121618
0.109894
-0.011283
0.109521
-0.0103759
0.109193
-0.00944554
0.108912
-0.00849424
0.108677
-0.00752263
0.108491
-0.00653137
0.108353
-0.0055216
0.108266
-0.00449479
0.10823
-0.00345245
0.108245
-0.00239618
0.108312
-0.00132795
0.108428
-0.000253873
0.108605
0.000846921
0.108835
0.00195051
0.10912
0.00305767
0.00416887
0.117437
-0.0138711
-0.118066
0.11684
-0.0132314
0.116283
-0.0124517
0.115769
-0.0116473
0.115299
-0.0108133
0.114877
-0.00995322
0.114502
-0.00907104
0.114177
-0.0081688
0.113901
-0.00724725
0.113677
-0.00630712
0.113505
-0.00534953
0.113386
-0.00437582
0.113321
-0.00338742
0.113311
-0.00238581
0.113355
-0.00137275
0.113454
-0.000352467
0.113613
0.000687882
0.113829
0.0017341
0.114103
0.00278359
0.0038369
0.123299
-0.0131777
-0.123993
0.122641
-0.0125727
0.122026
-0.0118369
0.121456
-0.0110776
0.120934
-0.0102915
0.120462
-0.00948119
0.120041
-0.00865006
0.119672
-0.00779985
0.119356
-0.00693135
0.119095
-0.00604536
0.118888
-0.00514294
0.118738
-0.00422535
0.118644
-0.0032939
0.118608
-0.00234997
0.118631
-0.00139514
0.118711
-0.000432592
0.118853
0.000545482
0.119056
0.00153141
0.119319
0.0025202
0.0035126
0.129402
-0.012421
-0.130158
0.128682
-0.0118531
0.128009
-0.0111642
0.127385
-0.0104532
0.126811
-0.00971774
0.12629
-0.00896008
0.125823
-0.00818286
0.125411
-0.00738759
0.125054
-0.00657511
0.124755
-0.00574624
0.124514
-0.00490198
0.124333
-0.0040435
0.124211
-0.00317203
0.124149
-0.00228882
0.12415
-0.00139532
0.124211
-0.000494032
0.124337
0.00041943
0.124526
0.00134209
0.12478
0.00226717
0.00319564
0.135758
-0.0116015
-0.136577
0.134978
-0.0110731
0.134248
-0.010434
0.133569
-0.00977433
0.132943
-0.00909241
0.132373
-0.00839013
0.13186
-0.0076696
0.131405
-0.00693217
0.131008
-0.00617865
0.130672
-0.00540985
0.130397
-0.00462674
0.130183
-0.00383039
0.130033
-0.00302192
0.129947
-0.0022025
0.129925
-0.00137344
0.129968
-0.000536763
0.130078
0.000309465
0.130254
0.00116583
0.130497
0.00202414
0.00288563
0.142382
-0.0107198
-0.143264
0.141542
-0.0102333
0.140755
-0.00964684
0.140022
-0.00904127
0.139345
-0.00841565
0.138727
-0.00777146
0.138167
-0.00711041
0.137669
-0.00643367
0.137232
-0.00574202
0.136859
-0.00503627
0.136549
-0.00431729
0.136305
-0.00358609
0.136127
-0.00284368
0.136015
-0.00209115
0.135972
-0.00132965
0.135996
-0.000560872
0.13609
0.000215304
0.136253
0.00100229
0.136487
0.00179073
0.00258211
0.149292
-0.00977599
-0.150236
0.148393
-0.009334
0.147549
-0.00880282
0.146762
-0.00825417
0.146033
-0.00768754
0.145366
-0.00710413
0.144761
-0.00650533
0.144219
-0.00589212
0.143743
-0.00526526
0.143332
-0.0046255
0.142988
-0.00397367
0.142713
-0.00331066
0.142507
-0.00263741
0.14237
-0.00195487
0.142305
-0.00126411
0.14231
-0.000566522
0.142389
0.000136602
0.14254
0.000851108
0.142765
0.00156646
0.00228454
0.156506
-0.00877041
-0.157512
0.155548
-0.00837542
0.154647
-0.0079021
0.153806
-0.00741306
0.153026
-0.00690808
0.15231
-0.00638813
0.151659
-0.00585431
0.151075
-0.00530748
0.150558
-0.00474833
0.15011
-0.00417755
0.149732
-0.0035959
0.149426
-0.00300417
0.149191
-0.00240319
0.14903
-0.00179383
0.148943
-0.00117703
0.148931
-0.000553954
0.148994
7.29311e-05
0.149134
0.000711811
0.149349
0.0013508
0.00199227
0.164046
-0.00770312
-0.165113
0.163028
-0.00735762
0.162071
-0.00694469
0.161176
-0.00651788
0.160345
-0.00607718
0.15958
-0.00562335
0.158883
-0.00515728
0.158255
-0.00467968
0.157698
-0.00419117
0.157213
-0.00369238
0.156801
-0.00318397
0.156464
-0.00266664
0.156201
-0.00214113
0.156016
-0.00160819
0.155907
-0.00106862
0.155877
-0.000523428
0.155926
2.36394e-05
0.156054
0.000583869
0.156262
0.00114306
0.0017045
0.171936
-0.00657409
-0.173065
0.170859
-0.00628056
0.169845
-0.00593049
0.168895
-0.00556849
0.168013
-0.00519467
0.167199
-0.00480965
0.166456
-0.00441409
0.165785
-0.00400859
0.165187
-0.0035937
0.164665
-0.00316996
0.164219
-0.00273793
0.16385
-0.00229822
0.163561
-0.00185144
0.163351
-0.00139825
0.163221
-0.000939333
0.163173
-0.000475503
0.163208
-1.06997e-05
0.163325
0.000466454
0.163526
0.000942336
0.0014202
0.180202
-0.00538323
-0.181393
0.179065
-0.00514408
0.177994
-0.00485928
0.17699
-0.00456464
0.176056
-0.00426032
0.175193
-0.00394678
0.174403
-0.00362455
0.173689
-0.00329408
0.173051
-0.00295584
0.172491
-0.00261027
0.172011
-0.00225784
0.171612
-0.00189905
0.171295
-0.00153441
0.171061
-0.00116444
0.170912
-0.000789713
0.170847
-0.000410864
0.170866
-3.00742e-05
0.170974
0.000358649
0.171169
0.000747618
0.00113822
0.188874
-0.00413037
-0.190127
0.187678
-0.00394792
0.18655
-0.00373079
0.185491
-0.00350603
0.184505
-0.00327382
0.183592
-0.00303449
0.182756
-0.00278841
0.181998
-0.00253594
0.18132
-0.00227742
0.180722
-0.00201321
0.180208
-0.00174367
0.179778
-0.00146917
0.179434
-0.00119012
0.179177
-0.000906907
0.179007
-0.000619978
0.178926
-0.00032982
0.178934
-3.78559e-05
0.179033
0.000259635
0.179222
0.000557746
0.000857172
0.197987
-0.00281537
-0.199302
0.196731
-0.00269183
0.195545
-0.00254473
0.194431
-0.00239239
0.193392
-0.00223493
0.19243
-0.00207258
0.191547
-0.00190557
0.190745
-0.00173414
0.190027
-0.00155853
0.189392
-0.00137897
0.188844
-0.00119573
0.188384
-0.00100905
0.188013
-0.000819199
0.187733
-0.000626461
0.187544
-0.000431124
0.187448
-0.000233511
0.187444
-3.44019e-05
0.187536
0.000168052
0.187722
0.000371207
0.000575305
0.207576
-0.00143819
-0.208953
0.20626
-0.00137556
0.205016
-0.00130082
0.203847
-0.00122338
0.202755
-0.00114331
0.201743
-0.00106072
0.200813
-0.000975729
0.199968
-0.000888456
0.199208
-0.000799017
0.198537
-0.000707534
0.197955
-0.000614134
0.197465
-0.000518947
0.197068
-0.000422112
0.196765
-0.000323771
0.196558
-0.00022408
0.196448
-0.000123225
0.196435
-2.17148e-05
0.196521
8.19532e-05
0.196707
0.000185908
0.000290297
0.217682
-0.21912
0.216306
0.215005
0.213782
0.212639
0.211578
0.210602
0.209714
0.208915
0.208207
0.207593
0.207074
0.206652
0.206328
0.206104
0.205981
0.205959
0.206041
0.206227
0.0503722
0.00148085
-0.00140213
0.0502044
0.00321605
-0.0030482
0.0499127
0.0056527
-0.00536097
0.0495661
0.00709354
-0.00674696
0.0491133
0.00953894
-0.00908616
0.0486334
0.0110606
-0.0105806
0.04807
0.013761
-0.0131976
0.0475313
0.0154751
-0.0149364
0.0469489
0.0185018
-0.0179194
0.0464978
0.0203087
-0.0198576
0.0460584
0.0236509
-0.0232115
0.0459581
0.0251739
-0.0250736
0.0459016
0.0288488
-0.0287923
0.046655
0.0291417
-0.0298951
0.033105
-0.0347227
0.0528422
0.00155987
0.0526763
0.00338197
0.0523828
0.00594623
0.052042
0.00743436
0.0515939
0.00998703
0.0511323
0.0115221
0.0505914
0.0143019
0.0500996
0.0159669
0.0495757
0.0190257
0.0492201
0.0206643
0.0489024
0.0239686
0.0489539
0.0251224
0.0491846
0.028618
0.050042
0.0282843
0.0317639
0.0554341
0.00163832
0.0552709
0.00354518
0.0549803
0.00623683
0.054648
0.00776663
0.0542123
0.0104227
0.0537745
0.01196
0.0532668
0.0148095
0.0528284
0.0164054
0.0523751
0.019479
0.0521165
0.0209229
0.0519313
0.0241538
0.0521155
0.0249382
0.0525586
0.0281749
0.0533678
0.0274751
0.0303695
0.0581532
0.00171576
0.0579948
0.00370357
0.05771
0.00652167
0.057391
0.00808562
0.0569733
0.0108404
0.0565667
0.0123666
0.0561005
0.0152758
0.055724
0.0167819
0.0553508
0.0198522
0.0551907
0.021083
0.0551413
0.0242032
0.0554293
0.0246502
0.0560261
0.027578
0.0568506
0.0266507
0.028931
0.0610058
0.00179181
0.0608544
0.00385496
0.0605781
0.00679798
0.0602771
0.00838663
0.0598828
0.0112346
0.0595146
0.0127348
0.0590984
0.015692
0.0587904
0.0170898
0.0585085
0.0201342
0.0584446
0.0211469
0.058534
0.0241138
0.0589068
0.0242774
0.059632
0.0268528
0.0605119
0.0257708
0.0275142
0.0639984
0.00186611
0.0638563
0.00399707
0.0635915
0.00706278
0.0633129
0.00866517
0.0629482
0.0115994
0.0626242
0.0130587
0.0622674
0.0160488
0.0620319
0.0173253
0.0618521
0.0203141
0.0618806
0.0211184
0.0621082
0.0238862
0.0625608
0.0238249
0.0633916
0.026022
0.0643289
0.0248335
0.0261397
0.067138
0.00193809
0.0670073
0.00412769
0.0667577
0.00731247
0.0665056
0.0089172
0.0661772
0.0119278
0.0659021
0.0133338
0.0656148
0.0163361
0.0654536
0.0174864
0.0653847
0.020383
0.0655026
0.0210005
0.0658623
0.0235265
0.0663948
0.0232923
0.0673061
0.0251106
0.06829
0.0238496
0.0248002
0.0704321
0.00200687
0.0703148
0.00424496
0.0700847
0.0075426
0.0698624
0.00913943
0.0695783
0.012212
0.0693552
0.013557
0.0691475
0.0165439
0.0690618
0.0175721
0.0691089
0.0203358
0.0693151
0.0207943
0.0697953
0.0230463
0.0704073
0.0226803
0.0713776
0.0241404
0.0723968
0.0228303
0.0234865
0.0738886
0.00207111
0.0737861
0.00434748
0.073581
0.0077477
0.0733912
0.00932926
0.07316
0.0124431
0.0729915
0.0137255
0.072872
0.0166633
0.0728633
0.0175808
0.073027
0.0201721
0.073322
0.0204993
0.0739082
0.0224601
0.0745967
0.0219918
0.0756103
0.0231268
0.0766556
0.0217851
0.0221958
0.077516
0.00212901
0.0774291
0.00443437
0.0772552
0.00792158
0.0771
0.00948446
0.0769303
0.0126129
0.0768194
0.0138364
0.0767944
0.0166883
0.0768654
0.0175098
0.0771417
0.0198959
0.0775263
0.0201147
0.0782038
0.0217827
0.0789632
0.0212324
0.0800094
0.0220805
0.0810724
0.0207221
0.020929
0.081323
0.00217831
0.0812522
0.0045051
0.0811161
0.00805765
0.080998
0.00960257
0.0808974
0.0127135
0.0808478
0.0138859
0.0809205
0.0166156
0.0810748
0.0173555
0.0814571
0.0195135
0.0819309
0.019641
0.0826863
0.0210272
0.0835089
0.0204098
0.0845798
0.0210096
0.0856529
0.019649
0.0196878
0.0853184
0.00221653
0.0852642
0.00455925
0.0851724
0.00814942
0.0850946
0.00968046
0.0850689
0.0127392
0.0850855
0.0138693
0.0852564
0.0164447
0.0854974
0.0171145
0.0859779
0.019033
0.0865384
0.0190805
0.0873607
0.0202049
0.0882377
0.0195327
0.0893267
0.0199206
0.0904035
0.0185722
0.0184739
0.0895114
0.00224115
0.0894745
0.00459614
0.0894329
0.00819102
0.0893993
0.00971407
0.0894527
0.0126858
0.0895408
0.0137812
0.0898083
0.0161772
0.0901387
0.0167841
0.0907095
0.0184622
0.0913523
0.0184377
0.0922322
0.0193251
0.0931548
0.0186101
0.094256
0.0188194
0.0953316
0.0174965
0.0172881
0.0939114
0.00224982
0.0938931
0.00461442
0.0939064
0.00817776
0.093922
0.00969844
0.0940568
0.0125511
0.0942218
0.0136161
0.0945831
0.015816
0.0950039
0.0163633
0.0956575
0.0178087
0.0963767
0.0177185
0.0973062
0.0183956
0.0982661
0.0176502
0.0993744
0.0177111
0.100445
0.0164255
0.0161309
0.098528
0.00224061
0.0985304
0.00461199
0.0986019
0.00810628
0.0986725
0.00962783
0.0988894
0.0123342
0.0991363
0.0133692
0.0995877
0.0153646
0.100098
0.0158527
0.100828
0.0170792
0.101617
0.0169297
0.102589
0.0174235
0.103579
0.0166601
0.10469
0.0165999
0.105754
0.0153618
0.0150022
0.103371
0.00221215
0.103397
0.00458581
0.103529
0.00797468
0.103661
0.00949618
0.103959
0.0120357
0.104292
0.0130365
0.10483
0.0148268
0.105427
0.0152548
0.106227
0.01628
0.107078
0.0160786
0.108086
0.016415
0.1091
0.015646
0.110211
0.0154894
0.111266
0.014307
0.0139012
0.108451
0.00216373
0.108505
0.00453206
0.108697
0.00778235
0.108896
0.00929763
0.109275
0.0116565
0.109696
0.012616
0.110316
0.0142062
0.110998
0.0145734
0.111861
0.0154168
0.112767
0.0151719
0.113807
0.0153758
0.11484
0.0146126
0.115947
0.0143821
0.116992
0.0132624
0.0128266
0.113779
0.00209533
0.113865
0.00444634
0.114118
0.0075296
0.114388
0.00902713
0.114847
0.0111976
0.115356
0.0121071
0.116056
0.0135064
0.116816
0.0138134
0.117737
0.014495
0.118693
0.0142162
0.119758
0.0143108
0.120807
0.0135642
0.121909
0.0132797
0.122943
0.0122284
0.0117768
0.119366
0.00200746
0.119489
0.00432406
0.119801
0.00721722
0.120147
0.00868093
0.120684
0.0106604
0.121281
0.011511
0.122056
0.0127309
0.12289
0.0129799
0.123865
0.0135197
0.124864
0.0132169
0.125951
0.0132239
0.127012
0.0125037
0.128108
0.0121832
0.129132
0.0112049
0.0107498
0.125225
0.00190106
0.125388
0.00416092
0.12576
0.00684601
0.126184
0.00825688
0.126798
0.0100458
0.127479
0.0108298
0.128327
0.011883
0.129229
0.0120782
0.130253
0.0124956
0.131291
0.012179
0.132396
0.0121184
0.133467
0.0114334
0.134557
0.0110927
0.135571
0.0101913
0.00974347
0.131369
0.00177725
0.131577
0.00395334
0.132006
0.00641658
0.132508
0.00775443
0.133199
0.0093551
0.133962
0.0100668
0.134879
0.0109664
0.135844
0.0111133
0.136912
0.0114269
0.137985
0.0111065
0.139107
0.0109965
0.140185
0.0103548
0.14127
0.0100077
0.142275
0.00918628
0.00875513
0.137812
0.00163712
0.138066
0.00369876
0.138554
0.00592921
0.139134
0.00717431
0.139899
0.0085898
0.14074
0.00922533
0.141722
0.00998443
0.142746
0.0100895
0.143856
0.010317
0.14496
0.0100023
0.146097
0.00985957
0.147184
0.00926825
0.148264
0.00892695
0.149262
0.00818819
0.0077819
0.144568
0.00148161
0.144871
0.0033958
0.145416
0.00538399
0.146072
0.00651821
0.14691
0.00775172
0.147827
0.00830895
0.148871
0.0089403
0.14995
0.00901067
0.151098
0.00916846
0.152232
0.00886866
0.153384
0.00870784
0.154479
0.00817334
0.155557
0.0078486
0.15655
0.0071947
0.00682047
0.151654
0.0013114
0.152005
0.00304419
0.152608
0.00478106
0.153338
0.00578835
0.154247
0.00684292
0.155235
0.00732098
0.156338
0.00783673
0.15747
0.00787958
0.158655
0.0079828
0.159818
0.00770628
0.160985
0.00754061
0.16209
0.00706866
0.163168
0.0067699
0.16416
0.00620282
0.00586706
0.159085
0.00112695
0.159485
0.0026446
0.160145
0.00412074
0.160946
0.00498721
0.161924
0.00586551
0.16298
0.00626431
0.164141
0.00667569
0.165323
0.00669806
0.166545
0.00676034
0.167737
0.00651486
0.168921
0.00635598
0.170038
0.00595173
0.171121
0.00568722
0.172115
0.00520884
0.00491726
0.16688
0.000928569
0.167326
0.00219846
0.168043
0.00340374
0.168913
0.00411735
0.169957
0.00482142
0.17108
0.00514126
0.172297
0.00545825
0.173529
0.00546669
0.174789
0.00550005
0.176011
0.00529262
0.177216
0.00515072
0.178349
0.00481886
0.179441
0.00459589
0.180441
0.00420811
0.00396589
0.175055
0.000716429
0.175546
0.00170771
0.176318
0.0026312
0.177254
0.00318127
0.178363
0.00371222
0.179551
0.00395336
0.180825
0.00418431
0.182107
0.00418462
0.183408
0.00419934
0.184664
0.00403622
0.185895
0.0039201
0.187049
0.00366498
0.188155
0.00348996
0.189168
0.00319486
0.00300681
0.183629
0.000490696
0.184162
0.0011748
0.184989
0.00180474
0.185989
0.00218137
0.187162
0.00253899
0.188414
0.00270119
0.189746
0.00285246
0.191081
0.0028494
0.192427
0.00285384
0.193722
0.00274052
0.194985
0.00265762
0.196166
0.00248337
0.197294
0.00236197
0.198327
0.00216193
0.00203247
0.192623
0.000251635
0.193195
0.000602752
0.194073
0.000926603
0.195135
0.00111994
0.196371
0.00130231
0.197688
0.00138426
0.199081
0.00145982
0.200473
0.00145675
0.20187
0.00145719
0.203212
0.00139824
0.204515
0.0013547
0.205733
0.00126533
0.206893
0.00120268
0.207954
0.00110054
0.00103338
0.202055
0.202658
0.203585
0.204705
0.206007
0.207391
0.208851
0.210308
0.211765
0.213163
0.214518
0.215783
0.216986
0.218087
0.0357615
-0.000406203
0.036055
-0.000293585
0.0361843
-0.000129317
0.0362233
-3.89812e-05
0.0361011
0.000122259
0.035892
0.000209057
0.0355115
0.000380495
0.0350331
0.000478373
0.0343671
0.00066602
0.0335826
0.000784483
0.0325856
0.000996901
0.0314483
0.00113725
0.0300594
0.00138879
0.0285258
0.00153355
0.00185609
0.0357541
-0.000805008
0.0360407
-0.000580157
0.0361638
-0.00025245
0.0361969
-7.2065e-05
0.0360696
0.000249623
0.0358556
0.000423053
0.0354707
0.000765325
0.0349884
0.000960745
0.0343187
0.00133565
0.0335313
0.00157188
0.0325319
0.00199635
0.0313932
0.00227597
0.0300035
0.00277843
0.0284706
0.00306653
0.00371082
0.0357394
-0.00118908
0.0360121
-0.000852815
0.0361229
-0.000363278
0.0361442
-9.33948e-05
0.0360066
0.000387202
0.0357828
0.000646948
0.0353893
0.00115883
0.0348989
0.00145113
0.0342221
0.00201246
0.0334289
0.00236506
0.0324244
0.00300079
0.0312829
0.00341752
0.0298918
0.00416951
0.0283601
0.00459823
0.00556251
0.0357173
-0.00155108
0.0359692
-0.00110463
0.0360616
-0.000455677
0.0360653
-9.71274e-05
0.0359124
0.000540093
0.0356737
0.000885687
0.0352672
0.00156532
0.0347647
0.00195357
0.0340772
0.0027
0.0332753
0.00316699
0.0322633
0.00401272
0.0311174
0.0045634
0.0297242
0.00556279
0.0281943
0.00612808
0.00740951
0.035688
-0.00188371
0.035912
-0.00132871
0.0359799
-0.000523558
0.0359603
-7.748e-05
0.035787
0.00071341
0.0355284
0.00114421
0.0351047
0.00198907
0.0345861
0.00247212
0.0338843
0.00340183
0.0330706
0.00398067
0.0320487
0.00503471
0.0308969
0.00571517
0.0295005
0.00695914
0.0279731
0.00765555
0.00925003
0.0356513
-0.00217968
0.0358408
-0.00151819
0.0358782
-0.000560984
0.0358293
-2.85472e-05
0.0356306
0.000912133
0.0353473
0.00142745
0.0349021
0.00243432
0.0343633
0.00301088
0.0336437
0.00412145
0.0328152
0.00480918
0.0317806
0.00606932
0.0306212
0.0068745
0.0292209
0.00835946
0.0276963
0.0091802
0.0110821
0.0356074
-0.00243179
0.0357555
-0.00166628
0.0357563
-0.000561701
0.0356728
5.48767e-05
0.0354434
0.00114158
0.0351305
0.0017403
0.0346596
0.00290531
0.0340965
0.00357397
0.0333556
0.00486236
0.0325091
0.00565566
0.0314592
0.00711917
0.0302906
0.00804312
0.0288853
0.00976477
0.0273639
0.0107016
0.0129038
0.0355564
-0.00263288
0.0356565
-0.00176631
0.0356146
-0.000519823
0.0354908
0.000178614
0.0352258
0.00140666
0.0348785
0.0020876
0.0343776
0.00340619
0.033786
0.00416554
0.0330204
0.00562798
0.0321527
0.0065234
0.031085
0.00818684
0.0299052
0.0092229
0.0284939
0.0111761
0.0269761
0.0122194
0.0147126
0.0354983
-0.00277585
0.0355437
-0.00181172
0.0354534
-0.000429502
0.0352835
0.000348512
0.034978
0.00171218
0.0345914
0.00247415
0.0340565
0.0039411
0.0334323
0.00478977
0.0326386
0.00642169
0.0317462
0.00741574
0.0306582
0.00927492
0.0294653
0.0104157
0.0280469
0.0125946
0.026533
0.0137333
0.0165064
0.0354332
-0.00285371
0.0354176
-0.00179611
0.0352729
-0.000284832
0.0350514
0.000570074
0.0347005
0.00206307
0.0342699
0.00290469
0.0336969
0.00451413
0.0330358
0.00545082
0.0322107
0.00724683
0.0312903
0.00833616
0.0301793
0.0103859
0.0289713
0.0116237
0.0275446
0.0140213
0.0260351
0.0152428
0.0182827
0.0353611
-0.00285951
0.0352782
-0.00171322
0.0350734
-7.9955e-05
0.0347948
0.000848649
0.0343936
0.00246423
0.0339144
0.00338388
0.0332992
0.00512933
0.0325972
0.00615284
0.0317374
0.00810666
0.0307853
0.00928822
0.0296489
0.0115223
0.0284237
0.0128489
0.0269877
0.0154573
0.025483
0.0167475
0.020039
0.0352823
-0.00278645
0.0351256
-0.0015565
0.0348554
0.000190216
0.0345142
0.00118988
0.034058
0.00292043
0.0335256
0.00391627
0.0328642
0.00579075
0.0321171
0.00689995
0.0312193
0.00900442
0.0302319
0.0102756
0.0290679
0.0126864
0.0278232
0.0140935
0.0263769
0.0169036
0.0248777
0.0182467
0.0217728
0.0351968
-0.00262788
0.0349603
-0.00132004
0.0346188
0.0005317
0.03421
0.0015987
0.033694
0.0034364
0.033104
0.00450629
0.0323924
0.00650236
0.0315962
0.00769617
0.0306573
0.00994331
0.0296309
0.011302
0.0284371
0.0138802
0.0271705
0.0153601
0.0257131
0.0183611
0.0242202
0.0197396
0.023482
0.0351048
-0.00237731
0.0347826
-0.000997852
0.0343641
0.000950141
0.0338828
0.00208001
0.0333025
0.00401677
0.0326505
0.00515822
0.0318848
0.00726813
0.0310355
0.00854539
0.0300523
0.0109265
0.0289832
0.0123711
0.0277577
0.0151058
0.0264666
0.0166511
0.0249976
0.0198301
0.0235121
0.0212251
0.0251645
0.0350065
-0.00202843
0.0345926
-0.000584042
0.0340919
0.00145087
0.0335332
0.00263871
0.0328839
0.00466604
0.032166
0.00587618
0.0313422
0.00809192
0.0304362
0.00945134
0.0294056
0.0119572
0.0282901
0.0134866
0.027031
0.0163649
0.0257126
0.0179695
0.0242321
0.0213106
0.0227554
0.0227019
0.026819
0.0349019
-0.00157504
0.0343908
-7.29108e-05
0.0338027
0.00203899
0.0331619
0.00327952
0.0324394
0.00538856
0.0316514
0.00666411
0.0307659
0.00897748
0.0297997
0.0104175
0.0287184
0.0130385
0.0275532
0.0146518
0.0262589
0.0176591
0.0249101
0.0193183
0.0234191
0.0228016
0.0219527
0.0241682
0.0284448
0.0347912
-0.0010109
0.0341777
0.000540634
0.0334969
0.00271972
0.0327695
0.00400693
0.0319696
0.00618845
0.031108
0.0075257
0.0301572
0.00992832
0.0291276
0.011447
0.0279927
0.0141734
0.0267746
0.0158699
0.0254436
0.0189901
0.0240611
0.0207009
0.0225616
0.0243011
0.0211074
0.0256225
0.0300429
0.0346748
-0.000330326
0.0339531
0.00126234
0.0331751
0.00349764
0.0323567
0.00482535
0.0314754
0.00706974
0.0305365
0.00846466
0.0295169
0.0109479
0.0284209
0.012543
0.0272295
0.0153649
0.0259563
0.0171431
0.0245874
0.020359
0.0231687
0.0221196
0.0216651
0.0258047
0.0202239
0.0270636
0.0316125
0.0345527
0.000472325
0.0337179
0.00209716
0.0328385
0.00437702
0.0319252
0.00573859
0.0309593
0.00803567
0.0299401
0.00948383
0.0288494
0.0120387
0.027685
0.0137073
0.0264353
0.0166146
0.025106
0.0184724
0.0236989
0.0217661
0.0222434
0.0235751
0.0207433
0.0273049
0.0193175
0.0284894
0.033176
0.0344255
0.0334745
0.0324905
0.0314822
0.0304317
0.0293349
0.0281759
0.0269468
0.025642
0.0242568
0.0228113
0.0213128
0.0198254
0.0184197
)
;

boundaryField
{
    inlet
    {
        type            calculated;
        value           nonuniform List<scalar> 
50
(
-0.050451
-0.0529213
-0.0555125
-0.0582306
-0.0610819
-0.0640727
-0.06721
-0.0705008
-0.0739529
-0.0775739
-0.0813723
-0.0853566
-0.089536
-0.0939201
-0.0985188
-0.103343
-0.108403
-0.113711
-0.119278
-0.125119
-0.131245
-0.137671
-0.144412
-0.151483
-0.158901
-0.166681
-0.174843
-0.183404
-0.192384
-0.201804
-0.0353553
-0.0353553
-0.0353553
-0.0353553
-0.0353553
-0.0353553
-0.0353553
-0.0353553
-0.0353553
-0.0353553
-0.0353553
-0.0353553
-0.0353553
-0.0353553
-0.0353553
-0.0353553
-0.0353553
-0.0353553
-0.0353553
-0.0353553
)
;
    }
    outlet
    {
        type            calculated;
        value           nonuniform 0();
    }
    cylinder
    {
        type            calculated;
        value           uniform 0;
    }
    top
    {
        type            symmetryPlane;
        value           uniform 0;
    }
    bottom
    {
        type            symmetryPlane;
        value           nonuniform 0();
    }
    defaultFaces
    {
        type            empty;
        value           nonuniform 0();
    }
    procBoundary2to0
    {
        type            processor;
        value           nonuniform List<scalar> 
26
(
-0.000948513
-0.00196144
-0.00244954
0.00535997
2.01095e-07
1.94575e-07
1.85791e-07
1.75216e-07
1.62969e-07
1.49025e-07
1.33202e-07
2.6458e-08
5.05898e-08
2.51235e-08
1.4312e-08
-3.32677e-09
-1.06012e-08
-7.35452e-09
-2.68856e-09
1.47827e-08
3.00442e-08
5.39509e-08
7.50192e-08
9.92553e-08
1.21267e-07
1.40741e-07
)
;
    }
    procBoundary2to3
    {
        type            processor;
        value           nonuniform List<scalar> 
50
(
-0.000797802
3.8363e-05
-0.00113282
0.000375534
0.000474912
0.00135014
0.00168347
0.0069454
0.00422102
0.0172009
0.0275157
0.0127941
0.0437809
0.0178808
0.0589478
0.0213972
0.0709161
0.0784129
0.0249425
0.060915
0.0636632
0.0663998
0.0691666
0.0720139
0.0749832
0.0781051
0.0813936
0.0848508
0.0884785
0.0922819
0.0962671
0.10044
0.10481
0.109384
-0.0149622
0.11501
0.120042
0.12531
0.130829
0.136612
0.142674
0.149034
0.155713
0.162734
0.170123
0.177911
0.186134
0.194833
0.204054
0.213846
)
;
    }
}


// ************************************************************************* //
