/*--------------------------------*- C++ -*----------------------------------*\
  =========                 |
  \\      /  F ield         | OpenFOAM: The Open Source CFD Toolbox
   \\    /   O peration     | Website:  https://openfoam.org
    \\  /    A nd           | Version:  7
     \\/     M anipulation  |
\*---------------------------------------------------------------------------*/
FoamFile
{
    version     2.0;
    format      ascii;
    class       volVectorField;
    location    "100";
    object      U;
}
// * * * * * * * * * * * * * * * * * * * * * * * * * * * * * * * * * * * * * //

dimensions      [0 1 -1 0 0 0 0];

internalField   nonuniform List<vector> 
2125
(
(1.3793 -0.159317 -9.92396e-21)
(1.36339 -0.154264 -2.84867e-20)
(1.37848 -0.14744 -4.83119e-21)
(1.27877 -0.131353 1.9768e-20)
(1.34739 -0.140826 -2.26513e-21)
(1.37425 -0.135473 2.41989e-20)
(0.865195 -0.0623619 5.51443e-20)
(1.08106 -0.0929982 -1.15335e-19)
(1.23431 -0.114717 2.34813e-20)
(1.32408 -0.127189 -1.82468e-20)
(1.36543 -0.123323 -2.55461e-20)
(0.525064 -0.0224728 1.13763e-20)
(0.773176 -0.0474927 -9.31897e-20)
(1.00234 -0.0758854 6.31992e-20)
(1.17862 -0.0982134 -4.91519e-20)
(1.29179 -0.113378 4.8885e-20)
(1.3505 -0.110915 -2.19858e-21)
(0.239696 -0.00854512 -4.24623e-22)
(0.440061 -0.0168617 3.78938e-20)
(0.677336 -0.0354664 2.12998e-21)
(0.913721 -0.0603457 -5.07097e-20)
(1.11076 -0.0821397 -1.42567e-21)
(1.24877 -0.099512 -2.13343e-20)
(1.32759 -0.0981674 2.51688e-20)
(0.0629945 -0.0133611 7.16234e-21)
(0.18396 -0.0111189 2.01584e-20)
(0.359931 -0.0144018 -3.41423e-20)
(0.580499 -0.0266709 7.97152e-20)
(0.816839 -0.0469711 -3.45444e-22)
(1.03037 -0.0669317 -6.62261e-21)
(1.19343 -0.0858258 -4.15522e-20)
(1.29434 -0.0851452 -5.7243e-21)
(0.0357217 -0.0186683 5.56415e-21)
(0.1351 -0.0151708 -1.44997e-20)
(0.286339 -0.0147589 -1.68551e-20)
(0.485737 -0.0213395 -1.09514e-20)
(0.714359 -0.0364002 -7.78325e-21)
(0.938018 -0.0531774 9.86873e-21)
(1.12444 -0.0727404 3.99864e-20)
(1.24857 -0.0718816 2.9577e-20)
(-0.0235406 -0.0239591 3.08371e-20)
(0.0133401 -0.024072 -7.08929e-20)
(0.0931816 -0.0203217 3.94659e-20)
(0.220466 -0.0175425 3.41115e-20)
(0.395995 -0.0195086 -8.57896e-20)
(0.609845 -0.0292322 2.32768e-20)
(0.835511 -0.0416084 -1.16044e-21)
(1.04165 -0.0608673 1.69192e-20)
(1.18678 -0.0589106 -3.31293e-20)
(-0.0209659 -0.0158733 8.69281e-20)
(-0.029631 -0.0275761 -2.40132e-20)
(-0.00451302 -0.0294478 3.47874e-20)
(0.0580693 -0.0263213 2.17028e-20)
(0.163031 -0.0224 -1.20092e-20)
(0.313768 -0.021039 2.76999e-20)
(0.507376 -0.0259002 -1.13759e-20)
(0.726118 -0.0330796 6.39763e-20)
(0.94566 -0.0509829 -1.03141e-19)
(1.10924 -0.0469209 -3.53134e-20)
(-0.0204772 -0.016508 -2.55859e-20)
(-0.0336312 -0.0307377 9.5824e-20)
(-0.0182516 -0.0347821 -7.51895e-20)
(0.0294735 -0.0330481 -2.22216e-21)
(0.114345 -0.0290712 -3.43453e-20)
(0.240914 -0.0256873 3.71215e-20)
(0.410984 -0.0265668 3.98374e-20)
(0.614239 -0.0284783 -1.97469e-20)
(0.840091 -0.0442866 1.70838e-20)
(1.009 -0.0369341 2.05147e-20)
(-0.0195479 -0.0168572 5.24862e-21)
(-0.0358967 -0.0335475 -2.63792e-20)
(-0.0283301 -0.0401522 3.25495e-20)
(0.00696916 -0.0404822 -3.03976e-20)
(0.0743705 -0.0373895 -3.66515e-20)
(0.178599 -0.0331791 -1.6188e-20)
(0.324026 -0.0311042 -6.01684e-20)
(0.505221 -0.0288917 3.67351e-20)
(0.729524 -0.0393155 6.7685e-20)
(0.89153 -0.0402998 -2.18415e-20)
(-0.0183398 -0.0170153 1.62938e-20)
(-0.0367784 -0.0361538 1.25214e-20)
(-0.0352414 -0.0456854 -3.00603e-21)
(-0.00999842 -0.0486581 -5.26702e-20)
(0.0427429 -0.0472423 5.41779e-20)
(0.127284 -0.0432379 5.99314e-20)
(0.248786 -0.0392377 2.04539e-20)
(0.40533 -0.0350459 -3.22042e-21)
(0.610834 -0.0339083 -7.1554e-20)
(0.803223 -0.046498 2.28568e-20)
(-0.0169993 -0.0170969 -4.91689e-20)
(-0.0366187 -0.038735 -6.17708e-21)
(-0.0395115 -0.051522 1.30149e-20)
(-0.0221066 -0.057614 4.04896e-21)
(0.0187859 -0.0585143 1.63999e-20)
(0.0867373 -0.055562 -9.62302e-20)
(0.186456 -0.0506501 5.69694e-20)
(0.319031 -0.0459557 -6.77657e-20)
(0.494472 -0.0338408 4.93414e-20)
(0.710902 -0.0454935 6.03298e-20)
(-0.0156501 -0.0172164 2.16934e-20)
(-0.0357395 -0.0414666 -1.37702e-20)
(-0.0416802 -0.0577827 6.09699e-21)
(-0.0301308 -0.0673487 -2.86856e-20)
(0.00154437 -0.0710363 3.91042e-21)
(0.0560936 -0.0697843 -7.47867e-21)
(0.137155 -0.0649197 -3.56204e-20)
(0.248183 -0.0601412 1.86884e-20)
(0.390421 -0.0416012 3.69784e-20)
(0.612729 -0.0448821 -5.49738e-20)
(-0.0143894 -0.01748 -3.01425e-20)
(-0.0344221 -0.0444952 -4.39637e-20)
(-0.0422716 -0.0645387 3.44154e-20)
(-0.0348968 -0.077793 3.28712e-20)
(-0.0101408 -0.0845544 -7.99586e-20)
(0.0339739 -0.0854368 7.80936e-20)
(0.0998958 -0.0814051 -8.63496e-20)
(0.192343 -0.0765085 2.38841e-20)
(0.304522 -0.0563235 -2.54963e-20)
(0.513312 -0.0494038 -4.14704e-20)
(-0.0132808 -0.0179748 1.54339e-20)
(-0.0328921 -0.047924 3.53624e-20)
(-0.0417595 -0.0717953 8.97538e-21)
(-0.0372193 -0.0888001 9.46853e-21)
(-0.0175167 -0.098729 -6.00939e-22)
(0.018683 -0.101956 1.39088e-20)
(0.0728149 -0.0992789 2.65977e-20)
(0.149724 -0.0943075 5.02706e-20)
(0.238173 -0.0755805 -4.96473e-20)
(0.420635 -0.0599917 1.8559e-20)
(-0.0123524 -0.0187586 -3.81366e-20)
(-0.0313086 -0.0518024 8.69477e-22)
(-0.040541 -0.079491 1.21017e-20)
(-0.0378395 -0.100154 -2.12671e-20)
(-0.0217902 -0.11316 4.0958e-20)
(0.00845064 -0.118732 -9.59087e-20)
(0.0535965 -0.117661 5.06409e-20)
(0.117861 -0.112865 -4.67118e-20)
(0.189224 -0.0968655 9.03254e-20)
(0.341007 -0.0761306 2.39319e-20)
(-0.0115988 -0.0198544 1.98572e-20)
(-0.0297634 -0.0561209 -4.04138e-20)
(-0.0389211 -0.0875045 -1.20551e-20)
(-0.0373794 -0.11159 1.75132e-20)
(-0.0240226 -0.127424 2.91755e-20)
(0.00164202 -0.135175 4.39527e-21)
(0.0398951 -0.135747 -1.70373e-20)
(0.0940349 -0.131488 3.92989e-20)
(0.153605 -0.118375 -2.24879e-20)
(0.276737 -0.0966222 -2.76693e-21)
(-0.0109896 -0.0212512 5.52946e-20)
(-0.0282885 -0.060812 1.50636e-20)
(-0.0371112 -0.0956635 2.86046e-21)
(-0.0363205 -0.122816 -3.90892e-20)
(-0.0250706 -0.141109 3.46216e-20)
(-0.00310509 -0.150759 1.10854e-20)
(0.0296521 -0.152881 5.65046e-21)
(0.07564 -0.149514 -1.22262e-20)
(0.126908 -0.139101 1.45819e-20)
(0.226453 -0.119706 2.47687e-20)
(-0.0104773 -0.022908 -4.16834e-20)
(-0.0268696 -0.0657575 2.2771e-20)
(-0.0352405 -0.103757 -2.40008e-21)
(-0.0350082 -0.133531 5.62983e-20)
(-0.0255727 -0.153839 -6.09393e-20)
(-0.00682648 -0.165052 1.98911e-20)
(0.0212583 -0.16857 -1.2291e-20)
(0.0604721 -0.166384 -1.09561e-20)
(0.105389 -0.158537 -3.36219e-20)
(0.186715 -0.143455 1.29829e-20)
(-0.0100067 -0.0247575 1.78289e-20)
(-0.025465 -0.0707974 -4.52633e-20)
(-0.0333763 -0.111547 -2.5255e-20)
(-0.0336715 -0.143439 -3.92913e-20)
(-0.0259697 -0.165288 1.03351e-20)
(-0.0102438 -0.177716 -3.47154e-21)
(0.013582 -0.182468 -3.19992e-20)
(0.0468807 -0.181672 -6.8511e-21)
(0.0863416 -0.176374 -5.78717e-22)
(0.1537 -0.166255 1.55719e-20)
(-0.00952347 -0.0267117 3.23866e-20)
(-0.0240222 -0.0757413 3.1704e-21)
(-0.0315451 -0.118781 1.36308e-20)
(-0.0324518 -0.152264 5.96335e-20)
(-0.0265427 -0.175184 5.86378e-20)
(-0.0138147 -0.188505 -1.01822e-20)
(0.00590946 -0.194349 2.59284e-20)
(0.033771 -0.195079 -1.6869e-20)
(0.0680583 -0.192364 -1.00693e-20)
(0.124268 -0.187038 -2.29377e-20)
(-0.00898098 -0.0286685 -4.2453e-20)
(-0.0224931 -0.080379 3.51823e-20)
(-0.0297536 -0.125206 1.77136e-20)
(-0.0314299 -0.159755 -3.39035e-20)
(-0.0274532 -0.183314 -3.81513e-20)
(-0.0177943 -0.19725 1.22517e-20)
(-0.00214888 -0.204076 1.15447e-21)
(0.0205166 -0.206412 5.22509e-20)
(0.0496115 -0.206289 3.14583e-20)
(0.0963313 -0.205229 -1.32056e-20)
(-0.00834506 -0.030517 2.32931e-20)
(-0.0208441 -0.0844932 -1.01811e-20)
(-0.0280044 -0.130578 -3.63415e-20)
(-0.030649 -0.165696 1.54707e-20)
(-0.0287783 -0.189518 -6.89177e-22)
(-0.022292 -0.20385 -4.99897e-20)
(-0.0107494 -0.211577 -2.7553e-21)
(0.0068435 -0.21555 -4.88104e-20)
(0.0306217 -0.217963 -2.2153e-20)
(0.0687707 -0.220576 3.7642e-20)
(-0.00759685 -0.0321437 -2.90223e-20)
(-0.0190634 -0.0878705 -2.61967e-21)
(-0.0263055 -0.134677 -1.81806e-21)
(-0.0301304 -0.169912 -3.28005e-20)
(-0.0305374 -0.193688 4.83118e-21)
(-0.0273155 -0.208256 3.07425e-20)
(-0.019889 -0.216833 -1.61418e-20)
(-0.00727669 -0.22243 2.62262e-20)
(0.0110685 -0.227257 1.183e-20)
(0.0411817 -0.233003 -1.36412e-20)
(-0.00673393 -0.0334381 1.82638e-20)
(-0.0171635 -0.0903137 3.48987e-20)
(-0.0246767 -0.137314 -7.82913e-21)
(-0.029884 -0.172274 1.61047e-20)
(-0.0327119 -0.195772 1.05872e-20)
(-0.0328046 -0.210474 -2.61423e-20)
(-0.0294596 -0.219865 6.45934e-21)
(-0.0217102 -0.227036 -6.93017e-21)
(-0.00884135 -0.234105 9.09704e-21)
(0.0136372 -0.242511 -1.84054e-20)
(-0.00577006 -0.0342984 -5.95865e-21)
(-0.0151812 -0.0916511 -2.27981e-20)
(-0.0231506 -0.138342 3.17668e-20)
(-0.0299143 -0.172703 -1.5896e-20)
(-0.035258 -0.195761 7.41025e-21)
(-0.0386547 -0.210548 2.21376e-20)
(-0.0392866 -0.220728 -1.89775e-20)
(-0.036224 -0.229397 -4.70955e-21)
(-0.0287547 -0.238506 4.16403e-22)
(-0.013483 -0.249081 2.21097e-20)
(-0.00473411 -0.0346345 -1.84359e-21)
(-0.0131751 -0.0917473 -6.95662e-21)
(-0.0217708 -0.137661 -2.82308e-20)
(-0.0302223 -0.171167 5.53113e-21)
(-0.0381163 -0.193696 4.55202e-21)
(-0.0447332 -0.20856 -1.80159e-21)
(-0.0491588 -0.219516 -5.29438e-22)
(-0.0505287 -0.229585 -7.5185e-21)
(-0.0481985 -0.2405 1.06853e-20)
(-0.0396395 -0.252684 7.25715e-21)
(-0.00366962 -0.0343765 4.74814e-21)
(-0.0112207 -0.0905048 8.44925e-21)
(-0.0205876 -0.135218 2.14538e-20)
(-0.0308075 -0.167686 -1.10253e-20)
(-0.041218 -0.189654 -9.46722e-21)
(-0.0508968 -0.204622 -3.48543e-22)
(-0.0588507 -0.216351 1.82067e-20)
(-0.0642955 -0.227708 8.70096e-21)
(-0.0666374 -0.240172 -7.53911e-21)
(-0.0643203 -0.25371 -8.70505e-21)
(-0.00262761 -0.0334777 -7.92171e-22)
(-0.00940341 -0.0878715 1.71809e-21)
(-0.0196576 -0.131016 -4.05079e-21)
(-0.0316676 -0.162323 2.87523e-21)
(-0.0444897 -0.183752 2.56094e-21)
(-0.056998 -0.198881 1.81498e-21)
(-0.0681311 -0.211386 -3.6728e-21)
(-0.0771933 -0.223915 -1.49982e-20)
(-0.0837135 -0.237675 -2.33171e-21)
(-0.0869248 -0.252458 4.63476e-21)
(-0.00166557 -0.031914 1.23133e-21)
(-0.00781474 -0.0838449 -3.08429e-21)
(-0.0190365 -0.125104 -2.4775e-21)
(-0.0327962 -0.155184 1.73715e-21)
(-0.0478562 -0.176134 -2.39176e-21)
(-0.0628916 -0.191503 -1.13539e-21)
(-0.0767802 -0.204798 1.19525e-21)
(-0.0889157 -0.218398 5.93339e-21)
(-0.0989872 -0.233235 -2.09408e-21)
(-0.106787 -0.24892 2.15377e-21)
(1.09961 -0.00169212 -1.26281e-22)
(1.10023 -0.00162236 3.32839e-22)
(1.10081 -0.00155126 -3.31413e-22)
(1.10137 -0.00147877 1.06981e-22)
(1.10189 -0.00140484 2.65701e-22)
(1.10238 -0.00132942 2.40859e-24)
(1.10284 -0.00125258 -1.25743e-22)
(1.10327 -0.00117411 -2.06756e-22)
(1.10367 -0.00109458 1.36746e-22)
(1.10403 -0.00101248 -5.91583e-23)
(1.1044 -0.000931928 4.28777e-23)
(1.10093 -0.00501827 -9.66113e-23)
(1.10157 -0.0047998 -2.80441e-23)
(1.10218 -0.0045786 7.35896e-23)
(1.10276 -0.00435464 1.69597e-22)
(1.1033 -0.00412795 -1.35945e-23)
(1.10382 -0.00389844 -4.26951e-23)
(1.1043 -0.00366637 -5.67997e-23)
(1.10475 -0.00343118 1.8445e-22)
(1.10518 -0.00319451 4.78965e-23)
(1.10555 -0.00295198 -4.73637e-23)
(1.10595 -0.00271528 -7.8797e-23)
(1.10336 -0.00825338 -1.66134e-22)
(1.10405 -0.00789086 9.62585e-24)
(1.1047 -0.00752411 1.70626e-23)
(1.10532 -0.00715308 3.81568e-22)
(1.10591 -0.00677777 -5.11493e-22)
(1.10647 -0.00639806 1.37852e-22)
(1.107 -0.00601429 1.43897e-22)
(1.10749 -0.00562556 8.35544e-23)
(1.10796 -0.00523437 -8.15125e-23)
(1.10838 -0.00483394 -7.37492e-24)
(1.10884 -0.00444225 4.77234e-24)
(1.1068 -0.0114968 1.98407e-22)
(1.10755 -0.0109854 -1.22969e-22)
(1.10827 -0.0104681 3.30791e-22)
(1.10896 -0.00994473 -1.35711e-22)
(1.10961 -0.00941547 -6.835e-23)
(1.11024 -0.00888011 -3.54723e-22)
(1.11083 -0.00833911 1.39665e-23)
(1.11139 -0.00779135 1.17054e-23)
(1.11193 -0.00724003 1.09772e-22)
(1.11242 -0.0066765 -8.78684e-23)
(1.11297 -0.00612365 1.28399e-22)
(1.11115 -0.0147652 1.64446e-22)
(1.11198 -0.0140994 -1.23712e-22)
(1.11279 -0.0134259 -7.65976e-23)
(1.11356 -0.0127445 -4.7621e-23)
(1.1143 -0.0120554 1.68378e-22)
(1.11502 -0.0113583 2.61179e-22)
(1.1157 -0.0106538 -7.44514e-25)
(1.11635 -0.00994061 2.16e-22)
(1.11698 -0.00922239 -7.63078e-23)
(1.11756 -0.00848894 4.73018e-22)
(1.11822 -0.00776704 -2.34253e-22)
(1.11632 -0.0181178 -1.7176e-22)
(1.11726 -0.0172902 2.10087e-22)
(1.11817 -0.0164527 -1.537e-22)
(1.11905 -0.0156053 -4.67237e-22)
(1.11991 -0.014748 4.82114e-23)
(1.12073 -0.0138805 -3.34255e-22)
(1.12152 -0.0130034 1.6663e-22)
(1.12228 -0.0121153 5.54982e-22)
(1.12303 -0.0112202 -7.91762e-23)
(1.12372 -0.0103067 -4.92834e-22)
(1.12453 -0.0094045 -1.58635e-22)
(1.12225 -0.0215872 3.86595e-23)
(1.12332 -0.0205888 -1.65821e-22)
(1.12436 -0.0195782 4.87866e-22)
(1.12537 -0.018555 2.29341e-22)
(1.12635 -0.0175195 9.61332e-23)
(1.12731 -0.0164713 1.61623e-22)
(1.12824 -0.0154109 -4.39923e-22)
(1.12913 -0.0143368 -8.47303e-22)
(1.13002 -0.0132533 -3.62812e-22)
(1.13085 -0.0121478 2.07069e-23)
(1.13184 -0.0110523 8.14294e-23)
(1.12888 -0.0252121 3.21213e-22)
(1.1301 -0.0240332 2.47919e-22)
(1.13129 -0.0228393 3.034e-22)
(1.13245 -0.02163 -6.07222e-22)
(1.13359 -0.0204055 7.1134e-22)
(1.1347 -0.0191653 -1.97671e-22)
(1.13579 -0.01791 6.68964e-22)
(1.13684 -0.0166378 -3.72116e-22)
(1.1379 -0.0153532 5.89131e-22)
(1.13889 -0.0140428 8.02072e-22)
(1.14009 -0.0127401 3.08944e-22)
(1.13616 -0.0290249 2.76037e-22)
(1.13755 -0.0276552 2.51131e-23)
(1.13891 -0.0262672 -9.28583e-22)
(1.14025 -0.0248608 3.26506e-22)
(1.14157 -0.0234358 -1.33331e-22)
(1.14286 -0.0219918 -9.50889e-23)
(1.14413 -0.0205293 5.27397e-22)
(1.14537 -0.0190463 -5.13408e-23)
(1.14663 -0.0175475 -5.86454e-22)
(1.14781 -0.0160184 -1.19547e-21)
(1.14926 -0.0144944 1.12047e-22)
(1.14404 -0.0330559 -4.71677e-22)
(1.14562 -0.0314845 1.55628e-22)
(1.14718 -0.0298915 1.15456e-21)
(1.14872 -0.0282765 7.31651e-22)
(1.15024 -0.0266393 -8.48357e-22)
(1.15174 -0.0249795 -3.96869e-22)
(1.15322 -0.0232974 -4.2807e-22)
(1.15468 -0.0215908 2.45693e-22)
(1.15616 -0.0198649 4.58681e-22)
(1.15756 -0.0181034 6.99326e-22)
(1.15929 -0.0163448 -2.39883e-22)
(1.15249 -0.0373316 9.89117e-23)
(1.15429 -0.0355477 -1.28277e-21)
(1.15607 -0.0337384 -6.41889e-24)
(1.15783 -0.0319034 -1.02973e-21)
(1.15958 -0.0300423 6.42308e-22)
(1.16131 -0.0281545 9.6352e-22)
(1.16303 -0.0262405 -1.39618e-22)
(1.16472 -0.0242977 -7.23773e-22)
(1.16646 -0.0223315 -3.6909e-22)
(1.16811 -0.0203241 4.33463e-22)
(1.17016 -0.0183174 -3.95371e-22)
(1.1594 -0.0438524 6.22303e-22)
(1.16146 -0.0418736 8.38503e-22)
(1.1635 -0.039866 -2.92727e-23)
(1.16553 -0.0378292 -1.49412e-21)
(1.16754 -0.0357628 -8.26783e-22)
(1.16954 -0.0336662 -7.06025e-22)
(1.17153 -0.0315388 1.15128e-21)
(1.17352 -0.0293811 1.58118e-21)
(1.17548 -0.0271898 5.86718e-22)
(1.1775 -0.0249715 5.85095e-23)
(1.17944 -0.0227052 -7.34778e-22)
(1.18185 -0.0204388 1.59098e-21)
(1.1686 -0.0489103 -3.84561e-22)
(1.17092 -0.0467008 -1.64792e-21)
(1.17323 -0.0444587 2.71243e-22)
(1.17553 -0.0421835 6.19889e-22)
(1.17781 -0.0398745 6.29652e-22)
(1.1801 -0.0375314 -8.11953e-22)
(1.18237 -0.0351531 -1.52827e-21)
(1.18465 -0.0327405 -3.26138e-22)
(1.18691 -0.0302894 7.30217e-22)
(1.18925 -0.0278082 1.59289e-21)
(1.1915 -0.025271 -4.66666e-22)
(1.19431 -0.0227362 -2.20109e-21)
(1.17823 -0.0542727 1.05851e-21)
(1.18084 -0.0518218 3.21344e-22)
(1.18344 -0.0493345 6.60393e-22)
(1.18603 -0.0468101 -1.26466e-22)
(1.18862 -0.044248 -8.04429e-22)
(1.19121 -0.0416479 6.35091e-23)
(1.19379 -0.0390085 -2.33261e-22)
(1.1964 -0.0363309 -1.39553e-21)
(1.19898 -0.03361 -2.48073e-21)
(1.20167 -0.0308569 -3.31212e-21)
(1.20426 -0.0280386 3.3739e-21)
(1.20751 -0.0252288 7.22548e-23)
(1.18827 -0.0599493 1.55995e-21)
(1.19118 -0.0572455 -6.16288e-22)
(1.1941 -0.0545016 -5.30243e-22)
(1.19701 -0.0517171 1.39694e-22)
(1.19992 -0.0488912 8.5097e-22)
(1.20284 -0.0460237 1.62648e-21)
(1.20576 -0.0431132 -1.02303e-21)
(1.20871 -0.0401615 1.8926e-21)
(1.21164 -0.0371617 -7.34662e-22)
(1.21471 -0.0341289 -8.75592e-22)
(1.21767 -0.0310207 -3.76878e-21)
(1.22141 -0.0279318 -7.83323e-22)
(1.19868 -0.0659371 -1.22378e-21)
(1.20193 -0.0629684 1.02431e-21)
(1.20517 -0.0599564 1.82201e-21)
(1.20843 -0.0569006 1.00506e-21)
(1.21168 -0.0538002 -5.82506e-22)
(1.21495 -0.0506553 -2.46661e-21)
(1.21823 -0.0474641 3.9312e-21)
(1.22156 -0.0442298 -1.081e-21)
(1.22486 -0.0409431 2.46756e-21)
(1.22834 -0.0376251 -1.80328e-21)
(1.23169 -0.0342202 2.56019e-21)
(1.23595 -0.0308507 2.37427e-21)
(1.20944 -0.0722253 -1.82778e-22)
(1.21304 -0.0689787 -1.34438e-21)
(1.21664 -0.0656864 -1.74643e-21)
(1.22025 -0.062348 3.51817e-22)
(1.22387 -0.0589627 3.01444e-21)
(1.22751 -0.055531 -1.7402e-21)
(1.23117 -0.0520504 3.96421e-22)
(1.23489 -0.0485258 -5.7877e-21)
(1.23858 -0.0449452 -9.01066e-22)
(1.24249 -0.0413374 4.15838e-21)
(1.24626 -0.0376312 6.2311e-23)
(1.25108 -0.033983 -4.83511e-21)
(1.22053 -0.0787943 8.22695e-23)
(1.22449 -0.075256 5.12347e-22)
(1.22846 -0.0716702 1.7971e-21)
(1.23244 -0.0680367 -1.39347e-21)
(1.23644 -0.0643556 -3.17428e-21)
(1.24048 -0.0606276 1.57267e-21)
(1.24452 -0.0568503 1.21722e-21)
(1.24865 -0.0530302 8.45173e-21)
(1.25275 -0.0491514 4.73881e-22)
(1.25712 -0.0452521 -4.12867e-21)
(1.26133 -0.0412422 7.21174e-22)
(1.26673 -0.0373198 -1.02656e-21)
(1.23193 -0.0856209 -3.35812e-22)
(1.23626 -0.0817744 3.32571e-22)
(1.24061 -0.0778805 -4.32506e-22)
(1.24498 -0.0739378 2.18553e-21)
(1.24936 -0.0699484 5.94597e-21)
(1.2538 -0.0659118 6.1214e-21)
(1.25825 -0.061829 -9.33103e-21)
(1.2628 -0.0577065 1.40496e-21)
(1.26733 -0.0535284 5.00137e-21)
(1.27218 -0.0493394 1.02498e-20)
(1.27685 -0.0450304 -1.67688e-21)
(1.28287 -0.040843 2.51442e-21)
(1.24361 -0.09266 1.26667e-21)
(1.24833 -0.088488 8.09861e-22)
(1.25307 -0.0842717 -2.86662e-21)
(1.25783 -0.0800074 -1.83836e-21)
(1.26262 -0.0757016 -2.31019e-21)
(1.26745 -0.0713473 4.8368e-22)
(1.27232 -0.0669538 5.51009e-21)
(1.27731 -0.0625188 -4.78006e-21)
(1.28228 -0.0580394 -2.52999e-21)
(1.28761 -0.0535565 -1.08559e-20)
(1.29276 -0.0489583 3.17642e-21)
(1.29944 -0.0445137 1.19376e-20)
(1.25556 -0.099869 2.42583e-21)
(1.26067 -0.0953489 -7.193e-22)
(1.2658 -0.0907906 1.68695e-21)
(1.27095 -0.0861857 9.66702e-22)
(1.27616 -0.0815537 -6.37578e-21)
(1.28141 -0.0768729 -1.19066e-20)
(1.28674 -0.0721761 8.49381e-21)
(1.29216 -0.0674262 7.36315e-22)
(1.29761 -0.0626597 -4.9832e-21)
(1.30341 -0.0578692 1.0434e-20)
(1.30907 -0.0529953 5.63451e-21)
(1.31636 -0.048275 -3.26823e-21)
(1.26781 -0.1072 -7.65573e-22)
(1.27331 -0.102309 -1.51172e-21)
(1.27884 -0.0973895 -1.10079e-21)
(1.28438 -0.0924213 -1.9615e-21)
(1.29001 -0.0874453 -3.93443e-21)
(1.29564 -0.0824111 5.69526e-21)
(1.30146 -0.077408 -1.53634e-20)
(1.30728 -0.0723259 -8.76547e-21)
(1.31331 -0.0673075 4.58913e-21)
(1.31951 -0.0621921 -1.06759e-20)
(1.32574 -0.0570894 -1.14771e-20)
(1.3334 -0.0520285 -1.51301e-20)
(1.28036 -0.114579 -4.15161e-21)
(1.28625 -0.109297 2.99234e-21)
(1.29222 -0.104004 2.92982e-21)
(1.29815 -0.0986646 -1.7806e-21)
(1.30426 -0.0933427 2.02384e-21)
(1.31024 -0.0879357 7.66345e-21)
(1.31656 -0.0826144 2.2359e-20)
(1.32261 -0.077135 1.8778e-20)
(1.32924 -0.0718645 -1.23714e-20)
(1.33549 -0.0663325 8.89402e-21)
(1.3424 -0.0610705 1.63116e-21)
(1.34978 -0.0555218 1.08791e-20)
(1.29328 -0.12194 1.5298e-21)
(1.29956 -0.116233 -6.78921e-21)
(1.30595 -0.110532 -1.13763e-20)
(1.31226 -0.104804 -7.70451e-21)
(1.31886 -0.0991305 2.0821e-20)
(1.32514 -0.0933608 -9.26429e-21)
(1.33206 -0.0877464 -1.78314e-20)
(1.33805 -0.081841 -1.08997e-20)
(1.34528 -0.0763199 4.73981e-21)
(1.35074 -0.07018 2.46993e-21)
(1.35823 -0.064775 -1.03429e-20)
(1.36377 -0.0583922 -9.92343e-21)
(1.30669 -0.129218 4.02669e-22)
(1.31334 -0.12304 1.43972e-21)
(1.3201 -0.116873 6.97313e-21)
(1.32667 -0.110696 -2.72571e-22)
(1.3336 -0.104583 -7.37892e-21)
(1.33989 -0.0983953 -1.24305e-20)
(1.34722 -0.0924293 3.1141e-21)
(1.35267 -0.0860985 -1.8959e-22)
(1.36047 -0.0803642 1.20106e-20)
(1.36388 -0.0735095 4.45158e-21)
(1.37179 -0.0680116 1.29484e-20)
(1.37248 -0.0602678 7.26032e-22)
(1.32063 -0.136303 4.59852e-21)
(1.32759 -0.129611 2.77295e-22)
(1.33458 -0.122923 1.89753e-20)
(1.34124 -0.116242 1.54854e-20)
(1.34816 -0.109576 -1.37627e-20)
(1.354 -0.102862 5.6758e-21)
(1.36097 -0.0962919 -4.87008e-21)
(1.3648 -0.0893854 4.52279e-21)
(1.37225 -0.0831664 -6.39546e-21)
(1.37158 -0.0755069 6.30096e-21)
(1.3795 -0.0699295 -1.53602e-20)
(1.3708 -0.0603878 1.83689e-20)
(1.33485 -0.142929 -9.36585e-21)
(1.34186 -0.135634 6.93522e-21)
(1.34875 -0.128362 -1.60677e-20)
(1.35516 -0.121149 6.91032e-21)
(1.36152 -0.11391 2.58608e-20)
(1.36645 -0.106691 6.56752e-21)
(1.37202 -0.0993819 1.12604e-20)
(1.37307 -0.09185 -4.04561e-21)
(1.37795 -0.084565 7.2605e-22)
(1.37007 -0.0759251 -1.12214e-20)
(1.3756 -0.0695741 2.04307e-20)
(1.35097 -0.0579737 -1.05555e-20)
(1.34875 -0.148814 2.64013e-21)
(1.35531 -0.140757 -1.29078e-20)
(1.36142 -0.132763 8.95215e-22)
(1.36684 -0.124882 -2.3227e-20)
(1.37161 -0.117001 -1.50473e-20)
(1.37467 -0.10925 -8.31701e-21)
(1.37715 -0.101252 -4.53406e-23)
(1.37438 -0.0933181 -6.94344e-21)
(1.37356 -0.0848195 2.18735e-20)
(1.35605 -0.0756896 6.80251e-21)
(1.35399 -0.0673818 -1.45917e-20)
(1.30535 -0.0543134 -5.36971e-21)
(1.36145 -0.153919 8.54158e-21)
(1.3669 -0.144932 2.51828e-21)
(1.37139 -0.13601 -9.82551e-21)
(1.37461 -0.127167 1.74247e-20)
(1.37615 -0.118318 -1.91303e-20)
(1.37516 -0.109559 -6.52245e-21)
(1.3714 -0.10054 3.87959e-21)
(1.36184 -0.0917914 -2.69713e-21)
(1.34996 -0.0821099 -2.8537e-20)
(1.32112 -0.0732306 -2.75504e-20)
(1.30362 -0.0627867 9.66724e-21)
(1.2266 -0.0517374 -9.78393e-21)
(1.37171 -0.157878 -2.69156e-21)
(1.37521 -0.14779 -1.19605e-21)
(1.37695 -0.137701 5.2961e-21)
(1.37634 -0.127564 -1.08542e-20)
(1.37246 -0.117304 2.76191e-20)
(1.36423 -0.106894 2.13455e-20)
(1.35014 -0.0961873 -1.38888e-20)
(1.3283 -0.0854871 1.62346e-20)
(1.2978 -0.0741555 1.70298e-20)
(1.25224 -0.0642929 7.52003e-21)
(1.20599 -0.0524039 3.07282e-21)
(1.10489 -0.0478522 2.65133e-20)
(1.10497 -0.000702778 0)
(1.10615 -0.000291108 0)
(1.10568 9.37458e-05 0)
(1.10603 0.000496088 0)
(1.10387 0.000828246 0)
(1.10344 0.00113787 0)
(1.09948 0.00136601 0)
(1.09861 0.00146882 0)
(1.09327 0.00156637 0)
(1.09245 0.00129191 0)
(1.08719 0.00131295 0)
(1.0867 0.000526916 0)
(1.08432 0.000647391 0)
(1.08345 -0.00049327 0)
(1.08692 -7.98749e-05 0)
(1.08367 -0.000779002 0)
(1.09187 -0.00012786 0)
(1.08436 0.000916538 0)
(1.08649 0.00115532 0)
(1.07721 0.00392491 0)
(1.05828 0.00316669 0)
(1.05508 0.00513864 0)
(1.01717 0.00381661 0)
(1.02542 0.00353873 0)
(0.983892 -0.00218686 0)
(1.04474 -0.00733574 0)
(1.05307 -0.00479546 0)
(1.09595 -0.00747407 0)
(1.13192 -0.00105445 0)
(1.10458 0.00239218 0)
(1.10656 -0.00203811 0)
(1.10774 -0.000809843 0)
(1.10721 0.000336235 0)
(1.10746 0.00154294 0)
(1.10516 0.00253259 0)
(1.10459 0.00346857 0)
(1.10042 0.00414368 0)
(1.09936 0.00446293 0)
(1.09375 0.00473868 0)
(1.09274 0.00392184 0)
(1.08724 0.00395712 0)
(1.08661 0.00158621 0)
(1.08426 0.00191038 0)
(1.08335 -0.00155223 0)
(1.08739 -0.000348769 0)
(1.08416 -0.0024903 0)
(1.09345 -0.000536952 0)
(1.08582 0.00262421 0)
(1.08857 0.00336717 0)
(1.07904 0.0117264 0)
(1.05928 0.00949651 0)
(1.05594 0.0153671 0)
(1.01681 0.011643 0)
(1.02337 0.0108927 0)
(0.979559 -0.0065512 0)
(1.0441 -0.0222603 0)
(1.05381 -0.0144281 0)
(1.09797 -0.0224032 0)
(1.1361 -0.0031318 0)
(1.10628 0.0073187 0)
(1.10954 -0.00331187 0)
(1.11074 -0.00124938 0)
(1.11009 0.00067405 0)
(1.11017 0.00270816 0)
(1.10761 0.0043665 0)
(1.10675 0.0059581 0)
(1.10219 0.0070786 0)
(1.10075 0.00764096 0)
(1.09464 0.00806557 0)
(1.09321 0.00670308 0)
(1.0873 0.00668997 0)
(1.08634 0.00266171 0)
(1.08411 0.0031035 0)
(1.08306 -0.00282998 0)
(1.08823 -0.000924236 0)
(1.08507 -0.00465155 0)
(1.09643 -0.00136281 0)
(1.08866 0.00402448 0)
(1.09249 0.00537239 0)
(1.0826 0.019526 0)
(1.06113 0.0159374 0)
(1.05767 0.0256288 0)
(1.01618 0.0201136 0)
(1.01942 0.0191109 0)
(0.971176 -0.0110096 0)
(1.04238 -0.0381082 0)
(1.0556 -0.0242824 0)
(1.10162 -0.0374955 0)
(1.14399 -0.00517178 0)
(1.10952 0.0126869 0)
(1.1138 -0.00451601 0)
(1.11502 -0.00157483 0)
(1.11421 0.0011736 0)
(1.11402 0.00408323 0)
(1.1111 0.00645111 0)
(1.1098 0.00874837 0)
(1.10471 0.0103345 0)
(1.10265 0.011173 0)
(1.09588 0.0117217 0)
(1.09374 0.00978272 0)
(1.08732 0.00964014 0)
(1.08575 0.00380393 0)
(1.08377 0.00422897 0)
(1.08242 -0.00444215 0)
(1.08926 -0.00198956 0)
(1.0863 -0.0075323 0)
(1.10063 -0.00285113 0)
(1.0929 0.00500839 0)
(1.09807 0.00714113 0)
(1.0879 0.0275042 0)
(1.06362 0.022703 0)
(1.06042 0.0361495 0)
(1.01531 0.0297341 0)
(1.01369 0.0288454 0)
(0.958865 -0.0156465 0)
(1.03866 -0.0557732 0)
(1.05901 -0.0346874 0)
(1.10634 -0.0531327 0)
(1.15516 -0.00724804 0)
(1.11417 0.0187856 0)
(1.11924 -0.00564797 0)
(1.12048 -0.00176587 0)
(1.11948 0.00187875 0)
(1.11894 0.00573228 0)
(1.11557 0.00887721 0)
(1.11366 0.0119482 0)
(1.10793 0.0140438 0)
(1.10497 0.0151973 0)
(1.09741 0.015856 0)
(1.09418 0.0132895 0)
(1.08722 0.0129211 0)
(1.08463 0.00507187 0)
(1.08312 0.00528355 0)
(1.08124 -0.00645575 0)
(1.09027 -0.00373428 0)
(1.0878 -0.0113701 0)
(1.10591 -0.00523845 0)
(1.09864 0.00548512 0)
(1.10518 0.00864546 0)
(1.09503 0.035808 0)
(1.06656 0.0299489 0)
(1.06447 0.0470623 0)
(1.01414 0.0409408 0)
(1.00645 0.0407229 0)
(0.942621 -0.020286 0)
(1.03129 -0.0761198 0)
(1.06446 -0.0460445 0)
(1.11141 -0.0695366 0)
(1.16908 -0.00940513 0)
(1.12017 0.0257968 0)
(1.12578 -0.00672705 0)
(1.12706 -0.00182271 0)
(1.12583 0.00281542 0)
(1.12485 0.00769997 0)
(1.12096 0.0117183 0)
(1.11827 0.0156457 0)
(1.11178 0.0183237 0)
(1.10763 0.0198358 0)
(1.09916 0.0206077 0)
(1.09442 0.0173455 0)
(1.08691 0.0166464 0)
(1.08281 0.00653756 0)
(1.08199 0.00627311 0)
(1.07931 -0.00890269 0)
(1.09101 -0.00635979 0)
(1.08951 -0.0163985 0)
(1.11216 -0.00877144 0)
(1.10598 0.00536998 0)
(1.11375 0.00987244 0)
(1.10404 0.0445699 0)
(1.06983 0.0377765 0)
(1.07002 0.0584178 0)
(1.0127 0.0541234 0)
(0.998264 0.0552793 0)
(0.922261 -0.0244157 0)
(1.0175 -0.0998638 0)
(1.07098 -0.0589238 0)
(1.11572 -0.0868312 0)
(1.18498 -0.0117088 0)
(1.12739 0.0337667 0)
(1.13338 -0.00776061 0)
(1.13471 -0.00173921 0)
(1.13322 0.0040093 0)
(1.13171 0.010026 0)
(1.12724 0.0150398 0)
(1.12358 0.0199203 0)
(1.11622 0.0232811 0)
(1.11057 0.0252009 0)
(1.10106 0.0261097 0)
(1.09436 0.0220689 0)
(1.08625 0.020935 0)
(1.08012 0.00828785 0)
(1.08019 0.00721449 0)
(1.07643 -0.0117781 0)
(1.09114 -0.0100831 0)
(1.0914 -0.0228646 0)
(1.11931 -0.0137069 0)
(1.11508 0.00457553 0)
(1.12385 0.0108328 0)
(1.11486 0.0539088 0)
(1.07354 0.0462411 0)
(1.07702 0.0701983 0)
(1.01122 0.0695193 0)
(0.990166 0.0730098 0)
(0.89746 -0.0268761 0)
(0.992654 -0.12726 0)
(1.07422 -0.0742216 0)
(1.11678 -0.105336 0)
(1.20143 -0.0143661 0)
(1.13548 0.0425884 0)
(1.14199 -0.00877062 0)
(1.14339 -0.00152323 0)
(1.14162 0.00546959 0)
(1.13949 0.0127352 0)
(1.13436 0.0188888 0)
(1.12957 0.0248363 0)
(1.12122 0.0290068 0)
(1.11376 0.0313946 0)
(1.10304 0.0324847 0)
(1.09394 0.0275748 0)
(1.0851 0.0259082 0)
(1.07645 0.0104151 0)
(1.07748 0.00814369 0)
(1.0724 -0.0150323 0)
(1.09029 -0.0151267 0)
(1.09342 -0.0310471 0)
(1.12733 -0.0202841 0)
(1.12607 0.00301983 0)
(1.13556 0.01158 0)
(1.1273 0.0639196 0)
(1.07803 0.0553813 0)
(1.08497 0.0823485 0)
(1.01025 0.0870418 0)
(0.983689 0.0943959 0)
(0.868403 -0.0255295 0)
(0.950817 -0.157501 0)
(1.06589 -0.0931435 0)
(1.10966 -0.126026 0)
(1.21581 -0.0178859 0)
(1.14363 0.0519607 0)
(1.15158 -0.009778 0)
(1.15306 -0.00118358 0)
(1.151 0.00719855 0)
(1.14818 0.0158476 0)
(1.14232 0.0233026 0)
(1.13626 0.0304525 0)
(1.12674 0.0355793 0)
(1.1172 0.0385163 0)
(1.10499 0.0398441 0)
(1.09312 0.0339807 0)
(1.08331 0.0316906 0)
(1.07168 0.0130185 0)
(1.07363 0.00913332 0)
(1.06697 -0.0185924 0)
(1.08808 -0.0217139 0)
(1.09547 -0.0412824 0)
(1.13628 -0.0287705 0)
(1.13916 0.000593727 0)
(1.14893 0.0122162 0)
(1.14119 0.0746382 0)
(1.08374 0.0652958 0)
(1.09304 0.0947736 0)
(1.01066 0.106146 0)
(0.980063 0.119785 0)
(0.837273 -0.0174212 0)
(0.890239 -0.188161 0)
(1.03786 -0.11654 0)
(1.08806 -0.150532 0)
(1.22436 -0.0234508 0)
(1.15051 0.0613125 0)
(1.16212 -0.0108071 0)
(1.16371 -0.000742435 0)
(1.16134 0.00918178 0)
(1.15777 0.0193663 0)
(1.15111 0.0282997 0)
(1.14363 0.0368171 0)
(1.13277 0.0430613 0)
(1.1209 0.0466602 0)
(1.10686 0.0482824 0)
(1.09191 0.0414022 0)
(1.08071 0.038409 0)
(1.06576 0.0161934 0)
(1.06843 0.0103146 0)
(1.05985 -0.0223612 0)
(1.08415 -0.0300559 0)
(1.09735 -0.0539471 0)
(1.1463 -0.0394576 0)
(1.15458 -0.00268088 0)
(1.16396 0.012892 0)
(1.15642 0.0860341 0)
(1.09097 0.0761919 0)
(1.10036 0.107322 0)
(1.01352 0.125972 0)
(0.979056 0.14899 0)
(0.809313 -0.000505544 0)
(0.820878 -0.215751 0)
(0.989811 -0.143918 0)
(1.04872 -0.180266 0)
(1.22361 -0.0326373 0)
(1.1546 0.0698643 0)
(1.17359 -0.0118858 0)
(1.17531 -0.00020837 0)
(1.17263 0.0114205 0)
(1.16826 0.0232977 0)
(1.16073 0.0338916 0)
(1.1517 0.0439704 0)
(1.13931 0.051505 0)
(1.12486 0.0559145 0)
(1.1086 0.0578803 0)
(1.0903 0.0499548 0)
(1.07717 0.0461781 0)
(1.05865 0.0200342 0)
(1.06172 0.0118858 0)
(1.05071 -0.0262211 0)
(1.0781 -0.0403322 0)
(1.09876 -0.0694977 0)
(1.15777 -0.0526694 0)
(1.17244 -0.00667986 0)
(1.18071 0.0137826 0)
(1.17289 0.098055 0)
(1.09973 0.0883354 0)
(1.10652 0.119803 0)
(1.01944 0.145681 0)
(0.979141 0.181096 0)
(0.791518 0.0247418 0)
(0.761645 -0.237064 0)
(0.931633 -0.172974 0)
(0.995196 -0.215274 0)
(1.21243 -0.0467072 0)
(1.15486 0.0768575 0)
(1.18595 -0.0130371 0)
(1.18785 0.000404455 0)
(1.18486 0.0138918 0)
(1.17963 0.0276299 0)
(1.1712 0.0400781 0)
(1.1605 0.05194 0)
(1.14638 0.0609525 0)
(1.12908 0.0663602 0)
(1.11019 0.0686969 0)
(1.08831 0.0597551 0)
(1.07258 0.0550968 0)
(1.05038 0.0246193 0)
(1.05332 0.0140996 0)
(1.03923 -0.0300318 0)
(1.06948 -0.0526693 0)
(1.09938 -0.0885163 0)
(1.1712 -0.0687222 0)
(1.1927 -0.0113572 0)
(1.19947 0.0150463 0)
(1.19033 0.110715 0)
(1.10982 0.101915 0)
(1.11184 0.13203 0)
(1.02784 0.164834 0)
(0.979317 0.214549 0)
(0.788552 0.0556261 0)
(0.72588 -0.249985 0)
(0.876015 -0.200193 0)
(0.935491 -0.25389 0)
(1.19233 -0.0661282 0)
(1.15108 0.0817816 0)
(1.19919 -0.0142872 0)
(1.20129 0.00105398 0)
(1.19799 0.0165509 0)
(1.19189 0.0323304 0)
(1.18253 0.0468472 0)
(1.17004 0.0607387 0)
(1.15403 0.0714387 0)
(1.13355 0.0780661 0)
(1.11164 0.0807711 0)
(1.08594 0.0709212 0)
(1.06687 0.0652241 0)
(1.04102 0.0300393 0)
(1.04305 0.0172472 0)
(1.02525 -0.0335909 0)
(1.05759 -0.0671428 0)
(1.09897 -0.111715 0)
(1.18703 -0.0879034 0)
(1.21523 -0.0166035 0)
(1.22068 0.0168582 0)
(1.20828 0.124148 0)
(1.12098 0.116923 0)
(1.11702 0.143979 0)
(1.03712 0.183378 0)
(0.980011 0.247562 0)
(0.799597 0.0882109 0)
(0.713377 -0.25424 0)
(0.830587 -0.222457 0)
(0.877198 -0.293646 0)
(1.16598 -0.0903341 0)
(1.14377 0.0844829 0)
(1.21325 -0.0156636 0)
(1.21561 0.00170496 0)
(1.212 0.0193633 0)
(1.20504 0.0373625 0)
(1.19475 0.0541836 0)
(1.18035 0.0703678 0)
(1.16228 0.0829958 0)
(1.13827 0.0910872 0)
(1.11299 0.0941245 0)
(1.08316 0.0835691 0)
(1.06 0.0765658 0)
(1.03067 0.0364074 0)
(1.03082 0.0216325 0)
(1.0087 -0.0365877 0)
(1.0416 -0.083783 0)
(1.09729 -0.139924 0)
(1.20527 -0.110428 0)
(1.23992 -0.0223397 0)
(1.24458 0.0194245 0)
(1.22626 0.138579 0)
(1.13297 0.133148 0)
(1.12261 0.155836 0)
(1.04563 0.201353 0)
(0.982019 0.278495 0)
(0.819735 0.119736 0)
(0.716911 -0.251105 0)
(0.797525 -0.23828 0)
(0.825363 -0.332291 0)
(1.13604 -0.11824 0)
(1.1337 0.0850671 0)
(1.22809 -0.017188 0)
(1.23077 0.00232497 0)
(1.22685 0.0222792 0)
(1.2191 0.042672 0)
(1.20787 0.0620599 0)
(1.19148 0.0808168 0)
(1.17119 0.0956529 0)
(1.14324 0.105463 0)
(1.11427 0.108767 0)
(1.07997 0.0978005 0)
(1.05203 0.0890849 0)
(1.01935 0.0438329 0)
(1.01662 0.0275105 0)
(0.989684 -0.0385928 0)
(1.02083 -0.102551 0)
(1.09338 -0.173959 0)
(1.22475 -0.136466 0)
(1.26645 -0.0285732 0)
(1.27093 0.0229872 0)
(1.24389 0.154243 0)
(1.14555 0.150296 0)
(1.12865 0.167879 0)
(1.05238 0.218736 0)
(0.985651 0.306253 0)
(0.843792 0.149198 0)
(0.729802 -0.242369 0)
(0.776489 -0.247722 0)
(0.782901 -0.368192 0)
(1.10469 -0.148578 0)
(1.1217 0.0837929 0)
(1.24364 -0.0188788 0)
(1.24672 0.00287456 0)
(1.2425 0.025238 0)
(1.23407 0.0481934 0)
(1.22191 0.0704392 0)
(1.20349 0.0920684 0)
(1.18078 0.109436 0)
(1.14848 0.121216 0)
(1.11552 0.124704 0)
(1.0763 0.113683 0)
(1.04313 0.102719 0)
(1.00701 0.0524332 0)
(1.00049 0.0349899 0)
(0.96865 -0.0391291 0)
(0.995268 -0.123145 0)
(1.08413 -0.214243 0)
(1.24176 -0.166346 0)
(1.2933 -0.0356589 0)
(1.29867 0.0276685 0)
(1.26088 0.171282 0)
(1.15839 0.168075 0)
(1.1348 0.180358 0)
(1.05713 0.23545 0)
(0.990452 0.33045 0)
(0.868183 0.176168 0)
(0.747573 -0.229844 0)
(0.766122 -0.251676 0)
(0.751125 -0.400272 0)
(1.07364 -0.180046 0)
(1.10855 0.0809979 0)
(1.25985 -0.020749 0)
(1.2634 0.00330924 0)
(1.25891 0.0281661 0)
(1.24996 0.0538506 0)
(1.23691 0.0792739 0)
(1.21645 0.104102 0)
(1.19106 0.124368 0)
(1.15404 0.138352 0)
(1.11675 0.141952 0)
(1.0721 0.131224 0)
(1.0336 0.117413 0)
(0.993427 0.0623398 0)
(0.982503 0.0439834 0)
(0.946665 -0.0377979 0)
(0.965762 -0.144465 0)
(1.06276 -0.260163 0)
(1.24831 -0.200836 0)
(1.31648 -0.0445028 0)
(1.32565 0.0332661 0)
(1.27682 0.189657 0)
(1.171 0.186234 0)
(1.14063 0.193434 0)
(1.06007 0.251463 0)
(0.995672 0.351165 0)
(0.89091 0.200561 0)
(0.767198 -0.215119 0)
(0.764411 -0.251346 0)
(0.729936 -0.427932 0)
(1.04413 -0.211534 0)
(1.09489 0.0770229 0)
(1.27664 -0.0228073 0)
(1.28073 0.00357687 0)
(1.27605 0.0309754 0)
(1.26679 0.0595567 0)
(1.25292 0.0885055 0)
(1.23045 0.116897 0)
(1.20205 0.140468 0)
(1.15996 0.156864 0)
(1.11797 0.16055 0)
(1.06726 0.150341 0)
(1.02383 0.133153 0)
(0.978234 0.0737248 0)
(0.962817 0.0541043 0)
(0.925062 -0.0344026 0)
(0.933353 -0.163925 0)
(1.02012 -0.309151 0)
(1.23247 -0.240989 0)
(1.32885 -0.0570057 0)
(1.34828 0.0388967 0)
(1.29083 0.209021 0)
(1.18277 0.204523 0)
(1.14571 0.207157 0)
(1.0615 0.266796 0)
(1.00062 0.368708 0)
(0.911013 0.222452 0)
(0.78679 -0.19943 0)
(0.769139 -0.247906 0)
(0.718214 -0.451062 0)
(1.01694 -0.242134 0)
(1.08121 0.0721979 0)
(1.29396 -0.0250572 0)
(1.29863 0.00361479 0)
(1.29388 0.0335631 0)
(1.2846 0.0652159 0)
(1.27002 0.0980647 0)
(1.2456 0.13044 0)
(1.21378 0.157752 0)
(1.16632 0.176737 0)
(1.11913 0.180551 0)
(1.06179 0.170864 0)
(1.01414 0.149996 0)
(0.961061 0.0867258 0)
(0.942087 0.0647352 0)
(0.904185 -0.0287943 0)
(0.897697 -0.177545 0)
(0.950949 -0.356325 0)
(1.18355 -0.287341 0)
(1.32195 -0.075847 0)
(1.36198 0.0428918 0)
(1.30152 0.228619 0)
(1.19296 0.222625 0)
(1.14976 0.221483 0)
(1.06165 0.281485 0)
(1.00482 0.383477 0)
(0.928161 0.242047 0)
(0.805281 -0.183665 0)
(0.778257 -0.242358 0)
(0.714333 -0.469879 0)
(0.992512 -0.271195 0)
(1.06788 0.0668118 0)
(1.31173 -0.0274888 0)
(1.31701 0.00334664 0)
(1.31239 0.0358144 0)
(1.3034 0.0707259 0)
(1.28828 0.107873 0)
(1.26196 0.14472 0)
(1.22625 0.176229 0)
(1.17318 0.197963 0)
(1.12016 0.20201 0)
(1.0558 0.19257 0)
(1.0045 0.168062 0)
(0.941932 0.101319 0)
(0.921558 0.0753136 0)
(0.882156 -0.0205851 0)
(0.856738 -0.181833 0)
(0.861296 -0.396319 0)
(1.1005 -0.339285 0)
(1.29042 -0.103433 0)
(1.36266 0.0432182 0)
(1.30721 0.247334 0)
(1.2008 0.24011 0)
(1.15253 0.236271 0)
(1.06073 0.29555 0)
(1.00803 0.39589 0)
(0.942365 0.259541 0)
(0.822109 -0.168439 0)
(0.790055 -0.23553 0)
(0.716594 -0.484767 0)
(0.971052 -0.298293 0)
(1.05515 0.0611007 0)
(1.32981 -0.0300774 0)
(1.33569 0.00268051 0)
(1.33147 0.0376033 0)
(1.32313 0.0759755 0)
(1.30773 0.117843 0)
(1.27958 0.159732 0)
(1.23948 0.195905 0)
(1.18054 0.220548 0)
(1.12091 0.224937 0)
(1.04956 0.21526 0)
(0.99437 0.187464 0)
(0.921652 0.117157 0)
(0.902234 0.0858694 0)
(0.855428 -0.00904075 0)
(0.8094 -0.176176 0)
(0.768361 -0.426343 0)
(0.995286 -0.394823 0)
(1.23549 -0.140948 0)
(1.34847 0.0380357 0)
(1.30653 0.263888 0)
(1.20559 0.256464 0)
(1.15387 0.251299 0)
(1.05884 0.308996 0)
(1.01015 0.406321 0)
(0.953797 0.275149 0)
(0.837003 -0.154135 0)
(0.803203 -0.228074 0)
(0.723464 -0.496198 0)
(0.952599 -0.323175 0)
(1.04321 0.0552528 0)
(1.34782 -0.032782 0)
(1.35425 0.00153376 0)
(1.35074 0.0388016 0)
(1.34348 0.0808329 0)
(1.32816 0.127865 0)
(1.29828 0.175454 0)
(1.25338 0.216776 0)
(1.18827 0.244505 0)
(1.12127 0.249278 0)
(1.04326 0.238839 0)
(0.98299 0.20818 0)
(0.901765 0.133688 0)
(0.88369 0.0972181 0)
(0.821158 0.00642906 0)
(0.75845 -0.163271 0)
(0.690542 -0.446883 0)
(0.886826 -0.450738 0)
(1.16421 -0.187292 0)
(1.32038 0.0264554 0)
(1.29889 0.277175 0)
(1.20688 0.271182 0)
(1.15365 0.266291 0)
(1.05607 0.32181 0)
(1.01119 0.415096 0)
(0.962702 0.289079 0)
(0.849866 -0.140974 0)
(0.816729 -0.220478 0)
(0.733635 -0.504685 0)
(0.937084 -0.345732 0)
(1.03215 0.0494115 0)
(1.36481 -0.0354935 0)
(1.37164 -0.000105122 0)
(1.36922 0.0392972 0)
(1.36358 0.0851255 0)
(1.34888 0.137779 0)
(1.31755 0.191816 0)
(1.26763 0.238809 0)
(1.19604 0.269827 0)
(1.12113 0.27491 0)
(1.03682 0.263325 0)
(0.96984 0.229952 0)
(0.883749 0.150469 0)
(0.86384 0.110618 0)
(0.779258 0.0256485 0)
(0.709511 -0.147381 0)
(0.637215 -0.460003 0)
(0.791226 -0.503263 0)
(1.08558 -0.239567 0)
(1.2813 0.00874313 0)
(1.28456 0.286493 0)
(1.20453 0.283863 0)
(1.15184 0.280953 0)
(1.05247 0.333965 0)
(1.01123 0.422491 0)
(0.96934 0.301521 0)
(0.860709 -0.129059 0)
(0.829948 -0.213092 0)
(0.746023 -0.510743 0)
(0.924363 -0.365945 0)
(1.02202 0.0436862 0)
(1.37875 -0.0380407 0)
(1.38576 -0.00231205 0)
(1.38481 0.0389761 0)
(1.38152 0.088596 0)
(1.36838 0.147323 0)
(1.3363 0.208646 0)
(1.28153 0.26191 0)
(1.20326 0.296437 0)
(1.12035 0.301675 0)
(1.02981 0.288773 0)
(0.954989 0.252318 0)
(0.868078 0.16744 0)
(0.840158 0.127157 0)
(0.732318 0.0471706 0)
(0.667638 -0.132396 0)
(0.607249 -0.467948 0)
(0.716522 -0.549331 0)
(1.00725 -0.294226 0)
(1.23474 -0.0141687 0)
(1.26442 0.291592 0)
(1.19869 0.294261 0)
(1.14847 0.295016 0)
(1.04811 0.345431 0)
(1.01037 0.428733 0)
(0.973978 0.31265 0)
(0.869632 -0.118411 0)
(0.842415 -0.206157 0)
(0.759744 -0.514857 0)
(0.914226 -0.383867 0)
(1.01285 0.0381597 0)
(1.38602 -0.040278 0)
(1.39291 -0.00508166 0)
(1.39386 0.0377378 0)
(1.39391 0.0908738 0)
(1.38389 0.156045 0)
(1.35257 0.22558 0)
(1.29382 0.285849 0)
(1.2091 0.324134 0)
(1.1186 0.329396 0)
(1.02157 0.315159 0)
(0.938989 0.274772 0)
(0.853919 0.184954 0)
(0.810938 0.147247 0)
(0.684115 0.0689048 0)
(0.635573 -0.120852 0)
(0.594144 -0.472683 0)
(0.663346 -0.587464 0)
(0.934259 -0.347966 0)
(1.18394 -0.0409239 0)
(1.23969 0.292602 0)
(1.18973 0.30229 0)
(1.14365 0.308261 0)
(1.04305 0.356181 0)
(1.00872 0.434007 0)
(0.976881 0.322631 0)
(0.8768 -0.109009 0)
(0.853867 -0.199831 0)
(0.774105 -0.517474 0)
(0.906409 -0.399601 0)
(1.00462 0.0328924 0)
(1.38109 -0.0419202 0)
(1.38747 -0.00820239 0)
(1.39071 0.0354842 0)
(1.39547 0.0914602 0)
(1.39112 0.16327 0)
(1.36333 0.241965 0)
(1.30254 0.310163 0)
(1.21242 0.352556 0)
(1.11529 0.357862 0)
(1.01145 0.342289 0)
(0.922479 0.296923 0)
(0.839597 0.203546 0)
(0.775858 0.170578 0)
(0.638275 0.0889238 0)
(0.613997 -0.113888 0)
(0.591134 -0.475506 0)
(0.628335 -0.61768 0)
(0.86922 -0.398303 0)
(1.13147 -0.0700758 0)
(1.21163 0.289884 0)
(1.17817 0.307993 0)
(1.13753 0.320533 0)
(1.03736 0.366195 0)
(1.00638 0.438464 0)
(0.978304 0.331608 0)
(0.882435 -0.100804 0)
(0.864185 -0.194207 0)
(0.788578 -0.518978 0)
(0.900618 -0.413299 0)
(0.997279 0.0279277 0)
(1.35608 -0.0424125 0)
(1.36162 -0.0113358 0)
(1.36763 0.032066 0)
(1.37904 0.0896707 0)
(1.38422 0.168086 0)
(1.36447 0.256877 0)
(1.30507 0.334062 0)
(1.21181 0.38115 0)
(1.10952 0.386865 0)
(0.998948 0.369873 0)
(0.905831 0.318606 0)
(0.823317 0.223706 0)
(0.735695 0.19626 0)
(0.5976 0.105476 0)
(0.602453 -0.111468 0)
(0.593605 -0.476743 0)
(0.60731 -0.640705 0)
(0.813006 -0.443939 0)
(1.07929 -0.10027 0)
(1.18142 0.283939 0)
(1.16455 0.31151 0)
(1.1303 0.331736 0)
(1.03113 0.375475 0)
(1.00345 0.442224 0)
(0.978479 0.339701 0)
(0.886788 -0.0937006 0)
(0.87335 -0.189309 0)
(0.802777 -0.519637 0)
(0.896552 -0.425185 0)
(0.990779 0.0232919 0)
(1.30143 -0.0418915 0)
(1.30588 -0.0141801 0)
(1.31564 0.0271495 0)
(1.3367 0.0845596 0)
(1.3568 0.169142 0)
(1.35128 0.269204 0)
(1.29838 0.356699 0)
(1.2057 0.408946 0)
(1.10032 0.41561 0)
(0.983775 0.397228 0)
(0.889006 0.33975 0)
(0.803666 0.245723 0)
(0.691838 0.223085 0)
(0.563897 0.117025 0)
(0.59987 -0.112489 0)
(0.599407 -0.476098 0)
(0.596487 -0.65734 0)
(0.765415 -0.484839 0)
(1.02886 -0.130554 0)
(1.1501 0.275372 0)
(1.14945 0.313055 0)
(1.12216 0.341825 0)
(1.02444 0.384009 0)
(1.00001 0.4454 0)
(0.977604 0.34701 0)
(0.890108 -0.0874338 0)
(0.88141 -0.185061 0)
(0.81643 -0.5196 0)
(0.893938 -0.435518 0)
(0.985049 0.0189814 0)
(1.20753 -0.0399296 0)
(1.21101 -0.0159815 0)
(1.2276 0.019913 0)
(1.26319 0.074541 0)
(1.305 0.163927 0)
(1.32037 0.276271 0)
(1.27974 0.37732 0)
(1.19224 0.43734 0)
(1.08614 0.445847 0)
(0.965395 0.424922 0)
(0.871547 0.360696 0)
(0.779766 0.26984 0)
(0.645846 0.250197 0)
(0.538044 0.123814 0)
(0.604581 -0.11531 0)
(0.607935 -0.474104 0)
(0.592267 -0.669022 0)
(0.725695 -0.520872 0)
(0.981615 -0.161739 0)
(1.11854 0.2645 0)
(1.13336 0.312855 0)
(1.11329 0.350868 0)
(1.01737 0.391947 0)
(0.996137 0.448062 0)
(0.975851 0.353697 0)
(0.89264 -0.0815576 0)
(0.88845 -0.181371 0)
(0.829363 -0.519031 0)
(0.892573 -0.444399 0)
(0.980036 0.0149608 0)
(1.06333 -0.0312462 0)
(1.07242 -0.016089 0)
(1.10496 0.0090442 0)
(1.1624 0.0569327 0)
(1.23317 0.150013 0)
(1.27417 0.273004 0)
(1.2496 0.386046 0)
(1.17282 0.455602 0)
(1.06991 0.470681 0)
(0.947007 0.451382 0)
(0.854297 0.383791 0)
(0.751216 0.29783 0)
(0.599439 0.278292 0)
(0.520155 0.128599 0)
(0.613982 -0.121539 0)
(0.61879 -0.474756 0)
(0.591595 -0.678527 0)
(0.693364 -0.551162 0)
(0.938518 -0.192749 0)
(1.08806 0.249861 0)
(1.11688 0.310194 0)
(1.10403 0.358102 0)
(1.01024 0.398587 0)
(0.991953 0.450379 0)
(0.973449 0.360665 0)
(0.894604 -0.076445 0)
(0.894563 -0.178521 0)
(0.841499 -0.518364 0)
(0.892326 -0.45163 0)
(0.975714 0.0112994 0)
(0.88027 -0.0395373 1.19223e-20)
(0.930715 -0.0281242 -2.02208e-21)
(0.988499 -0.00545887 5.08507e-21)
(1.06908 0.0399342 -1.5432e-20)
(1.1697 0.145935 7.97803e-21)
(1.23367 0.293086 -8.33256e-21)
(1.21697 0.423726 -2.43311e-21)
(1.14213 0.497772 8.30016e-21)
(1.03776 0.509453 -2.188e-22)
(0.916534 0.481049 -2.28938e-21)
(0.826344 0.404241 1.02637e-21)
(0.711669 0.321041 7.33582e-22)
(0.55733 0.293696 -2.89355e-22)
(0.510682 0.11404 1.47394e-22)
(0.622771 -0.142686 -3.25253e-22)
(0.629102 -0.483066 -5.72579e-22)
(0.592925 -0.686327 1.02497e-22)
(0.672856 -0.570531 6.24644e-22)
(0.905283 -0.206489 7.68554e-22)
(1.06644 0.248827 -1.07331e-21)
(1.10408 0.312936 4.77323e-22)
(1.09436 0.366931 -1.01185e-22)
(1.00234 0.406222 7.90574e-23)
(0.987781 0.451802 -1.19724e-22)
(0.970758 0.361789 3.61069e-22)
(0.895906 -0.0766209 -1.53834e-22)
(0.899111 -0.177535 -2.26322e-25)
(0.851288 -0.518319 -4.95079e-24)
(0.893008 -0.456323 -9.18297e-24)
(0.972491 0.00874966 -8.879e-24)
(0.7544 -0.0524395 3.14299e-21)
(0.812039 -0.0386071 -9.51608e-21)
(0.884544 -0.0142573 4.26518e-21)
(0.981083 0.0340796 7.31137e-21)
(1.10616 0.149966 -3.07005e-21)
(1.19261 0.309951 7.41605e-21)
(1.18577 0.446694 -9.18011e-21)
(1.11418 0.519076 -8.04279e-22)
(1.00921 0.52686 3.25415e-21)
(0.890328 0.491899 -1.16797e-21)
(0.801197 0.411296 5.51543e-22)
(0.675998 0.334184 -2.01344e-22)
(0.522941 0.29813 -3.22419e-22)
(0.505647 0.0920867 6.88987e-24)
(0.630213 -0.171189 2.67873e-22)
(0.637101 -0.499458 -1.00695e-21)
(0.596504 -0.690138 1.66089e-21)
(0.665778 -0.571148 -1.5231e-21)
(0.883934 -0.205238 6.92587e-22)
(1.04925 0.25021 -1.34407e-21)
(1.09327 0.313204 4.15114e-22)
(1.08639 0.372846 5.7314e-22)
(0.995878 0.411638 -1.28892e-22)
(0.984172 0.452607 1.12265e-23)
(0.968436 0.361053 -4.05562e-22)
(0.897131 -0.0782628 -1.46906e-23)
(0.902441 -0.178511 -5.90712e-23)
(0.859176 -0.519372 2.30328e-23)
(0.894287 -0.459345 5.92337e-23)
(0.970052 0.00709341 1.88123e-23)
(0.650266 -0.0621616 -1.72864e-21)
(0.709364 -0.0513153 2.00918e-21)
(0.790589 -0.0285067 9.197e-21)
(0.896304 0.02343 -9.14063e-21)
(1.03783 0.149427 1.42661e-20)
(1.14452 0.321825 1.52356e-21)
(1.1494 0.46434 -1.06843e-20)
(1.08296 0.534731 7.58985e-21)
(0.978482 0.53866 -1.38042e-21)
(0.86324 0.497867 -8.01341e-22)
(0.773958 0.416204 -1.37673e-21)
(0.637663 0.345768 3.45299e-22)
(0.490032 0.297169 -5.3332e-23)
(0.503248 0.06624 -2.02792e-23)
(0.636667 -0.198186 -2.34636e-22)
(0.644747 -0.511947 -3.7733e-22)
(0.599788 -0.69292 1.17204e-21)
(0.659464 -0.573617 -5.83005e-22)
(0.86555 -0.204828 5.95606e-23)
(1.03228 0.250645 6.02354e-22)
(1.08201 0.312473 -2.50809e-22)
(1.07824 0.378191 4.91747e-23)
(0.989302 0.416571 -3.11036e-22)
(0.980254 0.453089 3.46076e-22)
(0.965913 0.359727 -1.35366e-22)
(0.898412 -0.0801787 1.55501e-22)
(0.905542 -0.179566 1.10046e-22)
(0.866927 -0.520154 -3.09313e-22)
(0.896004 -0.462143 -2.59738e-23)
(0.967805 0.00555405 -1.57777e-23)
(0.55763 -0.0737506 9.39709e-22)
(0.620442 -0.0662349 3.76546e-21)
(0.708135 -0.043856 -1.74037e-20)
(0.817884 0.0108294 1.28952e-20)
(0.96787 0.144454 -8.97853e-21)
(1.0909 0.330729 8.60333e-21)
(1.10824 0.481443 -4.85685e-21)
(1.04849 0.551839 -7.23719e-22)
(0.945609 0.552472 2.17263e-21)
(0.835217 0.50605 -5.34535e-22)
(0.744229 0.424526 -1.00856e-21)
(0.596784 0.359053 -2.34923e-22)
(0.459733 0.293742 -3.11943e-22)
(0.502481 0.0386047 2.05046e-22)
(0.641902 -0.223684 -4.38499e-22)
(0.652446 -0.522965 -8.50378e-22)
(0.603546 -0.694641 1.4963e-21)
(0.652838 -0.575697 -5.86369e-22)
(0.848329 -0.205882 4.59569e-23)
(1.01548 0.249764 6.11493e-22)
(1.07043 0.311449 8.8794e-23)
(1.06992 0.383536 -7.9209e-23)
(0.982607 0.42133 3.34875e-22)
(0.976017 0.453364 -9.47033e-23)
(0.963148 0.358512 1.77048e-22)
(0.899673 -0.0819828 -3.40938e-22)
(0.908466 -0.180616 1.18088e-22)
(0.874558 -0.520837 2.35732e-22)
(0.898088 -0.464698 1.38417e-23)
(0.965739 0.00407652 -2.4443e-23)
(0.475097 -0.0884802 6.27394e-22)
(0.543442 -0.083099 4.58584e-21)
(0.636792 -0.0608253 8.12382e-21)
(0.747242 -0.00248844 -4.30292e-21)
(0.898565 0.137631 -5.44927e-21)
(1.0332 0.337426 -1.47395e-21)
(1.06271 0.497189 1.42609e-21)
(1.0108 0.568917 -5.39638e-21)
(0.910567 0.566853 3.47478e-21)
(0.806054 0.515467 2.43148e-22)
(0.711619 0.435551 -5.55312e-22)
(0.553672 0.373067 -1.37816e-22)
(0.433053 0.28736 -6.54796e-22)
(0.502392 0.0089993 1.24134e-22)
(0.646009 -0.248423 -1.02347e-23)
(0.66026 -0.532516 -5.21747e-22)
(0.607717 -0.695347 -1.71663e-24)
(0.645967 -0.577453 3.77471e-22)
(0.831603 -0.207571 -1.29905e-21)
(0.998815 0.247928 6.62515e-22)
(1.05863 0.310083 2.33279e-22)
(1.06144 0.388855 -4.48018e-22)
(0.975792 0.425927 -5.15776e-22)
(0.971458 0.453477 3.72424e-22)
(0.960088 0.357429 -2.26355e-22)
(0.900889 -0.0837431 1.26181e-22)
(0.911241 -0.181773 -1.18184e-22)
(0.882071 -0.521437 1.12714e-22)
(0.9005 -0.467002 2.24709e-23)
(0.963844 0.00268647 1.03672e-23)
(0.403672 -0.106039 -4.6719e-21)
(0.477205 -0.101727 8.05728e-22)
(0.575048 -0.0788515 3.58683e-21)
(0.684218 -0.0178712 7.49937e-21)
(0.831336 0.129838 -8.4969e-21)
(0.972551 0.341985 7.8935e-22)
(1.01318 0.510727 -3.07685e-22)
(0.969872 0.58454 -6.07416e-21)
(0.873438 0.580212 6.84701e-21)
(0.775603 0.52491 -4.38398e-21)
(0.675945 0.448305 1.1786e-21)
(0.509024 0.386479 7.37572e-22)
(0.410693 0.277242 2.44637e-22)
(0.502513 -0.0222963 -1.68813e-22)
(0.649247 -0.272335 2.75896e-22)
(0.668239 -0.540748 -4.12621e-22)
(0.612349 -0.695004 -5.90343e-22)
(0.638944 -0.578859 1.10338e-21)
(0.815099 -0.209845 -4.84749e-22)
(0.982236 0.245232 1.50986e-21)
(1.04669 0.308255 -9.83071e-22)
(1.05283 0.394025 7.41556e-22)
(0.968867 0.430316 2.48035e-22)
(0.96658 0.453433 2.948e-23)
(0.956687 0.356352 2.30941e-22)
(0.90208 -0.0855117 1.2078e-22)
(0.913892 -0.183051 1.91674e-22)
(0.889465 -0.521967 -2.48646e-22)
(0.903208 -0.469061 -8.52163e-23)
(0.96211 0.00139826 4.38025e-23)
(0.343627 -0.125654 -6.81724e-21)
(0.420423 -0.121634 4.24394e-21)
(0.520651 -0.097371 -4.86582e-21)
(0.627477 -0.0337371 1.49277e-21)
(0.76694 0.121477 -7.39437e-21)
(0.909903 0.344621 5.67655e-21)
(0.960082 0.522014 7.70427e-21)
(0.925806 0.598612 -1.84688e-21)
(0.834371 0.592468 -2.13594e-21)
(0.743697 0.53455 -8.17686e-22)
(0.637148 0.462735 9.36963e-22)
(0.463895 0.398535 -9.32611e-22)
(0.392861 0.263241 6.59502e-24)
(0.50285 -0.0546838 1.16632e-23)
(0.651962 -0.295387 9.28222e-23)
(0.676427 -0.547782 4.42006e-22)
(0.617471 -0.693611 7.12869e-22)
(0.631879 -0.579894 -6.62886e-22)
(0.798707 -0.212789 -5.23788e-22)
(0.965732 0.241639 4.89832e-22)
(1.03467 0.305948 -5.00022e-22)
(1.04409 0.398998 -2.95923e-22)
(0.961849 0.43448 -4.12456e-22)
(0.961381 0.453235 1.28695e-22)
(0.952916 0.355232 3.29042e-22)
(0.903276 -0.0872966 1.56185e-22)
(0.916443 -0.18444 -7.23637e-23)
(0.896744 -0.522438 6.05079e-23)
(0.906184 -0.47088 5.88554e-23)
(0.960524 0.000216796 1.69288e-23)
(0.293688 -0.146286 2.61366e-21)
(0.371185 -0.142168 -6.80038e-21)
(0.471565 -0.116106 1.1272e-20)
(0.575171 -0.0481183 -1.4273e-20)
(0.705055 0.113288 -6.64798e-21)
(0.845933 0.345672 1.99476e-20)
(0.90391 0.531124 -1.5206e-20)
(0.878786 0.611176 4.97521e-21)
(0.793568 0.603795 -3.80628e-21)
(0.710136 0.544818 4.33109e-21)
(0.595293 0.478857 -5.47718e-22)
(0.419649 0.408644 -6.39784e-22)
(0.379349 0.245503 -1.47693e-22)
(0.503743 -0.0876309 1.30747e-22)
(0.654539 -0.317623 1.13648e-22)
(0.684862 -0.553735 -1.14788e-22)
(0.623104 -0.691158 3.93536e-22)
(0.624901 -0.580529 -1.45725e-21)
(0.782402 -0.216425 1.20596e-22)
(0.949312 0.237135 -7.99861e-22)
(1.02262 0.303177 -2.05271e-22)
(1.03524 0.403767 1.31098e-22)
(0.954765 0.438433 7.71616e-22)
(0.955861 0.452899 -4.27107e-22)
(0.948771 0.35407 -5.27224e-23)
(0.904511 -0.0891031 -1.00347e-22)
(0.918916 -0.185934 -3.33331e-23)
(0.903909 -0.52286 -5.54895e-23)
(0.909402 -0.472466 -6.35655e-24)
(0.959077 -0.000855332 -7.60415e-23)
(0.251445 -0.166962 1.90984e-21)
(0.327137 -0.162704 -1.2437e-20)
(0.425544 -0.134632 3.7728e-21)
(0.525299 -0.0616399 9.86018e-21)
(0.645051 0.105547 -1.12218e-22)
(0.781087 0.345396 -2.66466e-23)
(0.845147 0.538063 5.73169e-21)
(0.829082 0.622098 -1.00918e-21)
(0.751266 0.614181 -3.41014e-21)
(0.674728 0.555935 -8.78814e-22)
(0.550636 0.496391 6.23633e-22)
(0.377855 0.41619 -1.9842e-22)
(0.369818 0.224252 -3.1239e-22)
(0.505729 -0.120704 4.41678e-22)
(0.657363 -0.339083 -6.5583e-23)
(0.693572 -0.55871 -3.08445e-22)
(0.629265 -0.687642 1.14605e-21)
(0.61816 -0.580723 3.73674e-22)
(0.766211 -0.220768 -1.42935e-21)
(0.933007 0.231723 -4.38056e-22)
(1.01059 0.299955 6.86841e-22)
(1.02627 0.408326 5.80978e-22)
(0.947643 0.442187 -9.54735e-22)
(0.950018 0.452447 2.38461e-22)
(0.94427 0.352865 -1.88444e-22)
(0.905822 -0.0909411 1.55941e-23)
(0.921334 -0.187527 -3.33972e-22)
(0.910967 -0.523242 -3.41227e-22)
(0.912838 -0.473825 -2.5897e-23)
(0.957758 -0.00181555 7.65506e-23)
(0.214145 -0.186935 4.06634e-21)
(0.285909 -0.182716 -1.01004e-20)
(0.380556 -0.15262 2.84304e-21)
(0.476025 -0.0742867 1.14547e-20)
(0.586102 0.0983043 -1.75596e-20)
(0.715628 0.343946 -5.72336e-21)
(0.784252 0.542826 8.45303e-21)
(0.777038 0.631214 -2.06304e-21)
(0.707719 0.623581 8.84696e-22)
(0.637322 0.568011 -2.72579e-22)
(0.503668 0.514832 7.67178e-23)
(0.340111 0.420598 -4.41243e-22)
(0.364088 0.199793 -1.34165e-22)
(0.509399 -0.153552 -2.27376e-22)
(0.660777 -0.359782 -2.2916e-22)
(0.702577 -0.562793 9.78215e-22)
(0.635962 -0.683067 -7.78635e-22)
(0.611826 -0.580438 -1.1857e-23)
(0.750201 -0.225821 1.03525e-21)
(0.91687 0.225409 -1.85671e-22)
(0.998638 0.296285 1.66226e-22)
(1.01719 0.412661 5.11124e-23)
(0.940513 0.445755 3.43515e-22)
(0.943848 0.4519 -2.32306e-23)
(0.939454 0.351604 -9.4958e-23)
(0.907239 -0.0928213 -2.24135e-22)
(0.923718 -0.189213 5.8386e-22)
(0.917922 -0.523593 4.30968e-22)
(0.91647 -0.474962 8.86017e-23)
(0.956555 -0.00266054 -4.34492e-23)
(0.179356 -0.205663 9.8443e-23)
(0.245526 -0.201784 -4.67089e-21)
(0.335024 -0.169841 7.35057e-21)
(0.425901 -0.0861064 3.72139e-22)
(0.52738 0.091459 -7.41472e-21)
(0.649687 0.341339 6.8663e-21)
(0.721652 0.54543 7.35707e-22)
(0.723069 0.638412 9.60363e-24)
(0.663176 0.632014 -1.15186e-21)
(0.597841 0.581116 -1.87835e-21)
(0.455153 0.53354 5.48773e-22)
(0.307833 0.421388 -9.31579e-23)
(0.362262 0.17255 -2.7659e-23)
(0.515274 -0.185889 7.45662e-22)
(0.665069 -0.379708 -7.14564e-22)
(0.711885 -0.566057 -1.36725e-22)
(0.643196 -0.677449 -5.41122e-22)
(0.606082 -0.579631 -3.56748e-22)
(0.734465 -0.231564 1.41919e-22)
(0.900968 0.218197 4.67365e-22)
(0.98681 0.292171 -1.29902e-22)
(1.00801 0.416755 -3.09027e-22)
(0.933403 0.449147 -2.02185e-22)
(0.93735 0.45128 -1.15035e-22)
(0.934379 0.350271 2.52188e-22)
(0.908795 -0.0947532 -1.13785e-22)
(0.92609 -0.190984 -1.11544e-22)
(0.924783 -0.523919 -1.63871e-22)
(0.920278 -0.475883 -2.1394e-23)
(0.955459 -0.00338791 4.08209e-24)
(0.145312 -0.222745 3.54981e-21)
(0.204642 -0.219578 -4.52475e-21)
(0.287935 -0.186138 -2.51122e-21)
(0.373969 -0.0972718 1.19778e-21)
(0.4682 0.0847931 4.02442e-21)
(0.583338 0.337469 -3.39981e-21)
(0.657773 0.545911 -1.01271e-21)
(0.667647 0.643626 3.38786e-21)
(0.617863 0.63955 -1.2676e-21)
(0.55631 0.595254 -1.80713e-22)
(0.406133 0.551776 1.74269e-23)
(0.282108 0.418193 -2.5352e-22)
(0.364639 0.143065 2.88581e-22)
(0.523732 -0.21746 -1.13251e-21)
(0.670456 -0.398827 3.68313e-22)
(0.721499 -0.568563 7.02707e-22)
(0.650962 -0.670814 2.14677e-22)
(0.601123 -0.578265 -8.38597e-22)
(0.719126 -0.23796 1.37268e-21)
(0.885386 0.2101 -8.42156e-22)
(0.975156 0.287621 4.75703e-22)
(0.998726 0.420596 -2.7324e-22)
(0.926334 0.452375 -1.11497e-22)
(0.930527 0.450605 6.33876e-23)
(0.929109 0.348848 -7.89278e-23)
(0.910515 -0.0967445 4.63668e-22)
(0.92847 -0.192831 -2.7593e-22)
(0.931555 -0.524225 3.5013e-22)
(0.924241 -0.476593 -5.071e-23)
(0.954458 -0.00399514 -1.1433e-24)
(0.11098 -0.237848 -4.01978e-21)
(0.162587 -0.235827 1.61499e-21)
(0.238843 -0.201399 -1.86459e-21)
(0.319773 -0.107994 -1.59703e-21)
(0.408111 0.0779816 2.74462e-21)
(0.516664 0.3322 -4.75816e-21)
(0.593054 0.54428 2.34279e-21)
(0.611284 0.646817 1.74613e-21)
(0.571976 0.646283 1.01306e-21)
(0.512886 0.610323 -1.47261e-21)
(0.357923 0.568743 -9.14476e-22)
(0.263653 0.41077 1.57718e-22)
(0.371528 0.11189 -2.24562e-22)
(0.534971 -0.248036 2.06654e-22)
(0.67709 -0.417083 2.72176e-22)
(0.73142 -0.570363 -4.26812e-22)
(0.659246 -0.663207 7.33509e-23)
(0.59715 -0.576303 8.6211e-22)
(0.704331 -0.24497 -9.40728e-22)
(0.870214 0.201135 9.44756e-22)
(0.96373 0.282646 2.4583e-22)
(0.989358 0.42417 4.33571e-22)
(0.919318 0.455453 9.64766e-23)
(0.923387 0.449892 -1.16262e-22)
(0.923715 0.347318 -5.61536e-23)
(0.912419 -0.0988013 -1.0742e-22)
(0.93088 -0.194745 1.12947e-22)
(0.938245 -0.524516 -1.98714e-22)
(0.928342 -0.477095 2.68604e-23)
(0.953542 -0.00448023 -2.2598e-23)
(0.0759742 -0.250687 3.23724e-21)
(0.119283 -0.250308 -2.08549e-21)
(0.187799 -0.215532 1.55144e-21)
(0.263302 -0.118477 2.13714e-21)
(0.346947 0.0706434 -2.06295e-21)
(0.449821 0.325411 -3.34003e-21)
(0.527965 0.540525 1.75898e-21)
(0.554514 0.647973 -7.39115e-22)
(0.52568 0.652313 1.68417e-21)
(0.467877 0.626088 -8.88367e-22)
(0.312063 0.583633 -2.89461e-22)
(0.252839 0.399028 3.21677e-23)
(0.383063 0.0795462 1.7518e-21)
(0.549028 -0.277398 -5.72098e-22)
(0.685062 -0.434415 2.30897e-22)
(0.741647 -0.571503 -4.99605e-22)
(0.668027 -0.654687 7.67011e-23)
(0.594362 -0.573717 -4.67347e-22)
(0.690247 -0.252545 2.61841e-22)
(0.855548 0.191326 -9.36848e-22)
(0.952583 0.277259 -3.77414e-22)
(0.979926 0.427468 2.8053e-22)
(0.912354 0.458396 -1.72669e-22)
(0.915942 0.449156 -6.75594e-23)
(0.918267 0.345663 -2.64326e-22)
(0.914521 -0.100928 4.73944e-23)
(0.933337 -0.196716 -2.80095e-22)
(0.944859 -0.524796 2.35e-22)
(0.932562 -0.477395 -5.05134e-23)
(0.952699 -0.0048415 2.36247e-23)
(0.0404225 -0.261032 -1.42896e-21)
(0.0751125 -0.262826 -2.23639e-21)
(0.135262 -0.228447 -2.36397e-21)
(0.204914 -0.128897 8.82687e-21)
(0.284823 0.0624164 -7.04353e-21)
(0.383066 0.316974 6.01517e-21)
(0.463009 0.534614 -5.90319e-22)
(0.497864 0.647108 2.35791e-21)
(0.479127 0.65773 -1.06426e-21)
(0.421748 0.642178 -1.66568e-21)
(0.270232 0.595676 3.93187e-22)
(0.249721 0.383054 -4.11076e-22)
(0.399124 0.0467791 -9.07738e-22)
(0.5658 -0.305332 5.65317e-22)
(0.694411 -0.45076 -1.29026e-22)
(0.752181 -0.572026 -1.61278e-22)
(0.67728 -0.645326 -1.95187e-22)
(0.592946 -0.570488 6.14985e-23)
(0.677059 -0.260618 3.3358e-22)
(0.841485 0.180704 6.7867e-22)
(0.941769 0.271478 5.36443e-22)
(0.970464 0.430482 -2.90852e-22)
(0.905437 0.46122 -2.24753e-23)
(0.908211 0.448409 8.547e-23)
(0.912835 0.343863 7.95039e-23)
(0.916832 -0.103126 5.14286e-23)
(0.935863 -0.198734 2.97309e-22)
(0.951402 -0.525066 -2.1351e-22)
(0.936884 -0.477497 6.70457e-23)
(0.95192 -0.00507739 -2.41132e-23)
(0.00482433 -0.268776 -2.96643e-21)
(0.0307871 -0.273203 -3.20172e-21)
(0.0819995 -0.240042 1.83449e-21)
(0.145274 -0.139387 -3.49043e-21)
(0.222102 0.0530076 3.02648e-21)
(0.316773 0.30675 -3.31266e-21)
(0.398724 0.526507 2.63221e-21)
(0.44182 0.644275 -4.12918e-22)
(0.432481 0.6626 -6.77329e-22)
(0.375114 0.658084 -6.97814e-22)
(0.234094 0.60419 5.22652e-23)
(0.254082 0.363128 5.52149e-22)
(0.419357 0.0142066 3.66656e-23)
(0.585074 -0.331658 3.27806e-22)
(0.705128 -0.466055 3.61007e-22)
(0.763021 -0.571972 -6.71352e-23)
(0.686973 -0.635213 2.32449e-22)
(0.59307 -0.566606 -3.00532e-22)
(0.66496 -0.269104 -2.43123e-24)
(0.828115 0.169309 -3.33473e-22)
(0.931339 0.26532 5.97009e-23)
(0.961012 0.433208 -3.75837e-22)
(0.898549 0.46394 1.06595e-22)
(0.900216 0.447659 1.81869e-23)
(0.907486 0.3419 1.01085e-22)
(0.919354 -0.105395 -6.82525e-23)
(0.938477 -0.200788 -1.42162e-23)
(0.957876 -0.525326 -2.70615e-22)
(0.941287 -0.477403 -4.06209e-23)
(0.951192 -0.00518661 1.47157e-23)
(-0.0300904 -0.273922 3.94167e-21)
(-0.012753 -0.281302 -2.87551e-21)
(0.0290054 -0.250203 1.00707e-21)
(0.0852865 -0.150025 -1.67341e-21)
(0.159356 0.0422127 3.63433e-21)
(0.251413 0.294609 -3.8423e-22)
(0.335666 0.516171 -2.05246e-21)
(0.386811 0.639554 1.14892e-21)
(0.385943 0.66695 2.59431e-22)
(0.328732 0.673182 -3.60655e-22)
(0.20513 0.608619 1.2139e-22)
(0.265387 0.339725 -4.07114e-22)
(0.443246 -0.017926 9.37254e-23)
(0.606602 -0.356242 1.52493e-22)
(0.717172 -0.480243 -1.25771e-22)
(0.77417 -0.571378 -3.1213e-22)
(0.697067 -0.624446 -3.51376e-22)
(0.594871 -0.562075 -4.57324e-23)
(0.654145 -0.277912 1.03037e-22)
(0.815522 0.157189 3.3129e-22)
(0.921347 0.258805 -3.44263e-22)
(0.951615 0.435644 -5.89219e-23)
(0.891672 0.466575 7.847e-23)
(0.891983 0.446909 6.14163e-23)
(0.902283 0.339758 -3.50581e-23)
(0.922086 -0.107734 8.21522e-23)
(0.941196 -0.202869 -1.81067e-23)
(0.96428 -0.525578 6.49351e-23)
(0.945753 -0.477119 3.24091e-23)
(0.950506 -0.00516818 -2.83914e-24)
(-0.0634473 -0.27618 -2.74337e-21)
(-0.0544391 -0.287182 2.67473e-21)
(-0.0225574 -0.258828 -2.53224e-21)
(0.0260522 -0.160786 2.24667e-21)
(0.0973175 0.029899 1.99052e-21)
(0.187528 0.280448 -3.00589e-21)
(0.274381 0.503592 2.3211e-21)
(0.333193 0.633048 3.83878e-22)
(0.339786 0.670753 -9.82395e-22)
(0.283499 0.686769 6.56034e-23)
(0.184454 0.608572 3.0857e-23)
(0.282797 0.313475 -5.8178e-23)
(0.470211 -0.0493249 1.12607e-22)
(0.630121 -0.378983 -1.75148e-22)
(0.730475 -0.493274 -2.56855e-23)
(0.785625 -0.570282 3.37601e-22)
(0.707525 -0.613134 -2.48901e-24)
(0.598444 -0.55691 -1.98082e-23)
(0.644805 -0.286942 -8.72738e-23)
(0.803778 0.144401 9.93349e-24)
(0.911849 0.251953 1.62725e-22)
(0.942324 0.437794 4.07931e-23)
(0.884784 0.469143 -6.61537e-23)
(0.883545 0.446159 9.39894e-24)
(0.897284 0.33742 -8.89747e-23)
(0.925023 -0.11014 -1.60573e-22)
(0.944039 -0.204967 8.01089e-23)
(0.970612 -0.525819 1.23202e-22)
(0.950261 -0.476646 3.9565e-25)
(0.94985 -0.00502142 -6.03287e-24)
(-0.0941806 -0.275446 -3.81262e-22)
(-0.0932478 -0.290944 2.99505e-22)
(-0.0713773 -0.265821 6.53876e-22)
(-0.0311804 -0.171501 -9.06091e-22)
(0.0368296 0.0159667 -6.59746e-22)
(0.1257 0.264198 6.04908e-22)
(0.215373 0.488789 -8.60474e-22)
(0.281262 0.624866 5.64536e-22)
(0.294392 0.673912 9.29878e-23)
(0.24047 0.698116 1.46725e-22)
(0.172683 0.60386 -2.5098e-22)
(0.305317 0.285098 5.15433e-22)
(0.499683 -0.0796497 -1.79791e-22)
(0.655363 -0.39982 -1.28014e-22)
(0.744946 -0.50511 -5.15635e-24)
(0.797381 -0.568718 -3.98626e-23)
(0.718303 -0.601391 -2.87817e-23)
(0.603833 -0.551139 3.73848e-23)
(0.637116 -0.296089 -3.10142e-23)
(0.792944 0.131008 -1.51792e-22)
(0.9029 0.244782 1.26437e-22)
(0.933192 0.439662 -1.88136e-23)
(0.877864 0.471663 2.96646e-23)
(0.874936 0.445408 -6.98407e-23)
(0.892541 0.334872 4.41787e-23)
(0.928159 -0.112606 1.2263e-22)
(0.947022 -0.207071 -4.82019e-24)
(0.976868 -0.526046 -1.00332e-22)
(0.954788 -0.475989 3.55616e-24)
(0.949214 -0.00474603 9.68455e-24)
(-0.121374 -0.272056 1.46131e-22)
(-0.128127 -0.292588 -1.24906e-24)
(-0.116082 -0.271137 -4.13147e-22)
(-0.0850908 -0.18212 7.54999e-23)
(-0.0212014 0.000456373 1.4373e-22)
(0.0665421 0.245836 -3.61116e-22)
(0.159082 0.471811 1.72726e-22)
(0.231294 0.615102 1.27819e-22)
(0.250267 0.676249 -1.41018e-22)
(0.200882 0.706532 1.67591e-22)
(0.16989 0.594509 -2.47765e-22)
(0.331963 0.255342 5.67903e-23)
(0.531155 -0.108668 4.57819e-23)
(0.682069 -0.418719 3.85709e-23)
(0.760485 -0.51572 -6.75583e-23)
(0.809421 -0.566721 2.64726e-23)
(0.729364 -0.589335 4.19513e-23)
(0.611026 -0.544801 1.13139e-23)
(0.631239 -0.305241 5.23245e-23)
(0.783072 0.117079 6.55412e-23)
(0.894561 0.237312 -6.02124e-24)
(0.924269 0.441259 -3.6194e-23)
(0.870892 0.474157 1.24352e-23)
(0.866197 0.444647 -2.54093e-23)
(0.888103 0.332103 -1.41092e-23)
(0.931486 -0.115129 -1.1079e-23)
(0.950162 -0.209173 1.34903e-23)
)
;

boundaryField
{
    inlet
    {
        type            uniformFixedValue;
        uniformValue    constant (1 0 0);
        value           nonuniform 0();
    }
    outlet
    {
        type            pressureInletOutletVelocity;
        value           nonuniform List<vector> 
49
(
(0.972491 0.00874966 -8.879e-24)
(0.970052 0.00709341 1.88123e-23)
(0.967805 0.00555405 -1.57777e-23)
(0.965739 0.00407652 -2.4443e-23)
(0.963844 0.00268647 1.03672e-23)
(0.96211 0.00139826 4.38025e-23)
(0.960524 0.000216796 1.69288e-23)
(0.959077 -0.000855332 -7.60415e-23)
(0.957758 -0.00181555 7.65506e-23)
(0.956555 -0.00266054 -4.34492e-23)
(0.955459 -0.00338791 4.08209e-24)
(0.954458 -0.00399514 -1.1433e-24)
(0.953542 -0.00448023 -2.2598e-23)
(0.952699 -0.0048415 2.36247e-23)
(0.95192 -0.00507739 -2.41132e-23)
(0.951192 -0.00518661 1.47157e-23)
(0.950506 -0.00516818 -2.83914e-24)
(0.94985 -0.00502142 -6.03287e-24)
(0.949214 -0.00474603 9.68455e-24)
(1.10458 0.00239218 0)
(1.10628 0.0073187 0)
(1.10952 0.0126869 0)
(1.11417 0.0187856 0)
(1.12017 0.0257968 0)
(1.12739 0.0337667 0)
(1.13548 0.0425884 0)
(1.14363 0.0519607 0)
(1.15051 0.0613125 0)
(1.1546 0.0698643 0)
(1.15486 0.0768575 0)
(1.15108 0.0817816 0)
(1.14377 0.0844829 0)
(1.1337 0.0850671 0)
(1.1217 0.0837929 0)
(1.10855 0.0809979 0)
(1.09489 0.0770229 0)
(1.08121 0.0721979 0)
(1.06788 0.0668118 0)
(1.05515 0.0611007 0)
(1.04321 0.0552528 0)
(1.03215 0.0494115 0)
(1.02202 0.0436862 0)
(1.01285 0.0381597 0)
(1.00462 0.0328924 0)
(0.997279 0.0279277 0)
(0.990779 0.0232919 0)
(0.985049 0.0189814 0)
(0.980036 0.0149608 0)
(0.975714 0.0112994 0)
)
;
    }
    cylinder
    {
        type            fixedValue;
        value           uniform (0 0 0);
    }
    top
    {
        type            symmetryPlane;
    }
    bottom
    {
        type            symmetryPlane;
    }
    defaultFaces
    {
        type            empty;
    }
    procBoundary1to0
    {
        type            processor;
        value           nonuniform List<vector> 
50
(
(1.37756 -0.17118 1.15621e-20)
(1.37354 -0.167527 -3.09719e-20)
(1.37354 -0.167527 -3.09719e-20)
(1.31327 -0.147938 4.8488e-20)
(1.31327 -0.147938 4.8488e-20)
(0.951107 -0.0796092 -2.9334e-20)
(1.14916 -0.111185 -8.54004e-20)
(1.14916 -0.111185 -8.54004e-20)
(0.612872 -0.0314216 6.87776e-21)
(0.612872 -0.0314216 6.87776e-21)
(0.301978 -0.00792482 2.65457e-20)
(0.301978 -0.00792482 2.65457e-20)
(0.0954555 -0.00839327 -6.88375e-21)
(0.0954555 -0.00839327 -6.88375e-21)
(-0.00375047 -0.0152832 -1.65762e-20)
(-0.0150198 -0.0198461 5.17071e-20)
(-0.0150198 -0.0198461 5.17071e-20)
(-0.0208613 -0.0148998 1.26419e-20)
(-0.0208613 -0.0148998 1.26419e-20)
(1.09896 -0.0017606 3.36242e-23)
(1.10026 -0.00523402 4.38186e-24)
(1.10265 -0.00861173 -1.71572e-22)
(1.10602 -0.0120023 2.51806e-23)
(1.11028 -0.0154234 3.86759e-22)
(1.11535 -0.0189356 7.4834e-23)
(1.12115 -0.0225734 9.35443e-23)
(1.12764 -0.026376 5.04605e-23)
(1.13475 -0.0303767 -1.00745e-22)
(1.14244 -0.034606 -3.32079e-22)
(1.15067 -0.0390906 1.99921e-22)
(1.15067 -0.0390906 1.99921e-22)
(1.15733 -0.045803 -8.07047e-22)
(1.16626 -0.0510878 -3.89547e-22)
(1.17561 -0.0566878 1.13085e-22)
(1.18534 -0.0626137 7.75395e-22)
(1.19543 -0.0688632 1.28104e-21)
(1.20585 -0.0754267 1.64152e-21)
(1.21658 -0.0822852 -2.60989e-21)
(1.2276 -0.0894193 5.02486e-22)
(1.23889 -0.0967842 -1.63878e-21)
(1.25046 -0.104342 1.18141e-21)
(1.2623 -0.112046 -2.7131e-21)
(1.27445 -0.119826 1.47333e-21)
(1.28696 -0.127628 2.80684e-21)
(1.29997 -0.135388 -1.05039e-21)
(1.31355 -0.143008 -1.88131e-21)
(1.32762 -0.150271 6.39943e-22)
(1.34179 -0.156949 1.45769e-21)
(1.35527 -0.162983 -5.46655e-21)
(1.3669 -0.168002 -2.84773e-21)
)
;
    }
    procBoundary1to3
    {
        type            processor;
        value           nonuniform List<vector> 
41
(
(-0.000843729 -0.0296883 9.88787e-22)
(-0.00654521 -0.0784696 -2.83745e-21)
(-0.0187743 -0.11758 -3.30689e-21)
(-0.0341816 -0.146411 3.28569e-21)
(-0.0512405 -0.166971 -3.02295e-21)
(-0.0684386 -0.182675 -1.61357e-21)
(-0.0845945 -0.196788 2.76281e-21)
(-0.0991827 -0.211381 3.43279e-21)
(-0.112042 -0.227101 -5.6645e-22)
(-0.123352 -0.243352 1.67529e-21)
(-0.144201 -0.26635 -1.33657e-22)
(-0.158099 -0.292185 3.0414e-23)
(-0.155362 -0.274788 1.94333e-22)
(-0.134226 -0.192502 -2.01681e-22)
(-0.075706 -0.0161906 5.33594e-23)
(0.0106702 0.225438 1.68435e-22)
(0.105894 0.452769 3.82473e-24)
(0.183591 0.603836 -8.53628e-23)
(0.208054 0.677496 -5.7799e-23)
(0.166154 0.711425 -5.20076e-23)
(0.17564 0.580771 1.27734e-23)
(0.361908 0.224911 -9.94067e-23)
(0.564217 -0.136216 6.25473e-23)
(0.709996 -0.435662 -1.69061e-23)
(0.776985 -0.52508 -9.37556e-24)
(0.82172 -0.564327 -7.60341e-24)
(0.740672 -0.577083 4.24629e-23)
(0.619946 -0.537948 7.66583e-23)
(0.62731 -0.314291 6.15069e-24)
(0.774207 0.102691 3.84157e-23)
(0.886889 0.229558 -1.54829e-23)
(0.915601 0.442598 -1.19909e-23)
(0.863856 0.476644 -3.75833e-24)
(0.857372 0.443869 -1.24574e-23)
(0.88401 0.329103 -1.61654e-23)
(0.934995 -0.117699 -1.16495e-23)
(0.953471 -0.211262 8.57116e-24)
(0.983042 -0.526256 -4.61831e-23)
(0.959309 -0.47515 -2.14344e-24)
(0.948585 -0.0043422 1.72165e-24)
(0.983042 -0.526256 -4.61831e-23)
)
;
    }
}


// ************************************************************************* //
