/*--------------------------------*- C++ -*----------------------------------*\
  =========                 |
  \\      /  F ield         | OpenFOAM: The Open Source CFD Toolbox
   \\    /   O peration     | Website:  https://openfoam.org
    \\  /    A nd           | Version:  7
     \\/     M anipulation  |
\*---------------------------------------------------------------------------*/
FoamFile
{
    version     2.0;
    format      ascii;
    class       surfaceScalarField;
    location    "220";
    object      phi;
}
// * * * * * * * * * * * * * * * * * * * * * * * * * * * * * * * * * * * * * //

dimensions      [0 3 -1 0 0 0 0];

internalField   nonuniform List<scalar> 
4148
(
0.0831944
0.0221616
0.0219743
0.0745818
0.0816382
0.0235305
0.0206369
0.063395
0.0229744
0.0722444
0.0797956
0.024817
0.0135906
0.0364114
0.0176183
0.0486935
0.0210549
0.0599584
0.0238085
0.0694908
0.0776139
0.0259902
0.00870327
0.0208421
0.0129819
0.0321328
0.0173287
0.0443467
0.0212147
0.0560724
0.0244284
0.066277
0.0750323
0.0270101
0.00452387
0.00941882
0.00792181
0.0174442
0.012178
0.0278766
0.0167606
0.039764
0.0210731
0.0517599
0.0247785
0.0625716
0.0719833
0.0278276
0.00188805
0.00280238
0.00395958
0.00734728
0.007087
0.0143168
0.0112084
0.0237552
0.0159139
0.0350586
0.0205943
0.0470795
0.0247995
0.0583664
0.0684022
0.0283805
0.00160751
0.0017799
0.00341601
0.00553878
0.00623114
0.0115017
0.0101141
0.0198722
0.0148075
0.0303652
0.0197564
0.0421307
0.0244324
0.0536903
0.0642298
0.0286048
0.000487065
-0.000520127
0.00134846
0.000918499
0.00290002
0.00398723
0.00538041
0.00902126
0.00894108
0.0163115
0.01348
0.0258263
0.0185601
0.0370506
0.0236236
0.0486268
0.0594299
0.0284235
7.73526e-05
-0.000679665
0.000396543
-0.000839318
0.00110698
0.000208061
0.00241221
0.002682
0.00455165
0.00688181
0.00773216
0.013131
0.0119847
0.0215738
0.0170317
0.0320036
0.0223447
0.0433138
0.0539941
0.0277804
6.06527e-05
-0.000740318
0.000309592
-0.00108826
0.000877207
-0.000359555
0.00194818
0.00161102
0.00375175
0.00507824
0.00652018
0.0103626
0.0103802
0.0177138
0.0152296
0.0271542
0.0205468
0.0379966
0.0478292
0.0267118
4.29035e-05
-0.000783222
0.000222344
-0.0012677
0.000652683
-0.000789893
0.00150069
0.000763012
0.00297961
0.00359933
0.00532503
0.00801717
0.00872136
0.0143174
0.0132204
0.0226551
0.0182584
0.0329585
0.041
0.0250876
2.29494e-05
-0.000806171
0.000131587
-0.00137633
0.000427729
-0.00108604
0.00106216
0.000128584
0.00222977
0.00243171
0.00415567
0.00609128
0.00705134
0.0114218
0.0110643
0.0186422
0.0158337
0.0281891
0.0362598
0.020574
-4.66109e-08
-0.000806124
3.5384e-05
-0.00141177
0.000198628
-0.00124928
0.000626963
-0.000299751
0.00149654
0.00156213
0.00301448
0.00457333
0.00539636
0.00903988
0.00881879
0.0152198
0.0132252
0.0237827
0.0315766
0.0179083
-2.60291e-05
-0.000780095
-6.67864e-05
-0.00137101
-3.56418e-05
-0.00128042
0.000192978
-0.000528371
0.000777458
0.000977654
0.00190268
0.00344811
0.003774
0.00716857
0.0065724
0.0124213
0.0104761
0.019879
0.027103
0.0149498
-5.48349e-05
-0.00072526
-0.000173653
-0.00125219
-0.000272744
-0.00118133
-0.000236838
-0.000564278
7.31246e-05
0.000667692
0.000825522
0.00269571
0.0022003
0.00579379
0.0043817
0.01024
0.00766121
0.0165995
0.0230181
0.011746
-8.54609e-05
-0.0006398
-0.000282524
-0.00105513
-0.000508168
-0.000955688
-0.000655533
-0.000416913
-0.000600461
0.000612621
-0.000203652
0.0022989
0.000699175
0.00489096
0.00228711
0.00865202
0.00488928
0.0139973
0.019486
0.00842139
-0.000116578
-0.000523222
-0.000389618
-0.000782087
-0.000735041
-0.000610265
-0.00105334
-9.86103e-05
-0.00123562
0.000794893
-0.00116245
0.00222574
-0.000696843
0.00442535
0.000304419
0.00765076
0.00228511
0.0120166
0.016642
0.0051291
-0.000146614
-0.000376608
-0.000490554
-0.000438147
-0.000945637
-0.000155182
-0.00141822
0.000373975
-0.00181304
0.00118971
-0.00202885
0.00244155
-0.00194669
0.0043432
-0.00138941
0.00709347
5.75691e-05
0.0105696
0.0146863
0.00201325
-0.00017395
-0.000202658
-0.000580929
-3.11674e-05
-0.00113203
0.000395914
-0.00173881
0.000980756
-0.00231679
0.00176769
-0.00277999
0.00290476
-0.00302369
0.00458689
-0.00288815
0.00695793
-0.00217887
0.00986036
0.0132435
-0.000735982
-0.000197155
-5.50378e-06
-0.000656688
0.000428366
-0.00128764
0.00102687
-0.00200541
0.00169852
-0.00273416
0.00249644
-0.00339973
0.00357033
-0.0039102
0.00509736
-0.00412612
0.00717385
-0.00389109
0.00962534
0.0122973
-0.00294489
-0.000214906
0.000209402
-0.000714877
0.000928336
-0.00140745
0.00171944
-0.00221141
0.00250248
-0.00305748
0.00334251
-0.00388039
0.00439324
-0.00459961
0.00581659
-0.00509712
0.00767136
-0.00524986
0.00977807
0.0118929
-0.00484554
-0.000226475
0.000435877
-0.00075336
0.00145522
-0.00148838
0.00245446
-0.00235348
0.00336758
-0.0032844
0.00427342
-0.00422287
0.00533171
-0.00509961
0.00669333
-0.00582039
0.00839214
-0.00629563
0.0102533
0.0119859
-0.00638864
-0.00023137
0.000667247
-0.000771105
0.00199496
-0.00152924
0.0032126
-0.00243117
0.0042695
-0.00341679
0.00525905
-0.00443383
0.00634876
-0.00542447
0.00768396
-0.00631864
0.00928632
-0.00705892
0.0109936
0.0125056
-0.00757859
-0.000229487
0.000896734
-0.000768014
0.00253348
-0.0015304
0.00397499
-0.00244622
0.00518532
-0.00345919
0.00627202
-0.0045225
0.00741206
-0.00558962
0.00875108
-0.00661302
0.0103097
-0.00756401
0.0119446
0.013369
-0.0084274
-0.000221036
0.00111777
-0.00074476
0.00305721
-0.0014934
0.00472363
-0.00240174
0.00609365
-0.00341732
0.0072876
-0.00449828
0.00849303
-0.00560847
0.00986127
-0.00671953
0.0114208
-0.00782568
0.0130507
0.0144868
-0.00894348
-0.000206472
0.00132424
-0.000702608
0.00355334
-0.0014206
0.00544163
-0.00230161
0.00697466
-0.00329711
0.0082831
-0.00436947
0.00956539
-0.00549099
0.0109828
-0.00664784
0.0125776
-0.00784978
0.0142527
0.0157662
-0.0091292
-0.000186444
0.00151069
-0.000643282
0.00401018
-0.00131496
0.0061133
-0.00215014
0.00780985
-0.0031043
0.00923725
-0.00414297
0.0106041
-0.00524412
0.0120839
-0.00640293
0.0137364
-0.00763705
0.0154868
0.0171127
-0.00898349
-0.000161751
0.00167244
-0.000568868
0.0044173
-0.00117987
0.00672431
-0.00195196
0.00858194
-0.00284453
0.0101298
-0.00382487
0.0115844
-0.00487327
0.0131323
-0.00598817
0.0148513
-0.00718791
0.0166865
0.0184312
-0.00850647
-0.000133313
0.00180575
-0.00048177
0.00476575
-0.00101921
0.00726175
-0.00171214
0.00927486
-0.00252372
0.0109414
-0.00342142
0.0124821
-0.00438433
0.0140953
-0.00540856
0.0158756
-0.0065069
0.0177849
0.0196288
-0.00770448
-0.000102145
0.0019079
-0.000384683
0.00504829
-0.000837329
0.00771439
-0.00143636
0.00987389
-0.00214857
0.0116536
-0.00294007
0.0132736
-0.00378537
0.0149406
-0.00467336
0.0167636
-0.00560618
0.0187177
0.0206181
-0.00659552
-6.93382e-05
-0.000280576
-0.000639112
-0.00113116
-0.00172705
-0.00239025
-0.00308792
-0.00379775
-0.00450746
-0.0052112
0.206942
-0.00114787
0.208184
-0.00124159
0.209518
-0.00133376
0.210942
-0.00142423
0.212455
-0.00151285
0.214054
-0.00159944
0.215738
-0.00168387
0.217504
-0.00176595
0.21935
-0.00184567
0.221272
-0.00192246
-0.00199785
0.22327
0.197492
-0.00224861
0.198682
-0.00243156
0.19996
-0.00261148
0.201324
-0.00278806
0.202772
-0.00296102
0.204302
-0.00313002
0.205913
-0.00329483
0.207602
-0.00345502
0.209367
-0.00361064
0.211205
-0.00376053
-0.00390767
0.213115
0.188628
-0.00330844
0.189773
-0.00357663
0.191002
-0.0038404
0.192313
-0.0040993
0.193705
-0.00435289
0.195175
-0.00460071
0.196723
-0.00484241
0.198345
-0.00507737
0.20004
-0.00530569
0.201805
-0.00552561
-0.00574171
0.203639
0.180291
-0.00433286
0.181398
-0.00468268
0.182584
-0.00502677
0.183849
-0.00536454
0.185192
-0.00569543
0.18661
-0.00601884
0.188102
-0.00633432
0.189665
-0.00664107
0.191299
-0.00693923
0.193
-0.00722646
-0.00750904
0.194767
0.172432
-0.00532608
0.173504
-0.00575423
0.174652
-0.00617541
0.175877
-0.00658891
0.177175
-0.00699406
0.178547
-0.00739013
0.179989
-0.00777659
0.1815
-0.00815244
0.183079
-0.00851791
0.184723
-0.00887
-0.00921692
0.18643
0.165005
-0.00629156
0.166046
-0.00679494
0.167161
-0.0072902
0.168349
-0.00777653
0.169608
-0.00825314
0.170937
-0.00871918
0.172334
-0.00917403
0.173798
-0.00961652
0.175327
-0.010047
0.176919
-0.0104617
-0.0108711
0.178573
0.157973
-0.00723197
0.158986
-0.00780767
0.16007
-0.0083742
0.161224
-0.00893062
0.162447
-0.00947605
0.163737
-0.0100095
0.165094
-0.0105304
0.166514
-0.0110371
0.167998
-0.0115304
0.169542
-0.0120056
-0.0124757
0.171146
0.151303
-0.00814943
0.15229
-0.00879467
0.153346
-0.00942976
0.154469
-0.0100537
0.155658
-0.0106654
0.156912
-0.0112638
0.15823
-0.0118483
0.15961
-0.0124172
0.161051
-0.0129712
0.16255
-0.0135049
-0.0140339
0.164109
0.144967
-0.00904549
0.14593
-0.00975759
0.146959
-0.0104586
0.148052
-0.0111475
0.14921
-0.011823
0.15043
-0.0124841
0.151712
-0.01313
0.153054
-0.0137588
0.154454
-0.0143714
0.15591
-0.0149615
-0.0155478
0.157424
0.13894
-0.00992141
0.13988
-0.0106977
0.140883
-0.0114621
0.141949
-0.0122134
0.143077
-0.0129504
0.144264
-0.0136718
0.145511
-0.0143768
0.146816
-0.0150633
0.148177
-0.0157324
0.149592
-0.0163769
-0.0170186
0.151063
0.133201
-0.0107781
0.13412
-0.011616
0.135099
-0.0124412
0.136138
-0.0132524
0.137236
-0.0140484
0.138392
-0.0148277
0.139604
-0.0155895
0.140873
-0.0163315
0.142195
-0.017055
0.14357
-0.0177518
-0.0184469
0.144998
0.126895
-0.0107072
0.127733
-0.0116161
0.12863
-0.012513
0.129586
-0.0133964
0.130598
-0.0142651
0.131668
-0.0151176
0.132792
-0.0159524
0.133971
-0.0167687
0.135204
-0.0175639
0.136488
-0.0183393
0.137823
-0.0190863
-0.0198326
0.139208
0.1217
-0.0114702
0.12252
-0.012436
0.123396
-0.0133892
0.124328
-0.0143283
0.125315
-0.0152518
0.126356
-0.0161583
0.127449
-0.0170462
0.128595
-0.0179145
0.129792
-0.0187605
0.131038
-0.0195855
0.132332
-0.0203803
-0.0211753
0.133675
0.116746
-0.012218
0.117548
-0.0132381
0.118404
-0.014245
0.119312
-0.0152371
0.120273
-0.0162128
0.121286
-0.0171707
0.122349
-0.0181091
0.123461
-0.0190268
0.124622
-0.0199211
0.125829
-0.0207931
0.127082
-0.0216334
-0.0224742
0.128381
0.11202
-0.0129512
0.112805
-0.0140227
0.11364
-0.0150805
0.114526
-0.0161229
0.115462
-0.0171482
0.116446
-0.0181548
0.117478
-0.019141
0.118556
-0.0201055
0.119681
-0.0210455
0.120849
-0.0219616
0.122061
-0.0228449
-0.0237284
0.123315
0.107513
-0.0136698
0.10828
-0.0147901
0.109096
-0.0158961
0.109959
-0.0169859
0.110869
-0.018058
0.111824
-0.0191106
0.112825
-0.0201418
0.11387
-0.0211503
0.114958
-0.0221334
0.116087
-0.0230905
0.117256
-0.0240143
-0.0249368
0.118465
0.103214
-0.0143743
0.103965
-0.0155404
0.10476
-0.0166917
0.105601
-0.0178263
0.106485
-0.0189424
0.107412
-0.0200381
0.108382
-0.0211115
0.109393
-0.0221609
0.110444
-0.0231843
0.111533
-0.0241795
0.112659
-0.025141
-0.026099
0.113821
0.0991155
-0.0150649
0.099849
-0.016274
0.100625
-0.0174677
0.101443
-0.0186441
0.102302
-0.0198013
0.103201
-0.0209372
0.104139
-0.0220502
0.105116
-0.0231376
0.10613
-0.0241985
0.107179
-0.0252284
0.108263
-0.0262252
-0.0272147
0.109379
0.0952082
-0.0157419
0.0959253
-0.0169911
0.0966821
-0.0182245
0.0974777
-0.0194397
0.0983115
-0.0206351
0.0991825
-0.0218081
0.10009
-0.0229579
0.101033
-0.0240805
0.102011
-0.0251767
0.103021
-0.026238
0.104064
-0.027268
-0.0282846
0.105134
0.091485
-0.0164058
0.0921861
-0.0176922
0.0929241
-0.0189624
0.0936982
-0.0202137
0.094508
-0.021445
0.0953522
-0.0226523
0.0962306
-0.0238363
0.0971405
-0.0249905
0.0980837
-0.0261199
0.0990547
-0.027209
0.100057
-0.0282707
-0.0293088
0.101082
0.0879397
-0.0170572
0.0886254
-0.0183779
0.0893452
-0.0196822
0.0900982
-0.0209668
0.0908848
-0.0222316
0.0917032
-0.0234707
0.0925546
-0.0246878
0.0934344
-0.0258703
0.0943459
-0.0270314
0.0952788
-0.0281419
0.0962423
-0.0292342
-0.0302834
0.0972169
0.0845662
-0.0176974
0.0852383
-0.01905
0.0859421
-0.020386
0.0866763
-0.0217009
0.0874413
-0.0229966
0.0882346
-0.0242639
0.0890592
-0.0255124
0.089908
-0.026719
0.0907888
-0.0279122
0.0916812
-0.0290344
0.0926026
-0.0301556
-0.0311933
0.0935124
0.081359
-0.0183275
0.0820188
-0.0197098
0.0827086
-0.0210757
0.0834271
-0.0224194
0.0841746
-0.0237442
0.0849464
-0.0250357
0.0857454
-0.0263114
0.0865586
-0.0275322
0.0873999
-0.0287535
0.0882349
-0.0298694
0.0890964
-0.031017
-0.0320009
0.089904
0.0783174
-0.0189488
0.0789657
-0.0203581
0.0796408
-0.0217508
0.0803418
-0.0231204
0.0810689
-0.0244713
0.0818167
-0.0257835
0.0825871
-0.0270818
0.0833589
-0.028304
0.0841461
-0.0295407
0.0848912
-0.0306145
0.0856495
-0.0317754
-0.0326358
0.0862844
0.0754394
-0.0195637
0.0760778
-0.0209965
0.0767377
-0.0224107
0.0774166
-0.0237993
0.0781113
-0.025166
0.0788161
-0.0264883
0.0795297
-0.0277954
0.0802296
-0.0290039
0.0809258
-0.0302368
0.0815331
-0.0312218
0.0821198
-0.0323621
-0.032985
0.0824691
0.0727106
-0.0201689
0.0733344
-0.0216203
0.0739731
-0.0230494
0.0746222
-0.0244484
0.0752723
-0.0258161
0.0759133
-0.0271293
0.0765297
-0.0284118
0.0770984
-0.0295726
0.0776139
-0.0307523
0.0779879
-0.0315958
0.0782841
-0.0326583
-0.0328906
0.0781896
0.070102
-0.0207508
0.0706928
-0.0222111
0.0712872
-0.0236438
0.0718789
-0.0250401
0.0724543
-0.0263914
0.0729995
-0.0276746
0.0734798
-0.0288921
0.0738656
-0.0299584
0.0740994
-0.0309861
0.0741095
-0.0316059
0.0739128
-0.0324616
-0.0321668
0.073189
0.0675796
-0.0212899
0.0681116
-0.0227432
0.0686273
-0.0241594
0.0691141
-0.025527
0.0695518
-0.0268291
0.0699189
-0.0280417
0.0701686
-0.0291418
0.0702699
-0.0300596
0.0701126
-0.0308289
0.0696476
-0.0311409
0.0687406
-0.0315546
-0.0306406
0.0672145
0.0650976
-0.0217673
0.0655473
-0.0231929
0.065952
-0.0245642
0.0662873
-0.0258622
0.0665181
-0.0270599
0.0666012
-0.0281248
0.0664717
-0.0290123
0.0660794
-0.0296673
0.0652998
-0.0300493
0.0641462
-0.0299874
0.0623286
-0.029737
-0.0282289
0.0599169
0.0626143
0.062952
0.0632048
0.0633327
0.0632829
0.0629856
0.0623539
0.0612915
0.0596657
0.0574587
0.0544335
0.0512922
0.223839
-0.000568608
0.224342
-0.000503062
0.224735
-0.000393568
0.225024
-0.000289214
0.225143
-0.000118456
0.225112
3.08814e-05
0.224836
0.000275808
0.224345
0.000491092
0.223539
0.000805881
0.222422
0.00111722
0.22099
0.00143189
0.219128
0.00186218
0.217115
0.00201297
0.214617
0.00249843
0.212331
0.00228513
0.2098
0.00253122
0.20801
0.00179014
0.206633
0.00137656
0.206723
-8.94922e-05
0.208302
-0.00157882
0.211102
-0.00280059
0.215292
-0.00418932
0.216238
-0.000946395
0.217274
-0.0010358
0.214466
0.00280779
0.209327
0.00513873
0.2056
0.00372783
0.200165
0.0054341
0.207781
-0.00761531
-0.0100019
0.213668
-0.00112157
0.214158
-0.000992814
0.214542
-0.000778015
0.214827
-0.000574046
0.214947
-0.000238709
0.214925
5.3781e-05
0.214664
0.000536204
0.214195
0.000959763
0.213419
0.00158242
0.212337
0.00219964
0.210944
0.00282488
0.20912
0.00368574
0.207146
0.00398721
0.20468
0.00496465
0.202412
0.00455256
0.199899
0.00504436
0.198082
0.00360687
0.196674
0.00278494
0.196746
-0.000161763
0.198341
-0.00317358
0.201332
-0.00579218
0.205671
-0.00852768
0.206648
-0.00192347
0.20766
-0.00204827
0.204842
0.00562656
0.199682
0.0102986
0.195642
0.00776749
0.190079
0.0109976
0.197655
-0.0151917
-0.0199211
0.204187
-0.00166888
0.204673
-0.0014786
0.205056
-0.00116124
0.205343
-0.000861384
0.205471
-0.000366543
0.205461
6.39519e-05
0.205218
0.00077936
0.20477
0.00140748
0.204015
0.00233683
0.202952
0.00326319
0.201575
0.00420228
0.199749
0.00551166
0.197768
0.00596757
0.195266
0.00746671
0.192944
0.00687522
0.190373
0.00761502
0.188434
0.00554602
0.18692
0.00429859
0.186941
-0.00018289
0.188639
-0.00487182
0.192081
-0.00923366
0.196861
-0.013308
0.197925
-0.00298751
0.19889
-0.0030134
0.195994
0.00852272
0.190611
0.015682
0.185838
0.0125405
0.179799
0.0170368
0.187532
-0.0229254
-0.0300525
0.195315
-0.00221713
0.195803
-0.00196636
0.19619
-0.00154851
0.196486
-0.00115665
0.196626
-0.000506477
0.196632
5.73675e-05
0.196409
0.00100208
0.195983
0.00183382
0.195248
0.0030715
0.194193
0.00431833
0.192816
0.00557914
0.190957
0.00737154
0.188938
0.00798624
0.186345
0.0100592
0.183912
0.00930837
0.181224
0.0103038
0.179078
0.00769145
0.177389
0.00598801
0.177291
-8.55145e-05
0.179183
-0.00676361
0.183301
-0.0133514
0.188785
-0.0187919
0.190001
-0.0042034
0.190838
-0.00385115
0.187866
0.0114953
0.182079
0.0214689
0.176269
0.01835
0.169402
0.0239041
0.177113
-0.0306366
-0.0406108
0.186984
-0.0027704
0.187477
-0.00245981
0.187872
-0.00194321
0.188178
-0.00146303
0.188335
-0.000662971
0.188362
3.008e-05
0.188165
0.00119939
0.187762
0.0022362
0.187049
0.00378492
0.185996
0.00537082
0.184611
0.00696431
0.182693
0.00928941
0.180614
0.0100656
0.177888
0.0127854
0.175303
0.0118931
0.17245
0.0131573
0.170025
0.0101157
0.168085
0.00792789
0.167762
0.000237988
0.169951
-0.00895227
0.174948
-0.0183491
0.181387
-0.0252309
0.182823
-0.00563871
0.1834
-0.00442828
0.180396
0.014499
0.174067
0.0277981
0.167093
0.0253238
0.158886
0.0321113
0.165859
-0.0376096
-0.0516888
0.179133
-0.00333043
0.179634
-0.0029603
0.180037
-0.00234674
0.180357
-0.00178268
0.180533
-0.000839356
0.180585
-2.19052e-05
0.18042
0.00136495
0.180046
0.00260971
0.179359
0.00447229
0.178308
0.00642172
0.17691
0.00836251
0.174917
0.0112823
0.172761
0.0122216
0.169869
0.0156775
0.167102
0.0146596
0.164048
0.0162113
0.161291
0.0128725
0.159006
0.0102137
0.15831
0.000933844
0.160911
-0.0115539
0.166987
-0.0244245
0.17463
-0.0328746
0.176345
-0.0073533
0.1765
-0.00458357
0.173505
0.0174947
0.166564
0.0347385
0.158523
0.0333648
0.148298
0.0423368
0.153279
-0.0425911
-0.0632048
0.171713
-0.00389676
0.172219
-0.00346695
0.172631
-0.00275875
0.172964
-0.00211572
0.173163
-0.00103851
0.173245
-0.00010385
0.173119
0.00149164
0.172782
0.00294674
0.172128
0.00512632
0.171082
0.0074672
0.169669
0.00977605
0.16759
0.0133607
0.165345
0.0144669
0.162266
0.0187566
0.159295
0.0176301
0.156018
0.0194883
0.152899
0.0159919
0.150138
0.0129748
0.148895
0.00217655
0.152014
-0.0146727
0.159387
-0.0317979
0.16848
-0.0419677
0.170517
-0.00938971
0.170087
-0.00415376
0.167094
0.0204877
0.159575
0.0422577
0.150711
0.0422288
0.137882
0.0551652
0.139584
-0.0442928
-0.0748624
0.164679
-0.00446684
0.165188
-0.00397671
0.165607
-0.0031768
0.165952
-0.00246142
0.166176
-0.00126267
0.166293
-0.00022022
0.166214
0.00157068
0.165924
0.00323649
0.165313
0.00573765
0.164281
0.00849874
0.162851
0.0112063
0.160682
0.0155295
0.158336
0.016813
0.15506
0.0220323
0.151867
0.0208233
0.148362
0.0229932
0.144876
0.0194776
0.141471
0.0163798
0.139491
0.00415721
0.143163
-0.0183453
0.152101
-0.0407354
0.162887
-0.0527541
0.165263
-0.0117654
0.164123
-0.00301414
0.161074
0.0235369
0.1531
0.0502321
0.143644
0.0516844
0.128065
0.0707444
0.125959
-0.0421869
-0.0861825
0.157993
-0.00503608
0.158501
-0.00448438
0.158921
-0.00359672
0.159277
-0.00281732
0.159528
-0.00151338
0.159684
-0.000376491
0.159662
0.00159263
0.159434
0.00346488
0.158876
0.00629518
0.157871
0.00950338
0.156423
0.0126548
0.154163
0.0177896
0.151705
0.0192713
0.148232
0.0255045
0.144801
0.0242549
0.141084
0.0267103
0.137252
0.0233095
0.133031
0.0206011
0.130083
0.00710504
0.134173
-0.0224352
0.14496
-0.0515231
0.157718
-0.0655118
0.160447
-0.0144947
0.158573
-0.00113983
0.155375
0.0267351
0.147099
0.0585082
0.137221
0.0615622
0.119437
0.0885285
0.113897
-0.036647
-0.0966126
0.151625
-0.00559783
0.152123
-0.00498247
0.152538
-0.00401229
0.152901
-0.0031797
0.153178
-0.00179103
0.153381
-0.000578782
0.153426
0.00154715
0.153277
0.00361438
0.152785
0.00678624
0.151825
0.010464
0.150356
0.0141237
0.148006
0.0201398
0.145425
0.0218524
0.141761
0.0291683
0.138081
0.027935
0.134186
0.0306047
0.130047
0.027449
0.124895
0.0257533
0.120693
0.0113068
0.124697
-0.0264395
0.137472
-0.0642979
0.152577
-0.0806168
0.155819
-0.0177368
0.153364
0.00131519
0.149935
0.0301638
0.141489
0.0669545
0.131361
0.0716901
0.11239
0.107499
0.104249
-0.0285056
-0.10567
0.145544
-0.00614348
0.146023
-0.00546124
0.146426
-0.0044155
0.146789
-0.00354282
0.147094
-0.00209557
0.147348
-0.000833533
0.147473
0.00142273
0.147423
0.00366428
0.147013
0.00719611
0.146117
0.0113603
0.144623
0.0156169
0.142185
0.0225787
0.139472
0.0245654
0.135619
0.0330207
0.131693
0.0318609
0.127661
0.0346368
0.123267
0.0318433
0.117232
0.0317887
0.111418
0.0171205
0.114296
-0.0293173
0.128718
-0.0787207
0.146657
-0.0985558
0.150951
-0.0220305
0.148337
0.00392886
0.144682
0.0338192
0.136164
0.0754722
0.126012
0.0818425
0.106894
0.126617
0.0970422
-0.0186538
-0.113005
0.139727
-0.00666245
0.140175
-0.00590865
0.140556
-0.00479632
0.140912
-0.0038993
0.141243
-0.00242614
0.141556
-0.00114707
0.141773
0.00120608
0.141846
0.00359141
0.141535
0.0075067
0.140725
0.0121703
0.139203
0.0171392
0.136676
0.0251055
0.133821
0.0274201
0.129779
0.0370631
0.125631
0.0360087
0.121483
0.0387845
0.116903
0.0364234
0.110231
0.0384606
0.102508
0.0248436
0.102897
-0.0297065
0.117923
-0.0937465
0.138999
-0.119631
0.145277
-0.028309
0.143241
0.0059653
0.139513
0.0375469
0.131018
0.0839669
0.121105
0.0917554
0.102627
0.145095
0.0918166
-0.00784334
-0.118461
0.134154
-0.0071422
0.134556
-0.00631053
0.134903
-0.00514296
0.135243
-0.00423957
0.135599
-0.00278142
0.135976
-0.00152502
0.136301
0.000881378
0.136521
0.00337122
0.136334
0.00769447
0.135631
0.0128731
0.134074
0.0186962
0.131459
0.0277207
0.128448
0.030431
0.124214
0.041297
0.119883
0.0403397
0.115611
0.0430569
0.110955
0.0410792
0.104
0.0454154
0.0943839
0.0344596
0.0915179
-0.0268404
0.105668
-0.107896
0.129312
-0.143275
0.138397
-0.0373937
0.137791
0.00657041
0.134312
0.0410263
0.12597
0.0923089
0.11655
0.101175
0.099195
0.16245
0.0879735
0.00337811
-0.122099
0.128807
-0.00756824
0.129148
-0.00665092
0.129446
-0.00544156
0.129759
-0.00455246
0.130136
-0.0031586
0.130584
-0.00197267
0.131035
0.000430222
0.131428
0.0029785
0.131394
0.00772843
0.130815
0.0134518
0.129219
0.0202922
0.126513
0.0304266
0.123323
0.0336213
0.118907
0.0457132
0.114428
0.0448186
0.110002
0.0474831
0.105422
0.0456589
0.0984765
0.0523606
0.0875535
0.0453827
0.0821348
-0.0214217
0.0941584
-0.11992
0.118528
-0.167645
0.130382
-0.0492473
0.131826
0.00512585
0.12898
0.0438727
0.120965
0.100323
0.112254
0.109886
0.096257
0.178448
0.0849915
0.0146436
-0.124128
0.123671
-0.00792436
0.123933
-0.00691246
0.124167
-0.00567635
0.12444
-0.00482511
0.124835
-0.00355336
0.125357
-0.00249478
0.125955
-0.000167831
0.126547
0.0023868
0.126705
0.00756971
0.126262
0.0138949
0.124625
0.0219295
0.121822
0.0332297
0.11842
0.0370234
0.113847
0.0502865
0.109229
0.0494358
0.104634
0.0520786
0.100283
0.0500103
0.0935051
0.0591381
0.0823288
0.056559
0.0761744
-0.0152674
0.0854039
-0.12915
0.108046
-0.190287
0.121727
-0.0629283
0.12538
0.00147255
0.123475
0.0457779
0.11598
0.107818
0.108085
0.117782
0.0935526
0.19298
0.0825027
0.0256935
-0.12482
0.118733
-0.008193
0.118898
-0.00707685
0.119051
-0.00582958
0.119269
-0.00504317
0.119675
-0.00395939
0.120279
-0.00309892
0.12104
-0.000928644
0.121862
0.00156435
0.122259
0.00717309
0.121958
0.014196
0.120279
0.0236085
0.117365
0.0361438
0.113718
0.0406707
0.109022
0.0549822
0.104249
0.054209
0.0995115
0.0568158
0.0954772
0.0540446
0.0889246
0.0656906
0.0785924
0.0668912
0.0732188
-0.00989377
0.0794925
-0.135423
0.0986116
-0.209406
0.112955
-0.077272
0.118616
-0.00418771
0.117817
0.0465761
0.111008
0.114628
0.10395
0.12484
0.090921
0.206009
0.0802565
0.0363581
-0.124451
0.113984
-0.00835566
0.114033
-0.00712536
0.114085
-0.00588195
0.114233
-0.0051907
0.114641
-0.00436738
0.115332
-0.00379042
0.116276
-0.00187287
0.117364
0.000477014
0.118047
0.00649009
0.117892
0.0143508
0.11617
0.0253302
0.113121
0.0391925
0.109203
0.0445886
0.104412
0.0597738
0.0994592
0.0591617
0.0946448
0.0616303
0.0909036
0.0577858
0.0846191
0.0719752
0.0758062
0.075704
0.0717573
-0.00584482
0.0752422
-0.138908
0.0902274
-0.224391
0.104394
-0.0914381
0.111708
-0.0115021
0.112065
0.046219
0.106058
0.120634
0.099846
0.131052
0.0882678
0.217587
0.0781019
0.0465239
-0.123274
0.109417
-0.0083933
0.109331
-0.00703917
0.109262
-0.00581301
0.10932
-0.00524889
0.109719
-0.0047662
0.110503
-0.00457442
0.111646
-0.00301639
0.11304
-0.000916246
0.114059
0.00547096
0.114056
0.0143538
0.112286
0.0270998
0.109071
0.0424075
0.104871
0.0487885
0.0999898
0.0646551
0.0948513
0.0643001
0.0900283
0.0664533
0.0864777
0.0613364
0.080501
0.0779519
0.0734284
0.0827767
0.070603
-0.00301941
0.0717087
-0.140014
0.0827271
-0.235409
0.0962187
-0.10493
0.104803
-0.0200861
0.106293
0.0447289
0.101154
0.125773
0.0957726
0.136434
0.0855509
0.227808
0.0759497
0.0561251
-0.121506
0.105027
-0.00828678
0.104788
-0.00679971
0.104575
-0.00560051
0.104521
-0.00519435
0.104896
-0.00514173
0.105774
-0.00545278
0.107127
-0.00436931
0.108873
-0.0026616
0.110279
0.00406469
0.110439
0.0141936
0.108612
0.0289272
0.105195
0.0458241
0.100714
0.0532695
0.0957288
0.0696407
0.0904248
0.0696042
0.08564
0.071238
0.0821541
0.0648223
0.0765347
0.0835713
0.0711224
0.0881889
0.0692586
-0.00115561
0.0685327
-0.139288
0.0760522
-0.242929
0.0885563
-0.117434
0.0980357
-0.0295655
0.100578
0.0421868
0.0963217
0.130029
0.0917373
0.141018
0.082758
0.236788
0.073756
0.0651271
-0.119326
0.10081
-0.00801514
0.100398
-0.00638818
0.100016
-0.00521786
0.099818
-0.00499648
0.100151
-0.00547483
0.101115
-0.00641708
0.102679
-0.00593307
0.104823
-0.00480577
0.106672
0.00221625
0.10702
0.0138457
0.105124
0.0308225
0.101476
0.0494721
0.0967234
0.0580223
0.0916087
0.0747555
0.0861794
0.0750334
0.0814528
0.0759647
0.0779275
0.0683476
0.0726936
0.0888051
0.068732
0.0921506
0.067596
-1.95998e-05
0.0655791
-0.137271
0.0701649
-0.247514
0.0814949
-0.128764
0.0915182
-0.0395888
0.0949897
0.0387153
0.0915892
0.13343
0.0877531
0.144854
0.0798955
0.244645
0.0715054
0.0735171
-0.116878
0.0967547
-0.00755288
0.0961481
-0.00578159
0.0955595
-0.00462927
0.095177
-0.00461399
0.0954376
-0.00573539
0.0964613
-0.00744077
0.098221
-0.00769278
0.100801
-0.00738552
0.103156
-0.000139451
0.103743
0.0132593
0.101785
0.0327804
0.0978923
0.0533648
0.0928835
0.063031
0.0876162
0.0800228
0.0821106
0.080539
0.0774437
0.0806316
0.0738104
0.0719809
0.0689638
0.0936518
0.0662055
0.0949089
0.0656277
0.000558188
0.0627696
-0.134413
0.0649984
-0.249743
0.0750779
-0.138843
0.0853328
-0.0498437
0.0895846
0.0344636
0.0869829
0.136031
0.083836
0.148001
0.0769801
0.251501
0.0691989
0.0812984
-0.114277
0.0928294
-0.00686994
0.0919961
-0.00494824
0.0911509
-0.00378406
0.0905282
-0.00399135
0.090666
-0.00587319
0.0916935
-0.00846819
0.0936045
-0.0096038
0.0966313
-0.0104124
0.0995763
-0.00308437
0.1005
0.0123353
0.0985284
0.0347522
0.0944122
0.0574811
0.0891743
0.0682689
0.0837434
0.0854537
0.0782096
0.0860728
0.073597
0.0852441
0.0698205
0.0757574
0.0653391
0.0981331
0.0635547
0.0966933
0.0634252
0.000687707
0.0600692
-0.131057
0.0604732
-0.250147
0.0693104
-0.147681
0.0795333
-0.0600667
0.084404
0.0295929
0.0825251
0.13791
0.0800021
0.150524
0.0740335
0.25747
0.0668468
0.0884851
-0.111611
0.0889619
-0.00592784
0.0878582
-0.00384447
0.0866876
-0.00261353
0.0857532
-0.00305693
0.0856869
-0.00580683
0.0866214
-0.0094027
0.0885968
-0.0115792
0.0920399
-0.0138555
0.0956679
-0.00671238
0.0971065
0.0108967
0.09525
0.0366087
0.0909884
0.0617427
0.0855695
0.0736878
0.0799833
0.09104
0.0744662
0.0915899
0.069902
0.0898083
0.065972
0.0796874
0.0618218
0.102283
0.0608206
0.0976945
0.0610714
0.00043698
0.0574666
-0.127452
0.0565103
-0.249191
0.064167
-0.155337
0.0741474
-0.0700471
0.0794758
0.0242644
0.0782338
0.139152
0.0762666
0.152491
0.0710791
0.262657
0.0644641
0.0951001
-0.10895
0.0850297
-0.00467313
0.0835933
-0.00240809
0.0820127
-0.00103289
0.0806797
-0.00172397
0.0802884
-0.00541551
0.080986
-0.0101003
0.0828917
-0.0134849
0.0866668
-0.0176306
0.0910841
-0.0111297
0.0933046
0.0086762
0.0918032
0.0381101
0.0875539
0.065992
0.082037
0.0792047
0.0763284
0.0967485
0.0708707
0.0970476
0.0663509
0.0943281
0.0622746
0.0837638
0.0584194
0.106138
0.0580518
0.0980621
0.0586391
-0.000150273
0.0549613
-0.123775
0.0530354
-0.247265
0.0596011
-0.161903
0.0691813
-0.0796273
0.0748156
0.0186302
0.0741216
0.139846
0.0726421
0.153971
0.0681393
0.26716
0.0620679
0.101171
-0.106345
0.0808523
-0.00305642
0.0790049
-0.000560598
0.0769242
0.00104778
0.0750934
0.000106862
0.0742189
-0.0045411
0.0745
-0.0103814
0.0761834
-0.0151684
0.0801817
-0.0216288
0.0854914
-0.0164394
0.0888222
0.00534539
0.088021
0.0389113
0.0840275
0.0699855
0.0785392
0.0846929
0.0727692
0.102519
0.067414
0.102403
0.0629383
0.0988039
0.0587333
0.0879688
0.0551424
0.109729
0.0552924
0.0979121
0.0561838
-0.00104166
0.0525578
-0.120148
0.0499724
-0.24468
0.0555518
-0.167482
0.0646248
-0.0887003
0.0704287
0.0128263
0.0701964
0.140078
0.0691389
0.155028
0.0652342
0.271065
0.0596748
0.106731
-0.103833
0.0761837
-0.00105055
0.0738532
0.00176996
0.0711987
0.00370227
0.0687738
0.00253176
0.0672443
-0.00301163
0.0669442
-0.0100813
0.0683113
-0.0165354
0.0724787
-0.0257963
0.078759
-0.0227196
0.0834915
0.000612889
0.0837689
0.0386339
0.0803315
0.0734229
0.0750393
0.0899851
0.0692951
0.108263
0.0640882
0.10761
0.0596598
0.103232
0.0553502
0.0922784
0.0520009
0.113079
0.0525769
0.0973361
0.0537432
-0.00220804
0.0502588
-0.116664
0.0472506
-0.241671
0.0519516
-0.172183
0.0604561
-0.0972048
0.0663131
0.00696926
0.066462
0.13993
0.0657643
0.155726
0.0623812
0.274448
0.0572997
0.111812
-0.101441
0.070756
0.00138248
0.0678983
0.00462766
0.0646342
0.00696642
0.0615419
0.00562406
0.059244
-0.000713749
0.0583115
-0.00914883
0.0594346
-0.0176584
0.0638517
-0.0302134
0.0711236
-0.0299915
0.0773742
-0.00563769
0.079013
0.0369951
0.0764199
0.0760159
0.0715078
0.0948973
0.0658959
0.113875
0.0608857
0.11262
0.0565121
0.107606
0.0521255
0.0966649
0.0490015
0.116203
0.0499272
0.0964104
0.0513411
-0.00362192
0.0480625
-0.113385
0.0448073
-0.238416
0.0487338
-0.17611
0.0566457
-0.105117
0.0624609
0.00115402
0.0629184
0.139472
0.0625234
0.156121
0.0595944
0.277377
0.054956
0.116451
-0.0991856
0.064355
0.00424198
0.0609475
0.00803514
0.05711
0.0108039
0.0533611
0.00937294
0.0503343
0.00231303
0.0489261
-0.00774058
0.0500948
-0.0188271
0.0549629
-0.0350815
0.0631428
-0.0381714
0.0707797
-0.0132746
0.0738508
0.033924
0.0723007
0.077566
0.0679366
0.0992615
0.0625683
0.119243
0.0578019
0.117386
0.0534933
0.111915
0.049059
0.101099
0.0461471
0.119114
0.0473549
0.0952027
0.0489943
-0.00526137
0.045963
-0.110354
0.0425906
-0.235044
0.0458408
-0.17936
0.0531601
-0.112436
0.0588609
-0.00454681
0.0595631
0.13877
0.0594188
0.156265
0.0568847
0.279911
0.0526547
0.120681
-0.097078
0.0567615
0.00739733
0.0529195
0.0118771
0.0486779
0.0150455
0.0444456
0.0136053
0.0409422
0.00581639
0.0394193
-0.00621768
0.0410296
-0.0204374
0.0465206
-0.0405726
0.0554008
-0.0470516
0.064127
-0.0220007
0.0684817
0.0295693
0.06803
0.0780178
0.0643228
0.102969
0.0592955
0.12427
0.0548232
0.121858
0.0505984
0.116139
0.0461486
0.105549
0.0434363
0.121827
0.0448677
0.0937713
0.0467201
-0.00711382
0.0439528
-0.107587
0.040562
-0.231653
0.0432299
-0.182028
0.049967
-0.119173
0.0555003
-0.0100801
0.0563911
0.137879
0.0564509
0.156205
0.0542599
0.282102
0.0504051
0.124536
-0.0951229
0.0476478
0.0110417
0.043931
0.0155939
0.0397071
0.0192695
0.0353217
0.0179907
0.0317382
0.00939989
0.0305007
-0.00498018
0.0328057
-0.0227424
0.0388514
-0.0466183
0.0481926
-0.0563928
0.0577587
-0.0315668
0.0631951
0.0241328
0.0637416
0.0774712
0.0607701
0.10594
0.0561769
0.128863
0.0520146
0.126021
0.0478624
0.120292
0.0434078
0.110004
0.0408799
0.124355
0.0424812
0.0921699
0.0445356
-0.00916818
0.0420049
-0.105056
0.0387186
-0.228367
0.0408635
-0.184173
0.0470335
-0.125343
0.0523657
-0.0154123
0.0533985
0.136846
0.0536227
0.155981
0.0517265
0.283998
0.0482114
0.128051
-0.0933234
0.0199656
0.0116501
0.018011
0.0175486
0.0158613
0.0214191
0.0144261
0.0194259
0.0143343
0.00949171
0.0162193
-0.00686519
0.0206895
-0.0272126
0.026487
-0.0524158
0.0312292
-0.061135
0.033275
-0.0336126
0.0322018
0.025206
0.0297875
0.0798855
0.0269153
0.108812
0.0244278
0.131351
0.0232618
0.127187
0.0221001
0.121453
0.0201162
0.111988
0.0200204
0.124451
0.0247094
0.087481
0.0302592
-0.014718
0.0322341
-0.107031
0.0308658
-0.226999
0.0301592
-0.183466
0.0319817
-0.127166
0.0334462
-0.0168767
0.0336725
0.13662
0.0340636
0.15559
0.0340838
0.283978
0.0333634
0.128771
-0.0926064
0.0165347
0.0130237
0.0146918
0.0193915
0.0126825
0.0234284
0.011446
0.0206623
0.0116967
0.00924107
0.0141873
-0.00935586
0.0194313
-0.0324566
0.0257728
-0.0587573
0.0307052
-0.0660674
0.0329784
-0.0358858
0.0323039
0.0258805
0.0301353
0.0820541
0.0273551
0.111593
0.0249351
0.133771
0.0237994
0.128322
0.0224896
0.122763
0.020431
0.114046
0.0205109
0.124371
0.0252776
0.0827143
0.0306794
-0.0201198
0.0324413
-0.108793
0.0309899
-0.225547
0.0302861
-0.182762
0.0320814
-0.128961
0.0335813
-0.0183766
0.0338412
0.13636
0.0342304
0.155201
0.0342396
0.283969
0.0334817
0.129529
-0.0918706
0.0132243
0.0147491
0.0113202
0.0212956
0.00946978
0.0252789
0.00851384
0.0216183
0.00921269
0.00854222
0.0123789
-0.012522
0.018303
-0.0383807
0.0250832
-0.0655374
0.0301663
-0.0711505
0.0325884
-0.038308
0.0322847
0.0261843
0.0304801
0.0838587
0.0278656
0.114207
0.0255257
0.136111
0.024389
0.129459
0.0228926
0.12426
0.0207517
0.116187
0.0209908
0.124132
0.0258255
0.0778796
0.0310667
-0.025361
0.0326253
-0.110351
0.0311126
-0.224034
0.030417
-0.182067
0.0321778
-0.130722
0.0337018
-0.0199006
0.0339905
0.136071
0.0343955
0.154796
0.0343838
0.28398
0.0335985
0.130314
-0.0911159
0.00985303
0.0166421
0.00784501
0.0233036
0.00616387
0.02696
0.00556656
0.0222156
0.00683971
0.00726907
0.010685
-0.0163673
0.0171532
-0.0448489
0.0242824
-0.0726666
0.0295588
-0.076427
0.0321547
-0.0409039
0.0322065
0.0261326
0.0307808
0.0852844
0.0283636
0.116624
0.0261217
0.138353
0.0249708
0.13061
0.0232765
0.125954
0.0210531
0.11841
0.0214355
0.123749
0.0263153
0.0729998
0.0314051
-0.0304508
0.032788
-0.111734
0.0312339
-0.22248
0.0305477
-0.181381
0.0322704
-0.132444
0.0338141
-0.0214443
0.0341291
0.135756
0.0345491
0.154376
0.0345173
0.284012
0.0337093
0.131122
-0.0903453
0.00649061
0.0185729
0.00439341
0.0254008
0.00292465
0.0284288
0.00275751
0.0223827
0.00464526
0.00538132
0.00908111
-0.0208032
0.0159174
-0.0516852
0.0232903
-0.0800395
0.0287963
-0.0819329
0.0316265
-0.0437342
0.0320478
0.0257113
0.0310002
0.086332
0.0287959
0.118829
0.0266712
0.140477
0.0255098
0.131771
0.0236232
0.12784
0.0213224
0.120711
0.0218301
0.123241
0.0267442
0.0680857
0.0317011
-0.0354078
0.0329345
-0.112968
0.0313543
-0.2209
0.0306759
-0.180702
0.0323566
-0.134125
0.0339176
-0.0230053
0.0342576
0.135416
0.0346907
0.153943
0.0346386
0.284064
0.0338126
0.131948
-0.0895631
0.00325281
0.0204492
0.00107305
0.0275806
-0.000181207
0.029683
4.41277e-05
0.0221574
0.00262783
0.00279762
0.00754771
-0.0257231
0.0145878
-0.0587253
0.0220974
-0.0875491
0.0278492
-0.0876847
0.0309739
-0.0468589
0.031791
0.0248941
0.0311365
0.0869866
0.0291657
0.120799
0.027177
0.142466
0.0260079
0.13294
0.0239354
0.129913
0.0215566
0.12309
0.0221728
0.122625
0.0271209
0.0631376
0.0319621
-0.0402489
0.0330676
-0.114073
0.0314743
-0.219307
0.030801
-0.180029
0.032435
-0.135759
0.0340111
-0.0245814
0.0343759
0.135051
0.03482
0.153499
0.0347467
0.284138
0.0339077
0.132787
-0.0887738
0.000264251
0.0221982
-0.00185071
0.0296955
-0.00270302
0.0305353
-0.00203878
0.0214931
0.000762212
-3.372e-06
0.00610545
-0.0310663
0.0132069
-0.0658268
0.0207323
-0.0950744
0.0267168
-0.0936692
0.0301862
-0.0503283
0.0314341
0.0236463
0.0311954
0.0872252
0.0294828
0.122512
0.0276487
0.1443
0.0264718
0.134117
0.0242195
0.132165
0.0217565
0.125553
0.0224668
0.121915
0.0274551
0.0581494
0.0321936
-0.0449875
0.0331892
-0.115069
0.0315939
-0.217711
0.0309231
-0.179358
0.0325052
-0.137341
0.0340941
-0.0261702
0.0344839
0.134662
0.0349368
0.153046
0.0348409
0.284233
0.033994
0.133634
-0.0879824
-0.00246972
0.0239319
-0.00437245
0.0315982
-0.0049469
0.0311098
-0.00396866
0.0205149
-0.000830913
-0.00314112
0.00480932
-0.0367065
0.0118425
-0.0728599
0.0192398
-0.102472
0.0254109
-0.0998403
0.0292615
-0.0541789
0.0309811
0.0219267
0.0311784
0.0870279
0.0297492
0.123941
0.0280883
0.145961
0.0269037
0.135302
0.024479
0.13459
0.0219235
0.128108
0.0227181
0.12112
0.0277561
0.0531114
0.0324004
-0.0496317
0.0333005
-0.115969
0.0317132
-0.216124
0.0310423
-0.178687
0.0325676
-0.138866
0.0341664
-0.027769
0.0345815
0.134246
0.035041
0.152586
0.0349211
0.284353
0.0340716
0.134484
-0.0871942
-0.00480279
0.0257898
-0.00652088
0.0333163
-0.00686121
0.0314501
-0.00559855
0.0192522
-0.00203953
-0.00670015
0.00372301
-0.0424691
0.0105639
-0.0797008
0.0176705
-0.109578
0.0239503
-0.10612
0.0282031
-0.0584317
0.0304338
0.019696
0.0310857
0.086376
0.0299646
0.125062
0.0284946
0.147431
0.0273042
0.136492
0.0247161
0.137178
0.0220609
0.130764
0.0229355
0.120246
0.0280337
0.0480132
0.0325867
-0.0541847
0.0334026
-0.116785
0.0318315
-0.214553
0.031159
-0.178015
0.0326227
-0.14033
0.034228
-0.0293743
0.0346689
0.133805
0.0351325
0.152123
0.0349871
0.284499
0.0341403
0.13533
-0.0864143
-0.00676221
0.0277065
-0.00829085
0.034845
-0.00844612
0.0316054
-0.00689867
0.0177048
-0.00294823
-0.0106506
0.0029032
-0.0483205
0.00942942
-0.086227
0.0160774
-0.116226
0.0223597
-0.112402
0.02702
-0.063092
0.0297945
0.0169216
0.0309185
0.085252
0.0301295
0.125851
0.0288676
0.148693
0.0276744
0.137686
0.0249331
0.139919
0.0221743
0.133522
0.0231303
0.11929
0.0282965
0.042847
0.0327562
-0.0586444
0.0334959
-0.117525
0.031948
-0.213005
0.031273
-0.17734
0.032671
-0.141728
0.0342789
-0.0309821
0.034746
0.133338
0.0352114
0.151657
0.0350391
0.284671
0.0342007
0.136169
-0.085648
-0.0083407
0.0296585
-0.00969316
0.0361974
-0.00968547
0.0315977
-0.00781957
0.0158389
-0.00349987
-0.0149703
0.00238267
-0.054203
0.00848137
-0.0923257
0.0145139
-0.122259
0.0206686
-0.118557
0.025727
-0.0681504
0.0290671
0.0135815
0.0306787
0.0836404
0.0302457
0.126284
0.0292082
0.14973
0.0280165
0.138877
0.0251329
0.142803
0.0222719
0.136383
0.0233153
0.118246
0.0285518
0.0376105
0.0329115
-0.063004
0.0335807
-0.118194
0.0320613
-0.211486
0.0313843
-0.176663
0.0327132
-0.143057
0.0343191
-0.0325881
0.034813
0.132844
0.0352778
0.151193
0.0350774
0.284872
0.034253
0.136993
-0.0849003
-0.00954272
0.0316227
-0.010729
0.0373837
-0.0105429
0.0314116
-0.00831757
0.0136136
-0.0036779
-0.01961
0.00216173
-0.0600427
0.00774586
-0.0979099
0.0130319
-0.127545
0.0189118
-0.124437
0.0243415
-0.0735801
0.0282573
0.00966574
0.0303684
0.0815293
0.0303149
0.126338
0.0295175
0.150528
0.0283329
0.140062
0.0253183
0.145818
0.0223631
0.139339
0.0235028
0.117107
0.0288045
0.0323088
0.0330548
-0.0672543
0.0336568
-0.118796
0.0321698
-0.209999
0.0314924
-0.175985
0.0327496
-0.144314
0.0343487
-0.0341872
0.0348699
0.132323
0.0353319
0.150731
0.0351023
0.285101
0.0342978
0.137798
-0.0841758
-0.0103732
0.0335685
-0.0113845
0.0383949
-0.0109757
0.0310028
-0.00837283
0.0110107
-0.00349952
-0.0244833
0.00221474
-0.0657569
0.00723433
-0.102929
0.0116789
-0.13199
0.0171295
-0.129888
0.0228816
-0.0793323
0.0273717
0.00517567
0.0299901
0.0789109
0.030339
0.125989
0.029797
0.15107
0.0286263
0.141233
0.0254929
0.148951
0.0224583
0.142373
0.0237035
0.115861
0.0290573
0.026955
0.0331875
-0.0713844
0.0337239
-0.119333
0.0322714
-0.208546
0.0315966
-0.17531
0.0327808
-0.145498
0.0343677
-0.0357741
0.0349168
0.131774
0.035374
0.150273
0.0351144
0.285361
0.0343356
0.138576
-0.0834791
-0.0108295
0.0354546
-0.0116359
0.0392013
-0.0109538
0.0303207
-0.00799735
0.00805431
-0.0030057
-0.0294749
0.00250208
-0.0712647
0.00694573
-0.107373
0.0104961
-0.13554
0.0153669
-0.134758
0.0213673
-0.0853327
0.0264184
0.000124617
0.0295468
0.0757825
0.0303196
0.125216
0.0300481
0.151341
0.028899
0.142382
0.0256602
0.15219
0.0225678
0.145466
0.0239256
0.114503
0.0293108
0.0215697
0.0333105
-0.0753841
0.0337814
-0.119803
0.0323641
-0.207129
0.0316959
-0.174642
0.0328069
-0.146609
0.0343762
-0.0373434
0.0349539
0.131197
0.0354044
0.149823
0.0351141
0.285651
0.034367
0.139323
-0.0828143
-0.0109023
0.0372277
-0.0114616
0.0397606
-0.0104729
0.029332
-0.00723065
0.00481206
-0.00224831
-0.0344573
0.00298189
-0.0764949
0.00686913
-0.11126
0.00951705
-0.138188
0.0136731
-0.138914
0.0198195
-0.0914791
0.0254062
-0.00546207
0.0290422
0.0721465
0.0302589
0.123999
0.0302726
0.151328
0.0291536
0.143501
0.0258246
0.155519
0.0227012
0.148589
0.0241743
0.11303
0.029564
0.0161799
0.0334243
-0.0792443
0.0338288
-0.120208
0.0324455
-0.205746
0.031789
-0.173986
0.0328282
-0.147649
0.0343743
-0.0388895
0.034981
0.13059
0.0354235
0.14938
0.0351023
0.285972
0.0343925
0.140033
-0.0821854
-0.0105827
0.0388269
-0.0108524
0.0400303
-0.00955684
0.0280364
-0.00612835
0.00138357
-0.00128006
-0.0393055
0.00361674
-0.0813917
0.0069869
-0.114631
0.008768
-0.139969
0.0120985
-0.142245
0.0182587
-0.0976392
0.0243442
-0.0115476
0.0284798
0.068011
0.0301588
0.12232
0.0304723
0.151014
0.0293924
0.144581
0.0259902
0.158921
0.0228666
0.151713
0.0244521
0.111445
0.0298148
0.0108172
0.033529
-0.0829585
0.0338655
-0.120544
0.0325133
-0.204394
0.0318744
-0.173347
0.0328446
-0.148619
0.0343621
-0.040407
0.0349982
0.129954
0.0354315
0.148947
0.0350795
0.286324
0.0344128
0.1407
-0.081596
-0.00986962
0.0401901
-0.00981974
0.0399804
-0.0082488
0.0264654
-0.004751
-0.00211423
-0.000157458
-0.0438991
0.00437561
-0.0859248
0.00727792
-0.117533
0.00826723
-0.140958
0.0106914
-0.144669
0.0167074
-0.103655
0.0232394
-0.0180796
0.0278635
0.0633869
0.0300215
0.120162
0.0306489
0.150387
0.0296175
0.145612
0.0261616
0.162377
0.0230702
0.154804
0.0247589
0.109756
0.0300604
0.00551575
0.0336244
-0.0865225
0.0338908
-0.120811
0.032565
-0.203068
0.0319505
-0.172732
0.032856
-0.149524
0.0343397
-0.0418907
0.0350055
0.129288
0.0354287
0.148524
0.0350466
0.286706
0.0344283
0.141318
-0.0810492
-0.00877567
0.0412613
-0.00839686
0.0396016
-0.00660002
0.0246686
-0.0031628
-0.00555146
0.00116703
-0.0482289
0.00523495
-0.0899927
0.00772011
-0.120018
0.00802293
-0.141261
0.00949198
-0.146138
0.0151898
-0.109353
0.0220968
-0.0249866
0.0271973
0.0582864
0.0298492
0.11751
0.0308039
0.149432
0.029831
0.146585
0.0263431
0.165865
0.0233163
0.157831
0.025093
0.107979
0.0302979
0.000310813
0.0337099
-0.0899345
0.0339042
-0.121005
0.0325986
-0.201762
0.0320153
-0.172149
0.032862
-0.150371
0.0343075
-0.0433362
0.0350027
0.128593
0.0354152
0.148111
0.0350042
0.287117
0.0344397
0.141883
-0.0805482
-0.00732958
0.0419953
-0.00663438
0.0389064
-0.00468417
0.0227184
-0.00140804
-0.00882759
0.00253687
-0.0521738
0.00618945
-0.0936453
0.00829343
-0.122122
0.0080305
-0.140998
0.00853023
-0.146638
0.013727
-0.11455
0.020924
-0.0321836
0.0264847
0.0527257
0.0296438
0.114351
0.0309386
0.148137
0.0300347
0.147489
0.0265386
0.169361
0.0236073
0.160762
0.0254512
0.106136
0.0305251
-0.0047631
0.0337849
-0.0931944
0.0339051
-0.121125
0.0326123
-0.200469
0.0320669
-0.171604
0.0328624
-0.151167
0.0342657
-0.0447396
0.0349895
0.127869
0.0353912
0.14771
0.0349531
0.0344474
-0.00557617
-0.00459426
-0.00256704
0.000476566
0.00401771
0.00723915
0.00898036
0.0082715
0.0078256
0.0123432
0.0197269
0.0257299
0.0294074
0.0310541
0.0302302
0.0267515
0.0239435
0.0258298
0.0307397
0.0338485
0.0338932
0.0326044
0.0321034
0.0328564
0.0342148
0.034966
)
;

boundaryField
{
    inlet
    {
        type            calculated;
        value           nonuniform 0();
    }
    outlet
    {
        type            calculated;
        value           nonuniform List<scalar> 
49
(
0.0326464
0.0327459
0.0328438
0.0329388
0.0330304
0.0331184
0.0332027
0.0332833
0.0333605
0.0334344
0.0335053
0.0335734
0.0336389
0.0337023
0.0337636
0.0338233
0.0338816
0.0339387
0.0339948
0.217783
0.207574
0.197664
0.187672
0.176937
0.164795
0.151242
0.137279
0.124327
0.113306
0.104377
0.0972728
0.091611
0.087021
0.0831944
0.0798879
0.0769251
0.0741815
0.0715757
0.0690574
0.0665975
0.0641814
0.0618031
0.0594628
0.0571629
0.0549075
0.0527009
0.0505472
0.04845
0.0464118
)
;
    }
    cylinder
    {
        type            calculated;
        value           uniform 0;
    }
    top
    {
        type            symmetryPlane;
        value           nonuniform 0();
    }
    bottom
    {
        type            symmetryPlane;
        value           uniform 0;
    }
    defaultFaces
    {
        type            empty;
        value           nonuniform 0();
    }
    procBoundary1to0
    {
        type            processor;
        value           nonuniform List<scalar> 
50
(
-0.0845074
-0.0208486
-0.0765514
-0.0200047
-0.0663865
-0.0406041
-0.0176454
-0.0527213
-0.00939781
-0.0244498
-0.0050956
-0.0117516
-0.00219107
-0.00399682
-0.000693613
-0.000585019
0.000127474
-9.44107e-05
0.000602313
-0.205794
-0.196391
-0.187568
-0.179267
-0.171439
-0.16404
-0.157033
-0.150386
-0.144071
-0.138064
-0.132345
0.00992878
-0.126117
-0.120937
-0.115998
-0.111287
-0.106794
-0.10251
-0.098425
-0.0945311
-0.0908212
-0.0872883
-0.083926
-0.080729
-0.0776961
-0.0748245
-0.0721054
-0.0695202
-0.0670405
-0.0646201
-0.0622201
)
;
    }
    procBoundary1to3
    {
        type            processor;
        value           nonuniform List<scalar> 
41
(
0.00197723
0.00525953
0.00807293
0.0103659
0.0122495
0.0139368
0.0156382
0.0174734
0.0194274
0.0213219
0.0423603
0.0379245
0.0206912
-0.0118712
-0.055715
-0.0968667
-0.123863
-0.140289
-0.146192
-0.119067
-0.0395673
0.0467227
0.110674
0.14649
0.148313
0.17284
0.16357
0.104249
-0.00967299
-0.0963031
-0.12117
-0.199181
-0.171103
-0.15192
-0.046098
0.127118
0.147319
0.287555
0.142388
-0.0800956
0.0353565
)
;
    }
}


// ************************************************************************* //
