/*--------------------------------*- C++ -*----------------------------------*\
  =========                 |
  \\      /  F ield         | OpenFOAM: The Open Source CFD Toolbox
   \\    /   O peration     | Website:  https://openfoam.org
    \\  /    A nd           | Version:  7
     \\/     M anipulation  |
\*---------------------------------------------------------------------------*/
FoamFile
{
    version     2.0;
    format      ascii;
    class       volVectorField;
    location    "140";
    object      U;
}
// * * * * * * * * * * * * * * * * * * * * * * * * * * * * * * * * * * * * * //

dimensions      [0 1 -1 0 0 0 0];

internalField   nonuniform List<vector> 
2125
(
(0.018579 -0.000323809 1.696e-21)
(0.0845216 -0.000614067 -4.66345e-21)
(0.185044 -0.0013026 -5.28205e-21)
(0.0191599 -0.0281592 -1.68073e-21)
(0.085603 -0.0516479 4.62308e-21)
(0.186315 -0.0565679 5.2423e-21)
(0.281414 -0.0536985 -5.01769e-21)
(0.367064 -0.0488443 4.41476e-21)
(0.443382 -0.0440657 2.20946e-21)
(0.511212 -0.0397321 -3.52615e-21)
(0.571571 -0.0358348 -4.09136e-21)
(0.62526 -0.0323118 6.01693e-22)
(0.672973 -0.0291053 -1.70079e-21)
(0.0218639 -0.0558722 1.8439e-21)
(0.0904494 -0.102493 -5.50792e-21)
(0.191593 -0.111644 1.2276e-20)
(0.286417 -0.105169 -1.078e-20)
(0.371599 -0.0947322 -5.18513e-22)
(0.447457 -0.0845898 -7.18232e-21)
(0.514874 -0.0755167 1.16583e-20)
(0.57488 -0.0674576 1.58377e-20)
(0.628281 -0.0602503 2.81966e-21)
(0.675637 -0.0537771 -6.07274e-21)
(0.0266677 -0.0832191 -1.55853e-21)
(0.0990289 -0.152782 -1.1542e-20)
(0.20085 -0.166183 -2.69037e-20)
(0.295106 -0.156169 2.32929e-20)
(0.379392 -0.140213 4.78009e-21)
(0.454382 -0.124757 4.24621e-21)
(0.521029 -0.110987 -2.0883e-20)
(0.580378 -0.0988012 -1.23384e-20)
(0.63324 -0.0879359 -2.7586e-21)
(0.679947 -0.0782259 1.87414e-20)
(0.033523 -0.109959 -5.4832e-21)
(0.111275 -0.202148 6.96422e-21)
(0.214026 -0.219839 4.85157e-20)
(0.307433 -0.206403 -4.3855e-21)
(0.390401 -0.185035 -1.24892e-20)
(0.464121 -0.164352 8.92944e-21)
(0.529644 -0.145957 6.79214e-22)
(0.588037 -0.129704 3.13602e-21)
(0.640115 -0.115228 -6.89653e-21)
(0.685896 -0.102336 -1.81914e-20)
(0.0423569 -0.135858 -3.67558e-21)
(0.127086 -0.250234 2.00564e-20)
(0.231031 -0.272272 -4.86419e-20)
(0.323323 -0.255583 2.10075e-20)
(0.404565 -0.228952 2.11313e-22)
(0.476621 -0.203163 -2.66873e-20)
(0.540673 -0.180245 1.18293e-20)
(0.597816 -0.160009 -1.1238e-21)
(0.648867 -0.141989 4.48236e-21)
(0.693459 -0.125995 -1.28618e-21)
(0.0530726 -0.160689 -4.19709e-20)
(0.146328 -0.296691 -5.03062e-20)
(0.251744 -0.323151 1.32809e-20)
(0.342675 -0.303423 -2.40784e-20)
(0.4218 -0.271725 -6.73816e-21)
(0.49181 -0.240984 1.01857e-20)
(0.554055 -0.213673 3.75629e-21)
(0.609659 -0.189561 1.38766e-20)
(0.659449 -0.168084 -2.98423e-21)
(0.702602 -0.149085 1.61785e-20)
(0.0655502 -0.184235 4.01061e-20)
(0.168834 -0.341183 2.58344e-20)
(0.276013 -0.372154 -1.93927e-20)
(0.365365 -0.349649 3.26986e-20)
(0.442002 -0.313119 -2.70162e-21)
(0.509601 -0.277616 -3.54273e-20)
(0.569714 -0.246068 6.19858e-21)
(0.6235 -0.218212 -3.7715e-20)
(0.6718 -0.193381 1.51686e-21)
(0.713286 -0.171492 1.36278e-20)
(0.0796475 -0.206292 -2.93117e-20)
(0.194403 -0.383387 5.26543e-20)
(0.30366 -0.418974 2.07083e-20)
(0.391246 -0.393997 -2.58996e-20)
(0.46505 -0.352912 3.59107e-22)
(0.529889 -0.312866 6.50933e-20)
(0.587559 -0.277266 2.869e-21)
(0.639258 -0.245819 2.88055e-20)
(0.68585 -0.217755 3.5056e-20)
(0.725462 -0.193103 -1.96333e-20)
(0.0952016 -0.22667 1.64081e-20)
(0.222806 -0.423001 -7.90506e-21)
(0.334477 -0.463316 -1.86614e-20)
(0.420146 -0.436215 1.37802e-20)
(0.490801 -0.390891 5.40123e-20)
(0.552553 -0.346553 -1.91706e-20)
(0.607488 -0.307109 -3.21596e-21)
(0.656843 -0.272247 -4.13447e-20)
(0.70152 -0.241086 -5.10629e-20)
(0.739074 -0.213809 2.23697e-20)
(0.11203 -0.245196 -2.12378e-20)
(0.253782 -0.45974 -1.86322e-20)
(0.368229 -0.504904 3.24499e-21)
(0.451873 -0.476066 -7.32371e-20)
(0.519096 -0.426855 -3.12058e-20)
(0.577459 -0.378505 -2.28781e-20)
(0.629385 -0.335452 -3.00021e-20)
(0.676153 -0.29737 1.40888e-20)
(0.718722 -0.263265 1.66868e-20)
(0.75406 -0.233505 2.47516e-20)
(0.129932 -0.261716 4.78378e-21)
(0.287045 -0.493342 2.64195e-20)
(0.404656 -0.54348 1.95512e-20)
(0.486214 -0.513329 3.3667e-20)
(0.54976 -0.460619 2.66667e-20)
(0.604457 -0.408565 -2.53413e-20)
(0.65312 -0.362156 2.37429e-20)
(0.697078 -0.321073 1.64423e-20)
(0.737359 -0.284189 -1.90134e-21)
(0.770353 -0.252094 -7.54441e-21)
(0.14869 -0.276093 4.58868e-20)
(0.32228 -0.52357 -2.2903e-20)
(0.443473 -0.578808 -1.79098e-20)
(0.522935 -0.547799 -1.03311e-20)
(0.5826 -0.492011 1.94682e-20)
(0.633385 -0.436585 1.79332e-20)
(0.678556 -0.387098 -2.50819e-20)
(0.719497 -0.343249 1.92422e-20)
(0.75733 -0.303769 8.40867e-22)
(0.787881 -0.269484 1.78023e-20)
(0.168076 -0.288217 -3.08635e-20)
(0.359152 -0.550213 -1.15412e-20)
(0.484375 -0.610673 -1.92288e-21)
(0.561785 -0.579292 1.89284e-20)
(0.61741 -0.520876 -3.92114e-21)
(0.66407 -0.462435 -1.88534e-20)
(0.705543 -0.410165 5.31735e-21)
(0.743281 -0.363805 5.64679e-21)
(0.778524 -0.321926 1.36689e-20)
(0.80657 -0.285595 -2.73476e-20)
(0.187845 -0.297997 -1.03746e-20)
(0.397299 -0.573091 2.65471e-20)
(0.527031 -0.638886 2.1276e-20)
(0.602495 -0.607642 -1.00028e-20)
(0.653972 -0.547077 -2.32703e-20)
(0.696327 -0.485999 -1.69658e-20)
(0.733923 -0.431257 2.01624e-20)
(0.76829 -0.38266 -4.08224e-20)
(0.800826 -0.338596 1.02128e-20)
(0.826345 -0.300356 2.85848e-20)
(0.207747 -0.305369 2.31049e-20)
(0.436344 -0.592052 -1.40381e-20)
(0.571094 -0.663283 2.36432e-21)
(0.64478 -0.632707 4.44508e-22)
(0.692054 -0.570495 -4.99204e-21)
(0.729963 -0.507177 2.8613e-20)
(0.763529 -0.45029 -2.56331e-20)
(0.794376 -0.399746 2.49231e-20)
(0.824114 -0.353735 -3.78902e-20)
(0.847135 -0.313721 -1.43499e-20)
(0.227521 -0.310294 5.81233e-22)
(0.475891 -0.606979 -1.26727e-20)
(0.616199 -0.683727 -3.29825e-22)
(0.688344 -0.654365 -4.70339e-21)
(0.731415 -0.59103 -2.52027e-21)
(0.764779 -0.525886 -1.56155e-22)
(0.79419 -0.467188 -1.56126e-20)
(0.821377 -0.414998 -1.10424e-21)
(0.848243 -0.367298 2.27457e-20)
(0.868879 -0.32565 -2.84531e-20)
(0.246906 -0.31276 4.25202e-21)
(0.51553 -0.617788 5.97794e-21)
(0.661964 -0.70011 -9.88581e-21)
(0.732874 -0.672518 -3.4435e-21)
(0.771805 -0.608604 3.85095e-20)
(0.800566 -0.542061 -3.2614e-20)
(0.825734 -0.481901 3.45225e-20)
(0.849124 -0.428386 9.70401e-22)
(0.873052 -0.379321 6.75321e-21)
(0.891543 -0.336229 2.61326e-20)
(0.265636 -0.312785 3.9923e-21)
(0.554842 -0.624431 -4.35511e-21)
(0.707995 -0.712352 2.58503e-21)
(0.778049 -0.687093 2.92922e-21)
(0.812964 -0.623156 -3.64927e-21)
(0.837114 -0.555651 1.35129e-20)
(0.857993 -0.49437 -7.94141e-21)
(0.877451 -0.439812 8.71078e-21)
(0.898313 -0.389623 -3.15701e-21)
(0.915106 -0.345292 -1.83741e-21)
(0.283447 -0.310411 -1.02691e-20)
(0.593398 -0.626897 -5.46035e-21)
(0.753885 -0.720406 3.03481e-21)
(0.823538 -0.698041 2.52292e-21)
(0.854629 -0.634648 -7.99909e-21)
(0.8742 -0.566632 1.96301e-20)
(0.890794 -0.504593 -1.91198e-20)
(0.906185 -0.449363 1.41782e-20)
(0.923629 -0.398668 -1.22931e-20)
(0.939405 -0.354162 -1.60627e-20)
(0.30008 -0.305713 -4.76552e-21)
(0.630766 -0.625214 5.12499e-21)
(0.799219 -0.724251 -4.0122e-21)
(0.869003 -0.705338 9.99879e-23)
(0.896532 -0.643061 -2.7945e-22)
(0.911603 -0.574983 -1.16731e-20)
(0.923988 -0.512511 4.73974e-21)
(0.935332 -0.456766 -4.31508e-21)
(0.948812 -0.405313 1.24489e-20)
(0.964939 -0.359262 -3.01038e-21)
(0.315284 -0.298792 -1.13185e-20)
(0.666514 -0.619447 -9.5683e-21)
(0.843573 -0.723902 3.9719e-21)
(0.914101 -0.708988 1.12018e-21)
(0.938408 -0.648401 -3.86363e-21)
(0.949092 -0.580722 8.52177e-22)
(0.957365 -0.518174 2.06857e-21)
(0.964876 -0.462327 -7.8646e-21)
(0.973394 -0.41195 -8.49403e-21)
(0.987661 -0.369907 6.46805e-21)
(0.328827 -0.289786 -8.81987e-21)
(0.700203 -0.609694 2.05618e-20)
(0.886521 -0.719404 -1.59793e-20)
(0.958484 -0.709023 -3.59311e-21)
(0.979991 -0.650688 -6.66639e-21)
(0.986446 -0.58387 5.53631e-21)
(0.990649 -0.521616 -1.115e-21)
(0.994583 -0.465966 1.73501e-21)
(0.9986 -0.416538 -5.63352e-22)
(1.00775 -0.374504 9.66165e-22)
(0.34053 -0.278868 -2.36425e-20)
(0.731386 -0.596082 -4.73646e-20)
(0.927636 -0.710846 3.90226e-20)
(1.0018 -0.7055 3.03416e-21)
(1.02102 -0.649962 9.09343e-24)
(1.02347 -0.584454 6.58153e-21)
(1.02364 -0.52283 4.65891e-21)
(1.02415 -0.467532 5.85573e-22)
(1.02447 -0.418797 3.72081e-21)
(1.02849 -0.376856 3.63756e-21)
(0.350178 -0.266142 2.31295e-20)
(0.759622 -0.57875 -9.7421e-21)
(0.966511 -0.69839 -2.84322e-20)
(1.04371 -0.698499 2.86214e-21)
(1.06122 -0.646279 2.20449e-21)
(1.05997 -0.582517 -2.09881e-20)
(1.05622 -0.521851 1.03636e-20)
(1.05338 -0.467115 -1.00106e-21)
(1.05063 -0.419127 6.06347e-22)
(1.05066 -0.377777 -7.51762e-22)
(0.357536 -0.251756 2.83578e-20)
(0.784343 -0.557856 7.09268e-20)
(1.00282 -0.682261 -1.8029e-21)
(1.08388 -0.68811 -5.60546e-21)
(1.10034 -0.639723 -2.61038e-21)
(1.09576 -0.578138 -3.25095e-21)
(1.08826 -0.518763 -1.29102e-20)
(1.08216 -0.464857 4.34417e-21)
(1.07665 -0.417749 1.07516e-20)
(1.07345 -0.377262 1.61679e-21)
(0.362538 -0.235935 -2.10358e-20)
(0.805215 -0.533868 -1.23175e-20)
(1.03613 -0.662735 5.30923e-20)
(1.12199 -0.674352 9.16411e-22)
(1.13812 -0.630395 -1.98161e-20)
(1.13067 -0.571409 3.34026e-20)
(1.11966 -0.513655 7.04814e-21)
(1.11039 -0.460853 2.01364e-21)
(1.10226 -0.414737 -5.45204e-21)
(1.09612 -0.375257 -6.37959e-21)
(0.365124 -0.219009 4.973e-20)
(0.822104 -0.50722 -1.12031e-20)
(1.06563 -0.63975 -3.48786e-20)
(1.15774 -0.657415 3.13669e-21)
(1.17431 -0.61844 2.49723e-20)
(1.16448 -0.562437 -9.1862e-21)
(1.15025 -0.506619 -1.02812e-20)
(1.13797 -0.455178 -5.14478e-22)
(1.12733 -0.410158 -5.90848e-21)
(1.11842 -0.371804 3.46475e-21)
(0.365202 -0.201267 -1.77128e-20)
(0.834805 -0.478079 -1.09651e-19)
(1.0909 -0.613569 9.62492e-21)
(1.19072 -0.637626 3.95638e-20)
(1.20866 -0.603919 -1.26841e-21)
(1.19702 -0.551327 -4.93449e-20)
(1.17989 -0.497755 2.75592e-20)
(1.16478 -0.447915 -9.23888e-21)
(1.15177 -0.404109 1.20769e-20)
(1.14028 -0.367008 3.24409e-21)
(0.362705 -0.182973 -2.14874e-20)
(0.842991 -0.446752 3.8419e-20)
(1.11187 -0.58461 4.89634e-20)
(1.22037 -0.615083 -2.92771e-20)
(1.24088 -0.586988 7.4933e-21)
(1.22809 -0.538221 2.9575e-20)
(1.20844 -0.487176 1.15565e-20)
(1.19071 -0.439161 4.91663e-21)
(1.17547 -0.396689 -1.01498e-20)
(1.16159 -0.360966 -9.62007e-21)
(0.357618 -0.164388 -2.90329e-20)
(0.84636 -0.413633 -1.05847e-20)
(1.12828 -0.553139 -9.11006e-20)
(1.24639 -0.589992 -1.23644e-20)
(1.27071 -0.567867 1.50228e-21)
(1.25753 -0.523248 4.5028e-21)
(1.23578 -0.475003 -5.18161e-20)
(1.21566 -0.429021 -2.35473e-20)
(1.19836 -0.387998 5.4956e-22)
(1.18228 -0.353754 7.52285e-21)
(0.349987 -0.145774 -7.90801e-21)
(0.84469 -0.379141 3.45517e-20)
(1.13972 -0.519455 4.59014e-20)
(1.26855 -0.562617 2.61716e-20)
(1.29785 -0.546725 -5.71625e-21)
(1.28515 -0.506566 -5.24006e-21)
(1.26178 -0.461365 4.03945e-20)
(1.23954 -0.417606 3.95114e-20)
(1.22037 -0.378133 5.30048e-21)
(1.20225 -0.345439 -5.47861e-21)
(0.339899 -0.127392 7.54808e-20)
(0.837836 -0.34371 4.72508e-20)
(1.14585 -0.483908 -4.54814e-20)
(1.28653 -0.5332 -8.08681e-21)
(1.32209 -0.523747 4.09414e-21)
(1.31082 -0.488335 -1.29632e-20)
(1.28635 -0.446397 -2.32089e-20)
(1.26225 -0.405035 -1.8597e-21)
(1.24143 -0.36719 -2.3943e-20)
(1.22145 -0.336095 1.07361e-20)
(0.327491 -0.109491 9.48763e-21)
(0.825731 -0.307793 -2.58302e-20)
(1.14637 -0.446874 5.95983e-20)
(1.29999 -0.502 3.4759e-20)
(1.34315 -0.499128 1.59461e-21)
(1.33434 -0.468715 1.90369e-20)
(1.30942 -0.43023 2.00969e-21)
(1.28375 -0.391427 -1.70072e-20)
(1.26147 -0.355278 1.31428e-20)
(1.23985 -0.325797 1.18511e-21)
(0.312939 -0.0923141 -6.27725e-20)
(0.808378 -0.271854 -1.84039e-20)
(1.14103 -0.408753 -1.57241e-20)
(1.30859 -0.469292 -2.44572e-20)
(1.36078 -0.473061 6.24088e-21)
(1.35555 -0.44787 -1.10107e-22)
(1.33087 -0.41301 1.41494e-20)
(1.30402 -0.376909 -3.46587e-21)
(1.28035 -0.342469 -1.48838e-20)
(1.25757 -0.314692 -1.22892e-20)
(0.296464 -0.0760812 5.06311e-21)
(0.785863 -0.236365 2.95182e-20)
(1.12963 -0.369962 1.37501e-20)
(1.31201 -0.435367 -3.93346e-20)
(1.3747 -0.445743 -8.46123e-22)
(1.37426 -0.425952 -1.4754e-20)
(1.35058 -0.39487 2.81564e-22)
(1.32299 -0.361523 5.25429e-21)
(1.29807 -0.328959 -5.98785e-21)
(1.27466 -0.302867 1.71549e-20)
(0.278322 -0.0609889 1.17418e-20)
(0.758356 -0.201795 -2.87305e-20)
(1.11201 -0.330931 -6.52809e-20)
(1.30993 -0.400523 5.6845e-20)
(1.38462 -0.417373 -3.70599e-21)
(1.3903 -0.403113 1.05602e-20)
(1.36848 -0.375946 -1.39507e-21)
(1.34063 -0.345435 9.1461e-21)
(1.31477 -0.314957 -7.30479e-22)
(1.29079 -0.290415 -1.33927e-20)
(0.258803 -0.0472033 -2.35866e-20)
(0.726123 -0.168602 3.69409e-20)
(1.0881 -0.292101 2.97155e-20)
(1.30206 -0.365073 -4.05797e-20)
(1.39024 -0.388157 -6.46189e-21)
(1.40347 -0.379503 2.21325e-21)
(1.38445 -0.356377 2.27028e-20)
(1.3569 -0.328776 8.39933e-22)
(1.33036 -0.300454 4.23956e-21)
(1.3057 -0.277366 -8.57827e-21)
(0.238223 -0.0348558 1.78648e-20)
(0.689534 -0.137223 -1.60104e-20)
(1.05787 -0.253919 -1.32429e-20)
(1.28811 -0.329336 2.19395e-20)
(1.39121 -0.3583 7.17874e-21)
(1.41353 -0.355264 5.33778e-21)
(1.39841 -0.336281 -2.37901e-20)
(1.37174 -0.311642 -8.29699e-21)
(1.34482 -0.285468 -7.03167e-21)
(1.31951 -0.263793 2.80592e-21)
(0.216914 -0.0240412 -8.61051e-21)
(0.649059 -0.108059 -1.86313e-22)
(1.02141 -0.216832 2.49727e-20)
(1.26781 -0.293642 -8.93844e-21)
(1.38719 -0.328012 -3.93107e-21)
(1.42023 -0.330535 -2.52033e-21)
(1.4102 -0.315768 6.02774e-21)
(1.38511 -0.294126 1.00978e-20)
(1.35816 -0.270083 -4.96242e-22)
(1.33241 -0.249778 3.73244e-21)
(0.195218 -0.0148148 6.0252e-21)
(0.605266 -0.0814617 -1.68408e-21)
(0.978904 -0.181281 -4.4483e-21)
(1.24095 -0.258331 -3.97261e-21)
(1.37781 -0.297506 3.51497e-21)
(1.42326 -0.305448 2.73109e-21)
(1.41967 -0.294939 -2.48941e-21)
(1.39697 -0.276327 8.80824e-22)
(1.37041 -0.254407 1.25795e-21)
(1.34448 -0.235406 -1.66968e-21)
(0.173474 -0.0071913 3.09265e-21)
(0.558809 -0.0577237 8.99405e-22)
(0.930648 -0.147691 -5.40761e-21)
(1.20734 -0.223748 -4.38149e-21)
(1.36268 -0.266997 4.63252e-21)
(1.42226 -0.280127 9.35956e-22)
(1.4266 -0.273884 -2.21044e-21)
(1.40724 -0.258334 2.07808e-21)
(1.38156 -0.238539 1.19511e-21)
(1.35572 -0.220754 -1.40895e-21)
(0.152012 -0.00114523 -1.24452e-21)
(0.510417 -0.0370672 2.48823e-21)
(0.877087 -0.11647 1.6517e-20)
(1.16689 -0.190247 -7.62501e-21)
(1.3414 -0.23671 -3.7642e-21)
(1.41682 -0.254699 -4.40386e-21)
(1.43074 -0.252688 9.24574e-21)
(1.41582 -0.240222 6.66008e-21)
(1.39161 -0.222565 5.32497e-21)
(1.36615 -0.205894 2.90432e-21)
(0.131142 0.00338662 2.40466e-20)
(0.460876 -0.0196344 -1.33587e-20)
(0.818814 -0.0879944 -1.57545e-20)
(1.11959 -0.158186 2.20229e-20)
(1.31355 -0.206878 1.22303e-20)
(1.40648 -0.229287 -8.80497e-22)
(1.43176 -0.231422 -1.64548e-20)
(1.42254 -0.222052 -1.16549e-20)
(1.4005 -0.206556 -1.31046e-20)
(1.37575 -0.190894 8.36445e-21)
(0.111143 0.00650131 -3.23434e-20)
(0.410998 -0.00548004 3.05809e-20)
(0.756581 -0.0625971 3.63057e-20)
(1.06556 -0.127925 -3.77897e-20)
(1.27875 -0.177747 -1.36523e-20)
(1.39069 -0.204018 9.59882e-21)
(1.42923 -0.21015 1.7668e-20)
(1.42719 -0.203869 3.2106e-21)
(1.40817 -0.190567 -9.36167e-22)
(1.38453 -0.175813 -1.22424e-20)
(0.0922589 0.00832436 -4.46564e-21)
(0.361599 0.00543183 -4.27114e-20)
(0.691299 -0.0405552 -4.74916e-20)
(1.00508 -0.0998217 5.72247e-20)
(1.23667 -0.149579 -6.85344e-21)
(1.36888 -0.179031 1.45313e-20)
(1.42264 -0.188932 3.2246e-21)
(1.42947 -0.185707 -8.14431e-21)
(1.41451 -0.174636 4.55331e-21)
(1.39247 -0.160701 -1.91629e-21)
(0.0746902 0.00900322 9.20804e-21)
(0.313457 0.0132276 2.62664e-20)
(0.624019 -0.0220726 1.55762e-20)
(0.938645 -0.0742277 -1.24292e-20)
(1.18703 -0.122657 -2.22365e-20)
(1.3404 -0.154479 -2.23118e-20)
(1.41138 -0.167831 -4.99102e-21)
(1.42896 -0.167589 1.56678e-20)
(1.41932 -0.158792 -3.41492e-21)
(1.39952 -0.145595 7.34192e-21)
(0.0585908 0.00870049 -3.46445e-20)
(0.267289 0.0181177 -3.30825e-20)
(0.555905 -0.00726266 -5.86354e-21)
(0.866971 -0.0514769 -6.62343e-21)
(1.12972 -0.0972826 -1.7824e-20)
(1.30462 -0.13054 1.20173e-20)
(1.39472 -0.146919 -1.71741e-21)
(1.42513 -0.149536 -1.32808e-20)
(1.42235 -0.143046 1.24442e-20)
(1.40559 -0.130519 -2.31955e-20)
(0.0440661 0.0075871 7.98823e-21)
(0.223715 0.0203856 2.85003e-20)
(0.488177 0.00386824 2.70183e-20)
(0.791045 -0.0318736 3.1722e-20)
(1.06483 -0.0737828 -6.27834e-22)
(1.2609 -0.107424 3.65385e-20)
(1.37184 -0.126287 4.33981e-21)
(1.41733 -0.131566 -5.33939e-20)
(1.42321 -0.127402 4.14528e-20)
(1.41053 -0.115482 1.47745e-20)
(0.0311749 0.00583639 2.24358e-20)
(0.183242 0.0203718 5.17076e-20)
(0.422051 0.011433 -7.03123e-21)
(0.71212 -0.0156718 -4.0782e-20)
(0.992688 -0.0525024 2.00394e-20)
(1.20871 -0.0853846 -2.3892e-20)
(1.34182 -0.106057 -3.95925e-20)
(1.40472 -0.113709 -8.06148e-21)
(1.42136 -0.111857 -3.98582e-20)
(0.0199318 0.00361888 1.12965e-20)
(0.146246 0.0184549 9.7138e-21)
(0.358662 0.0156669 7.41345e-20)
(0.631687 -0.00304982 1.69027e-20)
(0.914007 -0.0337985 -1.68976e-20)
(1.1477 -0.0647196 -9.01511e-21)
(1.30372 -0.0863958 6.81709e-20)
(1.38632 -0.0960168 6.27771e-20)
(0.0103132 0.00109807 2.88156e-21)
(0.112972 0.0150311 -5.45446e-20)
(0.298993 0.0169157 -8.90318e-20)
(0.551398 0.00592 5.33457e-21)
(0.829897 -0.0180255 2.58909e-20)
(1.07776 -0.0457799 -3.84048e-20)
(1.25661 -0.0675281 -1.11416e-19)
(0.00226299 -0.00157343 -2.05925e-20)
(0.0835381 0.0104936 5.5443e-20)
(0.243828 0.0156081 5.59153e-20)
(0.472952 0.0112974 -6.32135e-20)
(0.741908 -0.00551159 9.01567e-21)
(-0.00430077 -0.00425774 -4.94967e-20)
(0.0579459 0.00521208 -8.62143e-20)
(0.193723 0.0122133 -1.86336e-20)
(0.397954 0.0132836 3.4886e-20)
(-0.00948155 -0.00683685 3.72336e-20)
(0.0360983 -0.000488762 3.21768e-22)
(0.14901 0.00719072 -9.0432e-21)
(-0.0134009 -0.0092191 -1.24847e-20)
(0.0178168 -0.00634946 -2.19187e-20)
(-0.0161972 -0.0113461 8.63475e-20)
(0.00285696 -0.0121934 6.81886e-20)
(-0.018026 -0.0132002 1.68619e-20)
(0.998606 -0.00437755 -1.35862e-22)
(0.998856 -0.0111188 6.15113e-22)
(0.992908 -0.0203629 3.04228e-22)
(0.990046 -0.0273042 1.43226e-22)
(0.980955 -0.038569 2.97397e-22)
(0.975854 -0.0475032 -1.28397e-21)
(0.964113 -0.0635053 -1.74968e-21)
(0.957845 -0.0769615 5.74874e-22)
(0.94467 -0.100811 1.82985e-21)
(0.939603 -0.120921 2.18357e-21)
(0.927589 -0.155833 3.73619e-21)
(0.92827 -0.182762 -9.3429e-22)
(0.922216 -0.232292 -5.3502e-21)
(0.935788 -0.260997 -1.30316e-21)
(0.947828 -0.335621 3.40808e-21)
(0.998652 -0.00423411 -7.78795e-22)
(0.998722 -0.0107566 2.9663e-22)
(0.992797 -0.0197238 -4.9862e-22)
(0.989607 -0.0263528 1.37127e-21)
(0.980449 -0.0372467 -1.23283e-21)
(0.974787 -0.0456989 1.4592e-22)
(0.962786 -0.0611487 1.8541e-21)
(0.955526 -0.0739026 -2.94946e-21)
(0.941701 -0.0970227 1.33371e-21)
(0.93487 -0.11631 -4.91003e-21)
(0.921501 -0.150591 5.59872e-21)
(0.919091 -0.177064 -5.82866e-21)
(0.91061 -0.226718 -7.99197e-22)
(0.918202 -0.256456 6.69087e-21)
(0.925059 -0.330665 -1.56701e-21)
(0.998696 -0.00409045 1.03459e-21)
(0.998602 -0.0103736 7.2987e-22)
(0.992709 -0.019038 8.89594e-22)
(0.989223 -0.025332 -6.70024e-22)
(0.980015 -0.035816 -7.0116e-22)
(0.973862 -0.0437563 2.62744e-21)
(0.961637 -0.0585882 -1.44855e-21)
(0.953522 -0.0705889 4.07338e-21)
(0.939105 -0.0928393 -2.52691e-21)
(0.930741 -0.111177 -1.24419e-21)
(0.91611 -0.144445 -1.73146e-21)
(0.910924 -0.170176 1.47145e-21)
(0.90016 -0.218923 4.05305e-21)
(0.902802 -0.249534 -1.12668e-20)
(0.904822 -0.321199 1.2305e-20)
(0.998738 -0.0039515 1.49511e-22)
(0.998491 -0.00999715 -1.20869e-21)
(0.992633 -0.0183608 -2.27271e-21)
(0.988874 -0.0243424 3.99236e-22)
(0.979628 -0.0344221 -7.87943e-23)
(0.97303 -0.0418883 7.48596e-22)
(0.960603 -0.0561053 2.2766e-21)
(0.951718 -0.0674005 -1.53571e-21)
(0.936758 -0.0887461 1.99153e-21)
(0.926989 -0.106166 -4.01715e-21)
(0.911181 -0.138227 2.71386e-21)
(0.903395 -0.163169 1.84081e-21)
(0.890373 -0.210396 4.46171e-21)
(0.888557 -0.241603 -7.68329e-21)
(0.885846 -0.31096 2.8837e-22)
(0.998779 -0.00380499 -1.31579e-21)
(0.998386 -0.0096178 -3.17593e-22)
(0.992567 -0.0176775 -3.16529e-22)
(0.988552 -0.0233536 1.77523e-21)
(0.979274 -0.0330158 3.29331e-23)
(0.972263 -0.0400156 -2.77171e-22)
(0.959654 -0.0535932 -1.60577e-21)
(0.950053 -0.0641901 -1.35085e-22)
(0.934594 -0.0845762 5.10256e-21)
(0.923504 -0.101081 -5.95556e-21)
(0.906593 -0.131797 1.9105e-21)
(0.896347 -0.155913 2.91806e-21)
(0.881096 -0.201334 9.48462e-22)
(0.875137 -0.232691 -4.37382e-21)
(0.867891 -0.299811 8.34092e-23)
(0.998818 -0.00365451 2.41546e-22)
(0.998288 -0.00922503 2.16839e-22)
(0.992506 -0.0169816 7.55028e-22)
(0.988249 -0.0223555 -9.88387e-22)
(0.978948 -0.0315825 2.80829e-22)
(0.971546 -0.0381193 -7.77929e-22)
(0.958776 -0.0510276 4.16473e-22)
(0.948496 -0.0609305 -1.78938e-21)
(0.932583 -0.0802977 3.46216e-21)
(0.920234 -0.0958867 -7.81901e-23)
(0.902288 -0.125123 -6.29059e-21)
(0.889717 -0.148348 4.00391e-22)
(0.872291 -0.191733 6.7561e-21)
(0.862439 -0.222813 1.42738e-22)
(0.850869 -0.287484 -7.83799e-21)
(0.998857 -0.00350073 2.10523e-22)
(0.998195 -0.00884568 -1.25551e-21)
(0.992452 -0.0162756 -9.45743e-22)
(0.987963 -0.0213513 1.13364e-21)
(0.978647 -0.0301263 -8.13149e-22)
(0.97087 -0.0362074 6.62023e-22)
(0.957959 -0.048418 -3.51912e-22)
(0.947029 -0.0576354 -4.02913e-22)
(0.930704 -0.0759268 2.6553e-21)
(0.917158 -0.0905971 -5.33691e-21)
(0.898237 -0.118235 4.29226e-21)
(0.883482 -0.140483 6.01847e-21)
(0.863959 -0.181637 -7.47894e-21)
(0.850442 -0.212064 -1.41013e-21)
(0.834763 -0.273987 -6.71384e-21)
(0.998894 -0.00334367 -1.18423e-22)
(0.998106 -0.00848608 7.81131e-22)
(0.992405 -0.0155608 -8.67091e-22)
(0.987692 -0.0203433 2.03004e-21)
(0.978368 -0.0286494 -2.1901e-21)
(0.970231 -0.0342832 -2.24377e-21)
(0.957199 -0.0457677 -5.60258e-22)
(0.945647 -0.0543086 2.68617e-22)
(0.928944 -0.0714703 -2.08969e-21)
(0.914268 -0.085215 2.37139e-21)
(0.894427 -0.111151 2.55075e-21)
(0.877633 -0.132327 -9.13715e-22)
(0.856108 -0.171087 -3.169e-21)
(0.839149 -0.200531 6.6148e-21)
(0.819586 -0.259391 -6.36881e-21)
(0.998929 -0.00318417 -5.14741e-22)
(0.998022 -0.00811917 4.87175e-21)
(0.992365 -0.0148364 1.12806e-22)
(0.987434 -0.0193324 1.01316e-21)
(0.978111 -0.0271523 -1.82925e-22)
(0.969625 -0.0323475 3.03023e-21)
(0.956491 -0.0430774 4.71637e-22)
(0.944345 -0.05095 4.66708e-23)
(0.927298 -0.0669319 -3.25286e-21)
(0.91156 -0.0797388 -5.90522e-22)
(0.890853 -0.103888 2.88531e-21)
(0.872169 -0.12389 -4.15305e-21)
(0.848754 -0.160117 -3.14519e-21)
(0.828574 -0.188285 3.75523e-21)
(0.805364 -0.243765 -3.23847e-21)
(0.998964 -0.003022 1.28461e-21)
(0.997942 -0.00774725 -2.73799e-21)
(0.992331 -0.0141034 1.47018e-21)
(0.98719 -0.0183194 -2.09614e-21)
(0.977875 -0.0256353 -7.76692e-22)
(0.969054 -0.030401 4.39553e-22)
(0.955831 -0.0403487 -1.60246e-21)
(0.943125 -0.0475598 2.82558e-21)
(0.925761 -0.0623168 1.53879e-21)
(0.909038 -0.0741686 -8.80102e-22)
(0.887517 -0.0964596 2.71317e-21)
(0.86709 -0.115185 -5.12494e-21)
(0.841909 -0.148754 8.93563e-21)
(0.818736 -0.175388 -6.25785e-21)
(0.792127 -0.227181 -3.19597e-21)
(0.998996 -0.00285704 -9.13878e-22)
(0.997867 -0.00737489 1.24041e-22)
(0.992302 -0.0133626 1.32148e-23)
(0.986959 -0.017305 1.94619e-21)
(0.977658 -0.0240994 4.86222e-22)
(0.968517 -0.0284444 -8.99216e-22)
(0.955219 -0.0375834 1.04269e-21)
(0.941988 -0.044138 -2.05806e-21)
(0.924331 -0.0576306 8.71593e-22)
(0.906701 -0.0685056 5.80396e-22)
(0.884421 -0.0888784 -2.67926e-21)
(0.8624 -0.106227 2.02949e-21)
(0.835586 -0.137025 5.36195e-21)
(0.809656 -0.161897 -2.62381e-21)
(0.77991 -0.209715 -7.13091e-21)
(0.999027 -0.00268948 -1.04318e-21)
(0.997797 -0.00700313 -2.2068e-22)
(0.992278 -0.0126141 -9.5181e-22)
(0.986742 -0.0162897 -2.83552e-21)
(0.977458 -0.0225453 1.37676e-21)
(0.968016 -0.0264781 -1.32686e-21)
(0.954653 -0.0347838 1.78672e-21)
(0.940935 -0.0406847 2.67374e-21)
(0.923009 -0.0528789 -1.75282e-21)
(0.904553 -0.062752 3.61236e-21)
(0.881571 -0.0811569 -1.94075e-21)
(0.858104 -0.0970345 -3.004e-21)
(0.829798 -0.12496 -1.91801e-21)
(0.801356 -0.147866 7.82625e-21)
(0.768744 -0.191446 -2.58222e-21)
(0.999056 -0.00251948 1.08241e-21)
(0.997731 -0.0066322 5.25344e-22)
(0.992257 -0.0118584 -7.56932e-23)
(0.986539 -0.0152736 1.13906e-21)
(0.977276 -0.020974 -1.82696e-21)
(0.967552 -0.0245021 -4.55422e-22)
(0.954131 -0.0319522 -4.14756e-23)
(0.939969 -0.0372001 -9.02597e-22)
(0.921795 -0.0480675 -2.67788e-21)
(0.902597 -0.0569111 -1.38571e-21)
(0.878972 -0.0733067 5.15525e-21)
(0.854207 -0.0876246 -8.00282e-22)
(0.824556 -0.112584 -8.42158e-22)
(0.793854 -0.133347 -7.05121e-22)
(0.75866 -0.172456 -3.36829e-21)
(0.999082 -0.00234721 6.56711e-22)
(0.997671 -0.00626167 -1.21451e-21)
(0.992239 -0.0110956 5.17784e-22)
(0.986353 -0.0142567 -1.4008e-21)
(0.977109 -0.0193865 -9.00234e-23)
(0.967126 -0.0225166 7.66881e-23)
(0.953654 -0.0290911 1.1348e-22)
(0.939092 -0.0336848 1.70447e-22)
(0.920692 -0.0432017 -1.25036e-21)
(0.900834 -0.0509875 1.61833e-21)
(0.87663 -0.0653393 -2.66425e-21)
(0.850716 -0.0780167 5.8758e-22)
(0.81987 -0.0999293 1.8285e-21)
(0.787166 -0.118392 -1.23841e-22)
(0.749682 -0.152826 2.28283e-21)
(0.999105 -0.00217297 -6.40477e-22)
(0.997617 -0.00589015 1.47439e-21)
(0.992222 -0.0103256 -9.27599e-22)
(0.986183 -0.0132386 1.14135e-21)
(0.976956 -0.0177837 6.33164e-22)
(0.96674 -0.0205214 -3.97629e-22)
(0.95322 -0.0262029 -7.19574e-23)
(0.938304 -0.0301395 -4.67118e-22)
(0.9197 -0.0382869 1.64124e-22)
(0.899266 -0.0449868 -1.40096e-21)
(0.87455 -0.0572659 6.56396e-22)
(0.847637 -0.0682308 -4.59297e-21)
(0.815748 -0.0870241 6.50351e-21)
(0.781308 -0.103052 -1.96803e-21)
(0.741835 -0.132638 -4.29254e-21)
(0.999125 -0.00199683 -2.99522e-22)
(0.99757 -0.00552274 -4.55589e-22)
(0.992205 -0.00954883 3.17237e-22)
(0.98603 -0.0122187 7.85628e-23)
(0.976817 -0.0161667 8.75676e-22)
(0.966395 -0.0185161 -3.15197e-22)
(0.95283 -0.02329 1.75678e-22)
(0.937607 -0.0265653 -7.40838e-23)
(0.918822 -0.033328 5.14647e-22)
(0.897897 -0.0389155 9.87895e-22)
(0.872738 -0.0490981 1.4496e-21)
(0.844975 -0.0582877 -2.40728e-21)
(0.812201 -0.0739003 1.07347e-21)
(0.77629 -0.0873791 -1.40985e-21)
(0.735137 -0.111976 -4.04985e-21)
(0.99914 -0.00181891 1.06224e-21)
(0.99753 -0.00516265 -1.24451e-22)
(0.992188 -0.00876583 4.97614e-22)
(0.985896 -0.0111966 4.28115e-22)
(0.97669 -0.0145366 -1.36648e-21)
(0.966091 -0.0165004 5.3122e-23)
(0.952483 -0.0203547 2.15989e-22)
(0.937002 -0.0229637 1.33414e-22)
(0.91806 -0.0283304 -5.12338e-22)
(0.896726 -0.0327813 4.67373e-22)
(0.871198 -0.0408483 2.22201e-21)
(0.842735 -0.0482095 -8.8935e-22)
(0.809235 -0.0605915 2.07703e-21)
(0.772121 -0.0714265 -4.59897e-21)
(0.729602 -0.0909231 5.84986e-21)
(0.99915 -0.0016397 -7.59665e-22)
(0.997498 -0.00480295 1.42849e-23)
(0.992171 -0.00797671 -4.43756e-22)
(0.98578 -0.0101713 -2.2334e-22)
(0.976575 -0.012894 4.88227e-22)
(0.965828 -0.0144736 -2.52676e-23)
(0.952181 -0.0173988 -8.92398e-22)
(0.936489 -0.0193362 5.17698e-22)
(0.917416 -0.023299 -2.34653e-22)
(0.895757 -0.0265938 2.09367e-22)
(0.869933 -0.0325298 7.70239e-22)
(0.840921 -0.0380174 2.38507e-22)
(0.806856 -0.0471275 -1.35695e-21)
(0.768809 -0.0552459 1.741e-22)
(0.725241 -0.0695603 -1.32307e-21)
(0.999156 -0.00145949 3.70553e-22)
(0.997474 -0.00444073 -2.57321e-23)
(0.992151 -0.007182 6.49247e-23)
(0.985683 -0.00914187 3.63712e-22)
(0.976472 -0.0112386 -6.64286e-23)
(0.965608 -0.0124327 -3.59691e-22)
(0.951922 -0.0144205 -2.29953e-22)
(0.936068 -0.0156796 2.78372e-22)
(0.916891 -0.0182303 -2.52523e-22)
(0.89499 -0.0203504 3.10167e-22)
(0.868947 -0.0241467 -8.00703e-22)
(0.839539 -0.0277248 4.56223e-22)
(0.80507 -0.0335205 -1.02753e-21)
(0.766356 -0.0388661 4.15038e-22)
(0.722061 -0.0479488 1.79047e-22)
(0.999156 -0.00127877 -6.61708e-23)
(0.99746 -0.00407813 6.50267e-23)
(0.99213 -0.00638278 -8.42403e-23)
(0.985606 -0.00810736 -1.20627e-22)
(0.976381 -0.00956976 1.13819e-22)
(0.96543 -0.0103733 1.8245e-22)
(0.951708 -0.0114137 1.27739e-22)
(0.935741 -0.0119834 -7.82422e-23)
(0.916488 -0.0131097 3.12523e-22)
(0.894425 -0.0140231 5.77768e-23)
(0.868243 -0.0156832 1.49959e-22)
(0.838594 -0.0173478 2.11915e-22)
(0.803884 -0.0198373 -2.52772e-24)
(0.764763 -0.0223547 -1.56669e-22)
(0.720055 -0.0261561 -2.63299e-23)
(1.00003 -0.000288925 0)
(1.00216 -0.000780649 0)
(1.00577 -0.00128018 0)
(1.01038 -0.00166898 0)
(1.01563 -0.00206006 0)
(1.02121 -0.00234111 0)
(1.02691 -0.00261588 0)
(1.03254 -0.00278178 0)
(1.03798 -0.00294635 0)
(1.04311 -0.00300852 0)
(1.04789 -0.00308626 0)
(1.05226 -0.00306526 0)
(1.05623 -0.00308637 0)
(1.05979 -0.00300145 0)
(1.06298 -0.00299805 0)
(1.00003 -0.000853024 0)
(1.00215 -0.00230377 0)
(1.00576 -0.00378033 0)
(1.01037 -0.0049302 0)
(1.01563 -0.00609015 0)
(1.02123 -0.00692555 0)
(1.02698 -0.00774631 0)
(1.03266 -0.00824505 0)
(1.03818 -0.00874239 0)
(1.04339 -0.00893449 0)
(1.04826 -0.00917352 0)
(1.0527 -0.0091169 0)
(1.05677 -0.00918536 0)
(1.0604 -0.00893664 0)
(1.0637 -0.00893003 0)
(1.00004 -0.00139114 0)
(1.00214 -0.00374532 0)
(1.00575 -0.00616015 0)
(1.01033 -0.00803762 0)
(1.01561 -0.00995026 0)
(1.02125 -0.0113286 0)
(1.02708 -0.0126998 0)
(1.03287 -0.0135373 0)
(1.03853 -0.0143853 0)
(1.04387 -0.0147202 0)
(1.04892 -0.015142 0)
(1.05351 -0.0150608 0)
(1.05777 -0.015197 0)
(1.06154 -0.0147897 0)
(1.06503 -0.0147991 0)
(1.00005 -0.00190492 0)
(1.00211 -0.00509769 0)
(1.00571 -0.00841933 0)
(1.01026 -0.0109923 0)
(1.01557 -0.0136561 0)
(1.02124 -0.015574 0)
(1.02719 -0.0175169 0)
(1.0331 -0.0187088 0)
(1.03896 -0.0199414 0)
(1.04449 -0.0204403 0)
(1.04979 -0.0210803 0)
(1.05459 -0.0209907 0)
(1.05912 -0.0212257 0)
(1.06309 -0.0206652 0)
(1.06687 -0.0207175 0)
(1.00006 -0.002395 0)
(1.00208 -0.00635583 0)
(1.00565 -0.0105574 0)
(1.01014 -0.0137944 0)
(1.01546 -0.0172156 0)
(1.02117 -0.0196738 0)
(1.02726 -0.022221 0)
(1.03332 -0.0237907 0)
(1.03942 -0.0254559 0)
(1.04518 -0.0261481 0)
(1.05079 -0.0270556 0)
(1.05587 -0.026979 0)
(1.06074 -0.0273557 0)
(1.06497 -0.0266479 0)
(1.06912 -0.0267795 0)
(1.00007 -0.00286189 0)
(1.00204 -0.00751478 0)
(1.00556 -0.0125732 0)
(1.00997 -0.0164402 0)
(1.01528 -0.0206294 0)
(1.02102 -0.0236294 0)
(1.02723 -0.0268232 0)
(1.03345 -0.0287997 0)
(1.03982 -0.030959 0)
(1.04586 -0.0318813 0)
(1.05184 -0.0331194 0)
(1.05724 -0.0330829 0)
(1.06253 -0.0336567 0)
(1.06708 -0.0328096 0)
(1.07168 -0.0330681 0)
(1.00009 -0.00330569 0)
(1.00199 -0.00856928 0)
(1.00542 -0.0144647 0)
(1.00972 -0.0189224 0)
(1.01499 -0.0238925 0)
(1.02073 -0.0274342 0)
(1.02707 -0.0313248 0)
(1.03345 -0.033741 0)
(1.04011 -0.036468 0)
(1.04645 -0.0376634 0)
(1.05285 -0.0393097 0)
(1.05862 -0.0393465 0)
(1.0644 -0.0401867 0)
(1.06934 -0.0392106 0)
(1.07446 -0.0396564 0)
(1.0001 -0.00372568 0)
(1.00192 -0.00951454 0)
(1.00524 -0.0162294 0)
(1.00939 -0.0212311 0)
(1.01459 -0.026996 0)
(1.0203 -0.0310754 0)
(1.02672 -0.035719 0)
(1.03326 -0.0386089 0)
(1.04021 -0.0419885 0)
(1.04687 -0.0435054 0)
(1.05372 -0.0456523 0)
(1.05993 -0.0458016 0)
(1.06625 -0.0469929 0)
(1.07164 -0.045902 0)
(1.07737 -0.0466096 0)
(1.0001 -0.00412018 0)
(1.00183 -0.0103473 0)
(1.00499 -0.0178651 0)
(1.00897 -0.0233547 0)
(1.01404 -0.0299283 0)
(1.01969 -0.0345349 0)
(1.02616 -0.0399925 0)
(1.03283 -0.0433885 0)
(1.04005 -0.047516 0)
(1.04705 -0.0494069 0)
(1.05438 -0.0521618 0)
(1.06105 -0.0524693 0)
(1.06798 -0.0541133 0)
(1.07389 -0.0529262 0)
(1.0803 -0.0539861 0)
(1.00011 -0.00448642 0)
(1.00173 -0.0110667 0)
(1.00468 -0.0193689 0)
(1.00845 -0.0252813 0)
(1.01335 -0.0326769 0)
(1.01888 -0.0377917 0)
(1.02534 -0.0441267 0)
(1.0321 -0.048057 0)
(1.03958 -0.0530367 0)
(1.04691 -0.0553565 0)
(1.05473 -0.0588429 0)
(1.06192 -0.0593605 0)
(1.0695 -0.0615769 0)
(1.076 -0.0603175 0)
(1.08316 -0.0618386 0)
(1.0001 -0.00482065 0)
(1.00161 -0.0116754 0)
(1.00431 -0.0207372 0)
(1.00785 -0.0269998 0)
(1.01249 -0.035229 0)
(1.01786 -0.0408223 0)
(1.02424 -0.0480992 0)
(1.03105 -0.0525847 0)
(1.03873 -0.0585289 0)
(1.04639 -0.0613332 0)
(1.05471 -0.0656901 0)
(1.06244 -0.0664757 0)
(1.07071 -0.0694039 0)
(1.07788 -0.0681029 0)
(1.08585 -0.0702134 0)
(1.00009 -0.00511844 0)
(1.00147 -0.0121791 0)
(1.00388 -0.0219649 0)
(1.00715 -0.0285016 0)
(1.01147 -0.0375719 0)
(1.01662 -0.0436032 0)
(1.02284 -0.0518851 0)
(1.02965 -0.0569364 0)
(1.03747 -0.0639636 0)
(1.04543 -0.067307 0)
(1.05422 -0.0726884 0)
(1.06253 -0.0738058 0)
(1.07152 -0.0776061 0)
(1.07943 -0.076301 0)
(1.08827 -0.0791512 0)
(1.00006 -0.00537521 0)
(1.00131 -0.0125869 0)
(1.00339 -0.0230452 0)
(1.00638 -0.0297829 0)
(1.0103 -0.039694 0)
(1.01517 -0.046112 0)
(1.02112 -0.0554582 0)
(1.02788 -0.0610734 0)
(1.03575 -0.0693064 0)
(1.04399 -0.0732391 0)
(1.0532 -0.0798135 0)
(1.06211 -0.0813314 0)
(1.07183 -0.0861859 0)
(1.08055 -0.0849227 0)
(1.09031 -0.0886861 0)
(1.00002 -0.00558691 0)
(1.00114 -0.0129098 0)
(1.00285 -0.0239699 0)
(1.00552 -0.0308459 0)
(1.00896 -0.0415833 0)
(1.01351 -0.0483303 0)
(1.01909 -0.0587915 0)
(1.02572 -0.0649547 0)
(1.03354 -0.0745179 0)
(1.04201 -0.0790833 0)
(1.05159 -0.0870319 0)
(1.06111 -0.0890235 0)
(1.07155 -0.0951362 0)
(1.08117 -0.0939704 0)
(1.09188 -0.0988454 0)
(0.99996 -0.00575075 0)
(1.00096 -0.0131596 0)
(1.00225 -0.024731 0)
(1.00461 -0.031699 0)
(1.00749 -0.0432269 0)
(1.01166 -0.0502451 0)
(1.01675 -0.0618573 0)
(1.02318 -0.0685397 0)
(1.03082 -0.0795552 0)
(1.03946 -0.0847868 0)
(1.04932 -0.0943016 0)
(1.05945 -0.096843 0)
(1.0706 -0.10444 0)
(1.08118 -0.103437 0)
(1.09288 -0.109649 0)
(0.999879 -0.0058657 0)
(1.00078 -0.0133467 0)
(1.00162 -0.0253221 0)
(1.00364 -0.0323558 0)
(1.00589 -0.0446117 0)
(1.00964 -0.051851 0)
(1.01412 -0.0646268 0)
(1.02028 -0.0717909 0)
(1.02759 -0.084372 0)
(1.03634 -0.0902911 0)
(1.04635 -0.101572 0)
(1.05709 -0.104741 0)
(1.06888 -0.11407 0)
(1.0805 -0.113308 0)
(1.09319 -0.121109 0)
(0.999775 -0.0059327 0)
(1.0006 -0.01348 0)
(1.00095 -0.0257407 0)
(1.00264 -0.0328327 0)
(1.00418 -0.0457247 0)
(1.00747 -0.053151 0)
(1.01122 -0.06707 0)
(1.01703 -0.074677 0)
(1.02384 -0.088919 0)
(1.03263 -0.0955339 0)
(1.04264 -0.108786 0)
(1.05396 -0.112659 0)
(1.06632 -0.123987 0)
(1.07904 -0.123557 0)
(1.09271 -0.133227 0)
(0.999646 -0.00595471 0)
(1.00045 -0.0135652 0)
(1.00026 -0.0259891 0)
(1.00162 -0.0331466 0)
(1.00239 -0.0465561 0)
(1.00517 -0.0541557 0)
(1.00807 -0.0691556 0)
(1.01345 -0.077176 0)
(1.01959 -0.0931427 0)
(1.02833 -0.100452 0)
(1.03815 -0.115878 0)
(1.05002 -0.120528 0)
(1.06284 -0.13414 0)
(1.07671 -0.134148 0)
(1.09132 -0.145996 0)
(0.999492 -0.00593629 0)
(1.00032 -0.0136057 0)
(0.999532 -0.0260751 0)
(1.0006 -0.0333131 0)
(1.00052 -0.0471012 0)
(1.00279 -0.0548808 0)
(1.00471 -0.070853 0)
(1.00959 -0.0792769 0)
(1.01487 -0.0969846 0)
(1.02346 -0.104988 0)
(1.03288 -0.122778 0)
(1.04525 -0.128269 0)
(1.05835 -0.144472 0)
(1.07344 -0.145035 0)
(1.08893 -0.159397 0)
(0.999318 -0.00588313 0)
(1.00022 -0.0136025 0)
(0.998788 -0.0260115 0)
(0.999593 -0.0333447 0)
(0.998592 -0.0473627 0)
(1.00035 -0.0553443 0)
(1.00118 -0.0721353 0)
(1.00548 -0.0809797 0)
(1.00971 -0.100381 0)
(1.01803 -0.109089 0)
(1.02681 -0.129406 0)
(1.03961 -0.135795 0)
(1.0528 -0.154912 0)
(1.06914 -0.15616 0)
(1.08542 -0.173402 0)
(0.999132 -0.00580144 0)
(1.00015 -0.0135551 0)
(0.99803 -0.0258151 0)
(0.998621 -0.0332503 0)
(0.996626 -0.0473516 0)
(0.997884 -0.0555631 0)
(0.997501 -0.0729836 0)
(1.00116 -0.0822935 0)
(1.00416 -0.103264 0)
(1.01208 -0.112719 0)
(1.01996 -0.135667 0)
(1.03309 -0.143013 0)
(1.04613 -0.165386 0)
(1.06375 -0.167452 0)
(1.08068 -0.187976 0)
(0.998944 -0.00569734 0)
(1.0001 -0.0134627 0)
(0.997272 -0.0255046 0)
(0.997687 -0.033036 0)
(0.994637 -0.0470877 0)
(0.995434 -0.0555504 0)
(0.99371 -0.0733916 0)
(0.996693 -0.0832315 0)
(0.998262 -0.105567 0)
(1.00564 -0.115857 0)
(1.01236 -0.141453 0)
(1.02567 -0.149836 0)
(1.03829 -0.175807 0)
(1.0572 -0.178824 0)
(1.07462 -0.203083 0)
(0.99877 -0.00557635 0)
(1.00006 -0.0133253 0)
(0.996528 -0.0250993 0)
(0.996789 -0.0327057 0)
(0.992649 -0.0465977 0)
(0.993022 -0.0553147 0)
(0.989836 -0.0733689 0)
(0.992144 -0.0838054 0)
(0.99207 -0.107235 0)
(0.998777 -0.118499 0)
(1.00408 -0.146635 0)
(1.01736 -0.15619 0)
(1.02927 -0.186068 0)
(1.04943 -0.190175 0)
(1.06716 -0.218694 0)
(0.998623 -0.0054429 0)
(1 -0.0131442 0)
(0.995821 -0.0246174 0)
(0.995914 -0.0322635 0)
(0.990693 -0.0459124 0)
(0.990659 -0.0548609 0)
(0.985924 -0.0729427 0)
(0.987572 -0.0840204 0)
(0.98563 -0.108234 0)
(0.991586 -0.120648 0)
(0.995151 -0.151073 0)
(1.00819 -0.162029 0)
(1.01908 -0.196021 0)
(1.04039 -0.201376 0)
(1.05824 -0.234751 0)
(0.998514 -0.00530029 0)
(0.999926 -0.0129224 0)
(0.995172 -0.0240743 0)
(0.995045 -0.0317159 0)
(0.988813 -0.0450639 0)
(0.988337 -0.0541939 0)
(0.982042 -0.0721553 0)
(0.983015 -0.0838741 0)
(0.979014 -0.108564 0)
(0.984175 -0.122303 0)
(0.985632 -0.154637 0)
(0.998252 -0.167342 0)
(1.00776 -0.205481 0)
(1.03005 -0.21227 0)
(1.04778 -0.251124 0)
(0.998448 -0.0051507 0)
(0.999811 -0.0126644 0)
(0.994596 -0.0234823 0)
(0.994167 -0.0310722 0)
(0.98705 -0.0440804 0)
(0.986041 -0.0533217 0)
(0.978275 -0.0710544 0)
(0.978484 -0.0833581 0)
(0.972347 -0.108259 0)
(0.976635 -0.123434 0)
(0.975611 -0.15722 0)
(0.987689 -0.172123 0)
(0.995346 -0.214237 0)
(1.01846 -0.222733 0)
(1.03573 -0.267699 0)
(0.998425 -0.00499548 0)
(0.999657 -0.012375 0)
(0.9941 -0.0228487 0)
(0.993272 -0.0303413 0)
(0.985439 -0.0429786 0)
(0.983763 -0.052251 0)
(0.974718 -0.0696721 0)
(0.973976 -0.0824542 0)
(0.965809 -0.107353 0)
(0.969005 -0.123976 0)
(0.96527 -0.158746 0)
(0.976618 -0.176342 0)
(0.981858 -0.222084 0)
(1.00572 -0.232932 0)
(1.02196 -0.284835 0)
(0.99844 -0.00483556 0)
(0.999469 -0.0120615 0)
(0.993686 -0.0221779 0)
(0.992372 -0.0295329 0)
(0.984 -0.0417626 0)
(0.981521 -0.0509883 0)
(0.97145 -0.068017 0)
(0.969514 -0.0811518 0)
(0.959592 -0.105874 0)
(0.961294 -0.123879 0)
(0.954902 -0.159213 0)
(0.964997 -0.180002 0)
(0.967308 -0.228814 0)
(0.991699 -0.24359 0)
(1.0064 -0.303923 0)
(0.998484 -0.00467356 0)
(0.999259 -0.0117377 0)
(0.993347 -0.0214881 0)
(0.991492 -0.0286828 0)
(0.982749 -0.0404737 0)
(0.979364 -0.0496022 0)
(0.968526 -0.0661758 0)
(0.965168 -0.0795692 0)
(0.953844 -0.103999 0)
(0.953536 -0.123289 0)
(0.944796 -0.158856 0)
(0.952626 -0.183134 0)
(0.951713 -0.233994 0)
(0.975407 -0.255076 0)
(0.988881 -0.325951 0)
(0.998545 -0.00451628 0)
(0.999039 -0.0114192 0)
(0.99308 -0.0208446 0)
(0.99067 -0.0278953 0)
(0.981691 -0.0393088 0)
(0.977365 -0.0483468 0)
(0.965966 -0.0645294 0)
(0.961042 -0.0781073 0)
(0.948614 -0.102253 0)
(0.945829 -0.122499 0)
(0.935123 -0.157998 0)
(0.939438 -0.184961 0)
(0.935326 -0.236097 0)
(0.955215 -0.263573 0)
(0.968665 -0.34422 0)
(1.065 -0.00289735 7.79897e-24)
(1.06604 -0.00284233 -1.69229e-23)
(1.06707 -0.00278617 2.56292e-23)
(1.06808 -0.00272936 -5.88253e-23)
(1.06908 -0.00267191 -3.98654e-23)
(1.07007 -0.00261387 -9.57395e-24)
(1.07104 -0.0025554 1.16221e-22)
(1.072 -0.00249673 4.88963e-23)
(1.07294 -0.00243808 -1.82463e-22)
(1.07387 -0.00237959 1.86199e-22)
(1.07478 -0.00232138 -9.43518e-23)
(1.07567 -0.00226355 2.08309e-23)
(1.07655 -0.00220615 1.33202e-23)
(1.0774 -0.00214925 4.9739e-23)
(1.07823 -0.00209286 -4.16658e-23)
(1.07905 -0.002037 3.43212e-23)
(1.07984 -0.00198167 -4.86851e-23)
(1.08061 -0.00192682 -5.64548e-23)
(1.08136 -0.00187243 2.74225e-23)
(1.08208 -0.0018184 -9.53337e-25)
(1.06576 -0.008634 -1.75268e-24)
(1.0668 -0.00847689 1.57997e-23)
(1.06783 -0.00831878 -1.52737e-24)
(1.06884 -0.00816017 2.3643e-23)
(1.06984 -0.00800046 -7.71749e-23)
(1.07084 -0.00783923 -7.50369e-23)
(1.07182 -0.00767652 1.54431e-23)
(1.07279 -0.00751258 6.13058e-23)
(1.07374 -0.00734766 3.43458e-24)
(1.07468 -0.0071819 2.38122e-23)
(1.0756 -0.00701542 -7.3454e-23)
(1.07651 -0.0068483 5.90108e-23)
(1.0774 -0.00668064 3.21397e-23)
(1.07827 -0.00651252 -9.84582e-23)
(1.07912 -0.00634402 7.02088e-23)
(1.07995 -0.00617521 -6.61304e-23)
(1.08076 -0.00600616 -2.54888e-23)
(1.08155 -0.00583693 5.11597e-23)
(1.08231 -0.00566757 -8.98747e-24)
(1.08306 -0.00549814 -2.6089e-25)
(1.06716 -0.014307 -1.92585e-23)
(1.06823 -0.0140477 5.35278e-24)
(1.06926 -0.0137864 6.14993e-23)
(1.07029 -0.0135238 1.63423e-23)
(1.07131 -0.0132587 5.604e-23)
(1.07233 -0.0129905 -5.02281e-24)
(1.07333 -0.0127193 -3.35385e-22)
(1.07433 -0.0124455 2.33308e-22)
(1.0753 -0.0121694 3.40475e-23)
(1.07627 -0.0118915 -5.99849e-24)
(1.07722 -0.0116119 -9.749e-23)
(1.07815 -0.0113308 -2.25859e-22)
(1.07906 -0.0110485 1.3552e-22)
(1.07996 -0.010765 -1.83459e-23)
(1.08084 -0.0104807 -1.58167e-23)
(1.08169 -0.0101957 -9.89829e-23)
(1.08253 -0.00991011 9.14573e-23)
(1.08335 -0.00962416 -1.37473e-23)
(1.08414 -0.00933794 3.97071e-23)
(1.08491 -0.00905169 -1.97178e-24)
(1.06912 -0.0200236 -2.47918e-23)
(1.07022 -0.0196603 2.36106e-23)
(1.07127 -0.0192941 -9.34879e-23)
(1.07232 -0.0189256 8.23939e-23)
(1.07338 -0.0185535 3.78986e-23)
(1.07443 -0.0181767 9.14888e-23)
(1.07547 -0.0177953 1.08146e-22)
(1.0765 -0.01741 -1.96659e-22)
(1.07751 -0.0170213 1.31436e-22)
(1.07851 -0.0166297 2.41809e-24)
(1.0795 -0.0162352 -1.78194e-23)
(1.08047 -0.0158383 7.6759e-23)
(1.08142 -0.0154392 1.43793e-22)
(1.08235 -0.0150382 -1.04776e-22)
(1.08327 -0.0146355 -8.08982e-23)
(1.08416 -0.0142313 1.16117e-22)
(1.08504 -0.013826 -7.26426e-23)
(1.08589 -0.0134197 2.63838e-23)
(1.08672 -0.0130126 2.89783e-23)
(1.08753 -0.012605 -1.70168e-23)
(1.07152 -0.0258754 3.81411e-23)
(1.07268 -0.0254047 -9.97476e-23)
(1.07377 -0.0249297 -6.81503e-23)
(1.07485 -0.0244515 4.32511e-23)
(1.07595 -0.0239681 4.58705e-23)
(1.07705 -0.0234781 -4.69229e-23)
(1.07814 -0.0229818 -1.69095e-22)
(1.07922 -0.0224799 -7.57066e-23)
(1.08028 -0.0219731 1.50703e-22)
(1.08133 -0.0214619 -2.91381e-22)
(1.08237 -0.0209466 9.59478e-23)
(1.08339 -0.0204275 2.64152e-23)
(1.08439 -0.019905 -4.86023e-24)
(1.08538 -0.0193793 -3.80347e-23)
(1.08635 -0.0188509 -5.11539e-23)
(1.08729 -0.0183199 -3.59564e-23)
(1.08822 -0.0177868 8.81667e-23)
(1.08912 -0.0172519 -9.72213e-24)
(1.09 -0.0167152 -3.51954e-24)
(1.09085 -0.0161775 -1.82772e-23)
(1.07429 -0.0319429 5.48055e-23)
(1.07552 -0.0313598 1.20233e-22)
(1.07665 -0.0307707 -8.06218e-23)
(1.07778 -0.0301772 -1.54549e-22)
(1.07894 -0.0295766 6.49778e-23)
(1.08011 -0.0289673 -9.88296e-23)
(1.08127 -0.0283496 2.92888e-22)
(1.08241 -0.0277245 -1.03166e-22)
(1.08354 -0.0270928 3.61642e-23)
(1.08466 -0.0264549 2.16267e-22)
(1.08576 -0.0258113 -1.05808e-22)
(1.08685 -0.0251624 1.76612e-22)
(1.08792 -0.0245085 2.22817e-24)
(1.08897 -0.02385 -8.45475e-23)
(1.09 -0.0231875 -2.47506e-23)
(1.09101 -0.0225213 -3.52162e-23)
(1.09199 -0.0218517 -4.42258e-23)
(1.09296 -0.0211791 -1.43663e-25)
(1.0939 -0.020504 1.39381e-23)
(1.09482 -0.0198261 3.0128e-26)
(1.07732 -0.0382975 -4.32754e-23)
(1.07865 -0.037596 3.38884e-23)
(1.07984 -0.0368864 2.6104e-22)
(1.08104 -0.0361706 3.36647e-23)
(1.08228 -0.0354457 2.34262e-22)
(1.08354 -0.0347097 4.52406e-24)
(1.08478 -0.0339629 -2.76854e-22)
(1.08601 -0.0332064 1.50235e-22)
(1.08722 -0.0324413 -2.50714e-22)
(1.08842 -0.031668 1.31969e-22)
(1.0896 -0.030887 -2.32992e-22)
(1.09077 -0.0300987 2.5632e-22)
(1.09192 -0.0293036 -1.81728e-22)
(1.09305 -0.0285021 6.42065e-24)
(1.09416 -0.0276948 1.93995e-22)
(1.09525 -0.026882 7.63474e-24)
(1.09632 -0.0260643 6.62175e-23)
(1.09736 -0.0252421 -5.37874e-23)
(1.09838 -0.0244157 -6.03927e-23)
(1.09938 -0.0235851 2.5979e-23)
(1.08053 -0.0450038 8.56905e-23)
(1.08198 -0.0441772 -1.5901e-22)
(1.08326 -0.0433398 -1.86276e-22)
(1.08455 -0.0424942 9.44771e-23)
(1.08589 -0.0416367 -8.87265e-23)
(1.08725 -0.0407655 4.38355e-23)
(1.08861 -0.0398807 5.51642e-23)
(1.08994 -0.0389838 -1.22248e-22)
(1.09125 -0.0380757 -8.35392e-23)
(1.09255 -0.037157 -3.22342e-22)
(1.09384 -0.0362282 1.56228e-22)
(1.09511 -0.0352897 -3.52087e-22)
(1.09636 -0.0343421 1.23227e-22)
(1.09759 -0.0333858 2.40567e-22)
(1.0988 -0.0324215 -2.01393e-22)
(1.09998 -0.0314496 1.66921e-22)
(1.10114 -0.0304706 3.14258e-23)
(1.10228 -0.029485 -9.06787e-23)
(1.10339 -0.028493 2.11438e-23)
(1.10448 -0.0274955 4.44673e-24)
(1.08382 -0.0521204 -2.04812e-22)
(1.08542 -0.051162 3.41129e-22)
(1.08682 -0.0501892 2.25103e-22)
(1.08822 -0.0492053 -1.56355e-22)
(1.08969 -0.0482067 4.80598e-23)
(1.09119 -0.047191 -1.9001e-22)
(1.09267 -0.0461587 -1.02809e-23)
(1.09414 -0.0451113 2.12731e-22)
(1.09558 -0.0440498 4.65948e-22)
(1.097 -0.0429749 2.40932e-22)
(1.09841 -0.0418869 -4.71845e-22)
(1.0998 -0.0407865 4.25698e-22)
(1.10118 -0.0396742 -3.25318e-22)
(1.10253 -0.0385505 2.91021e-22)
(1.10385 -0.0374162 1.59825e-22)
(1.10515 -0.0362717 -1.74268e-22)
(1.10643 -0.0351175 -4.74002e-23)
(1.10768 -0.0339542 7.28284e-23)
(1.1089 -0.0327822 6.58619e-23)
(1.1101 -0.0316021 -4.27219e-24)
(1.08711 -0.0597008 2.77456e-22)
(1.0889 -0.0586041 -1.3257e-22)
(1.09044 -0.0574883 -5.29119e-23)
(1.09199 -0.0563576 -9.85905e-23)
(1.09362 -0.0552085 -7.70511e-23)
(1.09528 -0.0540389 4.7298e-22)
(1.09692 -0.0528491 2.2936e-24)
(1.09854 -0.0516408 -5.9175e-22)
(1.10013 -0.0504148 -7.1027e-22)
(1.10171 -0.049172 8.00279e-23)
(1.10327 -0.0479128 2.62979e-22)
(1.10481 -0.0466378 -2.71563e-22)
(1.10633 -0.0453475 3.93841e-22)
(1.10782 -0.0440428 3.02047e-23)
(1.10929 -0.0427241 -1.08909e-22)
(1.11073 -0.0413922 -4.63574e-23)
(1.11214 -0.0400474 1.20438e-22)
(1.11352 -0.0386905 2.58325e-23)
(1.11488 -0.0373218 6.56143e-23)
(1.1162 -0.0359419 -6.02631e-23)
(1.09029 -0.0677935 -2.17618e-22)
(1.09231 -0.0665528 -3.78615e-23)
(1.09404 -0.0652866 1.20977e-22)
(1.09578 -0.0640006 2.22518e-22)
(1.0976 -0.062692 9.58051e-23)
(1.09945 -0.0613588 -3.99039e-22)
(1.10129 -0.0600013 -2.46326e-22)
(1.10309 -0.0586212 2.47927e-22)
(1.10487 -0.0572194 5.89148e-22)
(1.10662 -0.0557965 4.09139e-22)
(1.10836 -0.0543533 -1.83495e-22)
(1.11008 -0.0528903 3.85942e-23)
(1.11177 -0.0514082 -3.25651e-22)
(1.11343 -0.0499078 -3.94727e-22)
(1.11506 -0.0483896 2.49322e-22)
(1.11666 -0.0468544 -1.11798e-22)
(1.11824 -0.0453026 9.41231e-23)
(1.11978 -0.0437349 2.50915e-23)
(1.12129 -0.042152 -9.82855e-23)
(1.12277 -0.0405541 3.8976e-23)
(1.09327 -0.076442 -3.16584e-22)
(1.09558 -0.075053 1.06502e-22)
(1.09754 -0.0736298 5.77279e-24)
(1.0995 -0.0721804 -2.27403e-22)
(1.10155 -0.0707033 -5.81075e-22)
(1.10364 -0.069197 -2.59771e-22)
(1.1057 -0.0676618 2.34687e-22)
(1.10773 -0.0660991 7.10221e-22)
(1.10972 -0.0645097 2.05727e-22)
(1.11169 -0.0628944 1.4124e-22)
(1.11364 -0.061254 -2.21499e-22)
(1.11556 -0.0595891 -6.20358e-22)
(1.11745 -0.0579005 4.70339e-22)
(1.11931 -0.0561891 2.19182e-22)
(1.12114 -0.0544555 -3.63061e-22)
(1.12293 -0.0527003 3.35172e-22)
(1.1247 -0.0509242 3.13861e-23)
(1.12642 -0.0491277 3.74011e-23)
(1.12811 -0.0473118 8.79128e-23)
(1.12976 -0.0454766 7.66829e-23)
(1.09596 -0.0856848 4.65581e-22)
(1.09861 -0.0841447 5.56975e-23)
(1.10087 -0.0825593 -2.09473e-22)
(1.1031 -0.0809391 -5.73713e-22)
(1.10542 -0.0792853 2.31818e-22)
(1.10778 -0.0775971 9.07563e-22)
(1.11011 -0.0758745 6.28206e-23)
(1.1124 -0.0741184 -1.89988e-22)
(1.11465 -0.0723298 -5.99899e-22)
(1.11687 -0.0705095 2.35931e-22)
(1.11906 -0.0686583 8.38971e-22)
(1.12122 -0.0667773 2.26085e-22)
(1.12335 -0.0648672 5.21257e-22)
(1.12544 -0.0629289 -1.96985e-22)
(1.12749 -0.0609631 -5.00716e-22)
(1.12951 -0.0589705 1.49688e-23)
(1.13148 -0.0569518 2.17376e-22)
(1.13342 -0.0549076 -2.42566e-22)
(1.13532 -0.0528391 1.35105e-23)
(1.13717 -0.0507462 -7.50796e-23)
(1.09826 -0.0955549 1.56368e-23)
(1.10131 -0.0938636 -6.9447e-22)
(1.10393 -0.0921122 7.42568e-22)
(1.10649 -0.0903152 9.56166e-22)
(1.10913 -0.0884774 2.41616e-22)
(1.1118 -0.0865992 -6.02508e-23)
(1.11444 -0.0846803 -6.08063e-23)
(1.11704 -0.0827207 -4.64662e-22)
(1.11959 -0.0807213 4.933e-22)
(1.1221 -0.0786833 -4.45702e-22)
(1.12458 -0.0766079 -8.34364e-22)
(1.12702 -0.0744962 -2.56227e-22)
(1.12941 -0.0723491 -1.13833e-22)
(1.13177 -0.0701674 4.02057e-22)
(1.13408 -0.0679521 2.42494e-22)
(1.13635 -0.0657038 -3.96136e-22)
(1.13858 -0.0634237 -6.40018e-22)
(1.14076 -0.0611117 -8.72407e-25)
(1.14289 -0.0587703 1.9783e-22)
(1.14498 -0.0563988 9.66925e-23)
(1.10007 -0.106079 6.74305e-23)
(1.1036 -0.10424 8.79561e-22)
(1.10665 -0.102321 5.24293e-23)
(1.1096 -0.100343 2.03921e-22)
(1.11261 -0.0983153 -6.1045e-22)
(1.11565 -0.0962406 4.11921e-22)
(1.11865 -0.0941173 -4.96921e-22)
(1.1216 -0.0919447 3.25051e-22)
(1.12449 -0.0897235 1.87561e-22)
(1.12734 -0.0874554 1.05541e-23)
(1.13015 -0.0851421 -6.24195e-23)
(1.13291 -0.082785 -7.05088e-22)
(1.13562 -0.0803851 -4.75533e-22)
(1.13828 -0.0779432 4.16269e-22)
(1.14089 -0.0754603 -8.38087e-23)
(1.14345 -0.0729372 5.21408e-22)
(1.14596 -0.0703753 7.08425e-22)
(1.14841 -0.0677744 -8.03366e-23)
(1.15081 -0.065139 -2.75409e-22)
(1.15317 -0.0624672 -6.67582e-23)
(1.10128 -0.117278 -3.91417e-22)
(1.10537 -0.115298 -5.12204e-22)
(1.10894 -0.113214 2.60965e-22)
(1.11235 -0.111052 -6.97722e-22)
(1.11579 -0.108831 5.08738e-22)
(1.11924 -0.106555 -9.45432e-22)
(1.12266 -0.104221 4.67596e-22)
(1.12602 -0.101827 5.63985e-23)
(1.12931 -0.099373 -3.20822e-22)
(1.13255 -0.0968627 1.47105e-22)
(1.13573 -0.0942981 -6.91432e-22)
(1.13886 -0.091681 1.07582e-21)
(1.14192 -0.0890124 -1.6431e-22)
(1.14493 -0.0862935 -4.4992e-22)
(1.14788 -0.0835253 -4.72646e-22)
(1.15077 -0.0807082 6.04908e-22)
(1.1536 -0.0778438 -1.14401e-21)
(1.15636 -0.0749296 5.469e-22)
(1.15906 -0.071975 4.56877e-23)
(1.16171 -0.068977 -1.14648e-22)
(1.10179 -0.129166 6.6056e-22)
(1.10652 -0.127056 8.34741e-23)
(1.11072 -0.124812 -9.70536e-22)
(1.11467 -0.122468 2.25419e-22)
(1.1186 -0.120053 1.56313e-21)
(1.12253 -0.117573 2.90088e-22)
(1.12642 -0.115023 5.11311e-22)
(1.13025 -0.1124 -2.23157e-22)
(1.134 -0.109704 1.1841e-21)
(1.13768 -0.10694 -1.14675e-21)
(1.14129 -0.10411 8.82244e-22)
(1.14483 -0.101218 5.37162e-22)
(1.1483 -0.0982646 -8.31903e-22)
(1.1517 -0.0952515 1.11073e-21)
(1.15503 -0.0921803 4.11678e-22)
(1.15829 -0.0890542 -1.24356e-21)
(1.16149 -0.0858733 3.46581e-22)
(1.1646 -0.082643 -6.54794e-22)
(1.16763 -0.0793475 -1.19214e-22)
(1.17062 -0.0759909 1.1629e-22)
(1.10148 -0.141748 7.60476e-23)
(1.10697 -0.139526 -1.058e-22)
(1.1119 -0.137133 8.34587e-22)
(1.11648 -0.134612 -3.10381e-22)
(1.12096 -0.132006 -2.35195e-21)
(1.12543 -0.129323 2.33689e-23)
(1.12987 -0.126555 -1.07334e-21)
(1.13424 -0.123696 6.66946e-22)
(1.13851 -0.120749 -8.64781e-22)
(1.14269 -0.117719 -6.62079e-22)
(1.14678 -0.114612 -5.50872e-22)
(1.15079 -0.111428 -2.70601e-22)
(1.15471 -0.108172 1.45738e-21)
(1.15855 -0.104843 -9.72162e-22)
(1.1623 -0.101446 -7.34993e-22)
(1.16597 -0.0979823 7.59559e-22)
(1.16955 -0.0944533 1.45855e-22)
(1.17306 -0.0908652 7.88585e-22)
(1.17652 -0.0872036 2.28347e-22)
(1.1799 -0.0834713 -4.58995e-23)
(1.10025 -0.155021 -3.74205e-22)
(1.1066 -0.152713 2.41367e-22)
(1.11239 -0.150186 -1.86912e-21)
(1.11769 -0.147499 -9.61734e-22)
(1.1228 -0.144709 -1.88926e-22)
(1.12788 -0.141828 2.53062e-21)
(1.13294 -0.138841 3.09821e-22)
(1.13792 -0.135743 -2.00192e-21)
(1.14278 -0.132537 -8.84385e-22)
(1.14753 -0.129232 1.49994e-22)
(1.15217 -0.125834 -2.15981e-22)
(1.1567 -0.122344 4.83115e-23)
(1.16114 -0.118765 -9.77306e-22)
(1.16548 -0.1151 1.08954e-21)
(1.16971 -0.111351 6.84941e-22)
(1.17385 -0.107521 -6.77118e-22)
(1.17788 -0.103613 1.17945e-22)
(1.18182 -0.0996276 -5.80268e-22)
(1.1857 -0.0955742 2.53743e-22)
(1.18948 -0.0914464 -6.87257e-23)
(1.09799 -0.168973 -8.4309e-22)
(1.10531 -0.16661 -2.9884e-22)
(1.1121 -0.163973 1.75105e-21)
(1.11822 -0.161137 7.25103e-22)
(1.12402 -0.158179 8.99932e-22)
(1.1298 -0.155109 -1.55407e-21)
(1.13557 -0.151908 -2.72803e-21)
(1.14124 -0.148569 7.30769e-22)
(1.14678 -0.145099 1.30171e-21)
(1.15216 -0.141511 9.54556e-22)
(1.15741 -0.137809 -3.60663e-22)
(1.16254 -0.133998 -6.53413e-22)
(1.16756 -0.130078 1.21023e-21)
(1.17245 -0.126056 -7.90473e-22)
(1.17722 -0.121935 -1.75701e-21)
(1.18187 -0.117719 6.28128e-22)
(1.18639 -0.11341 6.16411e-22)
(1.19081 -0.10902 8.34917e-23)
(1.19514 -0.104547 -2.61982e-22)
(1.19939 -0.0999843 2.1397e-22)
(1.09458 -0.183583 8.19014e-22)
(1.103 -0.181206 5.97143e-22)
(1.11093 -0.178489 -1.6784e-21)
(1.11797 -0.17553 1.0705e-21)
(1.12456 -0.172426 -4.09943e-22)
(1.13111 -0.169184 -1.9031e-21)
(1.13769 -0.165776 3.55826e-21)
(1.14416 -0.162198 2.53446e-21)
(1.15044 -0.158462 -3.5707e-22)
(1.15653 -0.154584 -4.03165e-22)
(1.16248 -0.150569 4.35845e-22)
(1.16828 -0.146421 -1.86977e-21)
(1.17393 -0.142144 -1.27837e-21)
(1.17945 -0.137744 1.50177e-22)
(1.18481 -0.133226 2.6142e-21)
(1.19003 -0.128597 -4.43759e-23)
(1.1951 -0.123853 -6.96186e-22)
(1.20003 -0.11902 -7.59266e-23)
(1.20488 -0.114089 -9.54228e-22)
(1.20962 -0.109054 -8.94722e-23)
(1.08994 -0.198829 -1.0032e-22)
(1.09958 -0.196481 -1.63416e-22)
(1.1088 -0.193719 1.41543e-21)
(1.11685 -0.190674 -8.44087e-22)
(1.12431 -0.187458 1.88008e-21)
(1.13175 -0.184065 4.13207e-21)
(1.13924 -0.180463 -2.1362e-21)
(1.14659 -0.176651 2.0243e-21)
(1.15371 -0.172652 5.79889e-22)
(1.16061 -0.168481 7.34024e-22)
(1.16732 -0.164143 -3.15773e-23)
(1.17387 -0.159643 1.11885e-21)
(1.18025 -0.15499 1.44135e-21)
(1.18645 -0.150191 1.07799e-21)
(1.19247 -0.145257 1.76788e-21)
(1.19834 -0.140194 1.47867e-21)
(1.20399 -0.135012 9.05597e-22)
(1.20949 -0.129694 2.14813e-22)
(1.2149 -0.12425 5.26593e-23)
(1.22019 -0.11869 -1.36533e-22)
(1.08397 -0.214691 -1.44427e-22)
(1.09498 -0.212411 -1.03938e-22)
(1.10562 -0.209648 -9.95906e-22)
(1.11477 -0.206564 1.87623e-21)
(1.1232 -0.203277 -3.98645e-21)
(1.13164 -0.199763 -5.62661e-21)
(1.14016 -0.195983 -1.93036e-21)
(1.14851 -0.191951 -9.16092e-22)
(1.15655 -0.187695 2.92791e-22)
(1.16434 -0.183231 -5.05428e-22)
(1.17192 -0.178562 -2.08971e-21)
(1.17931 -0.173695 2.39051e-21)
(1.18648 -0.168643 -7.96e-22)
(1.19344 -0.163418 -4.10675e-21)
(1.20018 -0.158037 -1.70467e-21)
(1.20671 -0.152501 -3.04748e-22)
(1.21304 -0.146847 2.90339e-22)
(1.21924 -0.141012 -1.27582e-21)
(1.22528 -0.135017 5.22443e-22)
(1.23114 -0.128891 2.76773e-22)
(1.07667 -0.231134 -3.0492e-22)
(1.08918 -0.228967 2.29471e-22)
(1.10134 -0.226252 -1.57583e-22)
(1.11165 -0.223191 -9.28082e-22)
(1.12114 -0.219887 2.52748e-21)
(1.13073 -0.216285 4.35276e-21)
(1.14041 -0.212351 2.41065e-21)
(1.14984 -0.208118 -7.09868e-21)
(1.15892 -0.20362 -1.85145e-21)
(1.1677 -0.198865 -4.44092e-22)
(1.17625 -0.193858 -8.52144e-24)
(1.18457 -0.188609 -2.82021e-22)
(1.19263 -0.183136 -2.19779e-21)
(1.20043 -0.177452 3.69309e-21)
(1.20797 -0.171574 6.02493e-22)
(1.21524 -0.165508 -1.63244e-21)
(1.22231 -0.159291 -9.27793e-22)
(1.22926 -0.152901 5.88682e-22)
(1.23598 -0.146336 1.1321e-21)
(1.24247 -0.139614 -1.18093e-22)
(1.06802 -0.248068 -1.90162e-22)
(1.08216 -0.246075 -2.66032e-22)
(1.09588 -0.243487 -8.04383e-23)
(1.10739 -0.24054 -1.45606e-21)
(1.11808 -0.237283 -2.94371e-23)
(1.12897 -0.233632 -8.46737e-22)
(1.13992 -0.229577 3.37712e-21)
(1.15054 -0.225174 3.12404e-21)
(1.16075 -0.220455 5.41862e-21)
(1.17066 -0.215419 2.4707e-21)
(1.1803 -0.210072 1.85607e-21)
(1.18965 -0.204431 -2.67711e-22)
(1.1987 -0.198518 9.82166e-22)
(1.20744 -0.192347 2.16966e-21)
(1.21589 -0.185938 -1.65821e-21)
(1.224 -0.179291 -3.95223e-22)
(1.23185 -0.172468 1.1756e-21)
(1.23956 -0.165462 1.70306e-21)
(1.24702 -0.158264 -1.0889e-21)
(1.2542 -0.150888 -1.45337e-24)
(1.05806 -0.265322 1.37731e-21)
(1.07394 -0.263581 -3.04947e-22)
(1.08917 -0.261251 -3.47164e-23)
(1.10193 -0.258548 6.94305e-22)
(1.11396 -0.255426 -4.56179e-22)
(1.12631 -0.251781 8.59596e-22)
(1.13865 -0.247658 -1.64528e-21)
(1.15055 -0.243132 4.4657e-21)
(1.16203 -0.238221 -6.5507e-21)
(1.17318 -0.232918 -7.9359e-21)
(1.18402 -0.227235 -3.29024e-22)
(1.19453 -0.221199 -2.66557e-21)
(1.20469 -0.214834 1.44637e-21)
(1.21447 -0.208166 -1.48055e-21)
(1.22393 -0.201209 -2.01038e-21)
(1.23295 -0.194014 1.79135e-22)
(1.24167 -0.186533 -8.25631e-22)
(1.25023 -0.178804 -2.31098e-21)
(1.25849 -0.170869 -9.95297e-22)
(1.26642 -0.162751 -2.66605e-23)
(1.04681 -0.282838 -9.50645e-22)
(1.06445 -0.281337 6.06727e-22)
(1.08109 -0.279403 5.21272e-22)
(1.09513 -0.277114 5.39147e-23)
(1.10872 -0.274242 4.06679e-22)
(1.1227 -0.270697 -1.99726e-21)
(1.13651 -0.266593 -1.97073e-21)
(1.14981 -0.262013 -7.71825e-21)
(1.16268 -0.256951 -2.62698e-21)
(1.17522 -0.251405 6.98488e-21)
(1.1874 -0.245397 -3.71328e-21)
(1.19919 -0.238964 5.72281e-21)
(1.21056 -0.232125 -3.84929e-22)
(1.2215 -0.224927 -3.33673e-21)
(1.232 -0.217376 8.24343e-21)
(1.24209 -0.209601 3.86982e-21)
(1.25194 -0.201411 -1.15483e-21)
(1.26146 -0.192899 1.70305e-21)
(1.27058 -0.184159 1.9997e-21)
(1.27932 -0.175224 1.8371e-22)
(1.03433 -0.301135 -7.1837e-22)
(1.05368 -0.299493 -8.3615e-22)
(1.0715 -0.297916 2.03566e-22)
(1.08692 -0.29611 -1.15443e-21)
(1.10233 -0.293565 8.06371e-22)
(1.11807 -0.290235 1.92565e-22)
(1.13344 -0.28628 1.9638e-21)
(1.14827 -0.28174 4.62518e-21)
(1.1627 -0.276594 8.56585e-21)
(1.17677 -0.270856 -3.15295e-22)
(1.19043 -0.264565 6.15116e-21)
(1.20365 -0.257755 -1.23693e-21)
(1.21639 -0.25044 -7.18057e-22)
(1.22866 -0.242659 1.095e-22)
(1.24037 -0.234395 -4.56264e-21)
(1.25168 -0.225843 -3.41237e-21)
(1.26279 -0.216915 -2.79905e-21)
(1.27341 -0.207648 -6.06822e-22)
(1.28351 -0.198105 -1.16222e-21)
(1.29316 -0.188314 -5.50613e-22)
(1.02082 -0.321209 -1.66333e-21)
(1.04157 -0.318868 6.6354e-22)
(1.06006 -0.317401 -4.85465e-22)
(1.07704 -0.315866 1.30365e-21)
(1.09451 -0.313587 2.27602e-22)
(1.11207 -0.310581 -6.74966e-22)
(1.12912 -0.306921 1.31298e-21)
(1.14568 -0.302552 5.48986e-21)
(1.16187 -0.297442 -6.40527e-21)
(1.17769 -0.291621 4.44116e-21)
(1.19306 -0.285135 -9.76309e-22)
(1.20796 -0.27802 -5.37186e-21)
(1.22235 -0.270313 4.12108e-21)
(1.23628 -0.262026 -2.34329e-21)
(1.24946 -0.253223 9.47422e-22)
(1.26215 -0.243715 -1.66233e-21)
(1.27457 -0.233744 5.64927e-21)
(1.2864 -0.223458 -1.23676e-21)
(1.2976 -0.212897 -1.5659e-21)
(1.30823 -0.202067 5.26403e-23)
(1.00745 -0.339763 4.25336e-21)
(1.02846 -0.337787 3.36053e-22)
(1.04732 -0.336561 7.51061e-23)
(1.06644 -0.335047 -3.17176e-22)
(1.08631 -0.332916 -1.44366e-21)
(1.10603 -0.330207 2.38643e-21)
(1.12522 -0.326842 -4.65656e-21)
(1.14395 -0.322708 -8.12532e-21)
(1.16226 -0.317762 3.6371e-21)
(1.18008 -0.312009 -2.09584e-21)
(1.19734 -0.305469 5.98435e-22)
(1.21402 -0.298172 1.83936e-21)
(1.2301 -0.290159 2.07237e-21)
(1.24553 -0.281455 8.85797e-21)
(1.26046 -0.272044 -5.69112e-21)
(1.27493 -0.261714 8.96653e-21)
(1.28856 -0.250803 -7.51735e-21)
(1.30128 -0.239505 3.83936e-21)
(1.31324 -0.227865 1.602e-21)
(1.32454 -0.215899 3.91472e-22)
(1.08279 -0.0017647 8.85544e-25)
(1.08347 -0.00171132 3.59458e-23)
(1.08413 -0.0016582 -7.804e-23)
(1.08476 -0.00160528 -5.05325e-23)
(1.08537 -0.00155249 3.95531e-23)
(1.08596 -0.00149977 -5.89906e-23)
(1.08652 -0.00144707 6.88499e-23)
(1.08706 -0.00139434 5.33291e-23)
(1.08758 -0.00134154 4.87588e-23)
(1.08378 -0.0053287 -6.40459e-24)
(1.08448 -0.00515928 -4.26603e-24)
(1.08515 -0.00498994 1.02751e-22)
(1.0858 -0.00482071 -1.70757e-23)
(1.08643 -0.00465166 -9.25858e-23)
(1.08703 -0.00448283 2.39888e-23)
(1.08761 -0.00431428 -1.63905e-22)
(1.08816 -0.00414607 -2.44496e-25)
(1.08869 -0.00397827 8.02185e-24)
(1.08566 -0.00876548 -5.41564e-24)
(1.08638 -0.00847938 2.0359e-23)
(1.08708 -0.0081935 -3.11608e-23)
(1.08775 -0.00790793 1.40229e-22)
(1.08841 -0.0076228 -5.06563e-23)
(1.08903 -0.0073382 -1.72167e-23)
(1.08963 -0.00705424 9.44157e-23)
(1.09021 -0.00677102 2.67621e-22)
(1.09076 -0.00648865 -2.46658e-22)
(1.08831 -0.012197 -7.36382e-24)
(1.08907 -0.0117888 5.92292e-23)
(1.08981 -0.0113806 3.75489e-23)
(1.09052 -0.0109724 -1.09063e-22)
(1.09121 -0.0105645 -1.09233e-24)
(1.09187 -0.010157 -2.54341e-23)
(1.0925 -0.00975013 -2.24816e-22)
(1.09311 -0.00934399 2.86751e-22)
(1.0937 -0.00893877 3.27794e-23)
(1.09169 -0.0156391 -9.70604e-24)
(1.09249 -0.0150998 -2.36911e-23)
(1.09328 -0.0145598 -2.95467e-23)
(1.09404 -0.0140194 1.04391e-22)
(1.09477 -0.0134789 -1.19726e-22)
(1.09547 -0.0129384 -1.40917e-23)
(1.09615 -0.0123982 -1.89449e-22)
(1.09681 -0.0118586 6.16566e-23)
(1.09743 -0.0113196 5.29188e-22)
(1.09571 -0.0191459 3.99794e-24)
(1.09658 -0.0184639 -2.11373e-23)
(1.09742 -0.0177806 2.39155e-23)
(1.09824 -0.0170961 4.32688e-23)
(1.09903 -0.0164107 2.34667e-22)
(1.09979 -0.0157246 -8.96391e-24)
(1.10053 -0.0150381 -1.93633e-23)
(1.10123 -0.0143515 -9.96178e-24)
(1.10192 -0.013665 9.6037e-23)
(1.10034 -0.0227505 -4.01275e-24)
(1.10129 -0.0219129 5.03313e-23)
(1.1022 -0.0210726 -1.2072e-23)
(1.10309 -0.0202299 2.44481e-23)
(1.10395 -0.019385 -7.64034e-23)
(1.10478 -0.0185381 1.16235e-24)
(1.10558 -0.0176897 1.19293e-22)
(1.10636 -0.0168399 -1.57443e-22)
(1.10711 -0.015989 1.2121e-22)
(1.10554 -0.0264927 3.01416e-24)
(1.10657 -0.0254848 1.02759e-22)
(1.10757 -0.0244722 -2.02519e-22)
(1.10855 -0.0234552 -9.56799e-23)
(1.10949 -0.0224342 5.60149e-23)
(1.11041 -0.0214094 -1.7808e-22)
(1.1113 -0.0203811 2.67099e-22)
(1.11215 -0.0193496 -3.703e-22)
(1.11298 -0.0183152 6.59136e-23)
(1.11127 -0.0304142 -2.91307e-24)
(1.11241 -0.0292187 -8.6955e-23)
(1.11351 -0.028016 -4.60113e-24)
(1.11459 -0.0268065 1.58785e-22)
(1.11564 -0.0255905 -2.42448e-22)
(1.11665 -0.0243682 -2.99397e-23)
(1.11764 -0.0231398 2.50622e-22)
(1.11859 -0.0219057 -1.42118e-22)
(1.11951 -0.020666 -1.32248e-22)
(1.1175 -0.0345511 -2.42273e-23)
(1.11876 -0.0331497 1.55248e-23)
(1.11999 -0.031738 2.89397e-23)
(1.12119 -0.0303163 -1.60943e-22)
(1.12236 -0.0288848 9.51131e-23)
(1.12349 -0.0274439 2.78617e-22)
(1.12459 -0.0259936 -2.03246e-22)
(1.12566 -0.024534 -2.50062e-23)
(1.12669 -0.0230654 -4.22905e-22)
(1.12421 -0.0389415 2.29877e-23)
(1.12562 -0.0373144 5.40007e-23)
(1.127 -0.0356733 -1.77872e-22)
(1.12834 -0.0340182 3.96986e-22)
(1.12964 -0.0323494 -5.11282e-22)
(1.13092 -0.030667 1.30221e-22)
(1.13215 -0.0289711 8.79669e-23)
(1.13335 -0.0272616 7.60649e-22)
(1.13452 -0.0255385 2.5222e-22)
(1.13138 -0.0436221 -4.35431e-23)
(1.13296 -0.0417486 2.18373e-23)
(1.13451 -0.0398563 2.54379e-23)
(1.13601 -0.0379454 -3.22395e-22)
(1.13748 -0.0360159 1.04376e-22)
(1.13891 -0.0340678 1.49291e-22)
(1.1403 -0.032101 -2.77377e-22)
(1.14166 -0.0301154 -1.02447e-21)
(1.13899 -0.0486288 4.4635e-23)
(1.14077 -0.0464868 1.11435e-22)
(1.14251 -0.0443206 -2.70338e-23)
(1.1442 -0.0421301 1.81144e-22)
(1.14586 -0.0399154 3.71114e-22)
(1.14747 -0.0376761 1.52755e-22)
(1.14904 -0.0354119 4.26e-22)
(1.15058 -0.0331225 -4.89776e-22)
(1.14703 -0.0539963 -7.71397e-23)
(1.14903 -0.0515628 -1.00149e-22)
(1.15099 -0.0490985 2.08193e-22)
(1.1529 -0.0466036 6.8243e-22)
(1.15477 -0.0440777 6.7845e-22)
(1.15659 -0.0415205 -6.72986e-22)
(1.15837 -0.0389312 -3.51162e-23)
(1.16011 -0.0363093 1.437e-22)
(1.15547 -0.059757 6.80725e-23)
(1.15773 -0.057008 6.91296e-24)
(1.15994 -0.0542208 3.27978e-22)
(1.1621 -0.0513953 -9.96572e-22)
(1.16421 -0.0485313 -6.60176e-22)
(1.16627 -0.0456281 -3.18875e-22)
(1.16828 -0.0426847 4.47906e-22)
(1.17025 -0.0397001 9.68042e-22)
(1.16432 -0.0659333 7.6062e-23)
(1.16687 -0.0628436 -1.80973e-22)
(1.16935 -0.0597078 -2.65767e-22)
(1.17179 -0.0565256 8.62297e-22)
(1.17417 -0.0532963 -4.60247e-22)
(1.17649 -0.0500188 6.43494e-22)
(1.17877 -0.046692 5.69914e-24)
(1.181 -0.0433144 1.60234e-21)
(1.17355 -0.0725802 -8.72898e-23)
(1.17642 -0.0691176 2.34359e-22)
(1.17922 -0.0656019 6.13688e-22)
(1.18196 -0.0620316 -3.86072e-22)
(1.18464 -0.0584051 1.84049e-21)
(1.18727 -0.0547212 -1.00066e-21)
(1.18984 -0.0509783 1.60588e-21)
(1.19235 -0.0471745 2.0447e-21)
(1.18319 -0.0796745 3.81196e-23)
(1.1864 -0.0758157 1.55533e-22)
(1.18954 -0.0718941 -7.98274e-22)
(1.19262 -0.067908 -6.78809e-22)
(1.19563 -0.0638557 -3.95072e-22)
(1.19859 -0.0597357 1.06974e-21)
(1.20148 -0.055546 -4.17072e-21)
(1.20431 -0.0512841 -3.25711e-21)
(1.19317 -0.0872417 -3.12427e-24)
(1.19677 -0.082961 -6.99116e-22)
(1.2003 -0.078605 2.23766e-22)
(1.20375 -0.0741733 1.43281e-22)
(1.20712 -0.0696645 4.29137e-22)
(1.21043 -0.0650765 -6.80081e-22)
(1.21368 -0.0604073 2.2529e-21)
(1.21686 -0.055654 6.27194e-22)
(1.20352 -0.095331 -1.66972e-22)
(1.20755 -0.0905895 2.80133e-22)
(1.21149 -0.0857617 -3.66687e-22)
(1.21534 -0.0808471 -6.33142e-22)
(1.21912 -0.0758446 -1.0964e-21)
(1.22281 -0.0707517 2.93394e-21)
(1.22644 -0.0655664 1.23696e-21)
(1.23 -0.0602848 -2.04955e-21)
(1.21424 -0.103916 8.83012e-23)
(1.21873 -0.0986787 9.40476e-22)
(1.22312 -0.0933439 3.70084e-22)
(1.22741 -0.0879109 7.16581e-22)
(1.23161 -0.0823786 3.32189e-22)
(1.23572 -0.0767446 -4.17769e-21)
(1.23975 -0.0710071 5.07977e-22)
(1.24371 -0.0651614 1.47697e-21)
(1.22533 -0.113022 1.88872e-22)
(1.23032 -0.107246 -3.53485e-22)
(1.23519 -0.101361 3.65214e-22)
(1.23994 -0.0953671 -1.50178e-21)
(1.2446 -0.0892634 -2.49315e-21)
(1.24915 -0.0830476 -1.53253e-21)
(1.25362 -0.0767184 -2.7301e-21)
(1.25801 -0.0702702 -3.40426e-21)
(1.23682 -0.122646 -2.90133e-22)
(1.24235 -0.116282 -6.74902e-22)
(1.24772 -0.1098 -4.16515e-22)
(1.25297 -0.103199 -1.30908e-21)
(1.25811 -0.0964775 4.13064e-22)
(1.26313 -0.0896354 3.55867e-21)
(1.26806 -0.082672 6.19642e-21)
(1.2729 -0.0755814 1.84898e-21)
(1.24874 -0.132752 1.83197e-22)
(1.25483 -0.125756 -1.47749e-21)
(1.26075 -0.118629 1.87914e-21)
(1.26653 -0.111372 1.79669e-21)
(1.27217 -0.103987 2.14318e-21)
(1.27768 -0.0964746 -1.19775e-21)
(1.2831 -0.0888342 -6.34348e-21)
(1.28842 -0.0810615 3.53962e-21)
(1.26112 -0.143351 -4.9688e-23)
(1.26781 -0.135665 1.40919e-21)
(1.27432 -0.127835 -2.15539e-21)
(1.28066 -0.119868 -2.10138e-21)
(1.28684 -0.111768 1.25949e-21)
(1.29288 -0.103536 2.94602e-21)
(1.29882 -0.0951731 -4.64627e-21)
(1.30465 -0.0866779 -1.32135e-21)
(1.27404 -0.15446 1.00864e-22)
(1.2814 -0.146007 9.05072e-22)
(1.28854 -0.137402 2.77869e-21)
(1.29548 -0.128655 9.28698e-22)
(1.30224 -0.119772 -1.97101e-22)
(1.30884 -0.110759 3.97427e-21)
(1.31532 -0.101617 2.33145e-21)
(1.32168 -0.092347 -2.38249e-21)
(1.28771 -0.166099 -2.44048e-22)
(1.2958 -0.156795 -2.32535e-21)
(1.30362 -0.147325 -1.61486e-21)
(1.3112 -0.137706 1.33112e-21)
(1.31856 -0.127947 -5.06798e-21)
(1.32572 -0.118057 -1.34125e-20)
(1.3327 -0.108041 5.78005e-21)
(1.33951 -0.0979034 8.0905e-22)
(1.30241 -0.178288 6.32022e-22)
(1.31129 -0.168045 1.46126e-21)
(1.31983 -0.15761 7.28648e-22)
(1.32803 -0.147003 3.19458e-21)
(1.33593 -0.136245 4.86979e-21)
(1.34352 -0.125353 8.75246e-21)
(1.35084 -0.114336 -5.82191e-22)
(1.35787 -0.103211 1.85477e-21)
(1.31835 -0.190981 -2.30752e-23)
(1.32798 -0.179663 1.82624e-21)
(1.33712 -0.168137 1.2626e-21)
(1.34579 -0.15643 -7.38839e-21)
(1.35401 -0.144571 1.93235e-21)
(1.36179 -0.132586 -9.64067e-22)
(1.36914 -0.120498 4.07036e-21)
(1.37605 -0.108329 -6.98001e-21)
(1.33521 -0.20364 -5.25046e-22)
(1.34525 -0.191124 -1.91454e-21)
(1.35469 -0.178393 -4.77204e-21)
(1.36352 -0.165487 1.02022e-20)
(1.37176 -0.152449 -1.24845e-20)
(1.3794 -0.139316 9.28734e-21)
(1.38643 -0.126119 -1.61423e-20)
(1.39282 -0.112885 -3.65452e-21)
)
;

boundaryField
{
    inlet
    {
        type            uniformFixedValue;
        uniformValue    constant (1 0 0);
        value           uniform (1 0 0);
    }
    outlet
    {
        type            pressureInletOutletVelocity;
        value           nonuniform 0();
    }
    cylinder
    {
        type            fixedValue;
        value           uniform (0 0 0);
    }
    top
    {
        type            symmetryPlane;
    }
    bottom
    {
        type            symmetryPlane;
    }
    defaultFaces
    {
        type            empty;
    }
    procBoundary0to1
    {
        type            processor;
        value           nonuniform List<vector> 
50
(
(1.4141 -0.100481 -1.27059e-20)
(1.4141 -0.100481 -1.27059e-20)
(1.41611 -0.096411 -3.67485e-20)
(1.41611 -0.096411 -3.67485e-20)
(1.36099 -0.0785802 2.55823e-20)
(0.999227 -0.0289665 7.2654e-20)
(1.36099 -0.0785802 2.55823e-20)
(1.1997 -0.0497496 -1.51309e-19)
(0.999227 -0.0289665 7.2654e-20)
(0.651997 0.00347523 1.50608e-20)
(0.651997 0.00347523 1.50608e-20)
(0.327795 0.0122003 -6.19969e-22)
(0.327795 0.0122003 -6.19969e-22)
(0.109819 0.000941933 9.48192e-21)
(0.109819 0.000941933 9.48192e-21)
(0.076114 -0.00622816 7.41879e-21)
(-0.00907828 -0.0179383 4.07472e-20)
(-0.00907828 -0.0179383 4.07472e-20)
(-0.019059 -0.0148091 1.15199e-19)
(1.08807 -0.00128866 -1.78129e-22)
(1.0892 -0.00381097 -1.35852e-22)
(1.09129 -0.00620725 -2.30674e-22)
(1.09426 -0.00853466 2.72051e-22)
(1.09803 -0.0107817 2.20676e-22)
(1.10257 -0.0129788 -2.21229e-22)
(1.10783 -0.0151373 5.80689e-23)
(1.11377 -0.017278 4.09402e-22)
(1.1204 -0.0194208 3.48744e-22)
(1.12769 -0.0215877 -5.93521e-22)
(1.13564 -0.0238016 1.24486e-22)
(1.14297 -0.0281106 7.77167e-22)
(1.14297 -0.0281106 7.77167e-22)
(1.15207 -0.0308073 -4.79723e-22)
(1.1618 -0.0336538 1.31034e-21)
(1.17217 -0.0366731 1.92877e-21)
(1.18318 -0.0398845 -1.51387e-21)
(1.19482 -0.0433077 -2.25141e-22)
(1.20709 -0.0469478 1.00533e-22)
(1.21999 -0.0508139 -4.16159e-22)
(1.2335 -0.0549049 1.56934e-21)
(1.24761 -0.0592061 3.01999e-21)
(1.26234 -0.0637031 -9.4639e-22)
(1.27768 -0.0683656 -5.17928e-21)
(1.29369 -0.0731593 1.90994e-21)
(1.31044 -0.0780501 5.06765e-22)
(1.32798 -0.0829444 5.80762e-21)
(1.34619 -0.0876394 -1.18485e-20)
(1.36463 -0.0919789 3.33167e-21)
(1.38249 -0.0960923 1.08915e-20)
(1.39848 -0.0996258 -3.42634e-21)
)
;
    }
    procBoundary0to2
    {
        type            processor;
        value           nonuniform List<vector> 
26
(
(0.0201194 0.0273892 1.37002e-21)
(0.0872019 0.0502381 -2.82322e-21)
(0.187778 0.0538016 6.42448e-21)
(0.280121 -0.00205651 -3.66422e-21)
(0.280121 -0.00205651 -3.66422e-21)
(0.365808 -0.00280203 3.48707e-21)
(0.442174 -0.00340221 1.57267e-21)
(0.510056 -0.00382123 -1.56722e-21)
(0.570464 -0.00409737 -7.12555e-21)
(0.624189 -0.00427273 2.3441e-21)
(0.671956 -0.00437853 -2.19158e-21)
(0.99915 -0.00109786 -6.70369e-23)
(0.997455 -0.00371606 4.71416e-23)
(0.992106 -0.00558104 -1.14219e-22)
(0.985549 -0.00706949 -7.70769e-23)
(0.976302 -0.00789227 8.50615e-23)
(0.965296 -0.0083011 1.58365e-22)
(0.951541 -0.00838965 1.08959e-22)
(0.935508 -0.00826336 1.26607e-22)
(0.916211 -0.00797156 1.89822e-22)
(0.894064 -0.00769335 1.68104e-22)
(0.867813 -0.0072181 1.19515e-22)
(0.83807 -0.00698938 9.31569e-23)
(0.803296 -0.00634021 -4.1482e-22)
(0.764046 -0.00604812 4.74375e-22)
(0.71923 -0.00446834 -4.26307e-23)
)
;
    }
}


// ************************************************************************* //
