/*--------------------------------*- C++ -*----------------------------------*\
  =========                 |
  \\      /  F ield         | OpenFOAM: The Open Source CFD Toolbox
   \\    /   O peration     | Website:  https://openfoam.org
    \\  /    A nd           | Version:  7
     \\/     M anipulation  |
\*---------------------------------------------------------------------------*/
FoamFile
{
    version     2.0;
    format      ascii;
    class       labelList;
    note        "nPoints: 4478 nCells: 2125 nFaces: 8613 nInternalFaces: 4137";
    location    "constant/polyMesh";
    object      neighbour;
}
// * * * * * * * * * * * * * * * * * * * * * * * * * * * * * * * * * * * * * //


4137
(
1
2
3
4
4
5
6
6
8
7
9
10
9
12
10
13
11
14
15
13
18
14
19
15
20
16
21
17
22
23
19
25
20
26
21
27
22
28
23
29
24
30
31
26
33
27
34
28
35
29
36
30
37
31
38
32
39
40
34
43
35
44
36
45
37
46
38
47
39
48
40
49
41
50
42
51
52
44
53
45
54
46
55
47
56
48
57
49
58
50
59
51
60
52
61
62
527
54
63
55
64
56
65
57
66
58
67
59
68
60
69
61
70
62
71
72
526
64
73
65
74
66
75
67
76
68
77
69
78
70
79
71
80
72
81
82
525
74
83
75
84
76
85
77
86
78
87
79
88
80
89
81
90
82
91
92
524
84
93
85
94
86
95
87
96
88
97
89
98
90
99
91
100
92
101
102
523
94
103
95
104
96
105
97
106
98
107
99
108
100
109
101
110
102
111
112
522
104
113
105
114
106
115
107
116
108
117
109
118
110
119
111
120
112
121
122
521
114
123
115
124
116
125
117
126
118
127
119
128
120
129
121
130
122
131
132
520
124
133
125
134
126
135
127
136
128
137
129
138
130
139
131
140
132
141
142
794
134
143
135
144
136
145
137
146
138
147
139
148
140
149
141
150
142
151
152
793
144
153
145
154
146
155
147
156
148
157
149
158
150
159
151
160
152
161
162
792
154
163
155
164
156
165
157
166
158
167
159
168
160
169
161
170
162
171
172
791
164
173
165
174
166
175
167
176
168
177
169
178
170
179
171
180
172
181
182
790
174
183
175
184
176
185
177
186
178
187
179
188
180
189
181
190
182
191
192
789
184
193
185
194
186
195
187
196
188
197
189
198
190
199
191
200
192
201
202
788
194
203
195
204
196
205
197
206
198
207
199
208
200
209
201
210
202
211
212
787
204
213
205
214
206
215
207
216
208
217
209
218
210
219
211
220
212
221
222
786
214
223
215
224
216
225
217
226
218
227
219
228
220
229
221
230
222
231
232
785
224
233
225
234
226
235
227
236
228
237
229
238
230
239
231
240
232
241
242
784
234
243
235
244
236
245
237
246
238
247
239
248
240
249
241
250
242
251
252
783
244
253
245
254
246
255
247
256
248
257
249
258
250
259
251
260
252
261
262
782
254
263
255
264
256
265
257
266
258
267
259
268
260
269
261
270
262
271
272
781
264
273
265
274
266
275
267
276
268
277
269
278
270
279
271
280
272
281
282
780
274
283
275
284
276
285
277
286
278
287
279
288
280
289
281
290
282
291
292
779
284
293
285
294
286
295
287
296
288
297
289
298
290
299
291
300
292
301
302
778
294
303
295
304
296
305
297
306
298
307
299
308
300
309
301
310
302
311
312
777
304
313
305
314
306
315
307
316
308
317
309
318
310
319
311
320
312
321
322
776
314
323
315
324
316
325
317
326
318
327
319
328
320
329
321
330
322
331
332
775
324
333
325
334
326
335
327
336
328
337
329
338
330
339
331
340
332
341
342
2124
334
343
335
344
336
345
337
346
338
347
339
348
340
349
341
350
342
351
352
2109
344
353
345
354
346
355
347
356
348
357
349
358
350
359
351
360
352
361
362
2094
354
363
355
364
356
365
357
366
358
367
359
368
360
369
361
370
362
371
372
2079
364
373
365
374
366
375
367
376
368
377
369
378
370
379
371
380
372
381
382
2064
374
383
375
384
376
385
377
386
378
387
379
388
380
389
381
390
382
391
392
2049
384
393
385
394
386
395
387
396
388
397
389
398
390
399
391
400
392
401
402
2034
394
403
395
404
396
405
397
406
398
407
399
408
400
409
401
410
402
411
412
2019
404
413
405
414
406
415
407
416
408
417
409
418
410
419
411
420
412
421
422
2004
414
423
415
424
416
425
417
426
418
427
419
428
420
429
421
430
422
431
432
1989
424
433
425
434
426
435
427
436
428
437
429
438
430
439
431
440
432
441
442
1974
434
443
435
444
436
445
437
446
438
447
439
448
440
449
441
450
442
451
452
1959
444
453
445
454
446
455
447
456
448
457
449
458
450
459
451
460
452
461
462
1944
454
463
455
464
456
465
457
466
458
467
459
468
460
469
461
470
462
471
472
1929
464
473
465
474
466
475
467
476
468
477
469
478
470
479
471
480
472
481
482
1914
474
483
475
484
476
485
477
486
478
487
479
488
480
489
481
490
482
491
492
1899
484
493
485
494
486
495
487
496
488
497
489
498
490
499
491
500
492
501
502
1884
494
503
495
504
496
505
497
506
498
507
499
508
500
509
501
510
502
511
512
1869
504
505
506
507
513
508
514
509
515
510
516
511
517
512
518
519
1854
514
515
516
517
518
519
1839
521
528
794
522
529
523
530
524
531
525
532
526
533
527
534
535
529
536
814
530
537
531
538
532
539
533
540
534
541
535
542
543
537
544
834
538
545
539
546
540
547
541
548
542
549
543
550
551
545
552
854
546
553
547
554
548
555
549
556
550
557
551
558
559
553
560
874
554
561
555
562
556
563
557
564
558
565
559
566
567
561
568
894
562
569
563
570
564
571
565
572
566
573
567
574
575
569
576
914
570
577
571
578
572
579
573
580
574
581
575
582
583
577
584
934
578
585
579
586
580
587
581
588
582
589
583
590
591
585
592
954
586
593
587
594
588
595
589
596
590
597
591
598
599
593
600
974
594
601
595
602
596
603
597
604
598
605
599
606
607
601
608
994
602
609
603
610
604
611
605
612
606
613
607
614
615
609
616
1014
610
617
611
618
612
619
613
620
614
621
615
622
623
617
624
1034
618
625
619
626
620
627
621
628
622
629
623
630
631
625
632
1054
626
633
627
634
628
635
629
636
630
637
631
638
639
633
640
1074
634
641
635
642
636
643
637
644
638
645
639
646
647
641
649
1094
642
650
643
651
644
652
645
653
646
654
647
655
648
656
657
650
658
1114
651
659
652
660
653
661
654
662
655
663
656
664
657
665
666
659
667
1134
660
668
661
669
662
670
663
671
664
672
665
673
666
674
675
668
676
1154
669
677
670
678
671
679
672
680
673
681
674
682
675
683
684
677
685
1174
678
686
679
687
680
688
681
689
682
690
683
691
684
692
693
686
694
1194
687
695
688
696
689
697
690
698
691
699
692
700
693
701
702
695
703
1214
696
704
697
705
698
706
699
707
700
708
701
709
702
710
711
704
712
1234
705
713
706
714
707
715
708
716
709
717
710
718
711
719
720
713
721
1254
714
722
715
723
716
724
717
725
718
726
719
727
720
728
729
722
730
1274
723
731
724
732
725
733
726
734
727
735
728
736
729
737
738
731
739
1294
732
740
733
741
734
742
735
743
736
744
737
745
738
746
747
740
748
1314
741
749
742
750
743
751
744
752
745
753
746
754
747
755
756
749
757
1334
750
758
751
759
752
760
753
761
754
762
755
763
756
764
765
758
766
1354
759
767
760
768
761
769
762
770
763
771
764
772
765
773
774
767
1374
768
769
770
771
772
773
774
776
795
1389
777
796
778
797
779
798
780
799
781
800
782
801
783
802
784
803
785
804
786
805
787
806
788
807
789
808
790
809
791
810
792
811
793
812
794
813
814
796
815
1404
797
816
798
817
799
818
800
819
801
820
802
821
803
822
804
823
805
824
806
825
807
826
808
827
809
828
810
829
811
830
812
831
813
832
814
833
834
816
835
1419
817
836
818
837
819
838
820
839
821
840
822
841
823
842
824
843
825
844
826
845
827
846
828
847
829
848
830
849
831
850
832
851
833
852
834
853
854
836
855
1434
837
856
838
857
839
858
840
859
841
860
842
861
843
862
844
863
845
864
846
865
847
866
848
867
849
868
850
869
851
870
852
871
853
872
854
873
874
856
875
1449
857
876
858
877
859
878
860
879
861
880
862
881
863
882
864
883
865
884
866
885
867
886
868
887
869
888
870
889
871
890
872
891
873
892
874
893
894
876
895
1464
877
896
878
897
879
898
880
899
881
900
882
901
883
902
884
903
885
904
886
905
887
906
888
907
889
908
890
909
891
910
892
911
893
912
894
913
914
896
915
1479
897
916
898
917
899
918
900
919
901
920
902
921
903
922
904
923
905
924
906
925
907
926
908
927
909
928
910
929
911
930
912
931
913
932
914
933
934
916
935
1494
917
936
918
937
919
938
920
939
921
940
922
941
923
942
924
943
925
944
926
945
927
946
928
947
929
948
930
949
931
950
932
951
933
952
934
953
954
936
955
1509
937
956
938
957
939
958
940
959
941
960
942
961
943
962
944
963
945
964
946
965
947
966
948
967
949
968
950
969
951
970
952
971
953
972
954
973
974
956
975
1524
957
976
958
977
959
978
960
979
961
980
962
981
963
982
964
983
965
984
966
985
967
986
968
987
969
988
970
989
971
990
972
991
973
992
974
993
994
976
995
1539
977
996
978
997
979
998
980
999
981
1000
982
1001
983
1002
984
1003
985
1004
986
1005
987
1006
988
1007
989
1008
990
1009
991
1010
992
1011
993
1012
994
1013
1014
996
1015
1554
997
1016
998
1017
999
1018
1000
1019
1001
1020
1002
1021
1003
1022
1004
1023
1005
1024
1006
1025
1007
1026
1008
1027
1009
1028
1010
1029
1011
1030
1012
1031
1013
1032
1014
1033
1034
1016
1035
1569
1017
1036
1018
1037
1019
1038
1020
1039
1021
1040
1022
1041
1023
1042
1024
1043
1025
1044
1026
1045
1027
1046
1028
1047
1029
1048
1030
1049
1031
1050
1032
1051
1033
1052
1034
1053
1054
1036
1055
1584
1037
1056
1038
1057
1039
1058
1040
1059
1041
1060
1042
1061
1043
1062
1044
1063
1045
1064
1046
1065
1047
1066
1048
1067
1049
1068
1050
1069
1051
1070
1052
1071
1053
1072
1054
1073
1074
1056
1075
1599
1057
1076
1058
1077
1059
1078
1060
1079
1061
1080
1062
1081
1063
1082
1064
1083
1065
1084
1066
1085
1067
1086
1068
1087
1069
1088
1070
1089
1071
1090
1072
1091
1073
1092
1074
1093
1094
1076
1095
1614
1077
1096
1078
1097
1079
1098
1080
1099
1081
1100
1082
1101
1083
1102
1084
1103
1085
1104
1086
1105
1087
1106
1088
1107
1089
1108
1090
1109
1091
1110
1092
1111
1093
1112
1094
1113
1114
1096
1115
1629
1097
1116
1098
1117
1099
1118
1100
1119
1101
1120
1102
1121
1103
1122
1104
1123
1105
1124
1106
1125
1107
1126
1108
1127
1109
1128
1110
1129
1111
1130
1112
1131
1113
1132
1114
1133
1134
1116
1135
1644
1117
1136
1118
1137
1119
1138
1120
1139
1121
1140
1122
1141
1123
1142
1124
1143
1125
1144
1126
1145
1127
1146
1128
1147
1129
1148
1130
1149
1131
1150
1132
1151
1133
1152
1134
1153
1154
1136
1155
1659
1137
1156
1138
1157
1139
1158
1140
1159
1141
1160
1142
1161
1143
1162
1144
1163
1145
1164
1146
1165
1147
1166
1148
1167
1149
1168
1150
1169
1151
1170
1152
1171
1153
1172
1154
1173
1174
1156
1175
1674
1157
1176
1158
1177
1159
1178
1160
1179
1161
1180
1162
1181
1163
1182
1164
1183
1165
1184
1166
1185
1167
1186
1168
1187
1169
1188
1170
1189
1171
1190
1172
1191
1173
1192
1174
1193
1194
1176
1195
1689
1177
1196
1178
1197
1179
1198
1180
1199
1181
1200
1182
1201
1183
1202
1184
1203
1185
1204
1186
1205
1187
1206
1188
1207
1189
1208
1190
1209
1191
1210
1192
1211
1193
1212
1194
1213
1214
1196
1215
1704
1197
1216
1198
1217
1199
1218
1200
1219
1201
1220
1202
1221
1203
1222
1204
1223
1205
1224
1206
1225
1207
1226
1208
1227
1209
1228
1210
1229
1211
1230
1212
1231
1213
1232
1214
1233
1234
1216
1235
1719
1217
1236
1218
1237
1219
1238
1220
1239
1221
1240
1222
1241
1223
1242
1224
1243
1225
1244
1226
1245
1227
1246
1228
1247
1229
1248
1230
1249
1231
1250
1232
1251
1233
1252
1234
1253
1254
1236
1255
1734
1237
1256
1238
1257
1239
1258
1240
1259
1241
1260
1242
1261
1243
1262
1244
1263
1245
1264
1246
1265
1247
1266
1248
1267
1249
1268
1250
1269
1251
1270
1252
1271
1253
1272
1254
1273
1274
1256
1275
1749
1257
1276
1258
1277
1259
1278
1260
1279
1261
1280
1262
1281
1263
1282
1264
1283
1265
1284
1266
1285
1267
1286
1268
1287
1269
1288
1270
1289
1271
1290
1272
1291
1273
1292
1274
1293
1294
1276
1295
1764
1277
1296
1278
1297
1279
1298
1280
1299
1281
1300
1282
1301
1283
1302
1284
1303
1285
1304
1286
1305
1287
1306
1288
1307
1289
1308
1290
1309
1291
1310
1292
1311
1293
1312
1294
1313
1314
1296
1315
1779
1297
1316
1298
1317
1299
1318
1300
1319
1301
1320
1302
1321
1303
1322
1304
1323
1305
1324
1306
1325
1307
1326
1308
1327
1309
1328
1310
1329
1311
1330
1312
1331
1313
1332
1314
1333
1334
1316
1335
1794
1317
1336
1318
1337
1319
1338
1320
1339
1321
1340
1322
1341
1323
1342
1324
1343
1325
1344
1326
1345
1327
1346
1328
1347
1329
1348
1330
1349
1331
1350
1332
1351
1333
1352
1334
1353
1354
1336
1355
1809
1337
1356
1338
1357
1339
1358
1340
1359
1341
1360
1342
1361
1343
1362
1344
1363
1345
1364
1346
1365
1347
1366
1348
1367
1349
1368
1350
1369
1351
1370
1352
1371
1353
1372
1354
1373
1374
1356
1824
1357
1358
1359
1360
1361
1362
1363
1364
1365
1366
1367
1368
1369
1370
1371
1372
1373
1374
1376
1390
2110
1377
1391
2111
1378
1392
2112
1379
1393
2113
1380
1394
2114
1381
1395
2115
1382
1396
2116
1383
1397
2117
1384
1398
2118
1385
1399
2119
1386
1400
2120
1387
1401
2121
1388
1402
2122
1389
1403
2123
1404
2124
1391
1405
1392
1406
1393
1407
1394
1408
1395
1409
1396
1410
1397
1411
1398
1412
1399
1413
1400
1414
1401
1415
1402
1416
1403
1417
1404
1418
1419
1406
1420
1407
1421
1408
1422
1409
1423
1410
1424
1411
1425
1412
1426
1413
1427
1414
1428
1415
1429
1416
1430
1417
1431
1418
1432
1419
1433
1434
1421
1435
1422
1436
1423
1437
1424
1438
1425
1439
1426
1440
1427
1441
1428
1442
1429
1443
1430
1444
1431
1445
1432
1446
1433
1447
1434
1448
1449
1436
1450
1437
1451
1438
1452
1439
1453
1440
1454
1441
1455
1442
1456
1443
1457
1444
1458
1445
1459
1446
1460
1447
1461
1448
1462
1449
1463
1464
1451
1465
1452
1466
1453
1467
1454
1468
1455
1469
1456
1470
1457
1471
1458
1472
1459
1473
1460
1474
1461
1475
1462
1476
1463
1477
1464
1478
1479
1466
1480
1467
1481
1468
1482
1469
1483
1470
1484
1471
1485
1472
1486
1473
1487
1474
1488
1475
1489
1476
1490
1477
1491
1478
1492
1479
1493
1494
1481
1495
1482
1496
1483
1497
1484
1498
1485
1499
1486
1500
1487
1501
1488
1502
1489
1503
1490
1504
1491
1505
1492
1506
1493
1507
1494
1508
1509
1496
1510
1497
1511
1498
1512
1499
1513
1500
1514
1501
1515
1502
1516
1503
1517
1504
1518
1505
1519
1506
1520
1507
1521
1508
1522
1509
1523
1524
1511
1525
1512
1526
1513
1527
1514
1528
1515
1529
1516
1530
1517
1531
1518
1532
1519
1533
1520
1534
1521
1535
1522
1536
1523
1537
1524
1538
1539
1526
1540
1527
1541
1528
1542
1529
1543
1530
1544
1531
1545
1532
1546
1533
1547
1534
1548
1535
1549
1536
1550
1537
1551
1538
1552
1539
1553
1554
1541
1555
1542
1556
1543
1557
1544
1558
1545
1559
1546
1560
1547
1561
1548
1562
1549
1563
1550
1564
1551
1565
1552
1566
1553
1567
1554
1568
1569
1556
1570
1557
1571
1558
1572
1559
1573
1560
1574
1561
1575
1562
1576
1563
1577
1564
1578
1565
1579
1566
1580
1567
1581
1568
1582
1569
1583
1584
1571
1585
1572
1586
1573
1587
1574
1588
1575
1589
1576
1590
1577
1591
1578
1592
1579
1593
1580
1594
1581
1595
1582
1596
1583
1597
1584
1598
1599
1586
1600
1587
1601
1588
1602
1589
1603
1590
1604
1591
1605
1592
1606
1593
1607
1594
1608
1595
1609
1596
1610
1597
1611
1598
1612
1599
1613
1614
1601
1615
1602
1616
1603
1617
1604
1618
1605
1619
1606
1620
1607
1621
1608
1622
1609
1623
1610
1624
1611
1625
1612
1626
1613
1627
1614
1628
1629
1616
1630
1617
1631
1618
1632
1619
1633
1620
1634
1621
1635
1622
1636
1623
1637
1624
1638
1625
1639
1626
1640
1627
1641
1628
1642
1629
1643
1644
1631
1645
1632
1646
1633
1647
1634
1648
1635
1649
1636
1650
1637
1651
1638
1652
1639
1653
1640
1654
1641
1655
1642
1656
1643
1657
1644
1658
1659
1646
1660
1647
1661
1648
1662
1649
1663
1650
1664
1651
1665
1652
1666
1653
1667
1654
1668
1655
1669
1656
1670
1657
1671
1658
1672
1659
1673
1674
1661
1675
1662
1676
1663
1677
1664
1678
1665
1679
1666
1680
1667
1681
1668
1682
1669
1683
1670
1684
1671
1685
1672
1686
1673
1687
1674
1688
1689
1676
1690
1677
1691
1678
1692
1679
1693
1680
1694
1681
1695
1682
1696
1683
1697
1684
1698
1685
1699
1686
1700
1687
1701
1688
1702
1689
1703
1704
1691
1705
1692
1706
1693
1707
1694
1708
1695
1709
1696
1710
1697
1711
1698
1712
1699
1713
1700
1714
1701
1715
1702
1716
1703
1717
1704
1718
1719
1706
1720
1707
1721
1708
1722
1709
1723
1710
1724
1711
1725
1712
1726
1713
1727
1714
1728
1715
1729
1716
1730
1717
1731
1718
1732
1719
1733
1734
1721
1735
1722
1736
1723
1737
1724
1738
1725
1739
1726
1740
1727
1741
1728
1742
1729
1743
1730
1744
1731
1745
1732
1746
1733
1747
1734
1748
1749
1736
1750
1737
1751
1738
1752
1739
1753
1740
1754
1741
1755
1742
1756
1743
1757
1744
1758
1745
1759
1746
1760
1747
1761
1748
1762
1749
1763
1764
1751
1765
1752
1766
1753
1767
1754
1768
1755
1769
1756
1770
1757
1771
1758
1772
1759
1773
1760
1774
1761
1775
1762
1776
1763
1777
1764
1778
1779
1766
1780
1767
1781
1768
1782
1769
1783
1770
1784
1771
1785
1772
1786
1773
1787
1774
1788
1775
1789
1776
1790
1777
1791
1778
1792
1779
1793
1794
1781
1795
1782
1796
1783
1797
1784
1798
1785
1799
1786
1800
1787
1801
1788
1802
1789
1803
1790
1804
1791
1805
1792
1806
1793
1807
1794
1808
1809
1796
1810
1797
1811
1798
1812
1799
1813
1800
1814
1801
1815
1802
1816
1803
1817
1804
1818
1805
1819
1806
1820
1807
1821
1808
1822
1809
1823
1824
1811
1812
1813
1814
1815
1816
1817
1818
1819
1820
1821
1822
1823
1824
1826
1840
1827
1841
1828
1842
1829
1843
1830
1844
1831
1845
1832
1846
1833
1847
1834
1848
1835
1849
1836
1850
1837
1851
1838
1852
1839
1853
1854
1841
1855
1842
1856
1843
1857
1844
1858
1845
1859
1846
1860
1847
1861
1848
1862
1849
1863
1850
1864
1851
1865
1852
1866
1853
1867
1854
1868
1869
1856
1870
1857
1871
1858
1872
1859
1873
1860
1874
1861
1875
1862
1876
1863
1877
1864
1878
1865
1879
1866
1880
1867
1881
1868
1882
1869
1883
1884
1871
1885
1872
1886
1873
1887
1874
1888
1875
1889
1876
1890
1877
1891
1878
1892
1879
1893
1880
1894
1881
1895
1882
1896
1883
1897
1884
1898
1899
1886
1900
1887
1901
1888
1902
1889
1903
1890
1904
1891
1905
1892
1906
1893
1907
1894
1908
1895
1909
1896
1910
1897
1911
1898
1912
1899
1913
1914
1901
1915
1902
1916
1903
1917
1904
1918
1905
1919
1906
1920
1907
1921
1908
1922
1909
1923
1910
1924
1911
1925
1912
1926
1913
1927
1914
1928
1929
1916
1930
1917
1931
1918
1932
1919
1933
1920
1934
1921
1935
1922
1936
1923
1937
1924
1938
1925
1939
1926
1940
1927
1941
1928
1942
1929
1943
1944
1931
1945
1932
1946
1933
1947
1934
1948
1935
1949
1936
1950
1937
1951
1938
1952
1939
1953
1940
1954
1941
1955
1942
1956
1943
1957
1944
1958
1959
1946
1960
1947
1961
1948
1962
1949
1963
1950
1964
1951
1965
1952
1966
1953
1967
1954
1968
1955
1969
1956
1970
1957
1971
1958
1972
1959
1973
1974
1961
1975
1962
1976
1963
1977
1964
1978
1965
1979
1966
1980
1967
1981
1968
1982
1969
1983
1970
1984
1971
1985
1972
1986
1973
1987
1974
1988
1989
1976
1990
1977
1991
1978
1992
1979
1993
1980
1994
1981
1995
1982
1996
1983
1997
1984
1998
1985
1999
1986
2000
1987
2001
1988
2002
1989
2003
2004
1991
2005
1992
2006
1993
2007
1994
2008
1995
2009
1996
2010
1997
2011
1998
2012
1999
2013
2000
2014
2001
2015
2002
2016
2003
2017
2004
2018
2019
2006
2020
2007
2021
2008
2022
2009
2023
2010
2024
2011
2025
2012
2026
2013
2027
2014
2028
2015
2029
2016
2030
2017
2031
2018
2032
2019
2033
2034
2021
2035
2022
2036
2023
2037
2024
2038
2025
2039
2026
2040
2027
2041
2028
2042
2029
2043
2030
2044
2031
2045
2032
2046
2033
2047
2034
2048
2049
2036
2050
2037
2051
2038
2052
2039
2053
2040
2054
2041
2055
2042
2056
2043
2057
2044
2058
2045
2059
2046
2060
2047
2061
2048
2062
2049
2063
2064
2051
2065
2052
2066
2053
2067
2054
2068
2055
2069
2056
2070
2057
2071
2058
2072
2059
2073
2060
2074
2061
2075
2062
2076
2063
2077
2064
2078
2079
2066
2080
2067
2081
2068
2082
2069
2083
2070
2084
2071
2085
2072
2086
2073
2087
2074
2088
2075
2089
2076
2090
2077
2091
2078
2092
2079
2093
2094
2081
2095
2082
2096
2083
2097
2084
2098
2085
2099
2086
2100
2087
2101
2088
2102
2089
2103
2090
2104
2091
2105
2092
2106
2093
2107
2094
2108
2109
2096
2110
2097
2111
2098
2112
2099
2113
2100
2114
2101
2115
2102
2116
2103
2117
2104
2118
2105
2119
2106
2120
2107
2121
2108
2122
2109
2123
2124
2111
2112
2113
2114
2115
2116
2117
2118
2119
2120
2121
2122
2123
2124
)


// ************************************************************************* //
