/*--------------------------------*- C++ -*----------------------------------*\
  =========                 |
  \\      /  F ield         | OpenFOAM: The Open Source CFD Toolbox
   \\    /   O peration     | Website:  https://openfoam.org
    \\  /    A nd           | Version:  7
     \\/     M anipulation  |
\*---------------------------------------------------------------------------*/
FoamFile
{
    version     2.0;
    format      ascii;
    class       surfaceScalarField;
    location    "350";
    object      phi;
}
// * * * * * * * * * * * * * * * * * * * * * * * * * * * * * * * * * * * * * //

dimensions      [0 3 -1 0 0 0 0];

internalField   nonuniform List<scalar> 
4137
(
0.000576947
8.68378e-05
0.000490109
2.04369e-06
0.000112722
0.000377387
-0.000490295
0.000141014
0.000236373
0.00073401
-0.00108329
-0.00446074
0.000172529
6.38443e-05
0.000873073
-0.00178383
0.00234764
-0.00593531
-0.0127828
0.000207753
-0.000143908
0.00102246
-0.00259855
0.00269407
-0.00760691
0.00541604
-0.0155048
0.00913306
-0.0260918
-0.0382711
0.000246791
-0.000390699
0.00118104
-0.00353279
0.00304619
-0.00947206
0.00597449
-0.0184331
0.00977621
-0.0298935
0.0139033
-0.0423982
-0.0542773
0.00028937
-0.000680069
0.00134634
-0.00458976
0.00339462
-0.0115204
0.00648226
-0.0215207
0.0102815
-0.0336928
0.0141757
-0.0462924
0.0176263
-0.0577278
-0.0673102
0.000334892
-0.00101496
0.00151478
-0.00576965
0.00372815
-0.0137337
0.00691899
-0.0247116
0.0106336
-0.0374074
0.0142348
-0.0498936
0.0172755
-0.0607685
0.0196311
-0.0696658
0.0214306
-0.0769675
-0.0834713
0.000382499
-0.00139746
0.00168198
-0.00706913
0.0040348
-0.0160865
0.00726774
-0.0279445
0.0108265
-0.0409662
0.0140968
-0.0531639
0.0167357
-0.0634075
0.0187161
-0.0716462
0.0202125
-0.0784638
-0.0846777
0.0214189
0.000431145
-0.00182861
0.00184298
-0.00848097
0.00430302
-0.0185466
0.00751661
-0.0311581
0.0108629
-0.0443125
0.0137836
-0.0560845
0.0160407
-0.0656646
0.0176858
-0.0732912
0.0189193
-0.0796974
-0.0856829
0.0199246
0.00047965
-0.00230825
0.00199268
-0.00999399
0.00452269
-0.0210766
0.00765938
-0.0342948
0.0107519
-0.047405
0.0133194
-0.058652
0.0152214
-0.0675666
0.0165693
-0.0746391
0.0175735
-0.0807016
-0.086509
0.0183996
0.000526754
-0.00283501
0.00212604
-0.0115933
0.00468593
-0.0236365
0.00769524
-0.0373041
0.0105071
-0.0502169
0.0127287
-0.0608736
0.0143053
-0.0691433
0.0153903
-0.0757241
0.016192
-0.0815033
-0.0871716
0.0168545
0.000571168
-0.00340618
0.0022385
-0.0132606
0.00478758
-0.0261856
0.00762789
-0.0401444
0.0101444
-0.0527334
0.0120348
-0.062764
0.013316
-0.0704245
0.0141677
-0.0765758
0.0147875
-0.0821231
-0.0876814
0.0152973
0.000611625
-0.0040178
0.00232617
-0.0149752
0.00482531
-0.0286847
0.0074644
-0.0427835
0.00968075
-0.0549497
0.0112589
-0.0643421
0.012273
-0.0714385
0.0129163
-0.0772191
0.0133698
-0.0825766
-0.0880457
0.0137341
0.000646927
-0.00466473
0.00238607
-0.0167143
0.00479942
-0.031098
0.00721409
-0.0451982
0.00913288
-0.0568685
0.0104199
-0.0656292
0.0111925
-0.0722112
0.0116475
-0.0776741
0.0119462
-0.0828754
-0.0882693
0.0121699
0.000675998
-0.00534073
0.00241626
-0.0184546
0.00471242
-0.0333942
0.00688748
-0.0473732
0.00851656
-0.0584976
0.00953382
-0.0666464
0.0100876
-0.072765
0.0103702
-0.0779567
0.0105223
-0.0830275
-0.0883556
0.0106086
0.000697924
-0.00603865
0.00241586
-0.0201725
0.00456855
-0.0355469
0.00649555
-0.0493002
0.0078462
-0.0598483
0.00861441
-0.0674146
0.00896869
-0.0731192
0.00909127
-0.0780792
0.00910253
-0.0830388
-0.0883066
0.00905355
0.000711986
-0.00675064
0.002385
-0.0218455
0.00437316
-0.0375351
0.0060491
-0.0509762
0.00713462
-0.0609338
0.00767306
-0.0679531
0.00784402
-0.0732902
0.00781602
-0.0780512
0.00769033
-0.0829131
-0.0881231
0.00750681
0.000717678
-0.00746832
0.00232469
-0.0234525
0.00413232
-0.0393427
0.00555837
-0.0524022
0.00639304
-0.0617685
0.00671917
-0.0682792
0.00672009
-0.0732911
0.00654855
-0.0778797
0.00628854
-0.0826531
-0.0878049
0.00597033
0.000714714
-0.00818303
0.00223667
-0.0249745
0.00385232
-0.0409583
0.00503283
-0.0535827
0.0056311
-0.0623667
0.00576044
-0.0684085
0.00560207
-0.0731328
0.005292
-0.0775696
0.00489938
-0.0822604
-0.0873512
0.00444571
0.000703021
-0.00888605
0.00212321
-0.0263947
0.00353946
-0.0423746
0.00448098
-0.0545243
0.00485699
-0.0627427
0.0048032
-0.0683547
0.00449431
-0.0728239
0.00404924
-0.0771245
0.00352415
-0.0817354
-0.0867615
0.00293443
0.000682731
-0.00956878
0.00198691
-0.0276989
0.00319975
-0.0435874
0.00391039
-0.0552349
0.00407759
-0.0629099
0.0038526
-0.0681297
0.00340063
-0.0723719
0.00282389
-0.0765478
0.00216328
-0.0810747
-0.086033
0.0014348
0.00065418
-0.010223
0.00183073
-0.0288754
0.00283887
-0.0445955
0.00332762
-0.0557236
0.0032986
-0.0628809
0.0029127
-0.0677438
0.0023239
-0.0717831
0.00161971
-0.0758436
0.000825364
-0.0802804
-0.0851146
-9.30268e-05
0.000617885
-0.0108408
0.00165779
-0.0299153
0.00246203
-0.0453998
0.00273839
-0.056
0.00252474
-0.0626673
0.00198673
-0.0672058
0.00126589
-0.0710623
0.000432567
-0.0750103
-0.000479221
-0.0793686
-0.0841038
-0.00149
0.00057449
-0.0114153
0.00147098
-0.0308118
0.00207398
-0.0460028
0.00214759
-0.0560736
0.00175987
-0.0622795
0.00107732
-0.0665233
0.000225718
-0.0702107
-0.00072685
-0.0740577
-0.00177663
-0.0783188
-0.0829782
-0.00290223
0.000524751
-0.0119401
0.00127312
-0.0315602
0.00167898
-0.0464086
0.00155932
-0.055954
0.00100705
-0.0617273
0.000185441
-0.0657017
-0.000785437
-0.0692398
-0.00186143
-0.0729817
-0.00303867
-0.0771416
-0.0817223
-0.00429465
0.000469514
-0.0124096
0.00106694
-0.0321576
0.0012808
-0.0466225
0.000976977
-0.0556501
0.000269264
-0.0610196
-0.000682102
-0.0647503
-0.00177441
-0.0681475
-0.00297207
-0.0717841
-0.00427285
-0.0758408
-0.0803357
-0.00565939
0.000409673
-0.0128193
0.000855178
-0.0326031
0.000882618
-0.0466499
0.000404239
-0.0551718
-0.000451351
-0.060164
-0.00152891
-0.0636728
-0.00273941
-0.066937
-0.00405561
-0.0704679
-0.00547896
-0.0744175
-0.0788206
-0.00699407
0.000346054
-0.0131653
0.00064052
-0.0328976
0.000487724
-0.0464971
-0.000156075
-0.054528
-0.00115338
-0.0591667
-0.00235332
-0.0624728
-0.00367873
-0.0656116
-0.00511088
-0.0690357
-0.00665539
-0.072873
-0.0771795
-0.0082965
0.000279631
-0.013445
0.000424768
-0.0330427
0.000107001
-0.0461794
-0.000706332
-0.0537146
-0.00183684
-0.0580362
-0.00315411
-0.0611556
-0.00459144
-0.0641742
-0.00613704
-0.0674901
-0.00780066
-0.0712093
-0.0754162
-0.00956401
0.000212437
-0.0136574
0.0002098
-0.0330401
-0.000286662
-0.0456829
-0.001242
-0.0527593
-0.00249982
-0.0567783
-0.00393044
-0.0597249
-0.00547679
-0.0626279
-0.00713335
-0.0658336
-0.00891329
-0.0694294
-0.0735367
-0.0107928
0.000144167
-0.0138016
1.70002e-05
-0.0329129
-0.000665191
-0.0450007
-0.00176354
-0.0516609
-0.00314173
-0.0554001
-0.00468159
-0.0581851
-0.00633412
-0.0609754
-0.00809901
-0.0640687
-0.009992
-0.0675364
-0.0715457
-0.011983
6.97482e-05
-0.0138713
-0.000222456
-0.0326207
-0.00103475
-0.0441884
-0.00226799
-0.0504277
-0.00376176
-0.0539064
-0.00540707
-0.0565398
-0.007163
-0.0592194
-0.00903346
-0.0621982
-0.0110368
-0.0655331
-0.0694404
-0.0131421
-9.74053e-06
-0.0138616
-0.000439534
-0.0321909
-0.00139376
-0.0432342
-0.00275433
-0.0490671
-0.00435892
-0.0523018
-0.00610649
-0.0547922
-0.00796379
-0.0573621
-0.00993768
-0.0602243
-0.0120465
-0.0634243
-0.0672201
-0.0142668
-7.87333e-05
-0.0137828
-0.000647303
-0.0316223
-0.00174049
-0.042141
-0.00322218
-0.0475855
-0.00493258
-0.0505914
-0.00677932
-0.0529454
-0.00873711
-0.0554043
-0.010815
-0.0581465
-0.0130161
-0.0612231
-0.0648994
-0.0153368
-0.000150641
-0.0136322
-0.000848178
-0.0309248
-0.00207406
-0.0409151
-0.00367082
-0.0459887
-0.00548206
-0.0487801
-0.00742461
-0.0510029
-0.00948107
-0.0533479
-0.011664
-0.0559636
-0.0139838
-0.0589032
-0.0626194
-0.0162639
-0.000221614
-0.0134106
-0.00104238
-0.030104
-0.00239389
-0.0395636
-0.00409967
-0.0442829
-0.00600691
-0.0468729
-0.00804134
-0.0489685
-0.0101909
-0.0511983
-0.0124566
-0.0536979
-0.0148031
-0.0565567
-0.0598367
-0.0175858
-0.000290895
-0.0131197
-0.00122946
-0.0291655
-0.00269956
-0.0380935
-0.00450836
-0.0424741
-0.00650694
-0.0448743
-0.00862891
-0.0468465
-0.0108633
-0.0489639
-0.0132066
-0.0513546
-0.015677
-0.0540863
-0.0570718
-0.018442
-0.000358087
-0.0127616
-0.0014089
-0.0281147
-0.00299068
-0.0365117
-0.00489657
-0.0405682
-0.00698184
-0.042789
-0.00918724
-0.0446411
-0.0115046
-0.0466465
-0.0139389
-0.0489204
-0.0165239
-0.0515013
-0.0542818
-0.0193139
-0.000422882
-0.0123387
-0.0015802
-0.0269573
-0.0032669
-0.034825
-0.00526405
-0.0385711
-0.00743123
-0.0406219
-0.00971555
-0.0423568
-0.012112
-0.04425
-0.0146307
-0.0464017
-0.0173019
-0.0488301
-0.0514394
-0.0201442
-0.000485012
-0.0118537
-0.00174292
-0.0256994
-0.00352792
-0.03304
-0.0056106
-0.0364884
-0.00785498
-0.0383775
-0.0102141
-0.0399977
-0.0126863
-0.0417779
-0.0152845
-0.0438034
-0.0180332
-0.0460814
-0.0485337
-0.020939
-0.000544233
-0.0113095
-0.00189673
-0.0243469
-0.0037735
-0.0311633
-0.00593606
-0.0343258
-0.00825293
-0.0360606
-0.0106826
-0.037568
-0.0132264
-0.0392341
-0.0158985
-0.0411313
-0.018719
-0.0432609
-0.0455602
-0.0216924
-0.000600331
-0.0107091
-0.00204131
-0.022906
-0.00400341
-0.0292012
-0.00624033
-0.0320889
-0.00862499
-0.0336759
-0.011121
-0.035072
-0.013732
-0.0366231
-0.0164729
-0.0383905
-0.0193614
-0.0403724
-0.0425191
-0.0224025
-0.000653112
-0.010056
-0.00217641
-0.0213827
-0.00421751
-0.0271601
-0.00652331
-0.0297831
-0.0089711
-0.0312282
-0.0115291
-0.032514
-0.0142029
-0.0339492
-0.0170078
-0.0355856
-0.0199605
-0.0374198
-0.0394122
-0.0230673
-0.000702409
-0.00935362
-0.00230183
-0.0197832
-0.00441565
-0.0250462
-0.00678494
-0.0274138
-0.00929118
-0.0287219
-0.0119067
-0.0298985
-0.0146389
-0.031217
-0.0175032
-0.0327213
-0.0205161
-0.0344069
-0.0362429
-0.0236854
-0.000748076
-0.00860555
-0.00241739
-0.0181139
-0.00459773
-0.0228659
-0.00702518
-0.0249864
-0.00958517
-0.0261619
-0.0122537
-0.0272299
-0.0150398
-0.028431
-0.017959
-0.0298021
-0.0210279
-0.031338
-0.0330152
-0.0242556
-0.000789985
-0.00781556
-0.00252295
-0.016381
-0.00476367
-0.0206252
-0.00724399
-0.0225061
-0.00985302
-0.0235529
-0.0125701
-0.0245128
-0.0154053
-0.0255957
-0.0183749
-0.0268325
-0.0214951
-0.0282177
-0.0297336
-0.0247767
-0.000828028
-0.00698753
-0.00261838
-0.0145906
-0.00491342
-0.0183301
-0.00744135
-0.0199781
-0.0100947
-0.0208996
-0.0128557
-0.0217519
-0.0157355
-0.0227159
-0.0187506
-0.0238174
-0.0219175
-0.0250508
-0.0264032
-0.025248
-0.000862112
-0.00612542
-0.00270359
-0.0127491
-0.00504692
-0.0159868
-0.00761723
-0.0174078
-0.0103101
-0.0182067
-0.0131104
-0.0189516
-0.0160301
-0.0197962
-0.0190859
-0.0207616
-0.0222946
-0.0218421
-0.0230289
-0.0256689
-0.000892158
-0.00523326
-0.00277851
-0.0108628
-0.00516414
-0.0136012
-0.00777163
-0.0148003
-0.0104993
-0.015479
-0.0133341
-0.0161168
-0.0162889
-0.0168414
-0.0193807
-0.0176698
-0.0226261
-0.0185967
-0.0196162
-0.0260388
-0.000918099
-0.00431516
-0.00284305
-0.00893783
-0.00526505
-0.0111792
-0.00790454
-0.0121608
-0.0106622
-0.0127213
-0.0135269
-0.0132521
-0.016512
-0.0138563
-0.0196348
-0.014547
-0.0229118
-0.0153197
-0.0161704
-0.0263576
-0.000939881
-0.00337528
-0.00289717
-0.00698054
-0.00534963
-0.00872673
-0.00801596
-0.00949451
-0.0107989
-0.0099384
-0.0136886
-0.0103624
-0.0166992
-0.0108457
-0.0198479
-0.0113983
-0.0231515
-0.0120162
-0.0126969
-0.0266249
-0.000957458
-0.00241782
-0.00294083
-0.00499718
-0.00541786
-0.00624969
-0.00810588
-0.00680649
-0.0109092
-0.00713508
-0.0138193
-0.00745229
-0.0168504
-0.00781451
-0.0200202
-0.00822858
-0.023345
-0.00869133
-0.00920129
-0.0268407
-0.000970797
-0.00144703
-0.00297399
-0.00299398
-0.00546974
-0.00375394
-0.00817432
-0.00410191
-0.0109932
-0.00431618
-0.0139188
-0.00452671
-0.0169657
-0.00476761
-0.0201514
-0.00504287
-0.0234925
-0.00535026
-0.00568866
-0.0270051
-0.000979872
-0.00299664
-0.00550527
-0.00822128
-0.0013859
-0.011051
-0.00148649
-0.0139872
-0.00159044
-0.0170449
-0.00170992
-0.0202416
-0.00184623
-0.0235935
-0.00199833
-0.00216388
-0.0271183
-0.00824677
-0.0110824
-0.0140245
-0.0170881
-0.0202904
-0.023648
-0.0271742
0.0586466
0.0101166
-0.0581546
0.059137
0.0116795
0.0596245
0.0132466
0.0601077
0.0148142
0.0605838
0.0163784
0.0610488
0.0179346
0.0614959
0.0194775
0.021
0.0608855
0.00962239
-0.0603913
0.0613846
0.0111804
0.0618881
0.0127431
0.0623948
0.0143075
0.0629031
0.0158701
0.0634104
0.0174273
0.0639129
0.018975
0.0205086
0.0632303
0.00913908
-0.062747
0.063726
0.0106847
0.0642338
0.0122353
0.0647531
0.0137882
0.0652827
0.0153404
0.0658211
0.0168889
0.0663657
0.0184304
0.0199613
0.0657208
0.00867195
-0.0652536
0.0662052
0.0102002
0.0667075
0.0117331
0.0672277
0.013268
0.0677657
0.0148024
0.0683209
0.0163337
0.0688923
0.0178591
0.0193755
0.0683694
0.00822088
-0.0679183
0.0688414
0.00972817
0.0693352
0.0112393
0.0698514
0.0127518
0.0703904
0.0142634
0.0709525
0.0157716
0.0715375
0.017274
0.0187679
0.0711702
0.00778316
-0.0707324
0.071632
0.00926629
0.0721188
0.0107526
0.0726309
0.0122396
0.0731692
0.0137252
0.0737339
0.0152069
0.0743253
0.0166826
0.0181498
0.0741208
0.00735726
-0.0736949
0.0745741
0.00881302
0.0750552
0.0102714
0.0755647
0.0117302
0.0761029
0.013187
0.0766703
0.0146396
0.0772669
0.016086
0.0175237
0.0772224
0.00694198
-0.0768071
0.0776681
0.00836728
0.0781448
0.00979475
0.0786528
0.0112222
0.0791924
0.0126474
0.0797638
0.0140682
0.0803673
0.0154825
0.016888
0.0804782
0.0065369
-0.0800731
0.0809169
0.00792853
0.0813897
0.00932194
0.0818969
0.010715
0.0824388
0.0121055
0.0830154
0.0134915
0.0836271
0.0148708
0.0162413
0.0838945
0.00614186
-0.0834995
0.0843264
0.00749666
0.0847955
0.00885288
0.085302
0.0102084
0.0858462
0.0115613
0.0864282
0.0129095
0.0870481
0.0142509
0.0155836
0.0874754
0.00575658
-0.0870901
0.0879006
0.00707146
0.088366
0.00838744
0.088872
0.00970252
0.0894186
0.0110147
0.0900059
0.0123222
0.090634
0.0136229
0.0149149
0.0912266
0.00538083
-0.0908509
0.0916453
0.00665279
0.0921072
0.00792555
0.0926125
0.00919719
0.0931615
0.0104658
0.093754
0.0117296
0.0943903
0.0129866
0.014235
0.0951549
0.00501453
-0.0947886
0.0955671
0.00624061
0.0960254
0.00746723
0.0965301
0.00869254
0.0970812
0.00991471
0.0976789
0.0111319
0.098323
0.0123424
0.0135444
0.0992673
0.00465726
-0.09891
0.0996732
0.00583475
0.100128
0.00701244
0.100632
0.00818861
0.101185
0.00936152
0.101788
0.0105295
0.102439
0.0116907
0.0128436
0.10357
0.00430917
-0.103222
0.10397
0.00543509
0.104421
0.00656106
0.104924
0.00768535
0.105479
0.00880632
0.106087
0.00992229
0.106746
0.0110316
0.0121327
0.108074
0.00397014
-0.107735
0.108468
0.00504182
0.108915
0.00611333
0.109418
0.00718303
0.109975
0.00824934
0.110586
0.00931069
0.111252
0.0103655
0.111973
0.0114122
0.0124492
0.112788
0.00364029
-0.112458
0.113175
0.00465496
0.113619
0.00566926
0.11412
0.00668167
0.114679
0.00769066
0.115295
0.00869474
0.115968
0.00969241
0.116698
0.0106822
0.0116625
0.117721
0.00331951
-0.1174
0.118101
0.0042744
0.118542
0.00522878
0.119042
0.00618121
0.119603
0.00713025
0.120223
0.00807447
0.120903
0.00901246
0.121642
0.00994278
0.010864
0.122885
0.00300767
-0.122573
0.123259
0.00390003
0.123696
0.00479178
0.124196
0.00568155
0.124758
0.006568
0.125383
0.00744977
0.12607
0.00832553
0.126819
0.00919393
0.0100536
0.128293
0.00270459
-0.12799
0.128662
0.00353166
0.129096
0.00435804
0.129595
0.00518246
0.130159
0.00600367
0.130788
0.00682039
0.131482
0.00763137
0.132241
0.00843536
0.00923111
0.133961
0.00241001
-0.133667
0.134324
0.00316897
0.134755
0.00392722
0.135254
0.00468356
0.135821
0.00543683
0.136455
0.00618587
0.137157
0.00692949
0.137926
0.00766654
0.00839586
0.139906
0.00212358
-0.13962
0.140264
0.00281156
0.140692
0.00349881
0.141192
0.00418427
0.141761
0.00486686
0.142402
0.00554551
0.143112
0.00621913
0.143892
0.00688667
0.00754706
0.146148
0.00184464
-0.145869
0.146501
0.00245871
0.146928
0.00307209
0.147428
0.00368379
0.148002
0.00429286
0.148649
0.00489833
0.149369
0.00549922
0.150161
0.00609459
0.00668346
0.152709
0.0015725
-0.152437
0.153058
0.00210956
0.153484
0.00264599
0.153987
0.00318094
0.154566
0.00371354
0.155222
0.00424293
0.155953
0.00476826
0.156759
0.00528867
0.00580332
0.159617
0.00130606
-0.15935
0.159963
0.00176295
0.16039
0.00221928
0.160896
0.00267433
0.161483
0.00312735
0.162148
0.00357761
0.162892
0.00402437
0.163714
0.0044669
0.00490446
0.166901
0.00104416
-0.166639
0.167246
0.00141746
0.167675
0.00179031
0.168187
0.00216212
0.168782
0.00253225
0.16946
0.00290012
0.170219
0.0032651
0.171059
0.0036266
0.003984
0.174596
0.000785036
-0.174337
0.174942
0.00107114
0.175376
0.00135692
0.175896
0.00164191
0.176503
0.00192562
0.177195
0.00220759
0.177973
0.00248735
0.178835
0.00276442
0.00303834
0.182744
0.000526537
-0.182486
0.183094
0.00072159
0.183534
0.000916437
0.184065
0.00111076
0.184687
0.00130422
0.185398
0.00149651
0.186198
0.00168729
0.187086
0.00187625
0.00206305
0.191391
0.000265863
-0.19113
0.191747
0.000365657
0.192198
0.000465366
0.192744
0.000564822
0.193384
0.000663854
0.194118
0.000762299
0.194946
0.000859982
0.195865
0.000956741
0.0010524
0.200593
-0.200327
0.200958
0.201424
0.201988
0.202652
0.203415
0.204275
0.205231
0.0488666
-0.016528
-0.0486025
0.0492869
-0.0157571
0.0497581
-0.014738
0.0502411
-0.0136251
0.0507264
-0.0124682
0.0512151
-0.0112816
0.0517062
-0.0100551
0.0521982
-0.00878843
0.0526908
-0.00748669
0.0531846
-0.00615317
0.0536801
-0.00479016
0.0541786
-0.00340073
0.0546801
-0.00199153
0.0551661
-0.000579023
0.055683
0.000917929
0.0561805
0.00243691
0.0566748
0.00395143
0.0571685
0.00547665
0.0576617
0.00701354
0.00856075
0.0521046
-0.0169272
-0.0517053
0.0524672
-0.0161197
0.0528627
-0.0151335
0.0532766
-0.014039
0.053685
-0.0128766
0.0540918
-0.0116884
0.0545041
-0.0104674
0.0549222
-0.0092065
0.0553454
-0.00790998
0.0557745
-0.00658225
0.0562098
-0.00522542
0.056651
-0.00384198
0.057095
-0.00243553
0.0575297
-0.00101363
0.0580037
0.00044393
0.0584718
0.00196881
0.0589425
0.00348069
0.0594194
0.00499972
0.0599025
0.00653046
0.00807195
0.0554169
-0.0172724
-0.0550717
0.0557332
-0.0164359
0.0560559
-0.0154563
0.0563994
-0.0143825
0.0567455
-0.0132227
0.0570898
-0.0120328
0.0574395
-0.010817
0.0577969
-0.00956398
0.0581613
-0.0082744
0.0585324
-0.00695335
0.0589104
-0.00560339
0.0592946
-0.00422619
0.0596819
-0.00282278
0.0600679
-0.00139964
0.0605146
-2.80855e-06
0.0609349
0.00154851
0.0613705
0.00304514
0.0618175
0.00455267
0.0622761
0.00607185
0.00760109
0.0588445
-0.017539
-0.0585779
0.0591002
-0.0166917
0.0593562
-0.0157123
0.0596291
-0.0146555
0.059912
-0.0135055
0.060197
-0.0123177
0.0604874
-0.0111074
0.0607873
-0.00986381
0.0610966
-0.00858375
0.061415
-0.00727173
0.061743
-0.00593138
0.0620816
-0.00456483
0.062433
-0.00317421
0.0627982
-0.00176481
0.0631425
-0.000347114
0.0635435
0.00114757
0.0639491
0.00263951
0.0643683
0.00413343
0.0648031
0.00563713
0.00715051
0.0623853
-0.0177343
-0.06219
0.0625806
-0.0168869
0.062774
-0.0159057
0.0629795
-0.014861
0.0631982
-0.0137242
0.0634235
-0.0125431
0.0636557
-0.0113396
0.0638986
-0.0101067
0.0641536
-0.0088387
0.0644205
-0.00753872
0.0647
-0.00621085
0.0649926
-0.00485746
0.0652989
-0.00348045
0.0656168
-0.00208273
0.0659429
-0.00067322
0.0663066
0.000783869
0.0666833
0.00226286
0.0670761
0.00374058
0.0674874
0.00522581
0.00671966
0.0660548
-0.0178599
-0.0659291
0.0661873
-0.0170195
0.0663176
-0.016036
0.0664565
-0.0149999
0.0666099
-0.0138776
0.0667744
-0.0127076
0.0669487
-0.0115139
0.0671354
-0.0102933
0.0673367
-0.00904001
0.0675532
-0.00775522
0.0677852
-0.0064429
0.0680335
-0.00510572
0.0682986
-0.00374558
0.0685809
-0.00236496
0.0688772
-0.000969598
0.0692089
0.00045218
0.0695576
0.00191421
0.0699269
0.00337122
0.0703182
0.00483449
0.00630546
0.0698616
-0.0179132
-0.0698084
0.0699267
-0.0170846
0.0699917
-0.0161009
0.0700639
-0.0150722
0.0701519
-0.0139656
0.070255
-0.0128107
0.0703716
-0.0116305
0.0705032
-0.0104249
0.070652
-0.00918885
0.0708192
-0.00792244
0.0710054
-0.00662903
0.0712111
-0.00531141
0.0714371
-0.00397157
0.0716836
-0.0026115
0.0719494
-0.00123536
0.0722539
0.000147665
0.0725757
0.00159242
0.0729229
0.00302397
0.0732958
0.00446158
0.00590636
0.0738078
-0.0178918
-0.0738292
0.0738017
-0.0170785
0.0737994
-0.0160986
0.0738054
-0.0150782
0.0738286
-0.0139888
0.0738706
-0.0128527
0.07393
-0.0116899
0.0740075
-0.0105025
0.0741052
-0.00928655
0.0742246
-0.00804177
0.0743663
-0.00677077
0.0745312
-0.00547628
0.07472
-0.00416037
0.0749333
-0.00282483
0.0751711
-0.00147316
0.0754402
-0.000121476
0.0757388
0.00129386
0.0760657
0.00269704
0.0764217
0.0041056
0.00552098
0.0778942
-0.0177955
-0.0779905
0.0778153
-0.0169996
0.0777448
-0.016028
0.0776852
-0.0150186
0.0776448
-0.0139484
0.0776264
-0.0128343
0.0776294
-0.0116928
0.077654
-0.0105271
0.0777019
-0.00933443
0.0777746
-0.0081145
0.0778733
-0.00686939
0.0779987
-0.00560169
0.0781518
-0.00431354
0.0783339
-0.00300688
0.0785452
-0.00168445
0.0787778
-0.000354132
0.0790551
0.00101656
0.0793623
0.00238987
0.0797013
0.00376661
0.00514917
0.0821235
-0.0176251
-0.0822939
0.0819718
-0.0168478
0.081833
-0.0158893
0.0817087
-0.0148942
0.0816061
-0.0138458
0.0815286
-0.0127568
0.0814761
-0.0116404
0.0814488
-0.0104998
0.0814481
-0.00933368
0.0814754
-0.0081418
0.0815319
-0.00692589
0.0816185
-0.0056883
0.081736
-0.00443105
0.0818851
-0.00315605
0.0820662
-0.00186552
0.0822771
-0.000565039
0.0825304
0.00076329
0.082818
0.00210223
0.0831409
0.00344378
0.00479052
0.0865008
-0.0173817
-0.0867442
0.086277
-0.016624
0.0860705
-0.0156828
0.0858824
-0.0147062
0.085719
-0.0136824
0.0855836
-0.0126214
0.0854767
-0.0115335
0.0853986
-0.0104217
0.0853503
-0.00928537
0.0853332
-0.00812471
0.0853485
-0.00694121
0.0853972
-0.00573695
0.08548
-0.00451386
0.0855977
-0.00327377
0.0857509
-0.00201874
0.0859386
-0.00075267
0.0861693
0.000532596
0.0864375
0.00183399
0.0867443
0.00313695
0.0044447
0.0910327
-0.0170664
-0.091348
0.0907379
-0.0163292
0.0904646
-0.0154096
0.0902139
-0.0144554
0.0899909
-0.0134594
0.089799
-0.0124295
0.0896388
-0.0113733
0.0895108
-0.0102936
0.0894159
-0.00919047
0.0893554
-0.00806421
0.0893305
-0.00691628
0.0893421
-0.00574853
0.089391
-0.0045628
0.0894781
-0.00336082
0.0896038
-0.00214451
0.089768
-0.000916847
0.0899773
0.000323281
0.0902266
0.00158468
0.0905177
0.00284589
0.00411149
0.0957271
-0.0166803
-0.0961131
0.0953625
-0.0159646
0.0950236
-0.0150707
0.0947113
-0.0141431
0.0944301
-0.0131781
0.0941827
-0.0121821
0.0939703
-0.0111609
0.0937933
-0.0101167
0.0936527
-0.00904984
0.0935496
-0.00796112
0.0934852
-0.00685185
0.0934604
-0.00572373
0.0934761
-0.00457846
0.093533
-0.00341773
0.0936318
-0.00224332
0.0937726
-0.00105764
0.0939615
0.000134341
0.0941923
0.00135385
0.0944679
0.00257034
0.00379074
0.100592
-0.0162247
-0.101048
0.10016
-0.0155318
0.0997563
-0.0146673
0.0993835
-0.0137703
0.099045
-0.0128396
0.0987434
-0.0118805
0.0984797
-0.0108972
0.0982546
-0.00989156
0.098069
-0.00886429
0.0979241
-0.00781622
0.0978209
-0.00674868
0.0977604
-0.00566323
0.0977434
-0.00456142
0.0977705
-0.00344484
0.0978423
-0.00231508
0.097959
-0.00117437
0.0981277
-3.44059e-05
0.0983402
0.00114139
0.098601
0.00230952
0.00348173
0.105638
-0.0157007
-0.106162
0.105139
-0.0150321
0.104672
-0.0142007
0.10424
-0.013338
0.103845
-0.0124449
0.10349
-0.0115255
0.103176
-0.010583
0.102903
-0.0096191
0.102673
-0.00863447
0.102487
-0.00763013
0.102346
-0.00660738
0.10225
-0.00556769
0.102202
-0.00451257
0.1022
-0.00344355
0.102247
-0.00236222
0.102344
-0.00127046
0.102483
-0.000173397
0.102679
0.000944909
0.102925
0.00206343
0.00318495
0.110875
-0.0151093
-0.111466
0.11031
-0.0144668
0.109781
-0.0136718
0.10929
-0.0128472
0.108839
-0.0119946
0.108432
-0.0111178
0.108068
-0.0102191
0.107749
-0.00929985
0.107475
-0.00836087
0.107248
-0.00740324
0.107069
-0.00642824
0.106939
-0.00543723
0.106858
-0.00443164
0.106827
-0.00341288
0.106847
-0.00238246
0.106919
-0.00134201
0.107041
-0.000295223
0.107219
0.000766862
0.10745
0.00183193
0.00289982
0.116313
-0.0144514
-0.116971
0.115683
-0.0138371
0.115093
-0.0130817
0.114544
-0.0122984
0.114039
-0.0114895
0.11358
-0.0106581
0.113166
-0.00980599
0.112801
-0.00893428
0.112484
-0.00804388
0.112216
-0.00713588
0.112
-0.00621151
0.111835
-0.00527207
0.111722
-0.00431888
0.111662
-0.0033533
0.111657
-0.00237674
0.111705
-0.00139072
0.111808
-0.000397866
0.111968
0.000606502
0.112185
0.00161535
0.00262673
0.121964
-0.0137278
-0.122688
0.121271
-0.013144
0.120621
-0.0124313
0.120015
-0.0116925
0.119455
-0.0109302
0.118944
-0.0101469
0.118482
-0.00934407
0.118071
-0.00852274
0.117711
-0.00768379
0.117403
-0.0068283
0.117149
-0.00595743
0.116949
-0.00507242
0.116805
-0.00417452
0.116717
-0.003265
0.116685
-0.00234518
0.116711
-0.00141647
0.116794
-0.000480931
0.116937
0.000463609
0.117139
0.00141347
0.00236551
0.127842
-0.0129391
-0.12863
0.127086
-0.0123885
0.126376
-0.0117213
0.125714
-0.01103
0.1251
-0.0103169
0.124538
-0.00958443
0.124028
-0.00883367
0.12357
-0.0080655
0.123167
-0.00728082
0.12282
-0.00648065
0.122528
-0.00566613
0.122294
-0.00483841
0.122119
-0.00399865
0.122002
-0.00314806
0.121944
-0.00228786
0.121947
-0.00141936
0.122011
-0.000544254
0.122136
0.00033801
0.122323
0.0012261
0.00211601
0.13396
-0.012086
-0.134814
0.133143
-0.0115711
0.132374
-0.0109522
0.131655
-0.0103111
0.130988
-0.00965008
0.130375
-0.00897103
0.129816
-0.00827498
0.129313
-0.0075627
0.128868
-0.00683506
0.12848
-0.00609304
0.128152
-0.00533769
0.127883
-0.00457009
0.127676
-0.00379134
0.12753
-0.00300253
0.127447
-0.00220483
0.127427
-0.00139943
0.127471
-0.000587793
0.127579
0.000229572
0.127752
0.00105311
0.00187808
0.140336
-0.0111686
-0.141254
0.139457
-0.0106923
0.138629
-0.0101243
0.137855
-0.00953611
0.137134
-0.00892974
0.13647
-0.00830676
0.135863
-0.00766807
0.135315
-0.0070144
0.134826
-0.00634656
0.134399
-0.00566547
0.134033
-0.00497212
0.13373
-0.00426749
0.133492
-0.00355259
0.133318
-0.00282846
0.133209
-0.00209614
0.133166
-0.00135676
0.13319
-0.000611564
0.133282
0.000138108
0.13344
0.000894309
0.00165148
0.146987
-0.0101872
-0.147968
0.146047
-0.00975241
0.145161
-0.00923785
0.14433
-0.00870511
0.143556
-0.00815593
0.142841
-0.00759159
0.142185
-0.0070129
0.141592
-0.00642052
0.14106
-0.00581524
0.140593
-0.00519788
0.14019
-0.00456935
0.139853
-0.00393055
0.139583
-0.0032824
0.13938
-0.00262586
0.139246
-0.00196187
0.139181
-0.00129146
0.139185
-0.000615725
0.13926
6.33192e-05
0.139404
0.000749447
0.00143593
0.153933
-0.00914181
-0.154979
0.152932
-0.00875146
0.151987
-0.00829278
0.1511
-0.00781799
0.150273
-0.00732851
0.149507
-0.00682538
0.148803
-0.00630931
0.148163
-0.00578094
0.147589
-0.00524097
0.147081
-0.00469016
0.146641
-0.0041293
0.14627
-0.00355922
0.145968
-0.00298074
0.145737
-0.0023947
0.145577
-0.00180198
0.145489
-0.00120347
0.145474
-0.000600155
0.145533
4.1393e-06
0.145664
0.000618223
0.00123087
0.161199
-0.0080322
-0.162308
0.160136
-0.00768928
0.159132
-0.00728888
0.158189
-0.00687449
0.157308
-0.00644719
0.15649
-0.00600784
0.155738
-0.00555707
0.155052
-0.00509544
0.154435
-0.00462359
0.153887
-0.00414219
0.15341
-0.00365193
0.153004
-0.00315355
0.152671
-0.00264778
0.152412
-0.00213535
0.152227
-0.00161705
0.152117
-0.00109367
0.152083
-0.000566038
0.152123
-3.6021e-05
0.152242
0.000499641
0.00103563
0.168809
-0.00685803
-0.169983
0.167685
-0.00656547
0.166622
-0.00622576
0.165621
-0.00587419
0.164686
-0.00551158
0.163816
-0.00513861
0.163015
-0.00475581
0.162283
-0.0043637
0.161623
-0.00396281
0.161034
-0.00355373
0.160519
-0.00313705
0.160079
-0.00271339
0.159715
-0.00228338
0.159427
-0.00184766
0.159217
-0.00140689
0.159085
-0.000961749
0.159032
-0.000512942
0.159058
-6.17335e-05
0.159164
0.000393426
0.000849353
0.176793
-0.0056188
-0.178032
0.175607
-0.0053795
0.174484
-0.00510285
0.173426
-0.00481654
0.172436
-0.00452114
0.171514
-0.00421718
0.170664
-0.00390511
0.169885
-0.00358535
0.169181
-0.00325835
0.168552
-0.00292459
0.167999
-0.00258456
0.167525
-0.00223876
0.167129
-0.00188772
0.166813
-0.00153196
0.166578
-0.00117202
0.166425
-0.000808468
0.166354
-0.000441873
0.166366
-7.31071e-05
0.16646
0.000298519
0.000671007
0.185185
-0.0043139
-0.18649
0.183936
-0.00413066
0.182753
-0.00391948
0.181637
-0.0037009
0.180591
-0.00347529
0.179617
-0.00324305
0.178716
-0.00300451
0.177891
-0.00276003
0.177143
-0.00250994
0.176473
-0.0022546
0.175883
-0.00199441
0.175374
-0.00172974
0.174947
-0.00146101
0.174603
-0.0011886
0.174344
-0.000912954
0.17417
-0.000634486
0.174082
-0.000353651
0.17408
-7.10708e-05
0.174165
0.000213615
0.000499064
0.194022
-0.00294269
-0.195393
0.19271
-0.00281817
0.191465
-0.00267491
0.190291
-0.00252658
0.189189
-0.00237343
0.188161
-0.00221569
0.187211
-0.00205362
0.186338
-0.00188745
0.185545
-0.00171741
0.184835
-0.00154375
0.184207
-0.00136673
0.183664
-0.00118662
0.183207
-0.0010037
0.182836
-0.000818232
0.182554
-0.000630514
0.18236
-0.000440838
0.182256
-0.000249506
0.182242
-5.68982e-05
0.182318
0.000137051
0.000331601
0.203347
-0.00150461
-0.204785
0.20197
-0.00144129
0.200663
-0.00136839
0.19943
-0.00129288
0.198271
-0.0012149
0.19719
-0.00113455
0.196188
-0.00105197
0.195268
-0.000967261
0.194431
-0.000880556
0.19368
-0.000791977
0.193014
-0.000701657
0.192438
-0.000609731
0.19195
-0.000516339
0.191554
-0.000421623
0.191249
-0.000325732
0.191037
-0.000228816
0.190918
-0.000131042
0.190894
-3.26444e-05
0.190965
6.66007e-05
0.000166141
0.213205
-0.21471
0.211764
0.210396
0.209103
0.207888
0.206753
0.205701
0.204734
0.203853
0.203062
0.20236
0.20175
0.201234
0.200812
0.200486
0.200258
0.200127
0.200094
0.200161
0.0503749
0.000980214
-0.000904189
0.050219
0.00144501
-0.00128911
0.0499315
0.00319718
-0.0029096
0.0496026
0.00399597
-0.00366708
0.0491602
0.00628898
-0.00584661
0.0487043
0.00763824
-0.0071823
0.0481567
0.0104469
-0.00989938
0.047645
0.0121976
-0.0116859
0.047081
0.0154203
-0.0148564
0.0466582
0.017334
-0.0169112
0.0462388
0.0208977
-0.0204783
0.0461706
0.0225461
-0.0224779
0.0461404
0.0264625
-0.0264322
0.0469367
0.0268805
-0.0276768
0.0311088
-0.0327746
0.0528448
0.00105669
0.0526897
0.0016001
0.0523981
0.00348878
0.0520736
0.00432049
0.051633
0.00672958
0.051194
0.00807721
0.0506663
0.0109746
0.0502001
0.0126637
0.0496927
0.0159278
0.0493641
0.0176626
0.0490664
0.0211953
0.0491479
0.0224646
0.0494109
0.0261995
0.0503066
0.0259848
0.02971
0.0554364
0.00113276
0.0552825
0.001754
0.0549915
0.00377978
0.0546734
0.00463862
0.0542423
0.00716072
0.0538249
0.00849459
0.0533279
0.0114716
0.0529134
0.0130782
0.0524754
0.0163658
0.052242
0.017896
0.0520783
0.0213591
0.0522898
0.022253
0.0527686
0.0257208
0.0536165
0.025137
0.0282547
0.0581553
0.00120808
0.0580044
0.00190492
0.0577166
0.00406762
0.0574089
0.00494626
0.0569925
0.00757718
0.0566035
0.00888353
0.0561455
0.0119296
0.0557904
0.0134334
0.0554321
0.0167241
0.0552947
0.0180333
0.0552688
0.021385
0.0555825
0.0219392
0.0562171
0.0250862
0.0570822
0.0242719
0.026759
0.0610075
0.00128244
0.0608614
0.00205102
0.0605793
0.00434974
0.0602861
0.00523948
0.0598896
0.00797359
0.0595351
0.00923807
0.0591247
0.01234
0.0588344
0.0137237
0.0585671
0.0169914
0.0585229
0.0180775
0.0586375
0.0212705
0.0590355
0.0215413
0.0597988
0.0243229
0.0607194
0.0233512
0.0252884
0.0639995
0.00135561
0.0638601
0.00219042
0.0635866
0.00462331
0.0633114
0.00551464
0.0629409
0.00834406
0.0626255
0.00955346
0.0622722
0.0126934
0.0620494
0.0139465
0.0618837
0.0171571
0.0619285
0.0180327
0.0621816
0.0210173
0.0626587
0.0210642
0.0635267
0.0234549
0.0645031
0.0223748
0.0238624
0.0671384
0.00142717
0.0670074
0.0023214
0.0667459
0.00488476
0.0664918
0.00576877
0.0661542
0.00868167
0.0658812
0.00982647
0.0655948
0.0129798
0.0654403
0.0141009
0.0653843
0.0172131
0.0655146
0.0179024
0.0658984
0.0206335
0.066454
0.0205087
0.0674004
0.0225084
0.0684202
0.021355
0.0224742
0.0704317
0.00149631
0.0703103
0.00244275
0.0700655
0.00512957
0.0698346
0.00599975
0.0695378
0.00897844
0.069309
0.0100552
0.0690994
0.0131894
0.0690135
0.0141868
0.0690711
0.0171555
0.0692853
0.0176882
0.0697867
0.0201321
0.0704188
0.0198765
0.0714209
0.0215063
0.0724715
0.0203044
0.0211165
0.0738875
0.00156167
0.0737764
0.00255387
0.0735538
0.00535219
0.0733473
0.00620624
0.0730999
0.00922584
0.0729169
0.0102382
0.0727921
0.0133142
0.0727757
0.0142032
0.0729458
0.0169854
0.0732438
0.0173903
0.0738468
0.0195291
0.0745509
0.0191725
0.0755917
0.0204655
0.0766623
0.0192338
0.0197884
0.0775143
0.00162127
0.0774134
0.0026548
0.0772193
0.0055463
0.0770383
0.00638725
0.0768485
0.00941558
0.0767133
0.0103734
0.0766785
0.0133491
0.0767338
0.0141479
0.0770112
0.016708
0.0773926
0.0170088
0.078081
0.0188407
0.0788499
0.0184036
0.079917
0.0193984
0.0809979
0.0181528
0.0184924
0.0813208
0.00167269
0.0812297
0.00274597
0.0810706
0.00570534
0.0809165
0.00654138
0.0807913
0.00954075
0.080707
0.0104577
0.080764
0.0132921
0.080894
0.0140179
0.0812705
0.0163314
0.081734
0.0165454
0.0824931
0.0180816
0.0833176
0.0175791
0.0844014
0.0183145
0.0854837
0.0170706
0.0172318
0.085316
0.00171323
0.0852342
0.00282783
0.0851165
0.00582306
0.0849915
0.00666633
0.0849358
0.00959643
0.0849067
0.0104869
0.0850545
0.0131443
0.085262
0.0138104
0.0857282
0.0158652
0.0862701
0.0160036
0.0870873
0.0172644
0.0879573
0.0167091
0.0890496
0.0172222
0.0901257
0.0159945
0.0160094
0.089509
0.00174025
0.0894365
0.00290033
0.0893653
0.00589422
0.0892731
0.00675854
0.0892895
0.00958
0.0893206
0.0104558
0.0895557
0.0129092
0.0898428
0.0135234
0.0903891
0.0153188
0.0910038
0.0153889
0.0918683
0.0163999
0.0927736
0.0158039
0.0938671
0.0161288
0.0949311
0.0149305
0.0148274
0.0939089
0.00175146
0.0938467
0.00296246
0.0938258
0.00591518
0.0937711
0.0068132
0.0938601
0.00949102
0.0939566
0.0103592
0.0942743
0.0125916
0.0946412
0.0131564
0.0952586
0.0147014
0.0959388
0.0147087
0.0968412
0.0154974
0.0977723
0.0148729
0.0988605
0.0150405
0.0999078
0.0138832
0.0136871
0.0985251
0.0017452
0.0984755
0.00301207
0.0985065
0.0058841
0.0984953
0.00682449
0.0986554
0.00933086
0.0988222
0.0101924
0.0992169
0.0121968
0.099662
0.0127113
0.100342
0.0140213
0.10108
0.0139712
0.102012
0.0145656
0.10296
0.0139245
0.104037
0.0139632
0.105064
0.0128561
0.0125892
0.103367
0.00172062
0.103334
0.00304577
0.103417
0.00580089
0.103455
0.00678602
0.103684
0.00910196
0.103925
0.00995204
0.104391
0.0117304
0.104911
0.0121917
0.105646
0.0132859
0.106432
0.0131849
0.107386
0.0136119
0.108344
0.0129659
0.109406
0.0129012
0.110411
0.0118518
0.0115335
0.108446
0.00167772
0.108432
0.00305918
0.108566
0.00566692
0.108661
0.00669169
0.108955
0.00880721
0.109271
0.00963648
0.109804
0.0111973
0.110393
0.0116028
0.111176
0.0125024
0.112003
0.0123582
0.112972
0.0126435
0.113934
0.0120032
0.114977
0.0118583
0.115957
0.0108723
0.0105195
0.113771
0.00161733
0.113783
0.0030472
0.113966
0.00548445
0.114121
0.00653637
0.114479
0.00844936
0.114869
0.00924622
0.115464
0.0106024
0.116116
0.0109509
0.116941
0.0116775
0.1178
0.0114986
0.118778
0.0116663
0.119739
0.0110415
0.120761
0.0108369
0.121714
0.00991875
0.00954598
0.119355
0.00154086
0.119397
0.00300467
0.119626
0.00525597
0.119846
0.00631654
0.120264
0.0080308
0.120727
0.00878353
0.121379
0.00995011
0.122088
0.0102424
0.122948
0.0108176
0.123833
0.0106129
0.124814
0.0106856
0.125771
0.0100849
0.126769
0.00983869
0.127696
0.00899165
0.0086114
0.12521
0.00145009
0.125287
0.00292686
0.12556
0.00498361
0.125846
0.00603066
0.126323
0.0075536
0.126854
0.00825201
0.127559
0.00924503
0.128318
0.00948387
0.129207
0.00992861
0.130113
0.00970714
0.131093
0.00970546
0.132041
0.00913645
0.133015
0.00886465
0.133916
0.0080909
0.00771387
0.131348
0.00134687
0.131465
0.0028101
0.13178
0.00466879
0.132132
0.00567909
0.132665
0.00701974
0.133261
0.00765599
0.134015
0.0084916
0.134817
0.00868142
0.13573
0.00901568
0.136651
0.00878622
0.137628
0.00872897
0.138566
0.00819825
0.139516
0.00791479
0.140391
0.00721582
0.00685114
0.137786
0.0012328
0.137944
0.00265202
0.1383
0.00431225
0.138716
0.00526371
0.139304
0.00643128
0.13996
0.0070001
0.140757
0.00769415
0.141598
0.00784043
0.142531
0.00808315
0.143463
0.00785407
0.144434
0.00775815
0.145361
0.00727141
0.146287
0.00698838
0.147138
0.00636509
0.00602057
0.144536
0.00110912
0.144736
0.00245175
0.145134
0.0039142
0.145611
0.00478738
0.146252
0.00579047
0.146963
0.00628884
0.1478
0.00685664
0.148675
0.00696547
0.149624
0.00713429
0.150565
0.0069134
0.151529
0.00679389
0.152445
0.00635601
0.153349
0.0060839
0.154177
0.00553675
0.00521909
0.151616
0.000976585
0.151858
0.0022097
0.152298
0.00347469
0.152832
0.00425342
0.153522
0.0050997
0.154285
0.00552633
0.155159
0.00598237
0.156065
0.00606007
0.157028
0.00617114
0.157975
0.00596564
0.158933
0.00583585
0.159838
0.005451
0.160723
0.00519888
0.161532
0.00472809
0.00444307
0.159042
0.000835551
0.159324
0.00192736
0.159805
0.00299386
0.160393
0.00366512
0.161132
0.00436131
0.161942
0.00471608
0.162851
0.00507371
0.163784
0.00512653
0.164761
0.00519432
0.165716
0.00501074
0.166669
0.00488232
0.167566
0.00455412
0.168435
0.00432983
0.169228
0.00393554
0.00368819
0.166831
0.000686047
0.167151
0.00160689
0.167673
0.00247224
0.168312
0.00302545
0.169096
0.00357733
0.169952
0.00386076
0.170894
0.00413187
0.171854
0.00416567
0.172846
0.00420285
0.17381
0.00404703
0.174762
0.00393008
0.175654
0.00366171
0.176512
0.00347204
0.177293
0.00315448
0.00294924
0.175001
0.000527915
0.175357
0.00125081
0.175918
0.0019107
0.176607
0.00233703
0.177435
0.00274922
0.178334
0.002962
0.179309
0.0031566
0.180298
0.00317659
0.181307
0.00319391
0.182283
0.00307101
0.183239
0.0029741
0.184132
0.00276849
0.184985
0.00261934
0.18576
0.002379
0.00221988
0.183571
0.000360931
0.18396
0.000861834
0.18456
0.00131047
0.185295
0.0016021
0.186166
0.00187759
0.187108
0.00202014
0.188119
0.00214599
0.189139
0.00215645
0.19017
0.00216256
0.191164
0.00207701
0.192131
0.00200731
0.193032
0.00186726
0.193888
0.0017637
0.194666
0.00160147
0.00149218
0.19256
0.000184919
0.192979
0.000442859
0.193616
0.000673044
0.194396
0.000822567
0.195311
0.000962204
0.196297
0.00103403
0.197347
0.00109618
0.198403
0.00110015
0.199465
0.00110137
0.200485
0.00105686
0.201472
0.00102011
0.202391
0.000948463
0.203259
0.000895023
0.204048
0.000812472
0.000755772
0.201989
0.202432
0.203105
0.203927
0.204889
0.205923
0.20702
0.20812
0.209221
0.210278
0.211298
0.212247
0.213142
0.213954
0.0357654
-0.000768036
0.0360781
-0.00150511
0.0362311
-0.00193252
0.0363073
-0.00221797
0.0362217
-0.00225228
0.036059
-0.00218827
0.0357231
-0.00199087
0.0352945
-0.00178731
0.0346764
-0.00150479
0.0339406
-0.001275
0.0329845
-0.000957556
0.0318877
-0.000742768
0.030531
-0.000409282
0.0290206
-0.000207171
0.000186046
0.0357582
-0.0011709
0.0360649
-0.00181181
0.0362126
-0.00208024
0.036284
-0.00228934
0.0361938
-0.00216214
0.0360263
-0.00202078
0.035686
-0.00165055
0.0352527
-0.00135396
0.0346299
-0.00088205
0.0338912
-0.000536287
0.0329291
4.57705e-06
0.0318282
0.000358121
0.0304684
0.000950474
0.0289581
0.00130314
0.00202589
0.0357437
-0.00155922
0.0360374
-0.00210559
0.0361738
-0.0022166
0.0362345
-0.00234999
0.0361347
-0.00206238
0.0359575
-0.00184362
0.0356082
-0.0013012
0.0351669
-0.000912647
0.0345349
-0.000250105
0.0337836
0.000215054
0.0328262
0.000961936
0.0317192
0.00146519
0.0303562
0.00231341
0.0288452
0.00281421
0.00386595
0.0357218
-0.00192569
0.0359958
-0.00237956
0.0361147
-0.00233554
0.0361588
-0.00239409
0.0360444
-0.00194793
0.0358526
-0.00165188
0.0354905
-0.00093912
0.0350342
-0.000456352
0.0343928
0.000391338
0.0336368
0.000971017
0.032666
0.00193276
0.0315544
0.00257683
0.030188
0.00367974
0.0286774
0.00432483
0.0057027
0.0356927
-0.00226301
0.03594
-0.00262685
0.0360354
-0.00243098
0.0360571
-0.00241582
0.0359229
-0.00181371
0.0357115
-0.00144043
0.035333
-0.000560659
0.0348591
1.75512e-05
0.0342053
0.00104512
0.0334356
0.00174076
0.0324535
0.00291484
0.0313353
0.00369501
0.0299652
0.0050499
0.028456
0.00583398
0.0075338
0.0356563
-0.00256395
0.0358701
-0.00284064
0.035936
-0.00249691
0.0359296
-0.0024094
0.0357702
-0.00165438
0.0355351
-0.00120527
0.0351314
-0.000156967
0.0346452
0.00050372
0.0339693
0.00172101
0.0331844
0.00252573
0.0321889
0.00391027
0.0310626
0.00482136
0.0296879
0.00642459
0.0281809
0.00734102
0.00935707
0.0356127
-0.00282132
0.0357862
-0.00301418
0.0358166
-0.0025273
0.0357764
-0.00236915
0.035587
-0.00146496
0.0353214
-0.000939661
0.0348968
0.000267616
0.0343831
0.0010174
0.0336867
0.00241745
0.0328834
0.00332899
0.0318721
0.00492156
0.030736
0.00595743
0.0293561
0.00780454
0.0278519
0.00884522
0.0111701
0.035562
-0.00302799
0.0356886
-0.00314077
0.0356775
-0.00251621
0.0355977
-0.00228933
0.0353734
-0.00124063
0.0350744
-0.000640668
0.0346204
0.000721568
0.0340783
0.00155955
0.0333573
0.00313842
0.0325327
0.00415359
0.0315032
0.00595109
0.0303558
0.00710478
0.0289698
0.00919059
0.0274691
0.0103459
0.0129703
0.0355043
-0.00317693
0.0355773
-0.00321383
0.0355188
-0.00245773
0.0353937
-0.00216422
0.0351304
-0.000977263
0.0347924
-0.000302706
0.0343053
0.00120867
0.0337309
0.00213397
0.0329818
0.00388745
0.0321327
0.00500269
0.0310826
0.00700121
0.0299223
0.0082651
0.0285293
0.0105836
0.0270328
0.0118424
0.0147551
0.0354396
-0.00326115
0.0354526
-0.00322683
0.0353408
-0.00234599
0.0351649
-0.00198825
0.0348576
-0.000669958
0.0344766
7.82022e-05
0.033952
0.00173331
0.0333411
0.00274491
0.0325607
0.00466781
0.0316838
0.00587955
0.0306108
0.00807427
0.0294358
0.00944012
0.0280349
0.0119845
0.0265433
0.013334
0.0165217
0.035368
-0.00327379
0.0353145
-0.00317339
0.0351437
-0.00217515
0.0349119
-0.00175642
0.0345543
-0.000312409
0.0341287
0.000503822
0.0335608
0.00230124
0.0329094
0.00339628
0.0320945
0.00548267
0.0311866
0.00678753
0.0300883
0.00917254
0.0288967
0.0106317
0.0274871
0.0133941
0.0260012
0.0148199
0.0182673
0.0352896
-0.00320809
0.0351635
-0.00304723
0.0349277
-0.00193936
0.0346347
-0.00146343
0.034224
9.83423e-05
0.0337456
0.00098222
0.0331323
0.00291449
0.0324365
0.00409211
0.031584
0.00633511
0.0306415
0.00773011
0.0295159
0.0102982
0.0283058
0.0118418
0.0268866
0.0148133
0.0254074
0.016299
0.0199893
0.0352047
-0.00305742
0.0349996
-0.00284217
0.0346934
-0.00163316
0.0343333
-0.00110334
0.0338659
0.000565789
0.0333298
0.0015183
0.0326673
0.00357694
0.0319231
0.00483633
0.03103
0.00722817
0.0300493
0.00871083
0.0288944
0.0114531
0.0276637
0.0130725
0.0262343
0.0162427
0.0247631
0.0177702
0.021685
0.0351132
-0.00281526
0.0348232
-0.00255215
0.0344414
-0.00125135
0.0340102
-0.000672132
0.033479
0.00109695
0.0328823
0.00211497
0.0321666
0.00429266
0.0313702
0.00563274
0.0304335
0.00816491
0.029411
0.00973324
0.028225
0.0126391
0.0269714
0.0143262
0.0255314
0.0176827
0.0240697
0.0192319
0.0233522
0.0350153
-0.00247524
0.0346344
-0.00217122
0.034172
-0.000788923
0.0336641
-0.00016428
0.0330654
0.00169567
0.0324038
0.00277651
0.0316311
0.00506544
0.0307788
0.00648497
0.0297954
0.00914832
0.0287278
0.0108008
0.0275092
0.0138577
0.02623
0.0156053
0.0247798
0.0191329
0.0233295
0.0206822
0.0249894
0.0349112
-0.00203112
0.0344337
-0.00169373
0.0338847
-0.000239921
0.0332972
0.000423208
0.0326258
0.0023671
0.0318954
0.00350688
0.0310619
0.00589895
0.0301505
0.00739644
0.0291174
0.0101814
0.0280013
0.0119169
0.0267487
0.0151104
0.0254412
0.0169128
0.0239818
0.0205923
0.0225452
0.0221189
0.0265955
0.0348011
-0.00147686
0.0342212
-0.00111386
0.0335818
0.000399497
0.0329086
0.00109635
0.0321611
0.00311462
0.0313582
0.00430982
0.0304605
0.00679661
0.0294867
0.00837026
0.0284012
0.0112669
0.0272336
0.0130845
0.0259457
0.0163983
0.0246068
0.0182517
0.0231407
0.0220584
0.0217202
0.0235393
0.0281716
0.0346851
-0.000806583
0.0339976
-0.000426441
0.0332625
0.00113467
0.0324993
0.00185953
0.031672
0.00394194
0.0307928
0.00518902
0.0298275
0.00776185
0.0287883
0.00940946
0.0276476
0.0124077
0.0264263
0.0143057
0.0251022
0.0177224
0.0237298
0.0196242
0.0222618
0.0235264
0.0208594
0.0249417
0.0297171
0.0345634
-1.46527e-05
0.0337635
0.000373432
0.032928
0.00197023
0.0320712
0.00271631
0.0311606
0.0048525
0.0302022
0.00614743
0.029167
0.0087971
0.0280604
0.0105161
0.0268627
0.0136053
0.0255869
0.0155815
0.0242269
0.0190825
0.0228204
0.0210306
0.0213593
0.0249875
0.0199789
0.0263221
0.031254
0.0344365
0.0335208
0.0325814
0.0316307
0.0306366
0.0296017
0.0284994
0.0273296
0.0260786
0.0247489
0.0233531
0.0219058
0.0204611
0.0191064
)
;

boundaryField
{
    inlet
    {
        type            calculated;
        value           nonuniform List<scalar> 
50
(
-0.050451
-0.0529213
-0.0555125
-0.0582306
-0.0610819
-0.0640727
-0.06721
-0.0705008
-0.0739529
-0.0775739
-0.0813723
-0.0853566
-0.089536
-0.0939201
-0.0985188
-0.103343
-0.108403
-0.113711
-0.119278
-0.125119
-0.131245
-0.137671
-0.144412
-0.151483
-0.158901
-0.166681
-0.174843
-0.183404
-0.192384
-0.201804
-0.0353553
-0.0353553
-0.0353553
-0.0353553
-0.0353553
-0.0353553
-0.0353553
-0.0353553
-0.0353553
-0.0353553
-0.0353553
-0.0353553
-0.0353553
-0.0353553
-0.0353553
-0.0353553
-0.0353553
-0.0353553
-0.0353553
-0.0353553
)
;
    }
    outlet
    {
        type            calculated;
        value           nonuniform 0();
    }
    cylinder
    {
        type            calculated;
        value           uniform 0;
    }
    top
    {
        type            symmetryPlane;
        value           uniform 0;
    }
    bottom
    {
        type            symmetryPlane;
        value           nonuniform 0();
    }
    defaultFaces
    {
        type            empty;
        value           nonuniform 0();
    }
    procBoundary2to0
    {
        type            processor;
        value           nonuniform List<scalar> 
26
(
-0.000467154
-0.000977216
-0.00124531
0.00552445
0.00133642
0.00134913
0.00135171
0.0013536
0.00135611
0.00135927
0.00136235
0.000357963
0.00119242
0.00177954
0.00214174
0.00233791
0.00235098
0.0023268
0.00221585
0.00212291
0.00201085
0.00191361
0.00183958
0.00176598
0.0017176
0.00166029
)
;
    }
    procBoundary2to3
    {
        type            processor;
        value           nonuniform List<scalar> 
50
(
-0.000639271
6.23247e-05
-0.0004
0.000484794
0.00060506
0.0031811
0.00201365
0.0103022
0.00482828
0.0223748
0.0339943
0.0134099
0.0504269
0.0177537
0.0645407
0.0203957
0.075168
0.0820338
0.022868
0.0619147
0.0644043
0.0669129
0.0694781
0.072145
0.0749434
0.077893
0.0810031
0.0842738
0.0877058
0.0913027
0.0950702
0.0990136
0.10314
0.107457
-0.0132239
0.112748
0.117484
0.122441
0.127629
0.133064
0.138761
0.144741
0.151025
0.157639
0.164613
0.17198
0.179781
0.188061
0.196876
0.206284
)
;
    }
}


// ************************************************************************* //
