/*--------------------------------*- C++ -*----------------------------------*\
  =========                 |
  \\      /  F ield         | OpenFOAM: The Open Source CFD Toolbox
   \\    /   O peration     | Website:  https://openfoam.org
    \\  /    A nd           | Version:  7
     \\/     M anipulation  |
\*---------------------------------------------------------------------------*/
FoamFile
{
    version     2.0;
    format      ascii;
    class       volVectorField;
    location    "370";
    object      U;
}
// * * * * * * * * * * * * * * * * * * * * * * * * * * * * * * * * * * * * * //

dimensions      [0 1 -1 0 0 0 0];

internalField   nonuniform List<vector> 
2125
(
(-0.0167677 0.0122599 -7.10062e-20)
(-0.0158452 0.0110465 2.57208e-20)
(-0.00908041 0.0150716 2.78388e-20)
(-0.0141374 0.00946654 -1.74566e-20)
(0.00101362 0.0113182 -1.29374e-20)
(-0.0115559 0.00760501 3.66056e-20)
(0.0138679 0.00711045 -1.01835e-20)
(0.0902342 0.00476664 -6.06568e-21)
(-0.0079993 0.00554882 -1.34688e-20)
(0.0297409 0.00273174 -8.0188e-20)
(0.124238 0.00137737 8.34247e-21)
(0.275267 0.00484835 2.87457e-20)
(-0.00335555 0.00338702 -1.48097e-20)
(0.0488686 -0.00151442 2.84496e-20)
(0.1634 -0.00108345 3.71426e-20)
(0.337558 0.00732707 -2.66082e-20)
(0.559109 0.0280722 9.83023e-21)
(0.796163 0.0589704 -5.98001e-20)
(0.0024919 0.00121364 -1.91778e-20)
(0.0714421 -0.00530862 -6.50125e-21)
(0.207713 -0.00209579 -6.73666e-20)
(0.404992 0.0124381 -1.05324e-20)
(0.642991 0.0408513 -1.07698e-21)
(0.881165 0.0773871 3.60558e-21)
(1.0776 0.111546 6.07558e-21)
(0.00965522 -0.000868531 -5.02411e-21)
(0.0975846 -0.00831787 2.34133e-20)
(0.256964 -0.00115801 3.29513e-20)
(0.476436 0.0205937 2.05884e-20)
(0.726377 0.0566513 -6.06713e-21)
(0.959681 0.0975588 -5.0181e-21)
(1.13817 0.131874 4.91888e-20)
(1.25066 0.153601 6.46678e-21)
(0.0182321 -0.00274483 4.80728e-20)
(0.127329 -0.0101979 3.10198e-20)
(0.310712 0.00219085 -3.14278e-20)
(0.550459 0.0320324 -6.25e-21)
(0.807193 0.0752143 3.26276e-21)
(1.03043 0.119042 -1.18185e-20)
(1.1888 0.152263 -2.53167e-20)
(1.28031 0.171027 -4.13347e-21)
(1.32074 0.177696 2.81798e-22)
(1.33089 0.172913 9.89456e-21)
(0.0282959 -0.00428717 5.99346e-21)
(0.160598 -0.010598 -1.69462e-20)
(0.368286 0.00834715 4.01167e-20)
(0.62545 0.0468143 2.60643e-20)
(0.883662 0.0961842 8.10338e-22)
(1.09272 0.141445 1.83184e-20)
(1.23007 0.172515 2.67858e-21)
(1.3022 0.187876 -1.89765e-20)
(1.32897 0.19106 1.57486e-20)
(1.33135 0.184488 3.92623e-23)
(0.039887 -0.00535462 -3.97788e-20)
(0.197192 -0.00916933 -1.17006e-20)
(0.428803 0.0176186 -1.05413e-20)
(0.699761 0.064843 -1.83055e-20)
(0.954414 0.119172 4.32218e-21)
(1.14636 0.164446 8.71596e-23)
(1.26282 0.192513 1.3959e-20)
(1.31756 0.204201 -2.3121e-21)
(1.33305 0.204039 -1.62965e-20)
(1.32944 0.195858 -1.48339e-20)
(0.0530056 -0.00579608 3.2429e-21)
(0.236784 -0.00557873 1.8987e-20)
(0.491214 0.0302051 9.20117e-21)
(0.771844 0.0859045 -2.86268e-20)
(1.01851 0.143796 -1.40126e-21)
(1.19154 0.187793 -1.22028e-20)
(1.28799 0.212198 3.07724e-22)
(1.32749 0.220078 5.60655e-21)
(1.33385 0.216748 -6.10348e-21)
(1.32571 0.207114 1.68418e-20)
(0.0676069 -0.00545487 7.6515e-21)
(0.278917 0.000474918 -1.86252e-20)
(0.554365 0.0461895 -4.38973e-20)
(0.840344 0.109707 4.03457e-20)
(1.07539 0.169705 -2.99101e-21)
(1.22868 0.21129 8.82859e-21)
(1.30651 0.231552 -1.18739e-21)
(1.33294 0.235588 8.29663e-21)
(1.33205 0.229279 -6.55755e-22)
(1.32053 0.218312 -1.30306e-20)
(0.0835977 -0.00417463 -1.56128e-20)
(0.323017 0.00924254 2.42905e-20)
(0.61707 0.0655393 1.99902e-20)
(0.904163 0.135917 -2.8807e-20)
(1.12484 0.196582 -4.76754e-21)
(1.25835 0.234794 1.80681e-21)
(1.31925 0.250577 1.79229e-20)
(1.33468 0.250802 8.63491e-22)
(1.32815 0.2417 3.36563e-21)
(1.31414 0.229479 -7.22841e-21)
(0.100836 -0.00180618 1.18471e-20)
(0.368413 0.0209083 -1.06294e-20)
(0.678172 0.0881184 -9.06069e-21)
(0.962467 0.164179 1.54678e-20)
(1.16686 0.224147 5.31297e-21)
(1.28116 0.258191 3.9863e-21)
(1.327 0.269289 -1.82688e-20)
(1.33335 0.26578 -6.15351e-21)
(1.3225 0.254052 -5.42684e-21)
(1.30671 0.240617 2.38228e-21)
(0.119132 0.00178521 -5.93717e-21)
(0.414365 0.035577 -1.34122e-22)
(0.736607 0.113703 1.7152e-20)
(1.01467 0.194135 -6.26516e-21)
(1.20165 0.252151 -2.76611e-21)
(1.29777 0.281394 -1.81069e-21)
(1.33044 0.287697 4.41459e-21)
(1.32941 0.280559 7.51944e-21)
(1.31536 0.266351 -2.4158e-22)
(1.29833 0.251708 2.65217e-21)
(0.138254 0.00671271 4.1874e-21)
(0.460089 0.0532668 -1.17399e-21)
(0.79144 0.142002 -3.07733e-21)
(1.06042 0.225428 -2.78124e-21)
(1.2295 0.280372 2.48893e-21)
(1.30879 0.304327 1.92157e-21)
(1.33014 0.305807 -1.76225e-21)
(1.32325 0.295154 6.23271e-22)
(1.3069 0.278586 8.63899e-22)
(1.28905 0.262714 -1.12725e-21)
(0.157931 0.0130613 2.2632e-21)
(0.504796 0.0739079 6.42562e-22)
(0.841887 0.17267 -3.83326e-21)
(1.09953 0.25771 -3.04479e-21)
(1.2508 0.308604 3.15477e-21)
(1.31477 0.326921 6.14588e-22)
(1.32657 0.323607 -1.39377e-21)
(1.31513 0.309558 1.29987e-21)
(1.29721 0.290725 7.0968e-22)
(1.27891 0.273587 -7.94429e-22)
(0.177865 0.0208823 -8.83051e-22)
(0.547721 0.0973455 1.79348e-21)
(0.887324 0.205327 1.18333e-20)
(1.13197 0.290642 -5.2367e-21)
(1.26594 0.336659 -2.53757e-21)
(1.31623 0.349101 -2.82341e-21)
(1.32012 0.341071 5.72538e-21)
(1.30526 0.323742 3.76597e-21)
(1.28638 0.302716 2.95019e-21)
(1.26793 0.284266 1.55926e-21)
(0.197735 0.0301897 1.8181e-20)
(0.588146 0.123348 -9.95554e-21)
(0.927279 0.239565 -1.12797e-20)
(1.15782 0.323895 1.52605e-20)
(1.27533 0.364353 7.95186e-21)
(1.3136 0.37079 -5.16611e-22)
(1.31108 0.358153 -9.51715e-21)
(1.29378 0.337653 -6.77443e-21)
(1.27446 0.314486 -6.85371e-21)
(1.25613 0.294685 3.97136e-21)
(0.217212 0.0409576 -2.4604e-20)
(0.625428 0.151615 2.30514e-20)
(0.961426 0.274962 2.64265e-20)
(1.17723 0.357147 -2.58702e-20)
(1.27939 0.391512 -8.86319e-21)
(1.30728 0.3919 5.58471e-21)
(1.2997 0.374791 9.9782e-21)
(1.28078 0.351221 1.52159e-21)
(1.26145 0.325946 -2.21738e-22)
(1.24351 0.304768 -5.31604e-21)
(0.235965 0.0531199 -3.54791e-21)
(0.659006 0.181791 -3.24515e-20)
(0.989565 0.311088 -3.46033e-20)
(1.19042 0.390089 3.84782e-20)
(1.27849 0.417959 -4.33903e-21)
(1.29759 0.412335 7.75255e-21)
(1.28616 0.390909 1.46114e-21)
(1.26634 0.364362 -4.17005e-21)
(1.24737 0.336996 2.22817e-21)
(1.23 0.314438 -2.3752e-22)
(0.253673 0.0665717 7.19689e-21)
(0.688418 0.213476 2.01153e-20)
(1.01161 0.347511 1.13482e-20)
(1.19767 0.422419 -8.92697e-21)
(1.27301 0.44352 -1.36283e-20)
(1.28483 0.431988 -1.24682e-20)
(1.27063 0.406419 -2.45447e-21)
(1.25051 0.37699 6.29118e-21)
(1.23219 0.347562 -1.31956e-21)
(1.21541 0.323611 2.9383e-21)
(0.270032 0.0811723 -2.72105e-20)
(0.713299 0.246235 -2.52646e-20)
(1.02757 0.3838 -3.9601e-21)
(1.19926 0.453845 -4.48094e-21)
(1.2633 0.468022 -9.94853e-21)
(1.26924 0.450741 5.95067e-21)
(1.25324 0.421217 -1.08615e-21)
(1.23336 0.389022 -5.46756e-21)
(1.21593 0.357635 4.92518e-21)
(1.19964 0.332187 -6.65331e-21)
(0.284765 0.0967483 6.51183e-21)
(0.733388 0.279613 2.13938e-20)
(1.03754 0.419534 1.84346e-20)
(1.19551 0.484086 1.98711e-20)
(1.24968 0.491289 4.71513e-22)
(1.25106 0.468468 1.66478e-20)
(1.2341 0.435184 9.65071e-22)
(1.21494 0.400345 -1.8425e-20)
(1.19867 0.367223 1.27723e-20)
(1.1831 0.340099 4.5962e-21)
(0.297626 0.113098 1.76318e-20)
(0.748522 0.313148 3.91565e-20)
(1.04166 0.454301 -5.17588e-21)
(1.18674 0.512871 -2.49662e-20)
(1.23247 0.513147 1.11243e-20)
(1.23048 0.485037 -1.13015e-20)
(1.21332 0.448197 -1.44491e-20)
(1.19532 0.41082 -9.38307e-22)
(1.18036 0.376086 -1.02321e-20)
(1.16603 0.347371 3.75776e-21)
(0.308411 0.129997 8.21114e-21)
(0.758626 0.346379 5.9713e-21)
(1.04015 0.487708 4.82004e-20)
(1.17329 0.539936 8.83649e-21)
(1.21196 0.533424 -7.55895e-21)
(1.20769 0.50031 -3.83002e-21)
(1.19102 0.460129 2.17112e-20)
(1.17454 0.420379 1.71866e-20)
(1.161 0.384079 8.19992e-21)
(1.14829 0.353849 -9.83773e-22)
(0.316954 0.147203 1.6879e-21)
(0.763706 0.378851 -3.99206e-20)
(1.03326 0.519379 -5.65539e-20)
(1.1555 0.565034 1.59955e-21)
(1.18842 0.551948 1.05526e-20)
(1.18289 0.51414 -1.44213e-20)
(1.16733 0.470852 -3.10809e-20)
(1.15265 0.428903 -8.84148e-21)
(1.14074 0.391114 -4.92477e-22)
(1.12986 0.359422 3.14565e-21)
(0.323137 0.164466 -1.41811e-20)
(0.763845 0.410128 3.54914e-20)
(1.02132 0.548965 3.38343e-20)
(1.13373 0.587931 -3.049e-20)
(1.16212 0.568542 4.69535e-21)
(1.15626 0.526386 3.34741e-20)
(1.14231 0.480241 -6.58454e-21)
(1.12971 0.43628 5.58597e-21)
(1.11963 0.397092 -2.06453e-21)
(1.11076 0.364007 -2.54404e-21)
(0.326881 0.181528 -3.17108e-20)
(0.759203 0.439788 -5.60136e-20)
(1.0047 0.57615 -1.08819e-20)
(1.1083 0.60841 1.75897e-20)
(1.13332 0.583041 1.64284e-20)
(1.12796 0.536896 -3.28542e-20)
(1.1161 0.48817 1.67995e-20)
(1.10582 0.442399 -7.42442e-21)
(1.09774 0.40192 5.08997e-21)
(1.09107 0.367537 4.75098e-22)
(0.328161 0.19813 2.42296e-20)
(0.750018 0.467423 1.85384e-21)
(0.983744 0.600647 -5.34723e-21)
(1.07946 0.626244 -2.11952e-20)
(1.1023 0.595295 1.27853e-20)
(1.09819 0.545527 3.20742e-21)
(1.08881 0.494517 -8.47737e-21)
(1.08107 0.447156 2.27903e-21)
(1.07514 0.405501 -6.66305e-22)
(1.07086 0.369935 -8.05693e-22)
(0.327013 0.214026 -6.48472e-21)
(0.736599 0.492684 -8.78029e-21)
(0.958635 0.62213 2.26783e-20)
(1.04761 0.641271 1.03844e-20)
(1.06938 0.605123 -1.36239e-20)
(1.06711 0.552169 1.669e-20)
(1.06059 0.499175 1.70578e-21)
(1.05557 0.450454 2.46968e-21)
(1.05193 0.407737 3.42693e-21)
(1.05022 0.371112 6.13672e-22)
(0.323519 0.228966 4.17123e-20)
(0.71925 0.515376 3.20573e-20)
(0.929589 0.640247 -2.6642e-21)
(1.01323 0.653288 -4.47247e-21)
(1.03479 0.612411 -5.31564e-21)
(1.03494 0.5567 -2.3875e-21)
(1.03157 0.502041 2.41844e-21)
(1.02944 0.45221 8.16225e-22)
(1.02819 0.408535 -2.84334e-21)
(1.02922 0.370972 -4.72106e-21)
(0.317752 0.242621 2.83683e-21)
(0.698119 0.535203 5.18312e-21)
(0.897293 0.655006 -2.79176e-20)
(0.976727 0.66206 1.18045e-20)
(0.998822 0.617051 1.44178e-21)
(1.00185 0.559019 -2.4759e-21)
(1.0019 0.503025 1.27997e-21)
(1.00278 0.452347 1.15102e-21)
(1.00404 0.407826 -4.35781e-21)
(1.00807 0.369463 5.84604e-21)
(0.309715 0.254707 -1.58651e-20)
(0.673451 0.551672 -1.10302e-20)
(0.862324 0.666226 8.06247e-21)
(0.938394 0.667536 1.19169e-21)
(0.961717 0.618941 -4.85027e-21)
(0.968046 0.559029 3.15648e-21)
(0.971719 0.502035 2.75079e-21)
(0.975699 0.450779 -1.10756e-20)
(0.979741 0.405546 2.53842e-20)
(0.987384 0.366614 9.93532e-21)
(0.299633 0.265007 -1.16541e-20)
(0.645724 0.564491 2.66732e-20)
(0.825006 0.673691 -1.59521e-20)
(0.898565 0.669642 -2.93262e-21)
(0.923741 0.617996 -1.1672e-21)
(0.93371 0.556651 -2.67686e-21)
(0.94114 0.498988 -9.25235e-21)
(0.948319 0.447374 4.86347e-21)
(0.955689 0.401514 -1.50793e-21)
(0.967832 0.362475 -4.67836e-21)
(0.287759 0.273507 -1.44117e-21)
(0.615387 0.573558 -8.07543e-21)
(0.785749 0.67721 3.07938e-21)
(0.857586 0.668298 -7.60444e-22)
(0.885161 0.614157 6.38811e-21)
(0.899029 0.551833 5.38441e-21)
(0.910291 0.493836 1.70773e-20)
(0.920835 0.442031 -1.2527e-20)
(0.932239 0.39537 -2.3836e-20)
(0.948717 0.356432 9.89235e-21)
(0.274219 0.280007 -1.23106e-21)
(0.582896 0.578742 -2.78825e-21)
(0.744978 0.676679 1.07911e-21)
(0.815811 0.663443 8.46368e-21)
(0.846242 0.60738 -1.35487e-20)
(0.8642 0.544544 -2.12991e-20)
(0.879359 0.486574 -6.46114e-21)
(0.893511 0.434862 -1.36078e-21)
(0.909393 0.387288 3.11675e-20)
(0.92731 0.344848 -7.07168e-21)
(0.25923 0.28436 2.58443e-21)
(0.54869 0.579938 -3.81338e-21)
(0.703121 0.672045 -1.01199e-22)
(0.773588 0.655041 6.08466e-22)
(0.807252 0.59764 -8.85509e-21)
(0.829441 0.534756 3.99006e-20)
(0.848596 0.47717 -2.74879e-20)
(0.866557 0.425942 3.2873e-20)
(0.886123 0.379082 -2.31624e-20)
(0.903909 0.338053 -3.0455e-20)
(0.243036 0.286456 -1.94713e-21)
(0.513202 0.577071 -3.56783e-22)
(0.660604 0.663288 1.85274e-22)
(0.731265 0.643083 1.40701e-20)
(0.768458 0.584927 -5.49457e-21)
(0.794977 0.52245 8.42941e-21)
(0.818209 0.465575 1.62304e-20)
(0.839997 0.415011 -8.55886e-21)
(0.862755 0.368699 -2.17318e-20)
(0.881611 0.327969 3.0233e-20)
(0.225891 0.286214 1.18009e-20)
(0.476864 0.570103 1.57733e-20)
(0.617846 0.650421 -1.48747e-20)
(0.689182 0.627589 -1.32855e-20)
(0.730125 0.569257 4.52738e-20)
(0.761029 0.507639 -4.58592e-20)
(0.788348 0.451833 5.46304e-20)
(0.813859 0.402285 -1.37943e-20)
(0.839536 0.357059 1.47692e-20)
(0.860106 0.317487 2.72032e-20)
(0.208055 0.283583 -4.53798e-21)
(0.440103 0.559035 -1.51005e-20)
(0.575259 0.633486 -8.6031e-21)
(0.647675 0.608601 -4.95177e-21)
(0.692519 0.550662 5.13851e-21)
(0.727814 0.490345 -1.16707e-20)
(0.759186 0.435952 -1.6385e-20)
(0.788301 0.387703 -3.52133e-20)
(0.81678 0.34381 3.48571e-20)
(0.839446 0.305597 -1.14099e-20)
(0.18979 0.278538 2.71262e-20)
(0.403343 0.543907 -3.11267e-21)
(0.533241 0.612557 -1.20424e-20)
(0.607068 0.58619 1.57563e-20)
(0.655899 0.529197 -2.83595e-20)
(0.695545 0.470614 7.51319e-20)
(0.73089 0.417978 -3.99838e-20)
(0.76349 0.371343 3.61854e-20)
(0.794708 0.329088 -6.65181e-20)
(0.819667 0.292426 -1.76e-20)
(0.171356 0.271086 -8.94585e-21)
(0.366995 0.524793 2.87422e-20)
(0.492179 0.587735 6.87939e-21)
(0.567674 0.560446 -1.45069e-20)
(0.620516 0.504937 -2.49619e-20)
(0.664428 0.448505 -1.06761e-21)
(0.703633 0.397964 1.33454e-20)
(0.739589 0.353238 -3.24537e-20)
(0.773474 0.312876 1.60906e-20)
(0.800817 0.277916 2.15429e-21)
(0.153013 0.261259 -4.66714e-20)
(0.331459 0.501805 -1.15372e-20)
(0.452441 0.559152 -3.12149e-21)
(0.529797 0.531488 3.71554e-20)
(0.586613 0.477976 -3.4406e-20)
(0.634663 0.424097 -9.04397e-21)
(0.677586 0.375977 -5.4268e-21)
(0.716757 0.333449 1.0136e-20)
(0.753219 0.295215 -1.26623e-20)
(0.782967 0.262102 -1.97999e-20)
(0.135012 0.249114 4.09242e-20)
(0.297118 0.475085 -2.31817e-20)
(0.414383 0.526967 1.20234e-21)
(0.493723 0.499454 -5.62067e-20)
(0.554422 0.448429 6.08913e-20)
(0.606443 0.397487 -1.92519e-20)
(0.652915 0.3521 1.1545e-20)
(0.695141 0.312041 9.9914e-21)
(0.734065 0.27615 2.90026e-20)
(0.766194 0.245032 -1.18128e-20)
(0.117596 0.234736 -1.67016e-20)
(0.264336 0.444809 4.79983e-20)
(0.378337 0.491363 2.70167e-20)
(0.459725 0.464503 4.40376e-20)
(0.524165 0.416429 -1.02417e-20)
(0.579955 0.368785 4.09599e-21)
(0.629777 0.326429 3.29749e-20)
(0.674879 0.289095 7.2992e-21)
(0.71613 0.255746 7.00928e-22)
(0.750573 0.226775 -1.40696e-20)
(0.100999 0.218233 -3.79459e-20)
(0.233456 0.411182 -2.83086e-21)
(0.344616 0.452551 -1.57813e-20)
(0.428058 0.426818 -7.06345e-20)
(0.496051 0.382127 -6.81743e-20)
(0.555372 0.338119 1.14098e-20)
(0.608322 0.299072 -2.79996e-20)
(0.656102 0.264701 1.7771e-20)
(0.699524 0.234079 9.66654e-21)
(0.736182 0.207409 2.03335e-20)
(0.0854385 0.199734 5.54059e-20)
(0.204798 0.374434 -4.53053e-20)
(0.313512 0.410763 -2.2952e-20)
(0.398961 0.386599 4.08117e-20)
(0.470272 0.345689 4.62728e-20)
(0.532859 0.305632 -1.52584e-20)
(0.588691 0.270153 -1.92824e-21)
(0.638929 0.238962 -5.53999e-20)
(0.68435 0.211238 -3.13352e-20)
(0.723093 0.187023 1.1922e-20)
(0.071118 0.17939 -3.1467e-20)
(0.178655 0.334824 1.32678e-20)
(0.285289 0.366253 4.86218e-20)
(0.37265 0.344062 -2.16856e-20)
(0.447009 0.307299 1.65099e-21)
(0.512566 0.271479 6.15024e-20)
(0.571013 0.239804 2.87727e-21)
(0.623473 0.211993 5.28982e-20)
(0.670706 0.187323 2.20594e-20)
(0.711375 0.165713 -3.50479e-20)
(0.0582233 0.15737 4.33235e-20)
(0.155293 0.292631 4.74156e-21)
(0.260189 0.319293 3.11714e-21)
(0.349323 0.299442 4.42497e-20)
(0.426423 0.267153 -5.94595e-21)
(0.49463 0.235827 -3.85396e-20)
(0.555404 0.208169 1.88563e-20)
(0.609837 0.183918 -3.00993e-20)
(0.658679 0.162443 -1.26162e-20)
(0.701089 0.143579 1.27288e-20)
(0.0469208 0.133863 -2.70338e-20)
(0.134949 0.248156 -5.18024e-20)
(0.238425 0.270176 1.19198e-20)
(0.329155 0.252989 -2.33597e-20)
(0.408658 0.225461 -1.4151e-20)
(0.479174 0.198856 3.41699e-20)
(0.54197 0.175404 -8.27046e-21)
(0.598112 0.154869 7.67689e-21)
(0.648351 0.136716 -9.30081e-21)
(0.692291 0.12073 1.84082e-20)
(0.0373565 0.109067 9.71998e-21)
(0.11783 0.201717 3.48133e-20)
(0.220182 0.219205 -4.8265e-20)
(0.312299 0.204963 2.28397e-20)
(0.393842 0.182445 -1.03951e-20)
(0.466305 0.160756 -2.92348e-20)
(0.530802 0.141672 2.38195e-20)
(0.588379 0.124988 5.01621e-21)
(0.639791 0.110265 -7.75009e-22)
(0.68503 0.0972749 -2.13988e-20)
(0.0296544 0.0831996 3.16248e-21)
(0.104109 0.153649 1.11533e-20)
(0.205619 0.166701 4.35852e-20)
(0.298884 0.155637 -8.33431e-21)
(0.382081 0.138334 -6.56442e-21)
(0.456113 0.121723 2.44267e-21)
(0.521979 0.107142 1.03008e-21)
(0.580706 0.0944217 8.87881e-21)
(0.63306 0.0832196 -1.16443e-20)
(0.679348 0.0733271 -7.40849e-21)
(0.0239155 0.056484 -7.92963e-21)
(0.0939292 0.104297 -1.35791e-20)
(0.194863 0.112993 -3.37812e-20)
(0.289014 0.105293 1.6987e-20)
(0.373461 0.0933684 1.38625e-20)
(0.448673 0.0819635 5.87328e-22)
(0.515563 0.0719905 -2.31385e-20)
(0.575149 0.063323 -1.02455e-20)
(0.628207 0.0557145 8.14875e-21)
(0.675278 0.0489994 8.69755e-21)
(0.0202169 0.029154 1.37018e-21)
(0.087398 0.0540187 -2.82373e-21)
(0.188009 0.0584196 6.42291e-21)
(0.28277 0.0542207 -4.3509e-21)
(0.368049 0.0477926 -3.80868e-21)
(0.44404 0.0416867 -2.58554e-21)
(0.511603 0.0363999 4.74882e-21)
(0.57175 0.0318491 1.80749e-20)
(0.625268 0.0278868 2.62525e-21)
(0.672842 0.0244049 -4.64862e-21)
(0.280205 0.00271384 -3.66467e-21)
(0.365889 0.00185642 3.48758e-21)
(0.442253 0.00110741 1.57294e-21)
(0.510132 0.000555043 -1.56753e-21)
(0.570539 0.000161687 -7.12697e-21)
(0.624267 -0.000118002 2.34456e-21)
(0.672048 -0.000312769 -2.19203e-21)
(1.27461 0.247342 -1.26379e-22)
(1.28378 0.238427 -1.2599e-21)
(1.29229 0.229358 -2.49217e-22)
(1.30011 0.220168 -7.99155e-22)
(1.3072 0.210882 4.43026e-21)
(1.31349 0.201517 -4.19482e-21)
(1.31888 0.192074 2.66606e-21)
(1.3232 0.182537 1.08576e-20)
(1.26234 0.235625 -2.84449e-23)
(1.27134 0.227795 1.07793e-21)
(1.27981 0.219833 9.4578e-22)
(1.28774 0.211764 -4.63895e-21)
(1.29511 0.203609 1.52421e-21)
(1.30189 0.195386 -9.42682e-22)
(1.30803 0.187107 2.63089e-21)
(1.31344 0.178776 -5.12596e-21)
(1.25065 0.223732 3.34909e-22)
(1.25914 0.216845 7.64864e-22)
(1.26726 0.209857 4.47196e-22)
(1.27501 0.202791 2.27204e-21)
(1.28237 0.195665 3.01322e-21)
(1.28933 0.188499 4.40284e-21)
(1.29587 0.181305 -1.25048e-22)
(1.30193 0.174099 8.38301e-22)
(1.24013 0.21209 -1.09906e-22)
(1.24801 0.206001 -1.30525e-21)
(1.25563 0.199845 -1.21059e-21)
(1.26298 0.193643 8.91022e-22)
(1.27007 0.187409 -3.3961e-21)
(1.27691 0.181158 -7.9279e-21)
(1.28349 0.174902 3.50855e-21)
(1.28979 0.168654 4.25736e-22)
(1.23068 0.200816 1.40006e-23)
(1.23799 0.195417 6.42969e-22)
(1.24509 0.189966 1.63668e-21)
(1.25198 0.184481 6.17385e-22)
(1.25869 0.178974 -1.27997e-22)
(1.26522 0.173461 1.92989e-21)
(1.27159 0.167948 1.46154e-21)
(1.27779 0.162447 -1.68309e-21)
(1.222 0.189858 7.64528e-25)
(1.22881 0.185059 6.67746e-22)
(1.23543 0.180214 -1.16642e-21)
(1.2419 0.175336 -9.05889e-22)
(1.24821 0.170438 5.81529e-22)
(1.25438 0.16553 1.27389e-21)
(1.26043 0.160622 -2.25864e-21)
(1.26636 0.155721 -1.07519e-21)
(1.21386 0.179148 6.23787e-23)
(1.22021 0.174874 -6.9422e-22)
(1.22642 0.170559 1.04167e-21)
(1.23248 0.166212 6.58539e-22)
(1.23843 0.161845 1.30362e-21)
(1.24426 0.157465 -5.50339e-22)
(1.24999 0.153082 -3.63693e-21)
(1.25562 0.148704 2.44097e-21)
(1.20615 0.168702 -1.48172e-22)
(1.21207 0.16488 -3.00594e-22)
(1.21788 0.161024 -3.40613e-22)
(1.22358 0.157141 -3.98534e-22)
(1.22919 0.153238 2.22964e-22)
(1.2347 0.149324 1.46777e-21)
(1.24014 0.145407 3.98248e-21)
(1.2455 0.141491 8.3102e-22)
(1.19872 0.158477 7.0305e-23)
(1.20425 0.155056 -1.48763e-23)
(1.2097 0.151605 -1.35212e-22)
(1.21506 0.148129 -6.47202e-22)
(1.22035 0.144636 -1.15178e-21)
(1.22556 0.14113 -1.53838e-21)
(1.23072 0.137618 -1.0404e-21)
(1.23582 0.134105 -1.50795e-21)
(1.19161 0.148455 4.29763e-23)
(1.19676 0.145392 5.3656e-22)
(1.20185 0.1423 4.62568e-23)
(1.20688 0.139184 4.64462e-22)
(1.21185 0.13605 3.00718e-23)
(1.21677 0.132901 -2.13999e-21)
(1.22164 0.129744 -1.4625e-22)
(1.22648 0.12658 1.27241e-21)
(1.1847 0.138726 -1.04517e-22)
(1.1895 0.135965 1.34036e-22)
(1.19424 0.133178 -1.51178e-22)
(1.19894 0.130369 -3.02556e-22)
(1.20361 0.127541 -4.44513e-22)
(1.20823 0.1247 1.43992e-21)
(1.21283 0.121848 6.92345e-22)
(1.2174 0.118989 -1.19042e-21)
(1.17797 0.12923 3.32758e-23)
(1.18242 0.126736 -4.40013e-22)
(1.18684 0.124218 2.42292e-22)
(1.19123 0.121679 1.76452e-23)
(1.19559 0.119123 4.88675e-22)
(1.19993 0.116551 -5.0649e-22)
(1.20425 0.113967 6.78655e-22)
(1.20855 0.111375 9.24758e-22)
(1.17139 0.119991 2.02559e-23)
(1.17552 0.117734 1.78488e-22)
(1.17962 0.115454 -4.27053e-22)
(1.18371 0.113152 -7.61619e-23)
(1.18777 0.110833 -4.96215e-22)
(1.19183 0.108497 5.59657e-22)
(1.19587 0.106148 -2.14527e-21)
(1.1999 0.103788 -1.3061e-21)
(1.16494 0.11104 -4.87625e-23)
(1.16876 0.108987 5.49591e-23)
(1.17257 0.106913 3.45569e-22)
(1.17636 0.104819 -1.89793e-22)
(1.18013 0.102706 8.01297e-22)
(1.18391 0.100577 -2.8556e-22)
(1.18767 0.0984339 4.24085e-22)
(1.19143 0.0962776 7.40741e-22)
(1.15858 0.102346 4.65912e-23)
(1.16212 0.100479 -1.77681e-23)
(1.16564 0.0985914 -2.7262e-22)
(1.16915 0.096684 6.43744e-22)
(1.17265 0.0947579 -3.82755e-22)
(1.17615 0.0928146 3.36818e-22)
(1.17964 0.0908552 3.52755e-22)
(1.18314 0.0888812 1.45913e-22)
(1.15237 0.0939175 2.33587e-23)
(1.15563 0.092223 4.34658e-23)
(1.15887 0.090507 1.28521e-22)
(1.16211 0.0887704 -4.60819e-22)
(1.16534 0.0870143 -3.07419e-22)
(1.16857 0.0852395 6.25675e-23)
(1.1718 0.0834472 -3.12245e-22)
(1.17503 0.0816383 3.46747e-22)
(1.17826 0.0798139 -1.43076e-21)
(1.14627 0.0857997 -3.4755e-23)
(1.14926 0.0842566 -1.01601e-23)
(1.15224 0.0826926 -1.09995e-24)
(1.15522 0.0811085 3.21123e-22)
(1.15819 0.0795049 2.20136e-22)
(1.16116 0.0778823 -1.39735e-22)
(1.16414 0.0762414 -2.81713e-22)
(1.16711 0.0745828 4.77265e-23)
(1.17008 0.0729072 2.17291e-22)
(1.14029 0.0779659 2.29949e-23)
(1.14303 0.0765638 -4.29524e-24)
(1.14576 0.0751415 9.73604e-23)
(1.14849 0.0736993 -1.05002e-22)
(1.15122 0.0722376 -2.55502e-23)
(1.15395 0.0707568 2.97757e-22)
(1.15667 0.069257 1.25817e-22)
(1.15939 0.0677386 -4.13776e-22)
(1.16212 0.0662021 -1.76036e-22)
(1.13444 0.0704282 -2.28098e-23)
(1.13695 0.0691576 -2.95771e-23)
(1.13945 0.0678674 -2.37108e-23)
(1.14195 0.0665578 -1.64045e-23)
(1.14444 0.0652289 -1.75612e-22)
(1.14693 0.0638808 1.93593e-22)
(1.14942 0.0625137 -1.39223e-22)
(1.1519 0.0611275 -3.28531e-22)
(1.15438 0.0597226 4.9323e-22)
(1.12876 0.0631831 -9.8395e-24)
(1.13105 0.0620365 2.79607e-23)
(1.13334 0.0608711 -1.0928e-23)
(1.13562 0.0596869 -3.91426e-23)
(1.13789 0.058484 4.53888e-23)
(1.14016 0.0572623 -1.24746e-22)
(1.14242 0.0560217 2.24662e-22)
(1.14467 0.0547622 2.1426e-22)
(1.14692 0.0534835 -3.14798e-23)
(1.12327 0.056225 1.31523e-23)
(1.12536 0.0551969 -1.57349e-23)
(1.12744 0.0541509 -1.02461e-23)
(1.12952 0.0530871 -4.23688e-23)
(1.13159 0.0520054 1.57231e-23)
(1.13365 0.0509055 4.46732e-23)
(1.1357 0.0497872 -2.33213e-23)
(1.13774 0.0486503 -2.44968e-22)
(1.13977 0.0474946 1.71422e-22)
(1.11801 0.049549 3.81918e-25)
(1.11992 0.0486342 -1.11104e-23)
(1.12182 0.0477031 -1.95049e-23)
(1.12371 0.0467554 1.28743e-23)
(1.12558 0.0457909 5.94188e-23)
(1.12745 0.0448091 -6.37406e-23)
(1.1293 0.0438098 -1.4161e-22)
(1.13115 0.0427928 1.67381e-22)
(1.13298 0.0417576 -2.62394e-22)
(1.11302 0.0431337 -9.2359e-25)
(1.11477 0.0423297 -1.75749e-24)
(1.1165 0.0415108 1.86658e-23)
(1.11822 0.0406768 -3.30299e-24)
(1.11992 0.0398271 -4.8135e-23)
(1.12161 0.0389614 7.20177e-23)
(1.12329 0.0380795 -9.41643e-23)
(1.12495 0.037181 -6.11266e-23)
(1.1266 0.0362654 2.03554e-22)
(1.10838 0.0369595 -1.5297e-24)
(1.10998 0.0362648 5.7886e-24)
(1.11156 0.0355566 9.33049e-24)
(1.11312 0.0348346 -9.53473e-24)
(1.11467 0.0340984 -2.88745e-25)
(1.1162 0.0333478 -5.91477e-23)
(1.11772 0.0325823 -6.65113e-24)
(1.11921 0.0318015 7.60151e-23)
(1.12069 0.031005 -1.27753e-22)
(1.10414 0.0310063 3.92048e-25)
(1.1056 0.0304185 -3.95895e-25)
(1.10705 0.0298189 7.36321e-25)
(1.10848 0.0292072 7.65653e-24)
(1.10989 0.0285832 4.01683e-23)
(1.11128 0.0279465 -3.11099e-23)
(1.11265 0.0272966 2.27055e-23)
(1.114 0.0266331 2.83181e-24)
(1.11532 0.0259557 -7.01531e-23)
(1.10036 0.0252332 -6.9484e-25)
(1.10171 0.0247513 1.43596e-24)
(1.10304 0.0242596 9.11508e-25)
(1.10436 0.0237578 -5.68617e-24)
(1.10565 0.0232455 -7.06806e-25)
(1.10692 0.0227223 1.01316e-23)
(1.10816 0.022188 2.72441e-23)
(1.10938 0.0216421 1.20511e-23)
(1.11058 0.0210842 -2.17867e-24)
(1.09714 0.0195996 -1.9292e-24)
(1.09839 0.0192236 9.05934e-25)
(1.09963 0.0188398 1.93007e-25)
(1.10084 0.018448 5.83625e-25)
(1.10203 0.0180477 -5.32287e-24)
(1.1032 0.0176388 7.18872e-24)
(1.10434 0.0172208 9.94175e-24)
(1.10546 0.0167933 -2.68611e-23)
(1.10655 0.0163561 -2.53548e-23)
(1.09455 0.0140357 -4.23912e-25)
(1.09573 0.0137655 5.02473e-24)
(1.09689 0.0134897 -1.53207e-24)
(1.09803 0.013208 3.69263e-24)
(1.09914 0.0129203 -3.63768e-24)
(1.10023 0.0126262 -2.03524e-24)
(1.10129 0.0123254 3.61881e-24)
(1.10232 0.0120177 -2.50976e-23)
(1.10333 0.0117027 4.14865e-23)
(1.0927 0.00850229 -3.26728e-26)
(1.09383 0.00833955 -1.26034e-24)
(1.09494 0.00817322 -1.06565e-24)
(1.09602 0.00800312 3.31464e-24)
(1.09707 0.00782907 -4.10904e-24)
(1.0981 0.00765088 6.92707e-25)
(1.09911 0.00746835 3.83403e-24)
(1.10008 0.00728129 7.30994e-25)
(1.10103 0.00708948 -7.19974e-24)
(1.09172 0.00282436 -2.18074e-25)
(1.09282 0.00277327 5.10395e-24)
(1.09389 0.00272133 -9.45196e-24)
(1.09493 0.00266839 -3.95286e-24)
(1.09595 0.00261431 5.41091e-24)
(1.09695 0.00255891 1.18223e-24)
(1.09792 0.00250204 2.30871e-24)
(1.09886 0.00244355 3.45416e-25)
(1.09977 0.00238326 -2.77234e-24)
(0.96969 0.329134 2.22904e-21)
(0.989056 0.329221 -1.65966e-21)
(1.00688 0.330103 5.125e-21)
(1.02464 0.330779 -1.06625e-21)
(1.04298 0.330869 7.33671e-23)
(1.06124 0.330405 -1.06293e-22)
(1.07906 0.329338 2.80414e-22)
(1.09647 0.327575 -1.05878e-22)
(1.1135 0.325082 6.6364e-23)
(1.13009 0.321873 -2.06878e-21)
(1.14619 0.31797 -1.7059e-21)
(1.16177 0.313411 1.79131e-21)
(1.17683 0.308209 -4.20375e-21)
(1.19133 0.302364 -1.17245e-21)
(1.20539 0.295656 2.20393e-21)
(1.21881 0.288387 -2.95482e-21)
(1.23136 0.280756 5.17095e-22)
(1.24315 0.272811 2.03654e-22)
(1.25428 0.264571 1.12359e-21)
(1.26477 0.256069 1.87244e-22)
(0.98337 0.313558 -3.562e-21)
(1.00245 0.313388 2.60063e-21)
(1.01998 0.313951 -6.24595e-21)
(1.03588 0.314438 -5.08948e-21)
(1.05206 0.314227 -4.66933e-22)
(1.06839 0.313336 3.65478e-22)
(1.08431 0.311852 -2.77483e-22)
(1.09981 0.309744 3.57718e-22)
(1.11498 0.306988 -1.26707e-21)
(1.1298 0.303614 1.25958e-21)
(1.14424 0.299663 -3.27721e-22)
(1.15824 0.295168 -1.93791e-21)
(1.17183 0.290144 1.63418e-21)
(1.18475 0.2846 -1.14664e-21)
(1.19722 0.278492 3.08536e-22)
(1.20946 0.271966 -7.29202e-22)
(1.22116 0.265144 3.05698e-21)
(1.23225 0.25808 -6.05235e-22)
(1.24279 0.250793 -9.46112e-22)
(1.25283 0.243299 8.73002e-24)
(0.997448 0.296542 -1.84522e-21)
(1.01527 0.296842 -3.8224e-21)
(1.03224 0.297155 1.56642e-21)
(1.04681 0.297258 3.82801e-21)
(1.06118 0.296705 -8.70388e-22)
(1.07587 0.295445 1.98523e-23)
(1.0903 0.293626 -2.53687e-22)
(1.10425 0.291293 3.28704e-22)
(1.11784 0.288432 1.67601e-21)
(1.1311 0.285053 -1.11515e-22)
(1.14399 0.281195 2.27815e-21)
(1.15647 0.276878 -3.42767e-22)
(1.16853 0.27214 -3.97524e-22)
(1.18006 0.266975 1.57491e-22)
(1.19125 0.261555 -2.66414e-21)
(1.20227 0.255812 -1.71598e-21)
(1.21283 0.249786 -1.3002e-21)
(1.22289 0.24354 -3.30716e-22)
(1.23252 0.237104 -7.1906e-22)
(1.24177 0.230494 -3.4914e-22)
(1.01074 0.280923 -3.3575e-21)
(1.02704 0.281224 5.05495e-21)
(1.04295 0.28112 -2.10481e-21)
(1.05631 0.2807 1.16617e-22)
(1.06907 0.27977 -4.40909e-22)
(1.08219 0.278241 8.17196e-22)
(1.09523 0.276214 1.70636e-22)
(1.10784 0.273768 -5.63966e-22)
(1.12004 0.270905 -5.13258e-22)
(1.13195 0.267622 1.87925e-21)
(1.14353 0.263947 -1.1883e-21)
(1.15475 0.25991 2.18746e-21)
(1.16559 0.255558 -1.57461e-22)
(1.17602 0.250901 -1.46937e-21)
(1.18608 0.246062 4.04818e-21)
(1.19593 0.240857 1.77229e-21)
(1.2055 0.235387 -5.00037e-22)
(1.21468 0.229752 6.93792e-22)
(1.22348 0.223983 1.13093e-21)
(1.23195 0.218091 1.32262e-22)
(1.02297 0.265888 5.71357e-21)
(1.03772 0.265878 -3.72508e-21)
(1.05236 0.265338 1.32597e-21)
(1.06459 0.264466 -9.26096e-22)
(1.07598 0.263227 5.09068e-22)
(1.08765 0.261528 -3.58802e-22)
(1.09938 0.259404 1.26486e-22)
(1.11074 0.25693 2.88807e-22)
(1.12172 0.254126 -1.01157e-21)
(1.13241 0.250989 -2.18518e-21)
(1.14282 0.247533 -4.27636e-23)
(1.15294 0.243786 -8.79945e-22)
(1.16273 0.239781 5.04343e-22)
(1.17223 0.235535 -5.2876e-22)
(1.18131 0.231099 -1.1887e-21)
(1.19012 0.226426 4.55029e-23)
(1.19881 0.221549 -3.30298e-22)
(1.20723 0.216526 -1.19278e-21)
(1.21533 0.211388 -4.36201e-22)
(1.22313 0.206146 -5.14854e-23)
(1.03409 0.251002 1.14591e-22)
(1.0473 0.250674 2.9081e-21)
(1.06058 0.249818 8.6281e-22)
(1.07171 0.248642 1.69736e-21)
(1.0819 0.247196 -2.03569e-23)
(1.09228 0.245406 2.07822e-22)
(1.10278 0.243263 -2.91059e-22)
(1.11301 0.240821 1.10238e-22)
(1.12288 0.238111 8.30131e-22)
(1.13248 0.235137 6.74026e-22)
(1.14184 0.231906 5.77829e-22)
(1.15096 0.228438 -4.62087e-23)
(1.1598 0.224752 2.45572e-22)
(1.16838 0.220872 1.15262e-21)
(1.17666 0.2168 -9.46042e-22)
(1.1847 0.212609 -2.91929e-22)
(1.19263 0.208287 7.84867e-22)
(1.20034 0.203831 8.8558e-22)
(1.2078 0.199261 -6.38109e-22)
(1.21501 0.194598 2.54181e-23)
(1.04405 0.236303 -2.8731e-21)
(1.05581 0.235726 -2.31183e-21)
(1.06771 0.234665 4.51036e-22)
(1.07776 0.233302 6.30666e-22)
(1.0869 0.231728 -1.11378e-21)
(1.09614 0.229898 -1.2009e-21)
(1.1055 0.227782 -2.63626e-22)
(1.11469 0.225412 -3.31e-22)
(1.12356 0.222822 -2.7547e-22)
(1.13218 0.220023 -6.81835e-23)
(1.1406 0.21702 1.40294e-22)
(1.14881 0.213826 -3.8277e-22)
(1.15681 0.210457 -6.92138e-22)
(1.16459 0.20693 1.44357e-21)
(1.17213 0.203256 3.30736e-22)
(1.1795 0.199457 -6.47346e-22)
(1.18676 0.195582 -6.13078e-22)
(1.19384 0.191605 2.5982e-22)
(1.2007 0.187529 6.66302e-22)
(1.20736 0.183371 -8.84059e-23)
(1.05281 0.221918 2.9795e-21)
(1.06325 0.221148 3.36282e-22)
(1.0738 0.219956 1.51847e-21)
(1.08283 0.218485 -1.68399e-21)
(1.09102 0.216844 1.92014e-21)
(1.09924 0.215009 1.50699e-21)
(1.10759 0.21295 2.01291e-22)
(1.11582 0.210679 1.6373e-23)
(1.12379 0.208226 6.36029e-23)
(1.13154 0.205607 -2.31651e-22)
(1.13912 0.202828 -4.40108e-22)
(1.14653 0.199899 7.38439e-22)
(1.15375 0.196833 -3.24027e-22)
(1.1608 0.193653 -1.37435e-21)
(1.16763 0.190363 -9.04279e-22)
(1.17437 0.187006 -1.08907e-22)
(1.18109 0.183505 3.58151e-22)
(1.18761 0.179895 -6.97549e-22)
(1.19393 0.176215 2.84094e-22)
(1.20011 0.172482 1.40075e-22)
(1.06037 0.207915 -8.31326e-22)
(1.06962 0.206996 1.4338e-22)
(1.07891 0.20572 -1.8063e-21)
(1.08696 0.204199 6.2125e-22)
(1.09431 0.202536 -8.95172e-22)
(1.10163 0.200728 -1.0607e-21)
(1.10907 0.198744 2.03899e-22)
(1.11643 0.196588 6.8421e-23)
(1.1236 0.194283 8.29024e-23)
(1.13057 0.191843 8.99383e-23)
(1.1374 0.189277 1.94775e-22)
(1.1441 0.186591 -1.26234e-24)
(1.15068 0.183797 5.91576e-22)
(1.15711 0.180912 5.89911e-22)
(1.16343 0.177942 4.05968e-22)
(1.16955 0.174922 7.25575e-22)
(1.17551 0.171768 5.04914e-22)
(1.18147 0.168516 -1.359e-22)
(1.18734 0.165209 1.32478e-22)
(1.19309 0.161862 -8.75873e-23)
(1.06677 0.194314 -3.94547e-21)
(1.07493 0.193289 -1.22716e-21)
(1.08308 0.191967 1.77709e-21)
(1.09023 0.190438 -6.73266e-22)
(1.09681 0.188793 8.28035e-23)
(1.10335 0.187035 6.21295e-22)
(1.10998 0.185142 -4.76845e-22)
(1.11657 0.18311 5.15535e-24)
(1.123 0.180954 -2.50066e-23)
(1.12928 0.17869 -1.25547e-22)
(1.13544 0.176324 5.89971e-23)
(1.1415 0.17386 -4.1749e-22)
(1.14746 0.171305 -2.26451e-22)
(1.15331 0.168664 -9.4461e-23)
(1.15905 0.165946 9.67712e-22)
(1.16465 0.163139 -8.83799e-23)
(1.17016 0.160301 -2.18829e-22)
(1.17563 0.157414 -1.31369e-22)
(1.18105 0.154472 -3.84564e-22)
(1.18638 0.151483 -3.79287e-23)
(1.07204 0.181129 3.14838e-21)
(1.07924 0.180036 6.51327e-22)
(1.08636 0.178702 -1.87188e-21)
(1.0927 0.177199 -3.84683e-22)
(1.09858 0.175599 -5.50947e-22)
(1.10444 0.173911 4.76043e-22)
(1.11036 0.172118 3.34587e-22)
(1.11625 0.170214 -3.7817e-23)
(1.12203 0.168209 3.91692e-23)
(1.12769 0.166114 1.7607e-22)
(1.13325 0.163937 -1.38541e-22)
(1.13873 0.16168 -1.29682e-22)
(1.14413 0.159349 3.10829e-22)
(1.14945 0.156947 -2.23604e-22)
(1.15469 0.154484 -6.77875e-22)
(1.15983 0.151963 2.76025e-22)
(1.1649 0.149403 2.58179e-22)
(1.16993 0.146801 5.68273e-23)
(1.17492 0.144151 -1.02e-22)
(1.17985 0.141457 7.35452e-23)
(1.07627 0.168369 6.83265e-22)
(1.0826 0.167245 -3.49712e-22)
(1.08883 0.165928 1.82129e-21)
(1.09444 0.164474 7.19326e-22)
(1.0997 0.16294 1.29665e-22)
(1.10494 0.161337 -8.02147e-22)
(1.11024 0.15965 -2.90725e-23)
(1.11551 0.157875 1.084e-22)
(1.1207 0.156017 -4.33337e-23)
(1.12581 0.154086 -7.98321e-24)
(1.13083 0.152087 -7.09962e-25)
(1.1358 0.150023 -3.73338e-23)
(1.1407 0.147898 -8.53098e-23)
(1.14555 0.145715 1.63026e-22)
(1.15033 0.143481 1.22477e-22)
(1.15504 0.141198 -1.17218e-22)
(1.1597 0.138878 1.18609e-23)
(1.16433 0.136522 -1.26914e-22)
(1.16893 0.134128 1.84583e-23)
(1.17347 0.131696 -2.02294e-25)
(1.07953 0.156047 -2.4741e-22)
(1.08511 0.154922 1.41146e-22)
(1.09055 0.153643 -7.40004e-22)
(1.09551 0.152255 7.31968e-23)
(1.10023 0.150801 1.09689e-21)
(1.10492 0.149291 9.42703e-23)
(1.10966 0.147715 1.14898e-22)
(1.11439 0.146068 -1.66253e-23)
(1.11906 0.144353 2.21204e-23)
(1.12366 0.142577 -8.63701e-23)
(1.12821 0.140745 -4.36244e-23)
(1.13271 0.13886 -7.25596e-23)
(1.13716 0.136924 3.7919e-22)
(1.14157 0.13494 -2.3794e-22)
(1.14594 0.13291 -2.14616e-22)
(1.15026 0.130837 7.66386e-23)
(1.15454 0.128723 1.69742e-22)
(1.15881 0.126588 2.39445e-22)
(1.16304 0.124422 1.66834e-22)
(1.16723 0.122222 -1.49877e-23)
(1.08192 0.144168 -1.37756e-21)
(1.08683 0.143066 4.66718e-23)
(1.09159 0.141842 8.39323e-22)
(1.09598 0.140531 -1.51794e-22)
(1.10021 0.139166 -7.84359e-22)
(1.10442 0.137755 1.61323e-23)
(1.10867 0.13629 -1.37496e-22)
(1.11292 0.134767 2.26071e-23)
(1.11712 0.133189 -3.57637e-23)
(1.12128 0.13156 -1.71481e-23)
(1.1254 0.129885 1.05439e-22)
(1.12948 0.128166 1.26869e-22)
(1.13353 0.126405 -2.29711e-22)
(1.13754 0.124604 1.55506e-22)
(1.14152 0.122769 1.65396e-22)
(1.14546 0.120899 -3.83156e-22)
(1.1494 0.119003 8.38503e-23)
(1.15335 0.11706 -1.78156e-22)
(1.15725 0.115079 -7.60674e-23)
(1.16111 0.113071 3.2452e-23)
(1.08352 0.132734 6.93476e-22)
(1.08785 0.131672 6.11042e-22)
(1.09201 0.130515 -3.0562e-22)
(1.09592 0.129288 4.7497e-22)
(1.0997 0.128017 -1.84355e-22)
(1.10349 0.126706 5.03417e-22)
(1.10731 0.125351 -2.58192e-22)
(1.11113 0.123948 -1.63375e-23)
(1.11492 0.1225 4.48364e-23)
(1.11868 0.121009 2.62027e-23)
(1.12241 0.119479 -3.34988e-23)
(1.12612 0.117911 1.02109e-22)
(1.12981 0.116307 -1.47295e-22)
(1.13349 0.11467 -6.64697e-24)
(1.13714 0.113002 -1.10799e-22)
(1.14078 0.111304 9.65436e-23)
(1.14436 0.109585 -2.02324e-22)
(1.1479 0.107819 7.01768e-23)
(1.15146 0.106017 5.31451e-23)
(1.15503 0.104192 -2.77441e-23)
(1.0844 0.121742 -2.14152e-22)
(1.08822 0.120733 -9.54051e-22)
(1.09189 0.11965 -1.44657e-22)
(1.09536 0.118511 -1.10676e-22)
(1.09876 0.117335 3.1297e-22)
(1.10217 0.116125 -1.24239e-22)
(1.10561 0.114877 1.78642e-22)
(1.10905 0.11359 -8.56293e-23)
(1.11247 0.112264 9.14975e-24)
(1.11588 0.110902 -3.51778e-24)
(1.11926 0.109506 1.31252e-23)
(1.12264 0.108076 -5.67975e-23)
(1.126 0.106615 -3.65883e-23)
(1.12935 0.105122 -3.77174e-23)
(1.13267 0.103598 3.59931e-23)
(1.13599 0.102045 1.1132e-22)
(1.13928 0.100458 1.55396e-22)
(1.14255 0.0988573 -3.53595e-23)
(1.14583 0.0972359 -5.67753e-23)
(1.14911 0.0955891 -2.07469e-23)
(1.08465 0.111184 4.21809e-23)
(1.08804 0.110238 8.98233e-22)
(1.09127 0.109232 -7.9741e-22)
(1.09437 0.108183 -5.58625e-22)
(1.09743 0.107102 -2.92167e-22)
(1.10051 0.105991 -2.15509e-23)
(1.10361 0.104848 1.93161e-23)
(1.10672 0.103671 1.16395e-22)
(1.10982 0.102462 -1.02296e-23)
(1.1129 0.101221 5.29829e-23)
(1.11598 0.09995 2.12449e-23)
(1.11905 0.0986501 -1.77572e-23)
(1.12211 0.097322 3.04263e-23)
(1.12516 0.0959664 4.60205e-24)
(1.1282 0.094584 6.23687e-23)
(1.13123 0.0931767 -9.81402e-23)
(1.13425 0.0917445 -1.26308e-22)
(1.13726 0.0902923 -4.39812e-23)
(1.14027 0.0888184 7.53008e-23)
(1.14327 0.0873208 2.4583e-23)
(1.08434 0.101049 -7.85774e-22)
(1.08735 0.100172 -1.16159e-22)
(1.09023 0.0992474 4.27127e-22)
(1.093 0.0982871 1.57223e-22)
(1.09577 0.0972994 -1.03383e-22)
(1.09855 0.0962852 -3.1784e-22)
(1.10136 0.0952433 -1.43125e-22)
(1.10417 0.0941726 1.18307e-22)
(1.10698 0.0930735 7.71286e-23)
(1.10978 0.0919472 5.92768e-23)
(1.11258 0.0907945 -8.0571e-23)
(1.11537 0.0896162 -2.36167e-23)
(1.11817 0.088413 4.11984e-23)
(1.12095 0.0871853 -1.97189e-23)
(1.12373 0.0859339 -2.08303e-23)
(1.12651 0.0846596 -2.74121e-23)
(1.12927 0.0833625 -2.32199e-23)
(1.13203 0.082045 7.58031e-24)
(1.13478 0.0807068 -2.60994e-23)
(1.13754 0.0793471 -1.14757e-23)
(1.08356 0.0913258 5.88448e-22)
(1.08624 0.0905207 -2.28942e-22)
(1.08881 0.0896774 3.61e-23)
(1.09131 0.0888049 1.73395e-22)
(1.09381 0.0879085 3.90636e-22)
(1.09634 0.0869887 2.3948e-22)
(1.09889 0.0860443 -1.63476e-22)
(1.10144 0.0850749 -1.29201e-22)
(1.10399 0.0840808 -2.15405e-22)
(1.10654 0.0830628 4.05129e-23)
(1.1091 0.0820216 5.67808e-23)
(1.11165 0.0809575 1.71207e-23)
(1.11419 0.0798712 -4.99725e-24)
(1.11674 0.0787629 9.36884e-24)
(1.11928 0.0776332 -5.75473e-24)
(1.12182 0.0764825 3.92035e-24)
(1.12435 0.0753111 4.18082e-23)
(1.12688 0.0741201 5.42384e-24)
(1.1294 0.0729095 -3.55828e-24)
(1.13193 0.0716789 1.16544e-23)
(1.08237 0.0819975 3.537e-22)
(1.08478 0.0812663 1.63309e-22)
(1.08709 0.0805039 -1.16288e-22)
(1.08935 0.0797173 -2.2593e-22)
(1.09163 0.0789097 -3.70179e-23)
(1.09393 0.078081 2.63686e-22)
(1.09625 0.0772307 1.33368e-22)
(1.09857 0.0763583 -2.38651e-22)
(1.1009 0.0754643 -3.01282e-23)
(1.10323 0.0745492 -1.91503e-22)
(1.10556 0.0736134 -1.05841e-23)
(1.10789 0.0726572 2.17406e-23)
(1.11023 0.0716811 2.83537e-23)
(1.11256 0.0706852 1.4513e-24)
(1.11488 0.0696698 -2.98239e-24)
(1.11721 0.0686353 3.09879e-23)
(1.11952 0.0675819 -3.21542e-23)
(1.12184 0.06651 2.47509e-23)
(1.12415 0.0654198 -8.41894e-24)
(1.12646 0.0643109 -4.25876e-24)
(1.08086 0.073046 -6.14092e-22)
(1.08303 0.0723891 3.10693e-22)
(1.08513 0.0717065 1.84332e-22)
(1.08719 0.0710034 8.27103e-23)
(1.08927 0.0702817 -1.44189e-22)
(1.09137 0.0695412 -1.13679e-22)
(1.0935 0.0687814 -2.62798e-22)
(1.09562 0.0680021 4.0907e-22)
(1.09775 0.0672038 2.61337e-22)
(1.09989 0.0663868 2.84513e-23)
(1.10202 0.0655513 -6.34898e-23)
(1.10416 0.0646978 -3.7375e-23)
(1.1063 0.0638262 8.49567e-24)
(1.10843 0.0629369 -2.48388e-24)
(1.11056 0.06203 9.71813e-24)
(1.11269 0.0611055 1.26056e-24)
(1.11482 0.0601637 8.52103e-24)
(1.11694 0.0592044 3.5364e-25)
(1.11905 0.0582285 -2.18056e-24)
(1.12116 0.0572355 2.90651e-24)
(1.0791 0.0644497 5.01805e-22)
(1.08108 0.0638665 -5.36175e-22)
(1.08299 0.0632619 -2.56834e-22)
(1.08488 0.0626397 -1.2413e-23)
(1.0868 0.0620012 2.064e-22)
(1.08873 0.0613458 -4.08513e-23)
(1.09068 0.0606732 -7.64362e-23)
(1.09264 0.0599835 -1.2012e-22)
(1.09459 0.059277 -2.64856e-22)
(1.09656 0.058554 -1.54266e-24)
(1.09852 0.0578147 3.66041e-23)
(1.10048 0.0570593 -2.03504e-23)
(1.10245 0.0562879 -1.16954e-23)
(1.10441 0.0555008 2.73556e-23)
(1.10637 0.0546979 -1.04346e-24)
(1.10832 0.0538795 -5.00293e-24)
(1.11027 0.0530455 -1.51374e-25)
(1.11222 0.0521959 1.8627e-24)
(1.11416 0.0513302 4.56944e-24)
(1.11609 0.0504478 6.2919e-25)
(1.07717 0.0561826 -2.53748e-22)
(1.07899 0.055672 4.09152e-22)
(1.08075 0.0551432 2.91224e-22)
(1.08251 0.0545995 -1.67799e-22)
(1.08428 0.0540413 3.22395e-22)
(1.08607 0.0534681 -8.98735e-23)
(1.08787 0.0528797 -3.16159e-24)
(1.08968 0.0522763 -1.08831e-22)
(1.09149 0.0516582 8.26162e-23)
(1.0933 0.0510256 7.6594e-23)
(1.09511 0.0503786 1.33694e-22)
(1.09692 0.0497175 3.29963e-24)
(1.09874 0.0490422 -6.069e-23)
(1.10055 0.0483531 3.25839e-23)
(1.10235 0.04765 -1.937e-23)
(1.10415 0.0469332 3.92015e-24)
(1.10595 0.0462024 -7.79418e-24)
(1.10773 0.0454579 -2.78604e-24)
(1.1095 0.0446982 -4.50022e-24)
(1.11127 0.0439233 2.57808e-25)
(1.07517 0.0482135 7.04498e-23)
(1.07685 0.0477738 3.02094e-23)
(1.07849 0.0473189 -2.06649e-22)
(1.08013 0.0468511 -4.78426e-22)
(1.08178 0.0463706 -2.04691e-22)
(1.08345 0.0458771 7.37482e-23)
(1.08512 0.0453702 1.74993e-22)
(1.0868 0.0448503 -1.84431e-23)
(1.08849 0.0443176 1.98687e-22)
(1.09017 0.0437723 -6.55137e-23)
(1.09185 0.0432146 -1.14202e-22)
(1.09354 0.0426445 3.15977e-23)
(1.09521 0.0420621 -3.77949e-23)
(1.09689 0.0414675 2.47691e-23)
(1.09856 0.0408607 2.84784e-24)
(1.10022 0.0402415 -1.15153e-23)
(1.10188 0.03961 -6.48008e-25)
(1.10352 0.038966 -2.72325e-24)
(1.10515 0.0383096 1.05725e-24)
(1.10677 0.0376409 2.27913e-25)
(1.07318 0.0405043 -1.03131e-22)
(1.07475 0.0401339 -3.26335e-22)
(1.07629 0.0397507 -6.89909e-23)
(1.07783 0.0393567 3.23885e-22)
(1.07938 0.0389518 1.00539e-22)
(1.08095 0.0385356 -1.91815e-22)
(1.08252 0.0381081 2.2453e-23)
(1.08409 0.0376695 -1.72958e-23)
(1.08567 0.03722 -1.73559e-22)
(1.08724 0.0367598 9.01148e-23)
(1.08881 0.036289 -1.94278e-22)
(1.09038 0.0358078 2.23024e-23)
(1.09195 0.0353161 -7.22158e-24)
(1.09351 0.0348141 -3.75021e-24)
(1.09506 0.0343017 4.7302e-23)
(1.0966 0.0337788 -5.16619e-24)
(1.09813 0.0332456 4.05014e-24)
(1.09965 0.0327016 2.04307e-24)
(1.10116 0.0321474 -3.82088e-24)
(1.10266 0.0315825 -2.22832e-25)
(1.07128 0.0330079 -1.95543e-22)
(1.07277 0.0327053 3.43919e-22)
(1.07423 0.0323922 -6.56132e-23)
(1.0757 0.0320702 1.53678e-22)
(1.07717 0.0317391 -2.21827e-24)
(1.07865 0.0313986 1.67595e-22)
(1.08013 0.0310488 9.637e-23)
(1.08162 0.0306898 -4.06177e-23)
(1.0831 0.0303218 -4.17732e-23)
(1.08459 0.029945 3.06131e-23)
(1.08607 0.0295596 2.89604e-23)
(1.08754 0.0291657 1.80884e-22)
(1.08901 0.0287632 1.07844e-23)
(1.09047 0.0283522 -9.45544e-23)
(1.09192 0.0279326 -5.88294e-24)
(1.09336 0.0275046 -2.36105e-23)
(1.09479 0.027068 2.16339e-23)
(1.09621 0.0266226 -5.84861e-24)
(1.09761 0.0261685 3.19372e-24)
(1.09899 0.0257055 -1.49745e-24)
(1.06957 0.0256659 1.09676e-22)
(1.07099 0.02543 -6.18038e-23)
(1.0724 0.0251858 8.74869e-23)
(1.07381 0.0249345 9.32304e-24)
(1.07522 0.024676 4.84972e-24)
(1.07663 0.0244102 -2.59984e-22)
(1.07805 0.0241369 -1.68928e-22)
(1.07946 0.0238565 -9.46878e-23)
(1.08088 0.0235691 2.15185e-22)
(1.08229 0.0232749 1.63078e-23)
(1.08369 0.0229741 -2.20619e-22)
(1.08509 0.0226666 1.68715e-23)
(1.08648 0.0223525 1.06901e-22)
(1.08786 0.0220318 -4.93096e-23)
(1.08923 0.0217047 -7.69778e-24)
(1.09058 0.0213709 -1.18202e-25)
(1.09193 0.0210304 -2.93403e-23)
(1.09325 0.0206832 9.44983e-24)
(1.09456 0.0203291 7.50655e-24)
(1.09586 0.019968 -1.3525e-24)
(1.06815 0.0184053 5.84151e-24)
(1.06953 0.0182354 -1.0975e-24)
(1.07089 0.0180596 -6.81736e-23)
(1.07226 0.0178786 6.4821e-23)
(1.07362 0.0176923 1.09956e-22)
(1.07499 0.0175006 9.60519e-23)
(1.07635 0.0173035 -3.38592e-22)
(1.07772 0.0171012 2.88518e-22)
(1.07908 0.0168938 7.31625e-24)
(1.08043 0.0166816 2.26665e-24)
(1.08177 0.0164646 -8.8251e-23)
(1.08311 0.0162429 -1.09502e-22)
(1.08444 0.0160165 1.19868e-22)
(1.08576 0.0157855 1.95324e-23)
(1.08706 0.0155498 -3.74661e-24)
(1.08835 0.0153095 -1.54274e-23)
(1.08963 0.0150645 4.49329e-23)
(1.09089 0.0148147 -8.60667e-24)
(1.09213 0.0145601 5.49466e-24)
(1.09335 0.0143005 -1.06967e-24)
(1.06711 0.0111352 -8.15215e-23)
(1.06846 0.0110315 -4.2939e-23)
(1.0698 0.0109242 4.30801e-23)
(1.07114 0.010814 1.64783e-22)
(1.07248 0.0107008 -5.32319e-23)
(1.07381 0.0105846 -3.71817e-23)
(1.07514 0.0104653 4.96725e-23)
(1.07647 0.0103431 1.36983e-22)
(1.07779 0.0102181 5.55035e-23)
(1.0791 0.0100904 -2.43211e-23)
(1.08041 0.00995994 -3.18438e-23)
(1.0817 0.00982681 2.86468e-24)
(1.08299 0.009691 -3.20997e-24)
(1.08426 0.00955248 -5.53486e-23)
(1.08551 0.00941124 1.02044e-23)
(1.08676 0.00926721 -3.50972e-23)
(1.08798 0.00912032 2.08371e-23)
(1.08919 0.00897049 8.17239e-24)
(1.09038 0.00881762 -1.59452e-24)
(1.09155 0.0086616 -1.64487e-24)
(1.06654 0.00374174 4.6339e-23)
(1.06788 0.00370441 -5.90002e-23)
(1.06922 0.00366503 1.31218e-22)
(1.07056 0.00362408 -1.94761e-22)
(1.07188 0.0035818 -1.11581e-22)
(1.07321 0.00353833 7.2875e-24)
(1.07452 0.00349384 2.16793e-23)
(1.07584 0.00344853 3.02276e-22)
(1.07714 0.00340257 -2.73332e-22)
(1.07843 0.0033561 2.67328e-22)
(1.07972 0.00330923 -1.33422e-22)
(1.08099 0.00326205 2.54328e-23)
(1.08225 0.00321461 2.50276e-23)
(1.08349 0.00316694 2.92757e-23)
(1.08472 0.00311905 -2.80503e-23)
(1.08594 0.00307092 1.35917e-23)
(1.08713 0.00302251 -2.09252e-23)
(1.08831 0.00297376 -2.65698e-23)
(1.08947 0.00292453 1.1599e-23)
(1.0906 0.00287476 2.32084e-25)
(0.998329 0.00203022 0)
(0.998877 0.00366001 0)
(0.991637 0.00988351 0)
(0.988355 0.0143794 0)
(0.977998 0.0251117 0)
(0.972109 0.0338452 0)
(0.959347 0.0504618 0)
(0.952176 0.0647294 0)
(0.938216 0.0892612 0)
(0.93235 0.11043 0)
(0.91971 0.145661 0)
(0.919851 0.173678 0)
(0.913075 0.223405 0)
(0.927336 0.252616 0)
(0.936058 0.329302 0)
(0.998265 0.00221607 0)
(0.999082 0.0040783 0)
(0.991796 0.0107129 0)
(0.98907 0.0153721 0)
(0.978821 0.0265805 0)
(0.973873 0.0354076 0)
(0.96154 0.0525291 0)
(0.955923 0.0666553 0)
(0.942946 0.0915874 0)
(0.939545 0.111942 0)
(0.928721 0.147289 0)
(0.932445 0.172996 0)
(0.928544 0.222365 0)
(0.94709 0.246279 0)
(0.955683 0.313809 0)
(0.998227 0.00240637 0)
(0.999273 0.00451012 0)
(0.992035 0.0116009 0)
(0.989847 0.0164425 0)
(0.979843 0.0281985 0)
(0.975824 0.0371352 0)
(0.96411 0.0548502 0)
(0.959974 0.0687959 0)
(0.94822 0.0941798 0)
(0.946962 0.113487 0)
(0.938217 0.148738 0)
(0.944549 0.171502 0)
(0.943466 0.218982 0)
(0.96347 0.237478 0)
(0.973163 0.295334 0)
(0.998226 0.00259514 0)
(0.999429 0.00494204 0)
(0.992359 0.0124797 0)
(0.990644 0.0174873 0)
(0.981058 0.0297634 0)
(0.977883 0.0387632 0)
(0.967031 0.0570119 0)
(0.964208 0.0706857 0)
(0.953984 0.0964038 0)
(0.954472 0.114568 0)
(0.948064 0.149417 0)
(0.956122 0.169452 0)
(0.957652 0.214167 0)
(0.977798 0.229069 0)
(0.989033 0.27933 0)
(0.998271 0.00278219 0)
(0.999536 0.0053633 0)
(0.992779 0.0133377 0)
(0.991427 0.0184788 0)
(0.982461 0.0312398 0)
(0.979992 0.0402303 0)
(0.970259 0.058929 0)
(0.968533 0.0722081 0)
(0.960115 0.0980804 0)
(0.961982 0.115016 0)
(0.958024 0.149067 0)
(0.96724 0.16673 0)
(0.971074 0.208217 0)
(0.990936 0.220802 0)
(1.00337 0.264867 0)
(0.998369 0.00296769 0)
(0.999587 0.00576746 0)
(0.993297 0.0141721 0)
(0.992183 0.0194096 0)
(0.984039 0.0326238 0)
(0.982123 0.0415318 0)
(0.973734 0.0605934 0)
(0.972905 0.0733756 0)
(0.966453 0.0991919 0)
(0.969441 0.114881 0)
(0.967839 0.147712 0)
(0.977904 0.163368 0)
(0.98367 0.201353 0)
(1.00305 0.212157 0)
(1.01623 0.250783 0)
(0.998519 0.00315121 0)
(0.999586 0.00614948 0)
(0.993908 0.0149757 0)
(0.99292 0.0202711 0)
(0.985764 0.0338974 0)
(0.984281 0.0426606 0)
(0.977378 0.0619728 0)
(0.977318 0.0742012 0)
(0.972845 0.0997068 0)
(0.976798 0.114221 0)
(0.977325 0.145425 0)
(0.988026 0.159416 0)
(0.995368 0.193766 0)
(1.01408 0.203022 0)
(1.02769 0.236777 0)
(0.998711 0.00333152 0)
(0.999548 0.00650501 0)
(0.994593 0.0157364 0)
(0.993655 0.0210548 0)
(0.987597 0.0350317 0)
(0.986485 0.0436081 0)
(0.981113 0.0630183 0)
(0.981762 0.0746874 0)
(0.979171 0.0995873 0)
(0.983984 0.113053 0)
(0.986374 0.142286 0)
(0.997495 0.154885 0)
(1.0061 0.185625 0)
(1.02397 0.193495 0)
(1.0378 0.222928 0)
(0.998931 0.00350614 0)
(0.999498 0.00683119 0)
(0.995325 0.0164384 0)
(0.994418 0.0217553 0)
(0.989494 0.0359935 0)
(0.98875 0.044369 0)
(0.984873 0.0636843 0)
(0.986212 0.0748317 0)
(0.98535 0.0988214 0)
(0.990911 0.111377 0)
(0.99491 0.138395 0)
(1.00623 0.149787 0)
(1.01583 0.177077 0)
(1.03274 0.183709 0)
(1.04662 0.20933 0)
(0.999159 0.00367097 0)
(0.999463 0.0071273 0)
(0.996077 0.0170631 0)
(0.995229 0.0223698 0)
(0.991418 0.0367493 0)
(0.991075 0.0449381 0)
(0.988609 0.0639382 0)
(0.990623 0.0746253 0)
(0.991322 0.0974283 0)
(0.997504 0.109183 0)
(1.00287 0.133863 0)
(1.01421 0.144158 0)
(1.02452 0.168242 0)
(1.04044 0.173771 0)
(1.05419 0.196026 0)
(0.999378 0.00382033 0)
(0.999462 0.00739444 0)
(0.996828 0.0175898 0)
(0.996099 0.0228955 0)
(0.993341 0.0372692 0)
(0.993445 0.0453057 0)
(0.992286 0.0637641 0)
(0.994942 0.0740524 0)
(0.997036 0.09545 0)
(1.0037 0.106473 0)
(1.01021 0.128795 0)
(1.0214 0.138061 0)
(1.03219 0.159212 0)
(1.04709 0.163768 0)
(1.06058 0.18304 0)
(0.999574 0.00394753 0)
(0.999509 0.00763453 0)
(0.997564 0.0179982 0)
(0.997026 0.0233272 0)
(0.995248 0.0375308 0)
(0.99583 0.0454563 0)
(0.995871 0.0631623 0)
(0.999119 0.0730942 0)
(1.00244 0.0929394 0)
(1.00947 0.103258 0)
(1.01687 0.123283 0)
(1.02783 0.13157 0)
(1.03885 0.150061 0)
(1.05275 0.153771 0)
(1.06585 0.170396 0)
(0.999739 0.00404551 0)
(0.999606 0.00784886 0)
(0.998279 0.0182702 0)
(0.997996 0.0236552 0)
(0.997124 0.0375203 0)
(0.998199 0.0453689 0)
(0.999333 0.062146 0)
(1.00311 0.0717346 0)
(1.00749 0.0899519 0)
(1.01477 0.0995659 0)
(1.02284 0.117405 0)
(1.03349 0.124765 0)
(1.04455 0.140852 0)
(1.05748 0.143838 0)
(1.07009 0.158118 0)
(0.99987 0.00410776 0)
(0.999747 0.00803656 0)
(0.998972 0.0183921 0)
(0.998994 0.0238651 0)
(0.998955 0.0372335 0)
(1.00052 0.0450199 0)
(1.00264 0.0607373 0)
(1.00688 0.0699649 0)
(1.01213 0.08654 0)
(1.01959 0.0954364 0)
(1.0281 0.111228 0)
(1.03839 0.117719 0)
(1.04933 0.131642 0)
(1.06132 0.134019 0)
(1.07338 0.146227 0)
(0.999969 0.00412905 0)
(0.99992 0.00819357 0)
(0.99964 0.0183558 0)
(1 0.0239378 0)
(1.00072 0.0366741 0)
(1.00277 0.0443866 0)
(1.00574 0.058962 0)
(1.0104 0.0677875 0)
(1.01635 0.0827516 0)
(1.0239 0.0909184 0)
(1.03267 0.104813 0)
(1.04256 0.110498 0)
(1.05325 0.122485 0)
(1.06435 0.124352 0)
(1.0758 0.134739 0)
(1.00004 0.00410601 0)
(1.00011 0.0083123 0)
(1.00028 0.0181591 0)
(1.001 0.0238517 0)
(1.00241 0.0358514 0)
(1.00491 0.0434505 0)
(1.00863 0.0568461 0)
(1.01364 0.0652156 0)
(1.02011 0.07863 0)
(1.02769 0.0860642 0)
(1.03656 0.0982144 0)
(1.04603 0.103164 0)
(1.05637 0.113425 0)
(1.06663 0.11487 0)
(1.07743 0.12366 0)
(1.00008 0.00403746 0)
(1.00032 0.00838179 0)
(1.00089 0.0178049 0)
(1.00197 0.0235844 0)
(1.004 0.0347769 0)
(1.00693 0.0422006 0)
(1.01126 0.0544137 0)
(1.01657 0.0622724 0)
(1.0234 0.0742159 0)
(1.03096 0.0809265 0)
(1.0398 0.0914844 0)
(1.04883 0.0957658 0)
(1.05874 0.104498 0)
(1.06822 0.105596 0)
(1.07835 0.112992 0)
(1.00011 0.00392437 0)
(1.00052 0.00838855 0)
(1.00146 0.0172998 0)
(1.00289 0.0231162 0)
(1.00547 0.0334623 0)
(1.0088 0.0406348 0)
(1.01362 0.0516867 0)
(1.01918 0.0589874 0)
(1.02624 0.0695482 0)
(1.03372 0.0755552 0)
(1.04242 0.0846691 0)
(1.051 0.0883493 0)
(1.06044 0.0957337 0)
(1.06919 0.0965487 0)
(1.07865 0.102732 0)
(1.00012 0.00376955 0)
(1.00071 0.00831792 0)
(1.002 0.0166515 0)
(1.00377 0.0224323 0)
(1.00682 0.0319174 0)
(1.0105 0.0387593 0)
(1.01571 0.0486863 0)
(1.02145 0.0553941 0)
(1.02862 0.0646645 0)
(1.03598 0.0699965 0)
(1.04446 0.0778091 0)
(1.0526 0.0809515 0)
(1.06153 0.0871534 0)
(1.06961 0.087741 0)
(1.0784 0.0928731 0)
(1.00012 0.00357699 0)
(1.00088 0.00815586 0)
(1.00248 0.0158675 0)
(1.00458 0.0215249 0)
(1.00802 0.0301502 0)
(1.01203 0.0365868 0)
(1.01751 0.0454331 0)
(1.02338 0.0515267 0)
(1.03057 0.0596003 0)
(1.03777 0.0642917 0)
(1.04596 0.0709388 0)
(1.05368 0.0736025 0)
(1.06209 0.078772 0)
(1.06955 0.0791793 0)
(1.07769 0.0834035 0)
(1.00011 0.00335116 0)
(1.00103 0.00789064 0)
(1.00291 0.0149527 0)
(1.00532 0.0203928 0)
(1.00908 0.0281676 0)
(1.01336 0.0341343 0)
(1.01903 0.0419479 0)
(1.02499 0.0474181 0)
(1.03211 0.0543881 0)
(1.03913 0.0584767 0)
(1.04699 0.0640852 0)
(1.05429 0.0663254 0)
(1.06217 0.0705977 0)
(1.06909 0.0708645 0)
(1.07659 0.0743084 0)
(1.0001 0.00309626 0)
(1.00117 0.00751402 0)
(1.00329 0.0139099 0)
(1.00598 0.0190407 0)
(1.00999 0.0259767 0)
(1.0145 0.0314212 0)
(1.02028 0.0382513 0)
(1.02628 0.043099 0)
(1.03328 0.0490562 0)
(1.0401 0.0525814 0)
(1.0476 0.0572688 0)
(1.05451 0.0591358 0)
(1.06188 0.062632 0)
(1.06829 0.0627917 0)
(1.07519 0.0655685 0)
(1.00009 0.00281568 0)
(1.00129 0.00702181 0)
(1.00361 0.0127399 0)
(1.00656 0.0174768 0)
(1.01076 0.0235856 0)
(1.01546 0.0284671 0)
(1.02128 0.0343628 0)
(1.02729 0.0385962 0)
(1.03412 0.0436273 0)
(1.04073 0.0466288 0)
(1.04786 0.0505021 0)
(1.05441 0.0520412 0)
(1.06127 0.054869 0)
(1.06724 0.05495 0)
(1.07358 0.0571596 0)
(1.00008 0.00251173 0)
(1.00139 0.00641367 0)
(1.00387 0.0114426 0)
(1.00705 0.0157113 0)
(1.01139 0.0210027 0)
(1.01624 0.0252909 0)
(1.02205 0.0302995 0)
(1.02803 0.0339315 0)
(1.03467 0.0381178 0)
(1.04108 0.0406339 0)
(1.04784 0.0437893 0)
(1.05405 0.045041 0)
(1.06045 0.0472954 0)
(1.06603 0.0473211 0)
(1.07184 0.0490515 0)
(1.00006 0.00218564 0)
(1.00147 0.00569247 0)
(1.00409 0.0100179 0)
(1.00746 0.0137549 0)
(1.0119 0.0182368 0)
(1.01685 0.0219089 0)
(1.02263 0.026075 0)
(1.02856 0.029121 0)
(1.03498 0.0325362 0)
(1.04119 0.0346027 0)
(1.04761 0.0371255 0)
(1.05352 0.038125 0)
(1.05948 0.0398888 0)
(1.06473 0.0398788 0)
(1.07007 0.0412068 0)
(1.00005 0.00183775 0)
(1.00154 0.00486335 0)
(1.00426 0.00846637 0)
(1.00778 0.0116179 0)
(1.01229 0.0152959 0)
(1.01731 0.0183348 0)
(1.02303 0.0216978 0)
(1.0289 0.0241735 0)
(1.03512 0.0268823 0)
(1.04114 0.0285314 0)
(1.04725 0.0304949 0)
(1.05289 0.0312725 0)
(1.05847 0.0326165 0)
(1.06343 0.0325867 0)
(1.06835 0.0335786 0)
(1.00004 0.00146787 0)
(1.0016 0.00393271 0)
(1.00439 0.0067896 0)
(1.00803 0.00930939 0)
(1.01258 0.012186 0)
(1.01765 0.0145776 0)
(1.0233 0.0171703 0)
(1.0291 0.0190892 0)
(1.03513 0.0211457 0)
(1.04099 0.0224042 0)
(1.04682 0.0238698 0)
(1.05223 0.0244501 0)
(1.05749 0.0254336 0)
(1.06222 0.0253967 0)
(1.06679 0.026108 0)
(1.00003 0.00107568 0)
(1.00164 0.00290749 0)
(1.00448 0.0049902 0)
(1.00821 0.00683719 0)
(1.01278 0.00891026 0)
(1.01788 0.0106411 0)
(1.02346 0.0124871 0)
(1.0292 0.0138589 0)
(1.03508 0.0153044 0)
(1.0408 0.0161928 0)
(1.0464 0.0172083 0)
(1.05164 0.0176105 0)
(1.05664 0.0182801 0)
(1.06118 0.018246 0)
(1.06547 0.018721 0)
(1.00003 0.00066126 0)
(1.00167 0.00179558 0)
(1.00454 0.003072 0)
(1.00833 0.00420713 0)
(1.01291 0.00546751 0)
(1.01802 0.00652174 0)
(1.02355 0.00763358 0)
(1.02924 0.00846108 0)
(1.035 0.00932284 0)
(1.04062 0.00985348 0)
(1.04606 0.0104523 0)
(1.05118 0.0106892 0)
(1.05599 0.0110787 0)
(1.0604 0.0110546 0)
(1.0645 0.0113263 0)
(1.00002 0.000224295 0)
(1.00168 0.00060949 0)
(1.00457 0.00104192 0)
(1.00839 0.00142661 0)
(1.01297 0.00185202 0)
(1.01809 0.00220764 0)
(1.02359 0.00258091 0)
(1.02925 0.00285829 0)
(1.03494 0.00314591 0)
(1.04051 0.00332245 0)
(1.04587 0.0035213 0)
(1.05091 0.00359899 0)
(1.05563 0.00372788 0)
(1.05998 0.00371799 0)
(1.06397 0.0038078 0)
(0.999149 -0.00120779 -6.70021e-23)
(0.997455 -0.00369783 4.71185e-23)
(0.992107 -0.00517239 -1.14166e-22)
(0.985552 -0.00622097 -7.70483e-23)
(0.976307 -0.00651613 8.50315e-23)
(0.965304 -0.00647306 1.58317e-22)
(0.951553 -0.00613513 1.08936e-22)
(0.935533 -0.00564093 1.26596e-22)
(0.916226 -0.00506228 1.89761e-22)
(0.894093 -0.0045756 1.68095e-22)
(0.867871 -0.00398131 1.19539e-22)
(0.838098 -0.0035312 9.31968e-23)
(0.80332 -0.00256086 -4.14908e-22)
(0.764116 -0.00208923 4.74478e-22)
(0.71933 -0.000472074 -4.26462e-23)
(0.999138 -0.00102679 4.05881e-22)
(0.997462 -0.00333616 -6.43117e-23)
(0.992079 -0.00437032 6.81745e-23)
(0.985519 -0.00518329 5.5189e-22)
(0.976242 -0.0048407 -3.5102e-22)
(0.965221 -0.00440949 -5.41242e-22)
(0.951445 -0.00313454 2.11894e-22)
(0.935412 -0.00197308 1.11271e-22)
(0.916086 -0.000193176 -3.67476e-22)
(0.893943 0.00161304 -5.5651e-22)
(0.867741 0.00441731 6.99301e-22)
(0.838071 0.00681157 -9.31603e-22)
(0.803416 0.0110909 1.13202e-21)
(0.76435 0.0143845 -6.43141e-22)
(0.719836 0.0212766 -1.82366e-22)
(0.999121 -0.000846319 -7.76792e-22)
(0.997478 -0.00297452 2.97868e-23)
(0.992049 -0.00356937 -5.63564e-22)
(0.985504 -0.00414674 -1.56182e-22)
(0.976187 -0.00317195 4.92727e-22)
(0.965177 -0.00236086 7.81116e-24)
(0.951375 -0.000171387 -2.25481e-22)
(0.935335 0.00150309 -3.31365e-22)
(0.916056 0.00483285 3.91852e-22)
(0.894066 0.00786568 -1.7833e-22)
(0.867952 0.0129171 -2.02841e-21)
(0.838475 0.0173028 -4.95217e-22)
(0.804083 0.0248226 1.84807e-21)
(0.765437 0.0309033 2.01334e-22)
(0.721509 0.0430194 2.18048e-21)
(0.999099 -0.000666763 1.03376e-21)
(0.997503 -0.00261256 -2.20772e-22)
(0.992016 -0.00277022 9.88367e-22)
(0.985508 -0.0031104 -2.78163e-22)
(0.976141 -0.00150898 -9.12206e-22)
(0.965171 -0.00031769 -2.42283e-22)
(0.951315 0.00268273 2.54918e-22)
(0.935392 0.00512755 -3.48903e-23)
(0.916195 0.0100985 1.4951e-21)
(0.894357 0.014218 -3.82713e-22)
(0.868429 0.021355 -1.24819e-21)
(0.839308 0.0276392 2.14536e-21)
(0.805343 0.0384326 -1.35369e-21)
(0.767383 0.0472724 3.85008e-21)
(0.724357 0.0645647 -6.12192e-21)
(0.999072 -0.000488471 -3.46329e-22)
(0.997536 -0.00225001 -5.24744e-22)
(0.991981 -0.00197353 1.71856e-22)
(0.98553 -0.00207355 2.72059e-22)
(0.976105 0.000148295 1.0312e-21)
(0.965185 0.00171703 4.88319e-22)
(0.951326 0.00560716 2.75627e-22)
(0.935565 0.00894479 -1.24299e-22)
(0.916429 0.0152093 -7.28226e-23)
(0.894845 0.0205033 1.36574e-21)
(0.86918 0.0297501 -7.23408e-22)
(0.840568 0.0379096 2.09262e-21)
(0.807191 0.0519349 -3.47431e-21)
(0.770183 0.0634716 1.87375e-21)
(0.728374 0.0858551 4.47231e-21)
(0.999041 -0.000311769 -5.61756e-22)
(0.997577 -0.00188664 1.69534e-21)
(0.991944 -0.00118012 -1.27637e-21)
(0.98557 -0.00103567 1.62327e-21)
(0.976076 0.00179642 -9.55824e-22)
(0.965248 0.00374213 1.23679e-21)
(0.951385 0.0086639 -2.7774e-22)
(0.93582 0.0126464 -6.23098e-22)
(0.916781 0.0202925 4.08009e-23)
(0.895535 0.0267581 1.48996e-21)
(0.870205 0.0381028 -3.04432e-21)
(0.84225 0.048098 2.71951e-21)
(0.809619 0.065302 -6.22194e-21)
(0.773828 0.0794546 2.47823e-21)
(0.733546 0.106818 1.99911e-21)
(0.999006 -0.000136958 7.27066e-22)
(0.997626 -0.00152225 -1.42132e-21)
(0.991905 -0.000390809 5.11123e-22)
(0.985624 3.55035e-06 -1.52575e-21)
(0.976056 0.00343398 9.1386e-22)
(0.965357 0.00572597 -6.95269e-22)
(0.951491 0.0116728 2.70516e-23)
(0.936163 0.0163374 8.01979e-22)
(0.917248 0.0253647 1.86926e-21)
(0.896423 0.0329791 -5.29641e-21)
(0.871499 0.0463967 2.39581e-21)
(0.84435 0.0581777 1.79447e-21)
(0.812619 0.078499 -1.33282e-21)
(0.778311 0.0951677 -1.34371e-21)
(0.739858 0.127371 2.09735e-23)
(0.998968 3.5694e-05 1.1211e-21)
(0.997681 -0.00115668 6.13813e-22)
(0.991866 0.000393629 -2.38574e-22)
(0.985694 0.00104382 2.98336e-22)
(0.976038 0.00506033 -1.52761e-21)
(0.965509 0.00766207 1.77489e-22)
(0.951654 0.0146637 6.72132e-22)
(0.936594 0.020025 -2.53614e-21)
(0.91783 0.0304156 -7.27763e-24)
(0.897506 0.039157 1.68551e-21)
(0.873057 0.0546194 -3.23323e-21)
(0.84686 0.0681271 1.63179e-21)
(0.816183 0.0914944 2.84237e-21)
(0.783618 0.11056 1.30954e-21)
(0.74729 0.147435 1.22434e-21)
(0.998928 0.000205954 -1.00178e-21)
(0.997742 -0.000789833 -2.06633e-22)
(0.991827 0.00117263 -1.48012e-21)
(0.985777 0.00208329 -2.75581e-21)
(0.976024 0.00667163 9.55783e-22)
(0.965703 0.0097474 1.51833e-21)
(0.951873 0.0176477 -4.73952e-22)
(0.937114 0.0237026 1.4019e-21)
(0.918524 0.0354385 3.53895e-21)
(0.898784 0.0452854 -4.9923e-21)
(0.874874 0.0627593 2.31592e-22)
(0.849777 0.0779265 3.48638e-21)
(0.8203 0.104258 5.90789e-22)
(0.789736 0.12558 -6.12059e-21)
(0.75582 0.16693 2.88258e-21)
(0.998885 0.000373626 -1.07865e-21)
(0.997808 -0.000421678 -6.46085e-24)
(0.991788 0.00194588 4.28524e-23)
(0.985872 0.00312536 2.3741e-21)
(0.976038 0.00816723 1.83572e-22)
(0.965937 0.0119143 -1.24269e-21)
(0.952123 0.0206177 -8.76478e-22)
(0.937719 0.0273687 -1.05231e-21)
(0.919329 0.0404282 -1.30494e-21)
(0.900253 0.0513589 2.04349e-21)
(0.876944 0.0708049 4.94102e-21)
(0.853093 0.0875565 -4.94056e-21)
(0.82496 0.116761 -6.45158e-21)
(0.796649 0.140179 3.04096e-21)
(0.765421 0.185776 9.76459e-21)
(0.998841 0.000538548 1.09237e-21)
(0.997878 -5.22504e-05 -2.24595e-21)
(0.991751 0.00271285 7.17277e-22)
(0.985965 0.00416384 -1.81167e-21)
(0.97607 0.00976419 -3.63783e-22)
(0.966228 0.0140167 3.03806e-22)
(0.952417 0.0235684 9.15917e-22)
(0.938409 0.0310232 6.10822e-22)
(0.920243 0.045379 -9.81094e-22)
(0.901911 0.057373 3.42003e-22)
(0.879264 0.0787444 -1.09219e-21)
(0.856802 0.0969991 6.99378e-21)
(0.830151 0.128974 -1.0205e-20)
(0.804338 0.154306 5.1745e-21)
(0.776064 0.203896 3.50056e-21)
(0.998796 0.000700589 -4.0287e-22)
(0.997953 0.000318483 4.23402e-21)
(0.991714 0.00347169 1.47819e-21)
(0.986084 0.00519673 -1.24622e-21)
(0.97612 0.0114868 2.82946e-21)
(0.966541 0.0161219 1.51958e-21)
(0.952755 0.0265005 -3.62469e-22)
(0.939183 0.0346651 -1.13461e-21)
(0.921268 0.0502854 -7.98941e-22)
(0.903756 0.0633242 3.1092e-22)
(0.881828 0.0865658 -6.31799e-21)
(0.860899 0.106238 2.41234e-21)
(0.835862 0.140871 7.09662e-21)
(0.812784 0.167912 -4.35817e-21)
(0.787714 0.221215 1.35591e-21)
(0.99875 0.000859644 7.61554e-23)
(0.998032 0.000690504 1.22646e-23)
(0.991679 0.00422082 -3.37978e-22)
(0.98622 0.00622712 1.05562e-21)
(0.97619 0.0131263 -1.40807e-21)
(0.966888 0.0182152 -9.55518e-22)
(0.953141 0.0294106 -3.05636e-21)
(0.94004 0.0382929 7.02841e-22)
(0.922405 0.0551415 6.1054e-21)
(0.905786 0.0692097 -7.52811e-21)
(0.884633 0.0942564 4.74494e-21)
(0.86538 0.115257 3.94536e-21)
(0.842081 0.152423 9.73575e-22)
(0.821967 0.180942 -5.50055e-21)
(0.800339 0.237659 8.7199e-21)
(0.998703 0.00101565 4.83629e-22)
(0.998114 0.00106309 -1.92512e-21)
(0.991644 0.00496436 -2.46269e-22)
(0.986373 0.00721518 -3.44619e-22)
(0.976282 0.0147472 1.39802e-21)
(0.967271 0.0203059 -5.81859e-22)
(0.953577 0.0322977 1.92756e-21)
(0.940982 0.0419057 2.74761e-22)
(0.923657 0.0599422 -4.63553e-21)
(0.908002 0.0750277 7.43456e-21)
(0.88768 0.101803 -6.13532e-21)
(0.870244 0.124043 -6.81911e-21)
(0.848795 0.163603 8.21139e-21)
(0.831869 0.193344 -1.15976e-21)
(0.813906 0.253163 7.65438e-21)
(0.998655 0.00116858 4.78057e-22)
(0.9982 0.00143622 -6.32247e-22)
(0.991608 0.00568789 9.88233e-22)
(0.986544 0.00821148 -9.58236e-22)
(0.976401 0.0163519 1.47527e-21)
(0.967693 0.0223929 -1.03685e-21)
(0.954068 0.0351605 -4.65092e-23)
(0.942013 0.0455031 -5.71173e-21)
(0.925032 0.064684 7.57924e-21)
(0.910408 0.0807785 -8.04165e-21)
(0.890974 0.109192 6.58726e-21)
(0.875492 0.132587 -1.46553e-21)
(0.855995 0.17438 -7.49461e-21)
(0.842478 0.205057 1.40381e-21)
(0.828385 0.267667 9.04895e-21)
(0.998607 0.00131839 -1.36531e-21)
(0.998289 0.0018131 -1.99775e-22)
(0.991575 0.00633031 5.68362e-22)
(0.986736 0.00930394 8.47459e-22)
(0.976545 0.0179423 -9.89857e-22)
(0.968159 0.0244736 1.00011e-21)
(0.954621 0.0379963 6.4033e-22)
(0.943143 0.0490818 1.5013e-21)
(0.926542 0.0693613 -7.58629e-21)
(0.913014 0.0864598 9.93956e-22)
(0.89453 0.116408 4.61772e-21)
(0.881137 0.14088 -4.48779e-21)
(0.863676 0.184717 -2.62417e-21)
(0.853792 0.216015 3.66304e-21)
(0.843758 0.281119 -1.76149e-21)
(0.998557 0.00146535 2.40241e-22)
(0.998375 0.00218579 -1.60858e-21)
(0.991552 0.00704908 -1.2345e-21)
(0.986959 0.0104213 -1.37961e-21)
(0.97671 0.0195093 9.4412e-22)
(0.968682 0.0265378 -4.81764e-22)
(0.955245 0.040792 -1.90887e-21)
(0.944391 0.052624 3.51611e-21)
(0.92821 0.0739527 -1.11309e-21)
(0.915849 0.0920488 6.83863e-21)
(0.898379 0.123419 -2.39525e-21)
(0.887206 0.148902 -1.22876e-21)
(0.871852 0.194565 -2.58289e-21)
(0.865838 0.226146 1.05214e-20)
(0.860029 0.293475 1.13653e-21)
(0.998506 0.00160902 1.16658e-21)
(0.998474 0.00254873 6.08718e-22)
(0.991538 0.0078504 1.37837e-21)
(0.987205 0.0115019 -5.08948e-22)
(0.976906 0.0210596 -2.10128e-22)
(0.969278 0.0285952 -4.80996e-22)
(0.955959 0.0435614 1.98553e-21)
(0.945791 0.056144 -3.84369e-21)
(0.93007 0.0784755 3.46146e-21)
(0.918968 0.0975637 1.22199e-21)
(0.902584 0.130236 1.92935e-21)
(0.893774 0.156687 -2.08723e-21)
(0.88058 0.203915 -7.11052e-21)
(0.878709 0.235428 1.31589e-20)
(0.877274 0.30484 -1.49728e-20)
(0.998452 0.00174726 -9.66634e-22)
(0.998583 0.00292038 1.33483e-22)
(0.991538 0.00859883 5.00356e-22)
(0.987489 0.0126065 -1.12169e-21)
(0.97715 0.0226584 1.93277e-21)
(0.969977 0.0307474 -1.08727e-21)
(0.956794 0.0464428 -1.73847e-21)
(0.947408 0.0598325 2.02498e-21)
(0.932191 0.0831547 -3.70897e-21)
(0.922492 0.103275 4.56116e-21)
(0.907276 0.1371 -6.62271e-21)
(0.901023 0.164483 6.83637e-21)
(0.890033 0.212762 2.20312e-21)
(0.892712 0.243803 -8.76275e-21)
(0.89573 0.315252 1.99958e-21)
(0.998397 0.00188268 1.4336e-22)
(0.998705 0.00330289 -4.42634e-23)
(0.991564 0.00930828 2.82392e-22)
(0.987835 0.0136762 2.19686e-22)
(0.977472 0.024198 -4.61083e-22)
(0.970832 0.0328349 1.3306e-21)
(0.95782 0.0492189 2.07238e-21)
(0.949361 0.0633996 -4.6659e-21)
(0.934711 0.0876197 2.90109e-21)
(0.92666 0.108702 -2.0525e-21)
(0.912716 0.143391 -4.42168e-21)
(0.909365 0.171441 1.37542e-21)
(0.900672 0.219868 6.28119e-21)
(0.90883 0.250191 1.91224e-21)
(0.916558 0.322088 -4.82578e-21)
)
;

boundaryField
{
    inlet
    {
        type            uniformFixedValue;
        uniformValue    constant (1 0 0);
        value           uniform (1 0 0);
    }
    outlet
    {
        type            pressureInletOutletVelocity;
        value           nonuniform 0();
    }
    cylinder
    {
        type            fixedValue;
        value           uniform (0 0 0);
    }
    top
    {
        type            symmetryPlane;
    }
    bottom
    {
        type            symmetryPlane;
    }
    defaultFaces
    {
        type            empty;
    }
    procBoundary2to0
    {
        type            processor;
        value           nonuniform List<vector> 
26
(
(0.0186115 0.00144936 1.69608e-21)
(0.0845892 0.00317768 -4.66377e-21)
(0.185125 0.00332512 -5.28264e-21)
(0.185125 0.00332512 -5.28264e-21)
(0.281348 -0.0489298 -5.01952e-21)
(0.367006 -0.0441874 4.41612e-21)
(0.443331 -0.0395575 2.20998e-21)
(0.511167 -0.0353575 -3.52676e-21)
(0.571532 -0.0315782 -4.09177e-21)
(0.625229 -0.0281624 6.01667e-22)
(0.672955 -0.025059 -1.7007e-21)
(0.999155 -0.00138885 -6.61189e-23)
(0.997458 -0.00405984 6.49778e-23)
(0.992132 -0.00597397 -8.41752e-23)
(0.985606 -0.00725828 -1.20542e-22)
(0.976384 -0.00819271 1.13744e-22)
(0.965429 -0.00854264 1.82339e-22)
(0.951706 -0.00915398 1.27677e-22)
(0.935743 -0.00935476 -7.82199e-23)
(0.916481 -0.0101822 3.12389e-22)
(0.894422 -0.0108685 5.77432e-23)
(0.868242 -0.0123272 1.49907e-22)
(0.838559 -0.0137637 2.11839e-22)
(0.803844 -0.016174 -2.4872e-24)
(0.764755 -0.0185466 -1.56664e-22)
(0.720047 -0.0222362 -2.63285e-23)
)
;
    }
    procBoundary2to3
    {
        type            processor;
        value           nonuniform List<vector> 
50
(
(-0.016982 0.013026 -2.07746e-20)
(-0.0166771 0.0181146 1.43181e-20)
(-0.0166771 0.0181146 1.43181e-20)
(0.0369294 0.0122885 -1.5826e-21)
(0.0612257 0.00856733 5.56706e-20)
(0.0612257 0.00856733 5.56706e-20)
(0.218883 0.0044506 -2.31238e-20)
(0.218883 0.0044506 -2.31238e-20)
(0.476909 0.0183972 2.05676e-20)
(0.476909 0.0183972 2.05676e-20)
(0.706592 0.0427594 -6.79425e-20)
(1.00688 0.0915695 -1.11465e-20)
(1.00688 0.0915695 -1.11465e-20)
(1.21195 0.135586 -2.88581e-20)
(1.21195 0.135586 -2.88581e-20)
(1.30725 0.163823 2.15613e-20)
(1.30725 0.163823 2.15613e-20)
(1.32731 0.161013 -9.07176e-21)
(1.32617 0.172869 -3.18577e-21)
(1.32617 0.172869 -3.18577e-21)
(1.31798 0.170384 6.26992e-21)
(1.30746 0.166884 8.59189e-22)
(1.2958 0.162416 -7.95074e-21)
(1.28383 0.156957 3.07965e-21)
(1.27219 0.150832 2.07638e-22)
(1.26119 0.144342 7.07502e-22)
(1.25082 0.137591 -2.80925e-21)
(1.24088 0.130599 -8.26831e-22)
(1.23128 0.123419 2.1582e-21)
(1.22195 0.116129 9.80478e-22)
(1.21285 0.108778 -7.39589e-23)
(1.20393 0.101419 6.56609e-22)
(1.1952 0.0941102 -1.16021e-21)
(1.18664 0.0868938 -1.24936e-21)
(1.18664 0.0868938 -1.24936e-21)
(1.1815 0.0779751 -2.71529e-22)
(1.17306 0.0712154 3.62767e-22)
(1.16484 0.0646479 -7.27345e-22)
(1.15687 0.0582989 3.20532e-22)
(1.14917 0.0521859 5.43839e-23)
(1.1418 0.04632 -1.14784e-22)
(1.1348 0.0407041 -7.83132e-24)
(1.12823 0.0353324 2.02735e-22)
(1.12215 0.0301924 -3.14209e-23)
(1.11663 0.0252639 -5.0801e-23)
(1.11176 0.0205139 -7.849e-23)
(1.10761 0.0159087 2.62768e-23)
(1.10431 0.0113801 3.96881e-23)
(1.10195 0.00689271 2.72336e-23)
(1.10065 0.00232103 1.47557e-23)
)
;
    }
}


// ************************************************************************* //
