/*--------------------------------*- C++ -*----------------------------------*\
  =========                 |
  \\      /  F ield         | OpenFOAM: The Open Source CFD Toolbox
   \\    /   O peration     | Website:  https://openfoam.org
    \\  /    A nd           | Version:  7
     \\/     M anipulation  |
\*---------------------------------------------------------------------------*/
FoamFile
{
    version     2.0;
    format      ascii;
    class       surfaceScalarField;
    location    "290";
    object      phi;
}
// * * * * * * * * * * * * * * * * * * * * * * * * * * * * * * * * * * * * * //

dimensions      [0 3 -1 0 0 0 0];

internalField   nonuniform List<scalar> 
4136
(
-0.000985621
-5.92438e-05
-0.00301147
-5.04771e-05
-2.90138e-06
-0.000984411
0.000925167
-0.00300838
0.00197349
-0.00552416
0.00251288
-0.00824669
0.0027647
-0.0110826
0.00291573
-0.014025
0.00306043
-0.0170888
0.00322451
-0.0202915
0.00341057
-0.0236495
0.00361726
0.00384428
-0.0271792
-0.000978911
0.00190408
-0.00299476
0.00398934
-0.00550291
0.00502103
-0.00821872
0.00548051
-0.0110483
0.00574529
-0.0139844
0.00599657
-0.0170419
0.006282
-0.0202382
0.00660691
-0.0235899
0.00696889
0.00736726
-0.0271128
-0.00096913
0.00287321
-0.00297061
0.00599082
-0.0054653
0.00751572
-0.00816927
0.00818448
-0.0109877
0.00856372
-0.0139128
0.00892163
-0.016959
0.00932827
-0.020144
0.00979183
-0.023484
0.0103089
0.0108782
-0.0269949
-0.000955085
0.00382829
-0.00293595
0.00797168
-0.00541135
0.00999112
-0.00809835
0.0108715
-0.0109008
0.0113662
-0.01381
0.0118308
-0.0168402
0.0123584
-0.0200087
0.0129603
-0.023332
0.0136322
0.0143717
-0.0268256
-0.000936802
0.0047651
-0.00289078
0.00992567
-0.00534103
0.0124414
-0.00800595
0.0135364
-0.0107877
0.0141479
-0.0136762
0.0147194
-0.0166854
0.0153676
-0.0198325
0.0161074
-0.023134
0.0169337
0.0178425
-0.0266047
-0.000914313
0.00567941
-0.00283516
0.0118465
-0.00525438
0.0148606
-0.00789206
0.0161741
-0.0106482
0.0169041
-0.0135114
0.0175825
-0.0164947
0.018351
-0.0196154
0.0192281
-0.0228899
0.0202083
0.021285
-0.0263325
-0.000887665
0.00656707
-0.0027691
0.013728
-0.00515138
0.0172429
-0.00775668
0.0187794
-0.0104825
0.01963
-0.0133155
0.0204154
-0.0162682
0.0213037
-0.0193576
0.0223174
-0.0226
0.0234508
0.024694
-0.026009
-0.000856909
0.00742398
-0.00269268
0.0155637
-0.00503207
0.0195823
-0.00759981
0.0213471
-0.0102906
0.0223208
-0.0130887
0.0232135
-0.016006
0.024221
-0.0190591
0.0253705
-0.0222644
0.0266561
0.028064
-0.0256345
-0.000822113
0.00824609
-0.00260593
0.0173475
-0.00489647
0.0218728
-0.00742145
0.0238721
-0.0100724
0.0249717
-0.0128309
0.0259721
-0.0157081
0.0270982
-0.0187201
0.0283826
-0.0218834
0.0298194
0.0313898
-0.0252092
-0.000783353
0.00902945
-0.00250896
0.0190731
-0.00474461
0.0241085
-0.00722161
0.0263491
-0.00982795
0.027578
-0.0125423
0.0286865
-0.0153747
0.0299305
-0.0183409
0.0313488
-0.0214572
0.0329357
0.0346664
-0.0247338
-0.00074072
0.00977017
-0.00240184
0.0207343
-0.00457652
0.0262831
-0.0070003
0.0287729
-0.00955735
0.0301351
-0.012223
0.0313521
-0.0150059
0.0327134
-0.0179217
0.0342645
-0.0209864
0.0360005
0.0378889
-0.0242088
-0.000694323
0.0104645
-0.00228469
0.0223246
-0.00439225
0.0283907
-0.00675753
0.0311381
-0.0092606
0.0326381
-0.011873
0.0339646
-0.014602
0.0354424
-0.0174626
0.0371252
-0.0204713
0.0390091
0.0410527
-0.0236352
-0.000644283
0.0111088
-0.00215764
0.023838
-0.00419189
0.030425
-0.00649333
0.0334396
-0.00893774
0.0350825
-0.0114925
0.0365193
-0.0141629
0.0381128
-0.0169641
0.0399263
-0.0199124
0.0419575
0.0441541
-0.0230138
-0.000590745
0.0116995
-0.00202088
0.0252681
-0.00397552
0.0323796
-0.00620772
0.0356718
-0.00858882
0.0374636
-0.0110815
0.039012
-0.013689
0.0407204
-0.0164261
0.0426633
-0.0193103
0.0448417
0.0471899
-0.022346
-0.000533873
0.0122334
-0.00187458
0.0266088
-0.00374325
0.0342483
-0.00590076
0.0378293
-0.00821389
0.0397768
-0.0106401
0.0414382
-0.0131804
0.0432606
-0.0158486
0.0453316
-0.018665
0.047658
0.0501581
-0.0216332
-0.000473852
0.0127072
-0.001719
0.027854
-0.00349523
0.0360245
-0.00557252
0.0399066
-0.00781301
0.0420173
-0.0101686
0.0437938
-0.0126372
0.0457292
-0.0152318
0.0479261
-0.0179764
0.0504027
0.0530591
-0.0208774
-0.000410894
0.0131181
-0.00155442
0.0289975
-0.00323165
0.0377017
-0.00522307
0.041898
-0.00738623
0.0441804
-0.00966701
0.0460746
-0.0120599
0.0481221
-0.0145748
0.050441
-0.017242
0.0530699
0.0558973
-0.0200802
-0.000345232
0.0134634
-0.00138117
0.0300334
-0.00295273
0.0392733
-0.00485255
0.0437978
-0.00693368
0.0462616
-0.00913556
0.0482765
-0.0114496
0.0504361
-0.0138801
0.0528716
-0.0164611
0.0556509
0.0586837
-0.0192475
-0.000277131
0.0137405
-0.00119967
0.030956
-0.00265875
0.0407324
-0.00446112
0.0456002
-0.00645545
0.0482559
-0.00857394
0.050395
-0.0108051
0.0526673
-0.0131446
0.0552111
-0.0156099
0.0581161
0.0614436
-0.0183698
-0.000206898
0.0139474
-0.00101036
0.0317594
-0.00235001
0.042072
-0.004049
0.0472992
-0.00595191
0.0501588
-0.00798288
0.0524259
-0.0101294
0.0548138
-0.0123914
0.0574732
-0.0147314
0.060456
0.0642168
-0.0175046
-0.000134978
0.0140824
-0.00081372
0.0324382
-0.00202685
0.0432851
-0.00361649
0.0488888
-0.00542333
0.0519656
-0.0073625
0.0543651
-0.00941619
0.0568675
-0.0115967
0.0596537
-0.0139143
0.0627736
0.0664963
-0.0161937
-6.24086e-05
0.0141448
-0.000609983
0.0329858
-0.00168969
0.0443649
-0.00316393
0.0503631
-0.00486983
0.0536715
-0.00671335
0.0562086
-0.0086687
0.0588229
-0.0107448
0.0617297
-0.0129449
0.0649737
0.0688181
-0.0152666
7.66027e-06
0.0141371
-0.000398462
0.0333919
-0.00133918
0.0453056
-0.00269183
0.0517157
-0.00429181
0.0552715
-0.00603632
0.0579531
-0.00789144
0.060678
-0.00986389
0.0637022
-0.0119718
0.0670816
0.0710397
-0.0141934
8.90262e-05
0.0140481
-0.000175493
0.0336564
-0.000976382
0.0461065
-0.00220075
0.0529401
-0.00368986
0.0567606
-0.00533229
0.0595956
-0.00708634
0.062432
-0.00895584
0.0655717
-0.010959
0.0690847
0.0731461
-0.0130654
0.000163138
0.013885
5.47556e-05
0.0337648
-0.000603029
0.0467642
-0.00169111
0.0540282
-0.00306463
0.0581341
-0.00460173
0.0611327
-0.00625274
0.064083
-0.00801731
0.0673363
-0.00991126
0.0709787
0.0751393
-0.0119044
0.000232911
0.013652
0.000258434
0.0337393
-0.000215892
0.0472386
-0.00116413
0.0549764
-0.00241693
0.0593869
-0.00384493
0.0625607
-0.00539023
0.0656283
-0.00704718
0.0689932
-0.00882927
0.0727608
0.0770228
-0.0107128
0.000301617
0.0133504
0.000476767
0.0335641
0.000177358
0.047538
-0.00062304
0.0557768
-0.00174735
0.0605113
-0.00306237
0.0638757
-0.00449912
0.0670651
-0.00604592
0.07054
-0.00771298
0.0744278
0.0787921
-0.00948227
0.000369193
0.0129812
0.000696276
0.033237
0.000567051
0.0476672
-6.26781e-05
0.0564065
-0.0010565
0.0615051
-0.00225462
0.0650738
-0.00357996
0.0683904
-0.00501421
0.0719743
-0.00656355
0.0759772
0.080441
-0.00821242
0.000433958
0.0125473
0.000914996
0.032756
0.000968222
0.047614
0.000502601
0.0568721
-0.000346868
0.0623545
-0.00142242
0.0661494
-0.00263337
0.0696014
-0.00395264
0.0732935
-0.00538232
0.0774069
0.0819656
-0.00690695
0.000494942
0.0120523
0.00113093
0.03212
0.00137335
0.0473716
0.00108447
0.057161
0.000382913
0.0630561
-0.000567096
0.0670994
-0.00166025
0.0706945
-0.00286188
0.0744952
-0.00417057
0.0787156
0.0833633
-0.00556824
0.000551283
0.0115011
0.00134151
0.0313298
0.00177925
0.0469338
0.00167647
0.0572638
0.00113095
0.0636016
0.000311275
0.067919
-0.000662334
0.0716681
-0.00174294
0.0755758
-0.00292982
0.0799024
0.0846317
-0.00419821
0.000602065
0.010899
0.001544
0.0303878
0.00218267
0.0462951
0.0022754
0.0571711
0.00189516
0.0639819
0.00121397
0.0686002
0.000360739
0.0725214
-0.000599388
0.0765359
-0.00165986
0.0809629
0.0857705
-0.00279871
0.000646407
0.0102526
0.00173562
0.0292986
0.00257981
0.045451
0.00287802
0.0568729
0.00267283
0.064187
0.00213611
0.0691369
0.00141234
0.0732451
0.000572729
0.0773755
-0.000350217
0.0818859
0.0867988
-0.00137853
0.000683515
0.00956907
0.00191348
0.0280687
0.00296641
0.044398
0.00348031
0.056359
0.00346106
0.0642063
0.00307649
0.0695215
0.00248421
0.0738374
0.00177168
0.078088
0.000961077
0.0826965
0.0877489
1.10191e-05
0.000712705
0.00885637
0.00207457
0.0267068
0.00333771
0.0431349
0.00407745
0.0556192
0.00425614
0.0640276
0.0040327
0.069745
0.00357669
0.0742934
0.00299071
0.078674
0.00231522
0.083372
0.0884948
0.00156934
0.000733418
0.00812295
0.00221562
0.0252246
0.0036884
0.0416621
0.00466379
0.0546438
0.00505354
0.0636379
0.00500174
0.0697968
0.00468844
0.0746067
0.00423345
0.079129
0.00369232
0.0839131
0.0891077
0.00307936
0.000745284
0.00737766
0.00233353
0.0236363
0.00401266
0.039983
0.00523276
0.0534237
0.00584772
0.0630229
0.00597981
0.0696647
0.00581673
0.0747698
0.00549595
0.0794498
0.00508549
0.0843236
0.0895872
0.004606
0.000748142
0.00662952
0.0024255
0.021959
0.00430429
0.0381042
0.00577675
0.0519513
0.00663193
0.0621677
0.006962
0.0693346
0.00695804
0.0747738
0.00677501
0.0796328
0.00649572
0.0846028
0.0899334
0.00614957
0.000742038
0.00588748
0.00248907
0.020212
0.00455673
0.0360365
0.00628716
0.0502208
0.00739809
0.0610568
0.00794227
0.0687904
0.0081084
0.0746076
0.00806829
0.0796729
0.00792212
0.084749
0.090147
0.00770844
0.000727238
0.00516025
0.00252227
0.0184169
0.0047633
0.0337955
0.0067543
0.0482298
0.00813663
0.0596745
0.00891322
0.0680138
0.00926308
0.0742578
0.00937306
0.0795629
0.00936282
0.0847593
0.0902283
0.00928159
0.00070424
0.00445601
0.00252388
0.0165973
0.0049175
0.0314019
0.00716759
0.0459797
0.0088363
0.0580058
0.00986571
0.0669844
0.010416
0.0737075
0.0106857
0.0792932
0.0108155
0.0846295
0.0901761
0.0108677
0.000673764
0.00378224
0.00249357
0.0147775
0.00501341
0.028882
0.00751573
0.0434774
0.00948414
0.0560373
0.0107886
0.06568
0.0115594
0.0729366
0.0120016
0.0788511
0.0122773
0.0843537
0.0899883
0.0124651
0.000636742
0.0031455
0.00243207
0.0129822
0.00504619
0.0262679
0.00778705
0.0407366
0.0100654
0.053759
0.0116683
0.0640771
0.0126834
0.0719216
0.0133144
0.0782201
0.0137446
0.0839235
0.0896613
0.0140716
0.000594279
0.00255122
0.00234124
0.0112352
0.00501266
0.0235965
0.00797011
0.0377791
0.0105637
0.0511654
0.0124887
0.0621522
0.0137754
0.0706349
0.014616
0.0773794
0.0152125
0.083327
0.0891901
0.0156837
0.000547615
0.00200361
0.00222406
0.00955875
0.00491186
0.0209087
0.00805446
0.0346365
0.0109616
0.0482583
0.0132308
0.0598829
0.0148197
0.069046
0.015896
0.0763031
0.0166748
0.0825482
0.0885672
0.0172977
0.000498064
0.00150554
0.00208445
0.00797236
0.0047456
0.0182475
0.00803164
0.0313505
0.0112407
0.0450493
0.0138729
0.0572506
0.0157971
0.0671218
0.0171404
0.0749598
0.018123
0.0815657
0.0877813
0.0189088
0.000446956
0.00105859
0.00192711
0.00649221
0.00451866
0.015656
0.00789644
0.0279727
0.0113833
0.0415624
0.0143907
0.0542432
0.0166842
0.0648283
0.0183315
0.0733125
0.0195458
0.0803514
0.0868166
0.0205105
0.00039556
0.000663027
0.00175713
0.00513063
0.00423871
0.0131744
0.00764811
0.0245633
0.0113737
0.0378368
0.0147581
0.0508588
0.0174533
0.0621332
0.0194465
0.0713192
0.020928
0.0788699
0.0220941
0.000345017
0.000318011
0.00157968
0.00389597
0.00391582
0.0108383
0.00729144
0.0211877
0.0111999
0.0339284
0.0149485
0.0471101
0.0180724
0.0590094
0.0204571
0.0689344
0.000296262
2.1748e-05
0.00139956
0.00279268
0.00356157
0.00867627
0.00683724
0.017912
0.0108562
0.0299094
0.0149367
0.0430297
0.018506
0.05544
0.000249963
-0.000228215
0.00122088
0.00182176
0.0031879
0.00670925
0.00630179
0.0147981
0.0103454
0.0258659
0.0147019
0.00020644
-0.000434655
0.0010468
0.000981394
0.00280588
0.00495018
0.00570531
0.0118987
0.000165714
-0.000600369
0.000879371
0.000267737
0.00242482
0.00340472
0.000127539
-0.000727909
0.000719659
-0.000324382
9.15528e-05
-0.000819462
-0.000800924
5.74705e-05
-0.000876932
0.0344359
2.36552e-05
0.000895762
0.0335046
-0.00104889
0.00198016
0.0325454
-0.00339633
0.00435559
0.0315643
-0.00480284
0.00578389
0.0305398
-0.00746065
0.00848518
0.0294758
-0.00898964
0.0100537
0.028349
-0.0118176
0.0129444
0.0271633
-0.0134641
0.0146498
0.0259011
-0.0165173
0.0177796
0.024572
-0.0182839
0.019613
0.0231787
-0.0216621
0.0230553
0.0217494
-0.0233689
0.0247983
0.0203187
-0.027181
0.0286117
0.0190062
-0.0282967
0.0296091
-0.0330624
0.034564
0.0345629
0.000816091
0.0337481
-0.00023405
0.0328932
-0.00254143
0.0320077
-0.00391738
0.0310679
-0.00652088
0.0300821
-0.00800383
0.0290234
-0.0107589
0.0279026
-0.0123433
0.0266943
-0.015309
0.0254203
-0.0170099
0.0240623
-0.0203041
0.0226741
-0.0219808
0.021225
-0.0257318
0.0198817
-0.0269534
-0.0315505
0.0346848
0.00148667
0.0339829
0.000467807
0.0332291
-0.00178764
0.0324389
-0.00312717
0.0315837
-0.00566566
0.0306786
-0.00709878
0.0296908
-0.00977108
0.0286384
-0.0112909
0.0274873
-0.0141579
0.0262684
-0.015791
0.024946
-0.0189818
0.0235915
-0.0206262
0.0221355
-0.0242758
0.0207653
-0.0255832
-0.0300327
0.0348009
0.00204107
0.0342072
0.00106158
0.0335501
-0.00113062
0.0328513
-0.00242833
0.0320774
-0.00489175
0.0312502
-0.00627157
0.0303308
-0.00885176
0.0293448
-0.0103048
0.0282491
-0.0130622
0.0270841
-0.014626
0.0257976
-0.0176953
0.0244756
-0.0193041
0.0230217
-0.022822
0.0216289
-0.0241904
-0.028484
0.0349112
0.00248523
0.0344203
0.0015525
0.0338552
-0.000565526
0.0332433
-0.00181642
0.0325466
-0.00419512
0.0317935
-0.00551848
0.0309393
-0.0079975
0.0300165
-0.00938207
0.0289736
-0.0120193
0.0278602
-0.0135126
0.0266088
-0.0164439
0.0253167
-0.018012
0.0238698
-0.0213751
0.022457
-0.0227776
-0.0269044
0.0350154
0.00282517
0.0346218
0.00194611
0.0341437
-8.74613e-05
0.0336142
-0.00128688
0.0329908
-0.00357172
0.0323081
-0.00483579
0.0315155
-0.00720488
0.0306528
-0.00851942
0.0296599
-0.0110263
0.0285949
-0.0124476
0.0273775
-0.0152266
0.0261121
-0.0167466
0.0246745
-0.0199375
0.0232451
-0.0213481
-0.0252926
0.0351134
0.00306707
0.0348116
0.00224794
0.034415
0.00030918
0.0339634
-0.000835299
0.033409
-0.0030173
0.0327928
-0.00421959
0.0320582
-0.00647031
0.0312522
-0.00771339
0.0303063
-0.0100805
0.0292862
-0.0114275
0.0281016
-0.0140419
0.0268601
-0.0155051
0.0254327
-0.0185101
0.0239895
-0.0199049
-0.0236491
0.0352051
0.00321733
0.034989
0.00246399
0.0346688
0.000629427
0.0342902
-0.000456669
0.0338003
-0.00252747
0.0332465
-0.00366579
0.0325663
-0.00579006
0.0318131
-0.00696027
0.0309114
-0.00917874
0.0299328
-0.0104488
0.0287793
-0.0128885
0.0275593
-0.0142851
0.0261421
-0.0170929
0.0246875
-0.0184503
-0.0219755
0.0352902
0.00328247
0.0351538
0.00260042
0.0349049
0.000878291
0.034594
-0.00014574
0.0341642
-0.00209769
0.0336685
-0.0031701
0.0330388
-0.00516036
0.0323347
-0.0062562
0.0314742
-0.00831823
0.0305333
-0.00950791
0.0294093
-0.0117645
0.0282086
-0.0130844
0.026801
-0.0156853
0.0253368
-0.0169861
-0.0202738
0.0353686
0.00326921
0.0353058
0.00266323
0.0351226
0.0010615
0.0348743
0.000102559
0.0344999
-0.00172334
0.034058
-0.00272813
0.033475
-0.00457736
0.032816
-0.0055972
0.0319937
-0.00749592
0.031087
-0.00860126
0.0299904
-0.0106678
0.0288071
-0.0119011
0.0274083
-0.0142865
0.025936
-0.0155138
-0.0185466
0.0354402
0.00318434
0.0354448
0.00265859
0.035322
0.00118434
0.0351302
0.000294346
0.0348071
-0.0014002
0.0344143
-0.00233534
0.0338741
-0.00403723
0.0332562
-0.00497927
0.0324691
-0.00670876
0.0315932
-0.00772542
0.0305218
-0.00959641
0.029354
-0.0107333
0.0279632
-0.0128957
0.0264837
-0.0140344
-0.0167967
0.0355049
0.00303477
0.0355706
0.00259286
0.0355019
0.00125311
0.0353623
0.000433913
0.035085
-0.00112291
0.0347369
-0.00198718
0.0342357
-0.00353605
0.0336548
-0.00439835
0.0328996
-0.00595362
0.0320513
-0.00687705
0.0310027
-0.00854784
0.0298487
-0.0095793
0.0284648
-0.0115118
0.0269792
-0.0125487
-0.0150267
0.0355626
0.00282748
0.0356829
0.00247258
0.0356624
0.00127357
0.0355697
0.000526701
0.0353334
-0.000886695
0.0350252
-0.00167894
0.034559
-0.00306986
0.0340111
-0.00385042
0.0332848
-0.00522733
0.0324607
-0.00605294
0.0314325
-0.00751969
0.0302907
-0.00843746
0.0289128
-0.0101339
0.0274217
-0.0110576
-0.0132395
0.0356133
0.00256953
0.0357815
0.00230439
0.0358036
0.00125146
0.035752
0.000578334
0.035552
-0.000686702
0.0352789
-0.00140585
0.0348437
-0.00263465
0.0343247
-0.00333143
0.033624
-0.0045266
0.032821
-0.00524998
0.0318108
-0.00650949
0.0306795
-0.0073062
0.0293067
-0.00876111
0.0278109
-0.00956176
-0.0114377
0.0356568
0.00226807
0.0358662
0.00209498
0.035925
0.00119265
0.0359089
0.000594448
0.0357402
-0.000518019
0.0354975
-0.00116312
0.0350892
-0.00222639
0.0345952
-0.00283741
0.0339167
-0.00384812
0.0331319
-0.00446516
0.0321372
-0.00551476
0.031015
-0.00618397
0.0296464
-0.00739258
0.0281465
-0.00806177
-0.0096237
0.0356931
0.00193028
0.035937
0.00185113
0.0360265
0.00110308
0.0360403
0.000580737
0.0358979
-0.000375706
0.0356808
-0.000945947
0.0352953
-0.00184096
0.0348223
-0.0023644
0.0341627
-0.00318851
0.0333931
-0.00369558
0.0324114
-0.00453305
0.0312968
-0.00506934
0.0299318
-0.00602757
0.0284284
-0.00655838
-0.00780005
0.0357222
0.00156342
0.0359937
0.00157966
0.036108
0.000988748
0.0361458
0.000542955
0.0360249
-0.0002548
0.0358284
-0.000749495
0.0354617
-0.00147421
0.0350058
-0.00190847
0.0343616
-0.00254437
0.0336044
-0.00293837
0.0326333
-0.00356195
0.0315249
-0.00396092
0.0301627
-0.00466539
0.0286567
-0.00505236
-0.00596892
0.035744
0.00117477
0.0360362
0.00128747
0.0361692
0.0008557
0.0362253
0.000486899
0.0361208
-0.000150318
0.0359402
-0.000568933
0.035588
-0.00112197
0.0351453
-0.00146576
0.0345132
-0.00191227
0.0337655
-0.00219071
0.0328027
-0.0025991
0.0316992
-0.00285744
0.0303393
-0.00330546
0.0288314
-0.00354454
-0.0041324
0.0357585
0.000771649
0.0360645
0.000981446
0.0362102
0.000710003
0.0362787
0.000418411
0.0361856
-5.72694e-05
0.0360161
-0.000399422
0.0356741
-0.00077998
0.0352408
-0.00103242
0.0346173
-0.00128878
0.0338764
-0.00144981
0.0329195
-0.00164217
0.0318197
-0.00175767
0.0304615
-0.00194727
0.0289528
-0.0020358
-0.00229247
0.0357656
0.0360785
0.0362308
0.0363058
0.0362192
0.0360559
0.0357199
0.0352921
0.0346737
0.0339369
0.0329835
0.0318862
0.0305293
0.0290205
0.201993
-0.000188663
0.20247
-0.00047717
0.203214
-0.000743975
0.204136
-0.000922076
0.205211
-0.00107532
0.206362
-0.0011512
0.207566
-0.00120382
0.208761
-0.00119475
0.209936
-0.0011756
0.211049
-0.00111251
0.212104
-0.00105473
0.21307
-0.00096621
0.213966
-0.000895789
0.214766
-0.000800777
-0.000732489
0.215499
0.192563
-0.000368018
0.193015
-0.000929268
0.193721
-0.0014498
0.194597
-0.00179809
0.195622
-0.00210059
0.196723
-0.00225159
0.197878
-0.00235909
0.199028
-0.00234431
0.200163
-0.00231075
0.201239
-0.0021889
0.202263
-0.00207808
0.203201
-0.00190487
0.204074
-0.00176803
0.204854
-0.00158115
-0.00144908
0.20557
0.183574
-0.000537889
0.183995
-0.00135062
0.184662
-0.00211684
0.185492
-0.00262782
0.186472
-0.00308052
0.187527
-0.003307
0.188643
-0.00347525
0.189758
-0.0034588
0.190865
-0.00341821
0.191918
-0.00324214
0.192925
-0.0030849
0.193851
-0.00283029
0.194715
-0.0026321
0.195488
-0.00235496
-0.00216211
0.196202
0.175003
-0.000698321
0.175391
-0.0017387
0.176018
-0.00274409
0.176801
-0.00341024
0.177737
-0.00401652
0.17875
-0.00431997
0.179832
-0.00455769
0.180918
-0.00454496
0.182007
-0.00450714
0.183047
-0.00428211
0.184049
-0.0040865
0.184972
-0.00375362
0.18584
-0.00349971
0.186618
-0.00313307
-0.00288336
0.187339
0.166832
-0.000849408
0.167185
-0.00209108
0.167771
-0.00333064
0.168505
-0.0041436
0.169397
-0.00490872
0.170368
-0.00529097
0.171419
-0.00560933
0.172481
-0.00560664
0.173558
-0.00558363
0.174591
-0.00531554
0.175596
-0.00509117
0.176525
-0.00468316
0.177406
-0.00438004
0.178197
-0.00392414
-0.00362187
0.178935
0.159043
-0.00099119
0.159357
-0.00240545
0.159902
-0.00387573
0.160584
-0.00482549
0.161431
-0.0057561
0.162359
-0.0062187
0.163381
-0.00663091
0.164419
-0.00664517
0.165487
-0.00665116
0.166518
-0.00634652
0.167531
-0.00610465
0.168473
-0.00562486
0.169373
-0.0052801
0.170184
-0.00473484
-0.00438483
0.170947
0.151616
-0.00112354
0.15189
-0.00267984
0.152393
-0.00437879
0.153021
-0.00545289
0.153821
-0.00655681
0.154703
-0.00710035
0.155694
-0.00762139
0.156708
-0.00765977
0.157768
-0.00771096
0.158798
-0.00737687
0.159824
-0.00713053
0.160782
-0.00658268
0.161707
-0.00620507
0.162542
-0.00557024
-0.00517808
0.163336
0.144535
-0.00124608
0.144768
-0.00291287
0.145229
-0.00483946
0.145798
-0.00602232
0.14655
-0.00730842
0.147381
-0.00793198
0.148338
-0.00857829
0.149326
-0.00864781
0.150378
-0.00876232
0.151407
-0.00840642
0.152447
-0.00817054
0.153423
-0.00755887
0.154377
-0.00715865
0.155241
-0.0064341
-0.00600628
0.156069
0.137783
-0.00135805
0.137975
-0.00310411
0.138393
-0.00525745
0.138901
-0.00653018
0.1396
-0.00800835
0.140377
-0.00870877
0.141297
-0.009498
0.142254
-0.00960513
0.143295
-0.00980285
0.144322
-0.00943324
0.145376
-0.00922479
0.146371
-0.00855418
0.147356
-0.0081432
0.148251
-0.00732906
-0.00687319
0.149118
0.131345
-0.0014583
0.131496
-0.00325433
0.13187
-0.00563232
0.132313
-0.00697317
0.132959
-0.00865401
0.133676
-0.00942536
0.134554
-0.0103762
0.135475
-0.0105263
0.136501
-0.0108288
0.137522
-0.0104539
0.138589
-0.0102919
0.139603
-0.00956802
0.140619
-0.00915995
0.141547
-0.0082568
-0.00778173
0.142456
0.125206
-0.00154537
0.125317
-0.00336569
0.125648
-0.00596312
0.126024
-0.007349
0.126613
-0.00924289
0.127264
-0.0100762
0.128095
-0.011208
0.128974
-0.0114049
0.12998
-0.011835
0.13099
-0.0114636
0.132067
-0.0113693
0.133098
-0.0105986
0.134147
-0.0102091
0.135108
-0.00921814
-0.0087342
0.136061
0.119351
-0.0016176
0.119427
-0.00344158
0.119712
-0.00624826
0.12002
-0.00765686
0.120549
-0.00977245
0.121129
-0.0106562
0.121909
-0.0119884
0.122738
-0.0122338
0.123719
-0.0128157
0.124712
-0.0124563
0.125795
-0.012453
0.12684
-0.0116428
0.12792
-0.0112898
0.128915
-0.0102131
-0.00973227
0.129913
0.113767
-0.00167346
0.113811
-0.00348634
0.114049
-0.00648553
0.11429
-0.00789785
0.114757
-0.0102399
0.115262
-0.0111608
0.115985
-0.0127122
0.116757
-0.0130053
0.117705
-0.0137642
0.118674
-0.0134251
0.119759
-0.0135381
0.120813
-0.0126968
0.121924
-0.0124005
0.122952
-0.011241
-0.0107771
0.123997
0.108441
-0.00171175
0.10846
-0.00350478
0.108646
-0.00667241
0.108824
-0.0080751
0.109226
-0.0106422
0.109652
-0.0115873
0.110314
-0.0133741
0.111021
-0.0137117
0.11193
-0.0146734
0.112867
-0.0143621
0.113947
-0.0146184
0.115006
-0.0137553
0.116144
-0.0135385
0.117203
-0.0123004
-0.0118694
0.118295
0.103363
-0.00173186
0.10336
-0.00350159
0.103494
-0.00680659
0.103612
-0.0081934
0.103946
-0.0109758
0.104293
-0.0119348
0.104888
-0.0139685
0.105522
-0.014346
0.106384
-0.0155357
0.107281
-0.0152585
0.108349
-0.015687
0.109406
-0.0148124
0.110568
-0.0147002
0.111657
-0.0133891
-0.0130093
0.112797
0.0985209
-0.00173399
0.0985002
-0.00348084
0.0985802
-0.00688664
0.0986455
-0.00825863
0.0989067
-0.0112371
0.0991766
-0.0122046
0.0996974
-0.0144893
0.100254
-0.0149024
0.101061
-0.0163433
0.101908
-0.016105
0.102957
-0.0167361
0.104006
-0.0158609
0.105186
-0.0158811
0.106302
-0.0145044
-0.0141964
0.107489
0.0939052
-0.00171912
0.09387
-0.00344561
0.0938959
-0.00691258
0.0939143
-0.00827698
0.0941001
-0.0114229
0.0942958
-0.0124003
0.0947363
-0.0149298
0.0952107
-0.0153767
0.0959551
-0.0170878
0.0967423
-0.0168922
0.0977635
-0.0177573
0.0987953
-0.0168928
0.0999898
-0.0170756
0.101128
-0.0156426
-0.0154298
0.102361
0.0895059
-0.00168905
0.0894581
-0.00339781
0.0894318
-0.00688621
0.089409
-0.0082542
0.0895173
-0.0115312
0.0896437
-0.0125268
0.0899973
-0.0152834
0.0903881
-0.0157675
0.09106
-0.0177597
0.091779
-0.0176112
0.092763
-0.0187412
0.0937687
-0.0178985
0.0949705
-0.0182773
0.0961272
-0.0167993
-0.0167079
0.0974052
0.0853137
-0.00164614
0.0852541
-0.00333828
0.0851791
-0.00681112
0.0851199
-0.00819501
0.0851506
-0.0115619
0.0852133
-0.0125895
0.0854738
-0.0155439
0.0857818
-0.0160755
0.0863708
-0.0183487
0.087014
-0.0182544
0.0879506
-0.0196778
0.0889199
-0.0188679
0.0901216
-0.019479
0.0912914
-0.0179691
-0.0180282
0.0926117
0.0813192
-0.00159306
0.0812478
-0.00326692
0.0811293
-0.00669258
0.0810371
-0.00810285
0.0809926
-0.0115173
0.0809968
-0.0125938
0.0811598
-0.0157069
0.0813875
-0.0163032
0.0818824
-0.0188435
0.0824443
-0.0188163
0.0833218
-0.0205553
0.0842438
-0.0197899
0.0854376
-0.0206728
0.0866137
-0.0191452
-0.0193878
0.0879733
0.0775134
-0.00153255
0.0774297
-0.00318319
0.077274
-0.00653696
0.0771511
-0.00797988
0.0770361
-0.0114024
0.0769862
-0.0125439
0.0770496
-0.0157703
0.0772006
-0.0164542
0.0775903
-0.0192332
0.078068
-0.0192941
0.0788726
-0.0213599
0.0797367
-0.0206541
0.0809138
-0.0218498
0.082088
-0.0203194
-0.0207832
0.0834834
0.0738874
-0.00146708
0.0737908
-0.00308661
0.0736048
-0.00635099
0.0734522
-0.00782729
0.0732741
-0.0112242
0.0731729
-0.0124428
0.0731383
-0.0157357
0.0732158
-0.0165317
0.0734906
-0.019508
0.0738835
-0.019687
0.0745988
-0.0220752
0.0753962
-0.0214514
0.0765463
-0.0229999
0.0777091
-0.0214823
-0.0222105
0.0791364
0.0704324
-0.0013986
0.070323
-0.00297721
0.0701131
-0.00614112
0.0699317
-0.00764587
0.069699
-0.0109915
0.069548
-0.0122918
0.0694208
-0.0156085
0.0694271
-0.0165379
0.0695806
-0.0196615
0.0698895
-0.0199959
0.0704974
-0.022683
0.0712215
-0.0221756
0.0723313
-0.0241097
0.0734726
-0.0226237
-0.0236665
0.0749287
0.0671398
-0.00132846
0.0670183
-0.00285574
0.0667902
-0.00591294
0.0665812
-0.00743689
0.0663031
-0.0107134
0.0661032
-0.012092
0.0658922
-0.0153975
0.0658274
-0.0164731
0.0658586
-0.0196927
0.0660837
-0.020221
0.0665664
-0.0231657
0.0672138
-0.0228229
0.0682649
-0.0251608
0.0693737
-0.0237325
-0.0251524
0.0708596
0.0640016
-0.0012574
0.0638696
-0.00272376
0.0636276
-0.0056709
0.0633933
-0.0072026
0.0630781
-0.0103982
0.0628307
-0.0118447
0.0625466
-0.0151133
0.06241
-0.0163365
0.0623233
-0.019606
0.0624628
-0.0203605
0.0628061
-0.023509
0.0633762
-0.0233931
0.0643439
-0.0261284
0.0654073
-0.0247958
-0.026676
0.0669308
0.0610102
-0.00118573
0.0608698
-0.00258335
0.0606172
-0.00541835
0.060361
-0.00694633
0.0600157
-0.0100529
0.0597239
-0.0115529
0.0593774
-0.0147669
0.0591686
-0.0161277
0.0589735
-0.0194109
0.0590227
-0.0204097
0.0592186
-0.0237049
0.0597118
-0.0238863
0.0605675
-0.0269841
0.0615742
-0.0258025
-0.028242
0.0631403
0.0581585
-0.00111356
0.0580119
-0.00243679
0.0577515
-0.00515792
0.0574773
-0.00667214
0.0571078
-0.00968339
0.0567765
-0.0112215
0.0563775
-0.0143679
0.0560985
-0.0158487
0.0558067
-0.0191191
0.0557596
-0.0203626
0.055807
-0.0237524
0.056218
-0.0242973
0.056936
-0.0277021
0.0578892
-0.0267558
-0.0298261
0.0594733
0.0554399
-0.00104096
0.0552894
-0.00228631
0.0550235
-0.00489198
0.0547358
-0.00638443
0.0543474
-0.00929502
0.0539828
-0.0108569
0.0535401
-0.0139252
0.053196
-0.0155047
0.0528195
-0.0187426
0.0526712
-0.0202143
0.0525742
-0.0236553
0.0528825
-0.0246056
0.0534355
-0.0282551
0.0543792
-0.0276995
-0.0313558
0.0559089
0.0528484
-0.000968115
0.052696
-0.00213394
0.052427
-0.00462298
0.0521303
-0.00608765
0.0517282
-0.00889297
0.0513374
-0.0104661
0.0508592
-0.0134469
0.0504577
-0.0151032
0.0500067
-0.0182916
0.0497569
-0.0199645
0.0495198
-0.0234182
0.0496945
-0.0247802
0.0500224
-0.0285831
0.0510262
-0.0287033
-0.0328175
0.0524879
0.0503786
0.0502248
0.0499574
0.0496537
0.0492459
0.0488335
0.0483309
0.0478775
0.0473655
0.047014
0.0466511
0.0466691
0.0466977
0.0476035
0.04935
0.213977
0.00152183
0.212517
0.0014598
0.211129
0.00138799
0.209816
0.00131359
0.208579
0.00123672
0.207421
0.00115751
0.206345
0.00107608
0.205353
0.000992561
0.204446
0.000907064
0.203626
0.000819723
0.202895
0.000730673
0.202255
0.000640053
0.201707
0.000548005
0.201253
0.000454676
0.200892
0.000360217
0.200628
0.00026478
0.200459
0.000168528
0.200387
7.16384e-05
0.200413
-2.57517e-05
-0.000123667
0.200537
0.204116
0.00297606
0.202722
0.00285406
0.201397
0.00271293
0.200144
0.00256675
0.198965
0.00241578
0.197862
0.00226028
0.196838
0.00210049
0.195894
0.00193665
0.195032
0.001769
0.194254
0.0015978
0.193561
0.00142331
0.192955
0.0012458
0.192438
0.00106555
0.192009
0.000882845
0.191672
0.000697981
0.191425
0.000511254
0.191271
0.000322968
0.191209
0.000133442
0.19124
-5.70573e-05
-0.000248267
0.191365
0.194815
0.00436245
0.193486
0.00418292
0.192224
0.00397483
0.191032
0.00375936
0.189911
0.00353694
0.188863
0.00330797
0.187891
0.00307279
0.186995
0.00283175
0.186179
0.0025852
0.185444
0.0023335
0.18479
0.00207705
0.184219
0.00181624
0.183733
0.00155149
0.183333
0.00128319
0.183019
0.00101179
0.182793
0.000737709
0.182654
0.000461397
0.182605
0.000183336
0.182644
-9.6148e-05
-0.000376652
0.182772
0.18602
0.0056816
0.184756
0.00544718
0.183556
0.00517448
0.182423
0.00489216
0.181359
0.00460087
0.180366
0.00430114
0.179446
0.00399344
0.178599
0.00367817
0.177829
0.00335579
0.177135
0.0030268
0.176521
0.00269168
0.175986
0.00235095
0.175532
0.00200514
0.175161
0.00165479
0.174872
0.00130045
0.174667
0.00094267
0.174546
0.000582032
0.174511
0.000219165
0.17456
-0.000145583
-0.000511534
0.174695
0.177683
0.00693416
0.176482
0.0066476
0.175344
0.00631259
0.17427
0.00596579
0.173263
0.00560811
0.172324
0.00524025
0.171455
0.00486274
0.170657
0.0044761
0.169932
0.00408085
0.169281
0.00367758
0.168706
0.00326691
0.168207
0.00284946
0.167787
0.00242588
0.167445
0.00199681
0.167182
0.00156291
0.167
0.00112487
0.166899
0.000683392
0.166878
0.000239253
0.16694
-0.000207261
-0.000655135
0.167084
0.16976
0.00812068
0.168623
0.00778481
0.167546
0.00738975
0.166531
0.0069808
0.16558
0.00655914
0.164694
0.00612569
0.163876
0.00568104
0.163126
0.00522576
0.162447
0.00476046
0.161838
0.00428584
0.161303
0.00380261
0.160841
0.00331149
0.160453
0.00281325
0.160141
0.00230862
0.159906
0.00179838
0.159748
0.00128334
0.159667
0.000764291
0.159664
0.000242208
0.159739
-0.000282829
-0.000809304
0.159893
0.162215
0.00924156
0.16114
0.00885923
0.160124
0.00840641
0.159167
0.00793759
0.158272
0.00745435
0.15744
0.00695778
0.156672
0.00644857
0.15597
0.00592732
0.155336
0.00539472
0.15477
0.00485155
0.154274
0.00429863
0.153849
0.00373678
0.153496
0.00316685
0.153215
0.00258969
0.153007
0.00200617
0.152873
0.0014172
0.152813
0.000823709
0.152829
0.000226863
0.15292
-0.000373669
-0.00097563
0.153086
0.155014
0.010297
0.154002
0.00987111
0.153045
0.00936279
0.152146
0.00883643
0.151307
0.00829397
0.150528
0.00773674
0.149811
0.00716549
0.149157
0.00658088
0.148568
0.00598365
0.148045
0.00537466
0.147589
0.00475483
0.147201
0.00412508
0.146881
0.00348633
0.146632
0.00283955
0.146452
0.00218569
0.146343
0.00152575
0.146306
0.000860786
0.146341
0.000192267
0.146448
-0.000480959
-0.00115546
0.146628
0.148127
0.0112872
0.147178
0.0108204
0.146282
0.010259
0.145441
0.00967741
0.144657
0.0090781
0.143931
0.00846264
0.143265
0.00783186
0.142659
0.00718645
0.142115
0.00652722
0.141635
0.00585509
0.141219
0.00517107
0.140868
0.00447617
0.140583
0.0037714
0.140364
0.0030578
0.140214
0.00233642
0.140131
0.00160836
0.140117
0.00087478
0.140172
0.000137704
0.140296
-0.000605722
-0.00134994
0.140491
0.141531
0.0122118
0.140644
0.011707
0.139809
0.0110948
0.139026
0.0104605
0.138297
0.00980672
0.137624
0.00913546
0.137008
0.00844765
0.136451
0.007744
0.135953
0.00702536
0.135515
0.00629273
0.135139
0.00554719
0.134825
0.00478984
0.134575
0.00402176
0.134389
0.00324407
0.134267
0.00245794
0.134211
0.00166453
0.134221
0.000865129
0.134295
6.28135e-05
0.134439
-0.000748923
-0.00156016
0.134649
0.135202
0.0130706
0.134379
0.0125305
0.133603
0.0118699
0.132879
0.0111854
0.132206
0.0104797
0.131586
0.00975509
0.131021
0.00901275
0.130511
0.00825341
0.130059
0.00747797
0.129664
0.00668747
0.129328
0.00588306
0.129052
0.00506591
0.128837
0.00423719
0.128683
0.00339807
0.128591
0.00254979
0.128562
0.00169359
0.128596
0.000830951
0.128691
-3.26661e-05
0.128854
-0.000911092
-0.00178653
0.12908
0.129121
0.0138632
0.128361
0.0132901
0.127647
0.0125839
0.126981
0.0118518
0.126364
0.0110967
0.125798
0.0103213
0.125283
0.00952697
0.124822
0.00871453
0.124415
0.00788491
0.124064
0.00703918
0.123768
0.00617857
0.12353
0.00530432
0.123349
0.00441766
0.123227
0.00351986
0.123165
0.00261224
0.123162
0.00169616
0.12322
0.00077323
0.123342
-0.000154308
0.123523
-0.00109228
-0.00202976
0.123766
0.123271
0.0145889
0.122576
0.0139853
0.121924
0.0132361
0.121316
0.0124594
0.120755
0.0116575
0.120243
0.0108338
0.11978
0.00999005
0.119367
0.00912713
0.119006
0.00824597
0.118697
0.00734769
0.118443
0.00643353
0.118242
0.00550481
0.118097
0.00456285
0.118008
0.00360898
0.117975
0.00264459
0.118
0.00167113
0.118083
0.000690482
0.118226
-0.000297094
0.118427
-0.00129338
-0.00229028
0.118688
0.117637
0.015247
0.117008
0.0146151
0.116418
0.0138259
0.11587
0.0130074
0.115366
0.0121616
0.114907
0.0112923
0.114496
0.0104016
0.114132
0.00949091
0.113817
0.00856092
0.113552
0.00761277
0.113338
0.00664775
0.113175
0.00566723
0.113065
0.00467263
0.113009
0.00366533
0.113007
0.00264681
0.113059
0.00161862
0.113167
0.000583095
0.113332
-0.000462163
0.113553
-0.00151466
-0.0025685
0.113831
0.112207
0.0158367
0.111644
0.0151784
0.111117
0.0143523
0.110629
0.0134954
0.110182
0.0126086
0.109778
0.0116962
0.109419
0.0107614
0.109104
0.00980556
0.108835
0.00882952
0.108614
0.00783424
0.108441
0.00682107
0.108316
0.00579146
0.108242
0.00474688
0.108219
0.00368883
0.108247
0.00261883
0.108327
0.00153859
0.108459
0.000451177
0.108646
-0.000649761
0.108888
-0.00175613
-0.00286448
0.109184
0.106968
0.0163571
0.106473
0.0156741
0.106011
0.0148144
0.105583
0.0139226
0.105194
0.0129977
0.104845
0.012045
0.104538
0.0110688
0.104273
0.0100707
0.104051
0.00905145
0.103873
0.00801187
0.103741
0.00695332
0.103655
0.00587735
0.103617
0.00478553
0.103626
0.00367941
0.103684
0.00256062
0.103792
0.00143102
0.103948
0.000295165
0.104158
-0.000860136
0.10442
-0.00201796
-0.00317828
0.104734
0.101911
0.0168072
0.101484
0.016101
0.101088
0.0152113
0.100722
0.0142882
0.100391
0.0133283
0.100098
0.0123381
0.0998437
0.0113233
0.0996285
0.0102859
0.0994536
0.0092264
0.09932
0.00814541
0.099229
0.00704429
0.0991817
0.00592474
0.0991788
0.00478841
0.0992212
0.00363694
0.0993098
0.00247202
0.0994451
0.00129579
0.0996241
0.000116157
0.0998574
-0.0010935
0.10014
-0.00230014
-0.00350986
0.100471
0.0970265
0.0171859
0.0966697
0.0164578
0.0963392
0.0155417
0.0960361
0.0145913
0.0957647
0.0135997
0.095528
0.0125748
0.095327
0.0115244
0.0951622
0.0104507
0.0950346
0.009354
0.0949454
0.00823456
0.0948959
0.00709382
0.0948871
0.00593358
0.0949199
0.00475559
0.0949953
0.00356153
0.0951142
0.00235308
0.0952771
0.00113294
0.0954821
-8.88992e-05
0.0957378
-0.0013492
0.0960391
-0.00260144
-0.00385815
0.0963874
0.0923054
0.0174922
0.09202
0.0167432
0.091757
0.0158048
0.0915172
0.0148311
0.091306
0.0138109
0.0911266
0.0127542
0.0909798
0.0116712
0.090866
0.0105645
0.0907862
0.00943374
0.0907419
0.00827892
0.0907341
0.00710157
0.090764
0.00590369
0.0908324
0.00468721
0.09094
0.00345387
0.0910875
0.00220561
0.0912749
0.000945517
0.0915131
-0.000327098
0.0917895
-0.00162552
0.0921105
-0.00292247
-0.00422378
0.0924761
0.0877406
0.0177249
0.0875278
0.016956
0.087333
0.0159995
0.0871576
0.0150066
0.0870075
0.0139609
0.0868864
0.0128754
0.0867946
0.0117629
0.0867325
0.0106266
0.0867013
0.00946503
0.0867023
0.00827793
0.0867368
0.00706701
0.0868059
0.00583457
0.0869106
0.00458256
0.0870517
0.00331279
0.0872299
0.00202733
0.0874449
0.000730535
0.0877058
-0.000587947
0.0880048
-0.0019246
0.0883449
-0.00326247
-0.00460563
0.0887267
0.0833252
0.0178831
0.083186
0.0170953
0.0830604
0.0161251
0.0829501
0.0151169
0.0828624
0.0140486
0.0828006
0.0129371
0.0827647
0.0117988
0.0827551
0.0106363
0.0827729
0.00944716
0.08282
0.00823087
0.0828975
0.00698953
0.0830064
0.00572567
0.0831476
0.00444128
0.0833222
0.00313822
0.0835308
0.00181879
0.0837715
0.000489796
0.0840567
-0.00087315
0.0843781
-0.00224604
0.0847375
-0.00362185
-0.00500379
0.0851357
0.0790538
0.0179656
0.0789887
0.0171604
0.0789327
0.0161812
0.0788884
0.0151612
0.0788642
0.0140728
0.0788628
0.0129385
0.0788837
0.0117779
0.0789272
0.0105928
0.078995
0.00937935
0.0790888
0.00813702
0.0792099
0.00686848
0.0793591
0.00557643
0.0795375
0.0042629
0.079746
0.00292974
0.0799847
0.0015801
0.0802503
0.000224207
0.0805611
-0.00118398
0.080905
-0.00258988
0.0812833
-0.00400015
-0.00541777
0.0816972
0.0749224
0.0179719
0.0749312
0.0171516
0.0749445
0.0161679
0.074967
0.0151387
0.0750075
0.0140323
0.0750675
0.0128785
0.0751458
0.0116996
0.0752432
0.0104954
0.0753618
0.00926073
0.0755033
0.00799558
0.0756685
0.00670328
0.0758585
0.00538646
0.0760744
0.00404691
0.0763181
0.0026861
0.0765899
0.0013083
0.0768796
-6.55221e-05
0.0772163
-0.00152065
0.0775807
-0.00295432
0.0779768
-0.00439627
-0.00584716
0.0784062
0.0709291
0.0179024
0.07101
0.0170706
0.0710915
0.0160865
0.0711813
0.0150489
0.0712876
0.0139261
0.0714096
0.0127564
0.0715459
0.0115633
0.0716981
0.0103433
0.0718686
0.00909024
0.0720586
0.00780557
0.0722687
0.00649311
0.0724998
0.00515542
0.0727524
0.00379428
0.0730265
0.00241205
0.0733209
0.00101386
0.0736634
-0.000408001
0.0740192
-0.00187651
0.0744051
-0.00334015
0.0748197
-0.00481088
-0.00629098
0.0752635
0.0670737
0.0177595
0.0672229
0.0169213
0.0673707
0.0159387
0.067528
0.0148915
0.0677005
0.0137535
0.0678847
0.0125722
0.0680792
0.0113688
0.0682871
0.0101354
0.0685105
0.00886681
0.0687502
0.00756593
0.0690065
0.00623682
0.0692802
0.00488165
0.0695724
0.00350208
0.0698836
0.00210084
0.0702112
0.000686332
0.0705772
-0.000774017
0.0709613
-0.00226063
0.0713685
-0.00374733
0.0718008
-0.00524322
-0.00674977
0.0722596
0.0633539
0.017546
0.063567
0.0167083
0.063779
0.0157267
0.0640039
0.0146666
0.0642424
0.013515
0.064488
0.0123267
0.064741
0.0111157
0.0650055
0.00987091
0.065283
0.00858936
0.0655734
0.00727555
0.0658773
0.00593294
0.0661954
0.00456346
0.0665286
0.00316893
0.0668753
0.00175414
0.0672322
0.000329391
0.0676294
-0.00117116
0.0680411
-0.00267233
0.0684714
-0.00417768
0.0689231
-0.00569487
-0.00722428
0.0693976
0.0597599
0.0172594
0.0600354
0.0164327
0.0603117
0.0154505
0.0606052
0.014373
0.0609087
0.0132115
0.0612146
0.0120208
0.0615264
0.0108038
0.0618483
0.00954901
0.0621804
0.00825724
0.0625224
0.00693363
0.0628748
0.00558053
0.0632387
0.00419953
0.063616
0.0027916
0.0640065
0.00136369
0.064388
-5.21272e-05
0.0648192
-0.00160233
0.0652579
-0.00311106
0.0657126
-0.0046324
0.0661859
-0.00616818
-0.0077168
0.0666785
0.0562763
0.016892
0.056615
0.016094
0.0569602
0.0151053
0.0573258
0.0140075
0.0576936
0.0128437
0.0580597
0.0116547
0.0584313
0.0104322
0.0588113
0.00916907
0.0591987
0.00786984
0.0595934
0.00653887
0.0599959
0.0051781
0.0604055
0.00378994
0.0608194
0.00237764
0.0612338
0.000949304
0.0617037
-0.000521997
0.0621566
-0.00205519
0.0626253
-0.00357985
0.0631075
-0.00511454
0.0636032
-0.00666393
-0.00822742
0.0641139
0.0529087
0.0164713
0.0532947
0.0157079
0.0537141
0.0146858
0.0541516
0.01357
0.0545832
0.0124122
0.0550132
0.0112247
0.0554485
0.0099968
0.0558897
0.00872791
0.0563363
0.00742329
0.056789
0.00608609
0.0572486
0.0047185
0.0577149
0.00332362
0.0581841
0.00190848
0.0586427
0.000490693
0.0591448
-0.00102407
0.0596427
-0.00255306
0.0601444
-0.00408158
0.060654
-0.00562421
0.061172
-0.00718192
-0.00875363
0.0616982
0.0496276
0.0500689
0.0505613
0.0510659
0.0515736
0.0520856
0.0526001
0.0531156
0.0536319
0.0541498
0.0546701
0.055195
0.0557249
0.0562267
0.0567719
0.0572982
0.0578226
0.058348
0.0588745
0.0594025
0.200759
-0.000221614
0.201078
-0.000319565
0.201495
-0.000417363
0.20201
-0.000514838
0.202622
-0.000611818
0.20333
-0.000708137
0.204134
-0.000803623
0.205032
-0.000898111
-0.000991432
0.191583
-0.00043969
0.191894
-0.000631103
0.192299
-0.000822181
0.192797
-0.0010126
0.193387
-0.00120204
0.194069
-0.00139017
0.194842
-0.00157666
0.195705
-0.00176119
-0.00194344
0.18299
-0.000657412
0.183297
-0.00093813
0.183693
-0.00121834
0.184178
-0.00149757
0.184751
-0.00177535
0.185412
-0.00205121
0.18616
-0.00232466
0.186994
-0.00259526
-0.00286252
0.174915
-0.000877826
0.175221
-0.00124404
0.175613
-0.00160959
0.176089
-0.00197385
0.17665
-0.00233621
0.177295
-0.00269607
0.178023
-0.00305283
0.178833
-0.00340587
-0.0037546
0.167309
-0.00110342
0.167617
-0.0015516
0.168006
-0.00199895
0.168477
-0.00244474
0.169029
-0.00288823
0.169662
-0.00332868
0.170374
-0.00376537
0.171166
-0.00419755
-0.00462452
0.160126
-0.00133627
0.160438
-0.00186312
0.160828
-0.00238901
0.161296
-0.00291309
0.161842
-0.0034345
0.162466
-0.00395239
0.163167
-0.0044659
0.163943
-0.0049742
-0.00547644
0.153328
-0.00157817
0.153645
-0.00218059
0.154038
-0.00278197
0.154507
-0.00338131
0.15505
-0.00397766
0.155667
-0.00457006
0.156359
-0.00515755
0.157124
-0.00573916
-0.00631397
0.146881
-0.00183063
0.147206
-0.00250573
0.147603
-0.0031797
0.148074
-0.00385148
0.148616
-0.00451998
0.14923
-0.00518416
0.149915
-0.00584295
0.150672
-0.0064953
-0.00714016
0.140755
-0.00209495
0.141089
-0.00283995
0.141493
-0.0035838
0.141967
-0.00432533
0.142511
-0.00506338
0.143123
-0.00579678
0.143805
-0.00652438
0.144555
-0.00724505
-0.00795764
0.134926
-0.00237226
0.135271
-0.00318447
0.135683
-0.00399558
0.136162
-0.00480432
0.136708
-0.00560942
0.13732
-0.00640963
0.138
-0.00720372
0.138745
-0.00799045
-0.0087686
0.129371
-0.00266325
0.129727
-0.00354026
0.130147
-0.00441619
0.130633
-0.0052897
0.131183
-0.00615948
0.131797
-0.00702419
0.132476
-0.00788254
0.133219
-0.00873319
0.124071
-0.00296854
0.124439
-0.0039078
0.124869
-0.00484616
0.125361
-0.00578217
0.125916
-0.0067144
0.126534
-0.00764146
0.127213
-0.00856197
-0.00947454
0.119008
-0.00328879
0.119388
-0.00428799
0.119828
-0.00528643
0.120329
-0.00628262
0.120889
-0.00727509
0.12151
-0.00826237
0.122191
-0.009243
-0.0102155
0.114167
-0.00362425
0.11456
-0.004681
0.115011
-0.00573725
0.115519
-0.00679143
0.116086
-0.00784201
0.116711
-0.00888744
0.117395
-0.00992623
-0.0109569
0.109535
-0.00397509
0.109941
-0.00508708
0.110402
-0.00619888
0.11092
-0.00730885
0.111493
-0.0084154
0.112123
-0.00951695
0.112808
-0.0106119
-0.0116988
0.1051
-0.00434128
0.105519
-0.00550615
0.105991
-0.00667123
0.106517
-0.00783482
0.107097
-0.00899525
0.107731
-0.0101509
0.108419
-0.0113001
-0.0124414
0.100853
-0.00472278
0.101285
-0.00593813
0.101768
-0.00715417
0.102302
-0.00836913
0.102888
-0.00958128
0.103526
-0.0107889
0.104216
-0.0119905
-0.0131842
0.0967835
-0.0051189
0.097228
-0.00638253
0.0977211
-0.00764728
0.0982633
-0.00891137
0.0988551
-0.0101731
0.0994968
-0.0114307
0.100189
-0.0126825
-0.0139268
0.0928866
-0.00552941
0.0933427
-0.00683864
0.0938452
-0.00814968
0.0943944
-0.00946063
0.094991
-0.0107697
0.0956354
-0.0120751
0.0963281
-0.0133751
-0.0146681
0.0891511
-0.00595381
0.0896187
-0.00730623
0.0901301
-0.00866109
0.0906859
-0.0100165
0.0912868
-0.0113705
0.0919331
-0.0127214
0.0926254
-0.0140675
-0.0154069
0.0855735
-0.00639164
0.0860518
-0.00778455
0.0865713
-0.0091806
0.0871327
-0.0105779
0.0877367
-0.0119745
0.0883838
-0.0133685
0.0890746
-0.0147583
-0.016142
0.082148
-0.00684236
0.0826363
-0.00827287
0.083163
-0.00970735
0.083729
-0.0111438
0.0843349
-0.0125804
0.0849816
-0.0140152
0.0856697
-0.0154465
-0.0168723
0.0788695
-0.00730559
0.0793673
-0.0087707
0.0799006
-0.0102407
0.0804703
-0.0117135
0.0810772
-0.0131873
0.0817222
-0.0146602
0.0824062
-0.0161305
-0.0175962
0.0757378
-0.00777992
0.0762438
-0.00927671
0.0767825
-0.0107794
0.0773549
-0.0122858
0.0779618
-0.0137943
0.0786044
-0.0153027
0.0792835
-0.0168095
-0.0183128
0.0727458
-0.00826612
0.0732605
-0.00979138
0.0738048
-0.0113236
0.0743798
-0.0128609
0.0749869
-0.0144013
0.075627
-0.0159429
0.0763012
-0.0174837
-0.0190219
0.0698961
-0.0087646
0.0704197
-0.010315
0.0709698
-0.0118737
0.0715476
-0.0134387
0.0721541
-0.0150078
0.0727904
-0.0165792
0.0734573
-0.0181506
-0.0197198
0.0671911
-0.00927727
0.0677251
-0.010849
0.0682815
-0.0124301
0.068861
-0.0140182
0.0694643
-0.0156112
0.0700918
-0.0172066
0.0707433
-0.0188021
-0.020395
0.0646402
-0.00980358
0.0651827
-0.0113915
0.0657416
-0.0129891
0.0663171
-0.0145937
0.0669089
-0.0162029
0.0675162
-0.017814
0.0681379
-0.0194238
-0.0210288
0.0622328
-0.0103382
0.0627757
-0.0119344
0.0633269
-0.0135403
0.063886
-0.0151528
0.0644522
-0.0167691
0.0650238
-0.0183856
0.0655982
-0.0199981
-0.0216014
0.059932
0.0604627
0.060994
0.0615249
0.0620536
0.0625768
0.0630892
)
;

boundaryField
{
    inlet
    {
        type            calculated;
        value           nonuniform List<scalar> 
50
(
-0.0353553
-0.0353553
-0.0353553
-0.0353553
-0.0353553
-0.0353553
-0.0353553
-0.0353553
-0.0353553
-0.0353553
-0.0353553
-0.0353553
-0.0353553
-0.0353553
-0.0353553
-0.0353553
-0.0353553
-0.0353553
-0.0353553
-0.0353553
-0.201804
-0.192384
-0.183404
-0.174843
-0.166681
-0.158901
-0.151483
-0.144412
-0.137671
-0.131245
-0.125119
-0.119278
-0.113711
-0.108403
-0.103343
-0.0985188
-0.0939201
-0.089536
-0.0853566
-0.0813723
-0.0775739
-0.0739529
-0.0705008
-0.06721
-0.0640727
-0.0610819
-0.0582306
-0.0555125
-0.0529213
-0.050451
)
;
    }
    outlet
    {
        type            calculated;
        value           nonuniform 0();
    }
    cylinder
    {
        type            calculated;
        value           uniform 0;
    }
    top
    {
        type            symmetryPlane;
        value           nonuniform 0();
    }
    bottom
    {
        type            symmetryPlane;
        value           uniform 0;
    }
    defaultFaces
    {
        type            empty;
        value           nonuniform 0();
    }
    procBoundary0to1
    {
        type            processor;
        value           nonuniform List<scalar> 
50
(
0.0856504
0.0222491
0.077078
0.0213286
0.0661119
0.0386732
0.0187169
0.051425
0.00968014
0.021891
0.00506961
0.00925388
0.00205183
0.00207255
0.000568095
0.000425001
-0.00116845
2.53273e-05
-0.000902259
0.206023
0.196657
0.187913
0.179725
0.172036
0.164795
0.157961
0.151498
0.145372
0.139556
0.134025
-0.00957486
0.127954
0.122932
0.118136
0.11355
0.109162
0.104959
0.100931
0.0970694
0.0933643
0.0898097
0.0863999
0.0831301
0.0800001
0.0770103
0.0741553
0.0714185
0.0687717
0.0661707
0.063582
)
;
    }
    procBoundary0to2
    {
        type            processor;
        value           nonuniform List<scalar> 
26
(
0.00104487
0.00207632
0.00252049
-0.00552906
-4.2171e-05
-7.98491e-05
-0.000118029
-0.000160708
-0.00020785
-0.000259222
-0.000314572
0.000361392
0.000668534
0.000557746
0.00034337
2.93317e-05
-0.00023611
-0.000443967
-0.000604631
-0.000670433
-0.000712932
-0.000688782
-0.000660392
-0.000590401
-0.000526974
-0.000451208
)
;
    }
}


// ************************************************************************* //
