/*--------------------------------*- C++ -*----------------------------------*\
  =========                 |
  \\      /  F ield         | OpenFOAM: The Open Source CFD Toolbox
   \\    /   O peration     | Website:  https://openfoam.org
    \\  /    A nd           | Version:  7
     \\/     M anipulation  |
\*---------------------------------------------------------------------------*/
FoamFile
{
    version     2.0;
    format      ascii;
    class       surfaceScalarField;
    location    "395";
    object      phi;
}
// * * * * * * * * * * * * * * * * * * * * * * * * * * * * * * * * * * * * * //

dimensions      [0 3 -1 0 0 0 0];

internalField   nonuniform List<scalar> 
4137
(
0.000850392
5.66269e-05
0.000793765
0.000764427
9.01051e-05
0.00070366
0.000297344
0.000125399
0.000578262
0.000706657
-0.000283914
-0.00336645
0.000162867
0.000415395
0.00086422
-0.000985267
0.00238385
-0.00488607
-0.0117134
0.000202923
0.000212471
0.00102963
-0.00181197
0.00276168
-0.00661813
0.00562229
-0.014574
0.00955919
-0.0254857
-0.0381648
0.000245837
-3.33657e-05
0.00120192
-0.00276806
0.00314131
-0.00855751
0.00621918
-0.0176519
0.0102337
-0.0295002
0.0145836
-0.0425147
-0.0548815
0.000291602
-0.000324968
0.00137913
-0.00385559
0.00351361
-0.010692
0.00675733
-0.0208956
0.0107563
-0.0334991
0.0148395
-0.0465979
0.0184311
-0.0584731
-0.068408
0.000339896
-0.000664864
0.00155816
-0.00507386
0.00386763
-0.0130015
0.00721634
-0.0242443
0.0111133
-0.037396
0.0148715
-0.0503562
0.01802
-0.0616216
0.0204348
-0.0708228
0.022256
-0.0783888
-0.0851723
0.000390057
-0.00105492
0.00173493
-0.00641873
0.00419146
-0.015458
0.00757953
-0.0276324
0.0113009
-0.0411174
0.0146997
-0.053755
0.0174199
-0.0643417
0.0194406
-0.0728436
0.0209476
-0.0798957
-0.0863624
0.0221376
0.000441154
-0.00149607
0.00190465
-0.00788222
0.00447346
-0.0180268
0.00783558
-0.0309945
0.0113242
-0.044606
0.0143487
-0.0567795
0.0166665
-0.0666595
0.0183384
-0.0745156
0.0195749
-0.0811322
-0.0873479
0.0205605
0.000492051
-0.00198813
0.00206217
-0.00945234
0.00470341
-0.020668
0.00797915
-0.0342703
0.0111944
-0.0478212
0.0138451
-0.0594302
0.0157921
-0.0686066
0.0171573
-0.0758807
0.0181592
-0.0821341
-0.0881521
0.0189634
0.000541481
-0.00252961
0.00220238
-0.0111132
0.00487343
-0.0233391
0.0080105
-0.0374073
0.010927
-0.0507377
0.0132149
-0.0617182
0.0148248
-0.0702164
0.0159203
-0.0769763
0.0167161
-0.0829299
-0.0887916
0.0173556
0.000588119
-0.00311773
0.00232056
-0.0128457
0.00497851
-0.0259971
0.00793445
-0.0403633
0.0105395
-0.0533427
0.0124827
-0.0636614
0.0137884
-0.0715221
0.014646
-0.0778339
0.0152576
-0.0835415
-0.0892777
0.0157437
0.000630649
-0.00374838
0.00241272
-0.0146277
0.00501661
-0.0286009
0.00775917
-0.0431058
0.0100501
-0.0556337
0.0116704
-0.0652817
0.0127025
-0.0725543
0.0133484
-0.0784798
0.0137922
-0.0839852
-0.0896183
0.0141328
0.000667829
-0.0044162
0.00247583
-0.0164357
0.00498846
-0.0311136
0.00749495
-0.0456123
0.00947647
-0.0576152
0.0107971
-0.0666023
0.0115832
-0.0733404
0.0120386
-0.0789351
0.0123266
-0.0842733
-0.0898185
0.0125268
0.000698544
-0.00511475
0.00250795
-0.0182452
0.00489705
-0.0335027
0.00715313
-0.0478684
0.00883497
-0.059297
0.00987931
-0.0676467
0.0104432
-0.0739043
0.0107247
-0.0792167
0.0108657
-0.0844143
-0.0898821
0.0109293
0.000721853
-0.0058366
0.00250827
-0.0200316
0.0047471
-0.0357415
0.00674534
-0.0498666
0.00814047
-0.0606922
0.00893072
-0.0684369
0.00929271
-0.0742663
0.00941333
-0.0793373
0.00941339
-0.0844143
-0.0898113
0.0093426
0.000737022
-0.00657362
0.00247703
-0.0217716
0.00454444
-0.0378089
0.00628289
-0.0516051
0.00740609
-0.0618154
0.0079627
-0.0689935
0.0081397
-0.0744433
0.00810925
-0.0793069
0.00797259
-0.0842776
-0.0896071
0.00776841
0.00074354
-0.00731716
0.0024154
-0.0234434
0.0042955
-0.039689
0.00577642
-0.053086
0.0066432
-0.0626821
0.00698455
-0.0693349
0.00699038
-0.0744491
0.00681622
-0.0791327
0.00654571
-0.0840071
-0.0892696
0.00620819
0.000741128
-0.00805829
0.00232528
-0.0250276
0.00400696
-0.0413707
0.00523567
-0.0543147
0.0058615
-0.063308
0.00600382
-0.0694772
0.00584963
-0.0742949
0.00553704
-0.0788201
0.00513466
-0.0836048
-0.0887982
0.0046633
0.000729725
-0.00878802
0.00220912
-0.026507
0.00368536
-0.0428469
0.00466933
-0.0552987
0.0050692
-0.0637078
0.0050267
-0.0694347
0.00472152
-0.0739897
0.00427416
-0.0783727
0.00374035
-0.083071
-0.0881931
0.0031352
0.000709481
-0.0094975
0.00206967
-0.0278672
0.00333694
-0.0441142
0.00408506
-0.0560468
0.00427314
-0.0638959
0.00405818
-0.0692197
0.00360967
-0.0735412
0.00303083
-0.0777939
0.00236242
-0.0824025
-0.0874529
0.00162225
0.000680752
-0.0101782
0.00190998
-0.0290964
0.00296752
-0.0451717
0.00348952
-0.0565688
0.00347894
-0.0638853
0.00310214
-0.0688429
0.00251676
-0.0729558
0.00181084
-0.077088
0.0010078
-0.0815995
-0.0865228
7.7712e-05
0.000644085
-0.0108223
0.00173336
-0.0301857
0.00258244
-0.0460208
0.0028884
-0.0568748
0.00269124
-0.0636882
0.00216163
-0.0683133
0.0014442
-0.0722384
0.000611206
-0.076255
-0.000304341
-0.080684
-0.0854957
-0.00133142
0.000600158
-0.0114225
0.00154281
-0.0311284
0.00218653
-0.0466645
0.00228662
-0.0569749
0.00191378
-0.0633154
0.00123914
-0.0676386
0.000392028
-0.0713913
-0.000562763
-0.0753002
-0.00161719
-0.0796295
-0.0843608
-0.00275208
0.000549758
-0.0119723
0.00134122
-0.0319198
0.00178406
-0.0471074
0.00168823
-0.056879
0.00114956
-0.0627767
0.000336029
-0.0668251
-0.000632397
-0.0704228
-0.00170751
-0.0742251
-0.00288918
-0.0784479
-0.0830975
-0.00415252
0.000493761
-0.012466
0.0011314
-0.0325575
0.00137885
-0.0473548
0.00109653
-0.0565967
0.000401294
-0.0620814
-0.000543231
-0.0658806
-0.00163127
-0.0693348
-0.00282791
-0.0730285
-0.00413172
-0.077144
-0.0817049
-0.00552434
0.00043308
-0.0128991
0.00091606
-0.0330404
0.000974257
-0.047413
0.000514647
-0.0561371
-0.00032887
-0.0612379
-0.00139928
-0.0648102
-0.00260548
-0.0681286
-0.00392014
-0.0717138
-0.00534522
-0.075719
-0.080185
-0.00686507
0.000368574
-0.0132677
0.000697782
-0.0333696
0.000573444
-0.0472887
-5e-05
-0.0555137
-0.00103887
-0.0602491
-0.0022323
-0.0636168
-0.00355321
-0.0668077
-0.00498318
-0.0702838
-0.00652823
-0.0741739
-0.0785406
-0.00817269
0.000301207
-0.0135689
0.000478595
-0.033547
0.000183538
-0.0469936
-0.000611264
-0.0547188
-0.00173033
-0.05913
-0.00304091
-0.0623062
-0.00447354
-0.0653751
-0.00601634
-0.068741
-0.00767943
-0.0725108
-0.0767753
-0.00944471
0.000232658
-0.0138015
0.000260495
-0.0335749
-0.000209006
-0.0465241
-0.0011525
-0.0537754
-0.00240056
-0.0578819
-0.00382438
-0.0608824
-0.0053658
-0.0638336
-0.00701903
-0.0670878
-0.00879749
-0.0707324
-0.0748953
-0.0106775
0.000163014
-0.0139645
5.65369e-05
-0.0334684
-0.000596388
-0.0458712
-0.00167973
-0.052692
-0.00304891
-0.0565128
-0.00458209
-0.0593492
-0.00622947
-0.0621863
-0.00799056
-0.0653267
-0.00988119
-0.0688417
-0.0729052
-0.0118713
8.90892e-05
-0.0140536
-0.000172871
-0.0332064
-0.000969796
-0.0450743
-0.00218974
-0.0514721
-0.0036748
-0.0550277
-0.00531358
-0.0577104
-0.0070642
-0.0604356
-0.00893044
-0.0634605
-0.0109306
-0.0668416
-0.0708015
-0.0130343
8.01741e-06
-0.0140616
-0.000395754
-0.0328027
-0.0013327
-0.0441373
-0.00268124
-0.0501235
-0.00427745
-0.0534315
-0.00601853
-0.0559693
-0.00787041
-0.0585838
-0.00983977
-0.0614911
-0.0119449
-0.0647365
-0.0685823
-0.014164
-6.21191e-05
-0.0139995
-0.000607244
-0.0322575
-0.00168337
-0.0430612
-0.0031538
-0.0486531
-0.00485619
-0.0517291
-0.00669649
-0.054129
-0.00864874
-0.0566315
-0.0107218
-0.059418
-0.0129192
-0.0625391
-0.0662626
-0.015239
-0.000134608
-0.0138649
-0.000810996
-0.0315811
-0.00202074
-0.0418514
-0.00360684
-0.047067
-0.00541041
-0.0499255
-0.00734655
-0.0521929
-0.00939731
-0.0545807
-0.0115749
-0.0572405
-0.0138898
-0.0602242
-0.0639831
-0.0161692
-0.000206469
-0.0136585
-0.00100768
-0.0307799
-0.00234414
-0.040515
-0.00403986
-0.0453713
-0.00593972
-0.0480257
-0.00796785
-0.0501648
-0.0101116
-0.052437
-0.0123711
-0.054981
-0.0147092
-0.0578861
-0.061213
-0.0174793
-0.000276662
-0.0133818
-0.00119706
-0.0298595
-0.00265316
-0.0390589
-0.00445248
-0.043572
-0.00644398
-0.0460342
-0.00855982
-0.0480489
-0.0107885
-0.0502084
-0.0131257
-0.0526437
-0.0155891
-0.0554227
-0.058456
-0.0183461
-0.000344741
-0.0130371
-0.00137866
-0.0288256
-0.00294744
-0.0374901
-0.00484443
-0.041675
-0.00692293
-0.0439557
-0.00912234
-0.0458495
-0.011434
-0.0478967
-0.0138624
-0.0502153
-0.0164412
-0.0528439
-0.0556721
-0.0192252
-0.000410393
-0.0126267
-0.00155201
-0.027684
-0.00322666
-0.0358154
-0.00521546
-0.0396862
-0.00737619
-0.0417949
-0.00965469
-0.043571
-0.0120455
-0.0455059
-0.0145584
-0.0477024
-0.0172236
-0.0501786
-0.0528359
-0.0200598
-0.000473352
-0.0121533
-0.00171671
-0.0264406
-0.00349056
-0.0340416
-0.00556543
-0.0376113
-0.00780367
-0.0395567
-0.0101572
-0.0412175
-0.0126238
-0.0430393
-0.0152165
-0.0451098
-0.0179593
-0.0474357
-0.0499364
-0.0208588
-0.000533382
-0.0116199
-0.00187242
-0.0251016
-0.00373889
-0.0321751
-0.00589419
-0.035456
-0.00820524
-0.0372456
-0.0106295
-0.0387932
-0.0131679
-0.0405009
-0.0158345
-0.0424432
-0.0186493
-0.044621
-0.0469694
-0.0216163
-0.000590271
-0.0110297
-0.00201886
-0.023673
-0.00397148
-0.0302225
-0.00620165
-0.0332258
-0.00858085
-0.0348664
-0.0110717
-0.0363023
-0.0136776
-0.037895
-0.0164131
-0.0397077
-0.0192959
-0.0417382
-0.0439347
-0.0223306
-0.000643831
-0.0103858
-0.00215577
-0.0221611
-0.00418817
-0.0281901
-0.00648775
-0.0309263
-0.00893043
-0.0324238
-0.0114835
-0.0337492
-0.0141525
-0.0352261
-0.0169522
-0.036908
-0.0198993
-0.038791
-0.0408343
-0.0229998
-0.000693897
-0.00969192
-0.00228295
-0.020572
-0.00438885
-0.0260842
-0.00675244
-0.0285627
-0.00925393
-0.0299223
-0.0118649
-0.0311383
-0.0145924
-0.0324986
-0.0174518
-0.0340486
-0.0204594
-0.0357835
-0.0376712
-0.0236225
-0.000740324
-0.0089516
-0.00240025
-0.0189121
-0.00457342
-0.0239111
-0.00699568
-0.0261404
-0.0095513
-0.0273666
-0.0122156
-0.0284739
-0.0149973
-0.0297169
-0.0179119
-0.031134
-0.0209757
-0.0327197
-0.0344494
-0.0241974
-0.000782988
-0.00816861
-0.00250752
-0.0171876
-0.00474181
-0.0216768
-0.00721745
-0.0236648
-0.00982251
-0.0247616
-0.0125357
-0.0257607
-0.0153669
-0.0268857
-0.0183321
-0.0281688
-0.0214476
-0.0296042
-0.0311734
-0.0247236
-0.000821782
-0.00734683
-0.00260465
-0.0154047
-0.00489398
-0.0193874
-0.00741775
-0.021141
-0.0100675
-0.0221118
-0.012825
-0.0230033
-0.0157012
-0.0240095
-0.0187123
-0.0251576
-0.0218749
-0.0264417
-0.0278481
-0.0252002
-0.000856613
-0.00649022
-0.00269154
-0.0135698
-0.00502988
-0.0170491
-0.00759655
-0.0185743
-0.0102863
-0.0194221
-0.0130834
-0.0202061
-0.0159999
-0.0210931
-0.0190522
-0.0221053
-0.0222569
-0.0232369
-0.0244785
-0.0256265
-0.000887404
-0.00560281
-0.00276811
-0.0116891
-0.00514948
-0.0146677
-0.00775385
-0.01597
-0.0104788
-0.0166971
-0.013311
-0.017374
-0.016263
-0.0181411
-0.0193516
-0.0190166
-0.0225936
-0.019995
-0.0210699
-0.0260021
-0.00091409
-0.00468872
-0.00283431
-0.00976884
-0.00525275
-0.0122493
-0.00788965
-0.0133331
-0.0106451
-0.0139416
-0.0135075
-0.0145116
-0.0164903
-0.0151584
-0.0196104
-0.0158965
-0.0228845
-0.016721
-0.0176277
-0.0263267
-0.000936615
-0.00375211
-0.00289008
-0.00781537
-0.00533969
-0.00979969
-0.00800396
-0.0106688
-0.0107851
-0.0111605
-0.013673
-0.0116236
-0.0166817
-0.0121497
-0.0198283
-0.0127498
-0.0231295
-0.0134198
-0.0141572
-0.0265999
-0.000954936
-0.00279717
-0.00293539
-0.00583492
-0.00541028
-0.0073248
-0.00809677
-0.00798229
-0.0108988
-0.00835849
-0.0138075
-0.00871486
-0.0168373
-0.00911993
-0.0200054
-0.00958171
-0.0233284
-0.0100968
-0.0106639
-0.0268217
-0.000969018
-0.00182815
-0.0029702
-0.00383374
-0.00546451
-0.00483048
-0.0081681
-0.0052787
-0.0109862
-0.00554042
-0.0139109
-0.00579013
-0.0169569
-0.00607396
-0.0201415
-0.00639705
-0.0234813
-0.00675701
-0.00715317
-0.0269921
-0.000978837
-0.00299449
-0.00550238
-0.00821794
-0.00256314
-0.0110473
-0.00271109
-0.0139832
-0.00285421
-0.0170405
-0.00301667
-0.0202366
-0.00320089
-0.0235881
-0.00340553
-0.00363034
-0.0271109
-0.00824631
-0.0110821
-0.0140244
-0.0170881
-0.0202907
-0.0236487
-0.0271783
0.0597101
0.0104045
-0.0591853
0.0602358
0.0120011
0.0607617
0.0136069
0.0612865
0.0152188
0.0618084
0.0168337
0.0623238
0.018448
0.062827
0.0200573
0.0216559
0.0620115
0.00987424
-0.0614813
0.0625497
0.0114629
0.0630957
0.0130609
0.0636491
0.0146654
0.0642088
0.016274
0.0647731
0.0178838
0.0653389
0.0194915
0.0210935
0.0644191
0.00935185
-0.0638967
0.0649573
0.0109247
0.0655115
0.0125066
0.0660818
0.0140952
0.0666676
0.0156882
0.0672682
0.0172832
0.067882
0.0188777
0.0204688
0.0669712
0.00884316
-0.0664625
0.067501
0.0103949
0.0680529
0.0119548
0.0686275
0.0135206
0.0692254
0.0150903
0.0698467
0.0166619
0.0704913
0.0182331
0.0198016
0.0696778
0.00834807
-0.0691827
0.0701977
0.00987496
0.0707438
0.0114087
0.0713171
0.0129473
0.0719186
0.0144887
0.0725494
0.0160311
0.0732101
0.0175724
0.0191106
0.072531
0.007865
-0.0720479
0.0730422
0.00936369
0.0735828
0.0108681
0.0741538
0.0123763
0.0747564
0.0138862
0.0753915
0.0153959
0.0760601
0.0169038
0.0184078
0.0755274
0.0073931
-0.0750555
0.0760306
0.00886044
0.0765662
0.0103325
0.0771351
0.0118074
0.0777382
0.0132831
0.0783764
0.0147577
0.0790506
0.0162296
0.0176967
0.0786657
0.00693228
-0.0782049
0.079161
0.00836514
0.0796916
0.00980193
0.0802584
0.0112407
0.080862
0.0126794
0.0815034
0.0141163
0.0821834
0.0155496
0.0169773
0.0819508
0.00648289
-0.0815014
0.0824376
0.00787836
0.0829625
0.00927698
0.0835264
0.0106768
0.08413
0.0120759
0.0847739
0.0134724
0.085459
0.0148646
0.0162506
0.0853852
0.0060458
-0.0849481
0.0858626
0.00740094
0.0863811
0.00875853
0.0869412
0.0101166
0.0875437
0.0114734
0.088189
0.012827
0.0888778
0.0141758
0.0155178
0.0889729
0.00562148
-0.0885486
0.0894403
0.00693353
0.0899514
0.00824741
0.0905068
0.00956122
0.0911071
0.0108732
0.0917527
0.0121815
0.0924441
0.0134844
0.0147802
0.0927192
0.00521023
-0.092308
0.0931761
0.00647668
0.0936792
0.00774434
0.094229
0.0090114
0.0948261
0.0102761
0.0954708
0.0115367
0.0961636
0.0127916
0.0140389
0.0966297
0.00481293
-0.0962324
0.0970753
0.00603112
0.0975696
0.00725004
0.098113
0.00846792
0.0987061
0.00968306
0.099349
0.0108938
0.100042
0.0120984
0.0132952
0.100711
0.00442925
-0.100327
0.101145
0.00559689
0.10163
0.00676482
0.102167
0.00793132
0.102755
0.00909472
0.103396
0.0102534
0.104088
0.0114057
0.0125501
0.104973
0.00406019
-0.104604
0.105395
0.00517489
0.10587
0.00628947
0.106399
0.00740229
0.106982
0.00851175
0.107619
0.00961627
0.108311
0.0107143
0.0118042
0.109422
0.00370588
-0.109068
0.109832
0.00476524
0.110297
0.00582415
0.110819
0.00688106
0.111396
0.00793442
0.112029
0.0089827
0.112719
0.0100244
0.113466
0.011058
0.012082
0.11407
0.00336633
-0.11373
0.114467
0.00436799
0.114922
0.00536896
0.115436
0.00636773
0.116007
0.00736284
0.116637
0.00835282
0.117325
0.00933621
0.118072
0.0103116
0.0112774
0.118927
0.00304153
-0.118602
0.119312
0.00398309
0.119757
0.00492378
0.120262
0.00586218
0.120828
0.00679687
0.121455
0.00772644
0.122141
0.00864951
0.122888
0.00956469
0.0104706
0.124006
0.00273109
-0.123696
0.124379
0.00361021
0.124814
0.00448832
0.125313
0.00536407
0.125873
0.00623612
0.126497
0.00710315
0.127182
0.00796384
0.12793
0.00881689
0.00966099
0.129322
0.0024349
-0.129026
0.129683
0.00324902
0.13011
0.00406206
0.130601
0.00487277
0.131157
0.00567989
0.131778
0.00648216
0.132464
0.00727835
0.133213
0.00806723
0.00884756
0.134892
0.00215179
-0.134609
0.135243
0.00289847
0.135661
0.00364406
0.136146
0.00438736
0.136699
0.00512722
0.137318
0.00586247
0.138005
0.00659195
0.138757
0.00731453
0.00802905
0.140736
0.00188147
-0.140466
0.141077
0.00255807
0.141487
0.00323357
0.141967
0.0039069
0.142518
0.004577
0.143137
0.00524279
0.143826
0.00590322
0.144583
0.00655723
0.00720377
0.146876
0.00162287
-0.146617
0.147207
0.00222659
0.147612
0.00282928
0.148088
0.00342996
0.148638
0.00402768
0.149259
0.00462146
0.149952
0.00521035
0.150716
0.00579339
0.00636964
0.153336
0.00137473
-0.153088
0.15366
0.00190266
0.15406
0.00242967
0.154535
0.00295488
0.155085
0.00347743
0.15571
0.00399648
0.156409
0.00451118
0.157182
0.00502067
0.00552411
0.160147
0.00113557
-0.159908
0.160465
0.00158465
0.160862
0.00203291
0.161337
0.00247962
0.161891
0.00292405
0.162522
0.00336545
0.16323
0.0038031
0.164014
0.00423626
0.0046642
0.167342
0.000903647
-0.16711
0.167656
0.00127057
0.168052
0.00163683
0.16853
0.00200182
0.169089
0.00236492
0.169729
0.00272553
0.170449
0.00308304
0.171248
0.00343685
0.00378635
0.174958
0.000676874
-0.174731
0.17527
0.000958114
0.175668
0.00123886
0.176151
0.00151863
0.176719
0.00179696
0.177372
0.00207337
0.178107
0.00234738
0.178926
0.00261855
0.00288638
0.183041
0.000452757
-0.182817
0.183355
0.000644516
0.183757
0.000835947
0.184249
0.00102673
0.18483
0.00121653
0.185498
0.00140503
0.186254
0.0015919
0.187095
0.00177681
0.00195944
0.191641
0.000228215
-0.191417
0.19196
0.000326338
0.192371
0.000424314
0.192876
0.00052197
0.193473
0.000619133
0.194163
0.000715641
0.194943
0.000811317
0.195814
0.000905998
0.000999514
0.200822
-0.200594
0.201149
0.201573
0.202095
0.202714
0.20343
0.204241
0.205147
0.0494859
-0.0164452
-0.0492099
0.0499231
-0.0156762
0.0504114
-0.0146522
0.0509119
-0.0135348
0.0514156
-0.012375
0.0519234
-0.0111853
0.0524339
-0.00995521
0.0529454
-0.00868423
0.0534579
-0.00737752
0.0539718
-0.00603825
0.0544878
-0.00466853
0.055007
-0.0032713
0.0555289
-0.00185324
0.056041
-0.000434479
0.0565776
0.00108571
0.0570991
0.0026137
0.057619
0.00414341
0.0581398
0.00568739
0.0586618
0.00724635
0.00881913
0.0527604
-0.016862
-0.0523435
0.0531424
-0.0160583
0.0535578
-0.0150676
0.0539913
-0.0139683
0.0544191
-0.0128028
0.0548454
-0.0116116
0.0552772
-0.010387
0.0557148
-0.00912187
0.0561579
-0.00782061
0.0566072
-0.00648758
0.0570634
-0.00512472
0.0575265
-0.0037344
0.0579933
-0.00232006
0.0584484
-0.000889568
0.0589463
0.000587847
0.0594405
0.00211952
0.0599389
0.00364496
0.060445
0.00518131
0.0609591
0.00673222
0.00829701
0.0561209
-0.0172257
-0.0557572
0.0564561
-0.0163935
0.0567978
-0.0154092
0.0571599
-0.0143305
0.0575244
-0.0131673
0.0578874
-0.0119746
0.0582559
-0.0107555
0.0586327
-0.00949868
0.0590169
-0.00820489
0.0594086
-0.00687923
0.059808
-0.00552413
0.0602149
-0.00414126
0.060627
-0.00273215
0.0610409
-0.00130356
0.0615018
0.000126956
0.0619534
0.00166794
0.0624187
0.00317968
0.0628973
0.00470268
0.0633897
0.00623984
0.00778997
0.0595982
-0.0175091
-0.0593147
0.0598708
-0.0166661
0.0601441
-0.0156826
0.0604347
-0.0146211
0.0607354
-0.013468
0.0610385
-0.0122776
0.0613476
-0.0110646
0.0616667
-0.00981782
0.0619961
-0.00853425
0.0623352
-0.00721838
0.0626848
-0.00587367
0.0630455
-0.004502
0.0634184
-0.00310505
0.0638023
-0.00168747
0.0641925
-0.000263233
0.0646176
0.00124287
0.065053
0.00274426
0.0655044
0.00425134
0.0659739
0.00577031
0.00730133
0.0631869
-0.0177201
-0.062976
0.0633975
-0.0168767
0.0636071
-0.0158921
0.0638296
-0.0148436
0.0640656
-0.013704
0.0643088
-0.0125208
0.0645595
-0.0113153
0.0648216
-0.01008
0.0650967
-0.00880934
0.0653847
-0.00750639
0.0656862
-0.00617515
0.066002
-0.0048178
0.066333
-0.00343605
0.0666785
-0.00203299
0.0670324
-0.000617098
0.0674265
0.000848794
0.0678351
0.00233566
0.0682625
0.00382385
0.0687113
0.00532156
0.00682995
0.0669023
-0.0178607
-0.0667617
0.0670495
-0.0170239
0.0671952
-0.0160378
0.0673505
-0.0149989
0.0675209
-0.0138745
0.0677031
-0.0127029
0.0678957
-0.0115079
0.0681016
-0.0102859
0.0683231
-0.00903083
0.0685608
-0.00774411
0.0688152
-0.00642956
0.0690872
-0.00508974
0.0693776
-0.00372647
0.0696867
-0.00234209
0.0700117
-0.000942125
0.0703752
0.000485332
0.0707572
0.00195366
0.0711622
0.00341886
0.071592
0.00489176
0.00637403
0.0707541
-0.0179283
-0.0706865
0.0708333
-0.0171031
0.0709131
-0.0161177
0.0710013
-0.015087
0.071106
-0.0139791
0.0712264
-0.0128234
0.0713612
-0.0116426
0.0715118
-0.0104365
0.0716807
-0.00919977
0.0718692
-0.00793257
0.0720778
-0.00663818
0.0723073
-0.00531929
0.0725586
-0.00397774
0.0728319
-0.00261533
0.073126
-0.0012363
0.0734631
0.000148302
0.073818
0.00159868
0.0742016
0.00303531
0.0746139
0.00447947
0.00593243
0.0747445
-0.0179206
-0.0747522
0.074752
-0.0171106
0.074764
-0.0161297
0.0747853
-0.0151083
0.0748247
-0.0140185
0.0748835
-0.0128823
0.0749607
-0.0117198
0.0750569
-0.0105328
0.0751744
-0.00931726
0.0753147
-0.00807286
0.0754787
-0.00680218
0.0756673
-0.00550791
0.0758817
-0.00419204
0.0761226
-0.00285633
0.0763903
-0.00150395
0.0766874
-0.00014883
0.0770206
0.00126548
0.0773834
0.00267253
0.0777777
0.00408515
0.00550529
0.0788739
-0.017837
-0.0789575
0.0788079
-0.0170446
0.078751
-0.0160728
0.078706
-0.0150633
0.0786811
-0.0139935
0.078679
-0.0128802
0.0786991
-0.0117399
0.0787419
-0.0105755
0.078809
-0.00938435
0.0789021
-0.00816599
0.0790224
-0.00692249
0.0791709
-0.0056564
0.0793486
-0.00436974
0.0795567
-0.00306438
0.0797956
-0.00174286
0.0800591
-0.000412372
0.0803691
0.000955506
0.0807116
0.00233005
0.0810886
0.00370809
0.00509249
0.0831443
-0.0176783
-0.083303
0.0830046
-0.0169049
0.0828786
-0.0159468
0.082768
-0.0149527
0.0826799
-0.0139055
0.0826178
-0.0128181
0.0825817
-0.0117038
0.0825717
-0.0105655
0.0825893
-0.00940196
0.0826361
-0.00821279
0.0827134
-0.00699974
0.0828221
-0.00576509
0.0829632
-0.00451083
0.0831375
-0.00323876
0.0833457
-0.00195101
0.0835857
-0.000652377
0.0838706
0.000670654
0.0841917
0.00200893
0.0845506
0.0033492
0.00469494
0.0875597
-0.0174454
-0.0877925
0.0873468
-0.0166921
0.0871521
-0.0157521
0.0869767
-0.0147773
0.0868268
-0.0137556
0.0867058
-0.0126971
0.0866142
-0.0116122
0.0865522
-0.0105036
0.0865211
-0.00937086
0.0865223
-0.008214
0.0865571
-0.00703453
0.0866265
-0.00583448
0.0867314
-0.00461576
0.0868728
-0.00338012
0.0870513
-0.00212951
0.0872662
-0.000867293
0.0875269
0.000409983
0.0878263
0.00170948
0.0881666
0.00300889
0.00431299
0.0921256
-0.0171394
-0.0924316
0.0918406
-0.0164071
0.091578
-0.0154895
0.0913387
-0.014538
0.091128
-0.0135449
0.0909492
-0.0125182
0.0908029
-0.0114659
0.0906897
-0.0103904
0.0906106
-0.00929172
0.0905668
-0.00817027
0.0905597
-0.00702744
0.0905903
-0.00586505
0.0906595
-0.00468489
0.090768
-0.00348864
0.0909166
-0.00227814
0.0911054
-0.00105607
0.0913429
0.000172499
0.0916203
0.00143208
0.0919418
0.00268735
0.00394679
0.096849
-0.0167613
-0.0972271
0.096493
-0.0160511
0.0961634
-0.0151599
0.0958612
-0.0142357
0.0955907
-0.0132744
0.0953549
-0.0122825
0.0951549
-0.0112658
0.0949911
-0.0102266
0.0948645
-0.00916516
0.0947764
-0.00808218
0.094728
-0.00697899
0.0947202
-0.00585727
0.094754
-0.00471867
0.0948301
-0.0035648
0.0949493
-0.00239728
0.0951116
-0.00121838
0.0953243
-4.0217e-05
0.0955802
0.00117622
0.0958828
0.00238476
0.00359714
0.101737
-0.0163122
-0.102186
0.101312
-0.0156255
0.100916
-0.0147643
0.100552
-0.0138714
0.100222
-0.0129451
0.0999307
-0.0119907
0.0996775
-0.0110127
0.0994637
-0.0100128
0.0992902
-0.00899168
0.0991582
-0.00795017
0.0990688
-0.00688959
0.0990231
-0.00581152
0.0990219
-0.00471753
0.0990663
-0.00360918
0.0991572
-0.00248814
0.0992952
-0.00135636
0.0994739
-0.000219002
0.0997097
0.000940458
0.0999938
0.00210068
0.00326356
0.106799
-0.0157932
-0.107318
0.106305
-0.0151313
0.105845
-0.0143038
0.105419
-0.0134458
0.105032
-0.0125576
0.104684
-0.0116436
0.104379
-0.0107071
0.104115
-0.0097495
0.103895
-0.00877165
0.10372
-0.00777451
0.10359
-0.00675939
0.103506
-0.00572776
0.103469
-0.0046811
0.103481
-0.00362091
0.103542
-0.00254871
0.103652
-0.00146623
0.10381
-0.000376951
0.104023
0.000727423
0.104287
0.00183606
0.00294694
0.112044
-0.0152051
-0.112632
0.111482
-0.0145699
0.110958
-0.0137794
0.110472
-0.0129598
0.110027
-0.0121127
0.109625
-0.0112418
0.109268
-0.0103495
0.108955
-0.00943707
0.108689
-0.00850535
0.10847
-0.00755541
0.108299
-0.00658852
0.108177
-0.00560608
0.108106
-0.00460948
0.108085
-0.00360013
0.108116
-0.00257949
0.108199
-0.00154916
0.108333
-0.000511645
0.108524
0.000536734
0.108769
0.0015913
0.00264759
0.117481
-0.0145489
-0.118137
0.116854
-0.0139424
0.116266
-0.0131919
0.11572
-0.012414
0.115219
-0.0116109
0.114763
-0.0107858
0.114353
-0.0099404
0.113992
-0.00907587
0.11368
-0.00819306
0.113418
-0.00729308
0.113206
-0.00637715
0.113047
-0.00544661
0.11294
-0.00450275
0.112887
-0.00354694
0.112888
-0.00258054
0.112944
-0.00160503
0.113055
-0.000622414
0.113223
0.000368144
0.113448
0.00136625
0.00236544
0.123123
-0.0138254
-0.123846
0.12243
-0.0132497
0.121781
-0.0125422
0.121176
-0.0118091
0.120617
-0.0110528
0.120108
-0.010276
0.119647
-0.00948013
0.119238
-0.00866617
0.11888
-0.00783499
0.118574
-0.00698767
0.118323
-0.00612541
0.118125
-0.00524944
0.117984
-0.00436101
0.117898
-0.00346139
0.117869
-0.0025519
0.117898
-0.00163389
0.117985
-0.00070904
0.118132
0.00022146
0.118337
0.00116079
0.00210045
0.128982
-0.0130353
-0.129772
0.128225
-0.0124928
0.127514
-0.011831
0.12685
-0.0111455
0.126236
-0.0104386
0.125673
-0.00971272
0.125162
-0.00896899
0.124704
-0.00820823
0.1243
-0.00743134
0.123952
-0.00663935
0.12366
-0.00583341
0.123425
-0.00501467
0.123248
-0.00418432
0.123131
-0.00334355
0.123072
-0.00249358
0.123074
-0.0016357
0.123136
-0.000771381
0.123262
9.62993e-05
0.123448
0.00097479
0.00185232
0.135073
-0.0121791
-0.135929
0.134253
-0.0116723
0.133481
-0.0110589
0.132759
-0.0104236
0.132089
-0.00976877
0.131472
-0.0090963
0.130911
-0.0084072
0.130405
-0.00770224
0.129956
-0.00698226
0.129564
-0.00624825
0.129232
-0.00550129
0.12896
-0.00474246
0.128749
-0.00397285
0.128599
-0.00319358
0.128511
-0.00240579
0.128486
-0.00161065
0.128524
-0.000809476
0.128628
-7.74043e-06
0.128795
0.000808047
0.00162094
0.141413
-0.0112573
-0.142335
0.140529
-0.0107888
0.139697
-0.0102262
0.138917
-0.00964377
0.138192
-0.00904346
0.137522
-0.00842688
0.13691
-0.00779494
0.136356
-0.00714834
0.135862
-0.00648789
0.135428
-0.00581451
0.135056
-0.0051292
0.134746
-0.00443298
0.1345
-0.00372685
0.134319
-0.00301185
0.134202
-0.00228905
0.134151
-0.00155954
0.134166
-0.000824504
0.134244
-8.63236e-05
0.134393
0.000659313
0.00140514
0.14802
-0.0102701
-0.149008
0.147074
-0.00984263
0.146182
-0.00933338
0.145344
-0.00880616
0.144563
-0.00826278
0.143841
-0.00770455
0.143178
-0.00713227
0.142576
-0.00654659
0.142037
-0.00594827
0.141561
-0.00533817
0.141149
-0.0047172
0.140802
-0.00408627
0.140521
-0.00344632
0.140308
-0.0027983
0.140162
-0.00214318
0.140084
-0.00148195
0.140075
-0.000815663
0.140135
-0.000145989
0.140265
0.000528917
0.00120483
0.154918
-0.00921766
-0.15597
0.153909
-0.00883406
0.152956
-0.0083804
0.152061
-0.00791081
0.151225
-0.00742675
0.15045
-0.0069293
0.149737
-0.00641918
0.149087
-0.00589699
0.148502
-0.00536344
0.147983
-0.0048193
0.147531
-0.00426537
0.147148
-0.0037025
0.146833
-0.00313152
0.146588
-0.00255329
0.146413
-0.00196867
0.14631
-0.00137858
0.146278
-0.000783942
0.146318
-0.000186018
0.146431
0.000415889
0.00101907
0.16213
-0.0080999
-0.163248
0.161059
-0.00776301
0.160046
-0.00736723
0.159093
-0.00695759
0.158201
-0.00653522
0.157373
-0.00610101
0.156609
-0.00565558
0.155912
-0.0051995
0.155282
-0.00473338
0.154721
-0.00425793
0.154229
-0.00377385
0.153808
-0.00328186
0.15346
-0.00278272
0.153183
-0.00227718
0.152981
-0.00176601
0.152852
-0.00125001
0.152798
-0.000729995
0.152819
-0.000206969
0.152916
0.000319199
0.000846696
0.169686
-0.0069166
-0.17087
0.168553
-0.00662923
0.167479
-0.00629361
0.166468
-0.00594622
0.16552
-0.00558794
0.164639
-0.00521945
0.163825
-0.00484129
0.163079
-0.00445398
0.162404
-0.00405806
0.1618
-0.0036541
0.161269
-0.00324273
0.160812
-0.00282457
0.160429
-0.00240025
0.160122
-0.00197042
0.159892
-0.00153576
0.159739
-0.00109693
0.159664
-0.000654651
0.159666
-0.000209723
0.159748
0.000237709
0.000686416
0.177619
-0.00566732
-0.178868
0.176422
-0.00543229
0.175288
-0.0051591
0.174218
-0.0048763
0.173214
-0.00458452
0.172279
-0.0042843
0.171414
-0.00397607
0.17062
-0.00366028
0.1699
-0.00333737
0.169253
-0.00300783
0.168683
-0.00267215
0.168189
-0.00233085
0.167773
-0.00198447
0.167436
-0.00163352
0.167179
-0.00127857
0.167002
-0.000920172
0.166907
-0.000558903
0.166892
-0.000195407
0.16696
0.00017006
0.000536665
0.185966
-0.00435153
-0.187281
0.184705
-0.00417157
0.183509
-0.00396311
0.18238
-0.00374729
0.18132
-0.0035245
0.180331
-0.00329515
0.179414
-0.00305959
0.178572
-0.00281816
0.177806
-0.00257121
0.177117
-0.00231911
0.176507
-0.00206225
0.175977
-0.00180102
0.175529
-0.00153583
0.175162
-0.0012671
0.174879
-0.000995249
0.17468
-0.000720708
0.174565
-0.000443929
0.174535
-0.0001654
0.17459
0.00011462
0.000395603
0.194768
-0.00296861
-0.196151
0.193443
-0.00284634
0.192184
-0.00270496
0.190996
-0.00255854
0.189879
-0.00240733
0.188835
-0.00225158
0.187867
-0.00209154
0.186976
-0.00192744
0.186165
-0.00175954
0.185434
-0.00158807
0.184785
-0.0014133
0.184219
-0.00123552
0.183738
-0.00105499
0.183343
-0.000871998
0.183035
-0.000686839
0.182814
-0.00049981
0.182681
-0.000311216
0.182637
-0.000121379
0.182682
6.94699e-05
0.000260996
0.204074
-0.001518
-0.205525
0.202683
-0.00145584
0.201362
-0.00138391
0.200113
-0.00130939
0.198938
-0.0012324
0.19784
-0.00115307
0.19682
-0.00107152
0.19588
-0.000987867
0.195023
-0.000902243
0.19425
-0.000814771
0.193562
-0.000725589
0.192961
-0.000634833
0.192449
-0.000542648
0.192026
-0.000449177
0.191694
-0.000354573
0.191453
-0.000258988
0.191304
-0.000162585
0.191248
-6.55453e-05
0.191286
3.20407e-05
0.000130099
0.213937
-0.215455
0.212481
0.211097
0.209788
0.208555
0.207402
0.206331
0.205343
0.204441
0.203626
0.2029
0.202265
0.201723
0.201274
0.200919
0.20066
0.200497
0.200432
0.200464
0.0503778
0.000921545
-0.000848408
0.0502224
0.0019547
-0.0017993
0.0499509
0.00435562
-0.00408413
0.0496429
0.00575376
-0.00544571
0.0492292
0.00853213
-0.0081185
0.0488104
0.0101023
-0.00968345
0.0483003
0.0130909
-0.0125809
0.0478382
0.0147744
-0.0143123
0.0473173
0.0179807
-0.0174597
0.0469544
0.0196885
-0.0193256
0.0465809
0.023157
-0.0227834
0.0465838
0.0245547
-0.0245577
0.0466
0.0283643
-0.0283804
0.0474841
0.0285247
-0.0294088
0.0326383
-0.0343641
0.0528476
0.000995204
0.0526933
0.00210896
0.0524198
0.00462912
0.0521183
0.00605529
0.0517098
0.00894069
0.0513119
0.0105002
0.0508255
0.0135774
0.0504145
0.0151854
0.0499538
0.0184414
0.0496916
0.0199507
0.0494432
0.0234054
0.0496017
0.0243963
0.0499157
0.0280502
0.0508986
0.0275418
0.0311934
0.0554391
0.00106865
0.0552864
0.0022616
0.0550156
0.00489999
0.0547226
0.00634821
0.0543271
0.00933624
0.0539548
0.0108725
0.0535032
0.014029
0.0531488
0.0155398
0.052762
0.0188283
0.0526004
0.0201122
0.0524911
0.0235147
0.0527827
0.0241046
0.0533206
0.0275124
0.054246
0.0266164
0.0296822
0.0581576
0.00114169
0.0580086
0.00241061
0.0577428
0.00516576
0.0574629
0.00662812
0.0570856
0.00971354
0.0567458
0.0112123
0.0563373
0.0144375
0.0560473
0.0158298
0.0557445
0.0191311
0.0556834
0.0201733
0.0557177
0.0234804
0.0561121
0.0237102
0.0568137
0.0268107
0.0577503
0.0256798
0.0281178
0.0610093
0.00121425
0.0608661
0.00255383
0.0606078
0.00542405
0.0603452
0.00689072
0.0599914
0.0100673
0.0596905
0.0115132
0.0593339
0.0147941
0.0591133
0.0160503
0.0589064
0.019338
0.0589413
0.0201385
0.0591231
0.0232986
0.0596003
0.023233
0.0604386
0.0259724
0.0614294
0.0246891
0.0265711
0.0640007
0.00128624
0.0638655
0.00268898
0.0636174
0.00567223
0.0633761
0.00713198
0.0630518
0.0103916
0.0627946
0.0117704
0.0624996
0.0150891
0.0623506
0.0161994
0.0622513
0.0194373
0.0623764
0.0200134
0.0627046
0.0229704
0.0632592
0.0226784
0.064209
0.0250226
0.0652568
0.0236412
0.0250662
0.0671388
0.00135737
0.0670138
0.002814
0.0667791
0.00590693
0.0665625
0.00734862
0.0662747
0.0106794
0.0660643
0.0119808
0.0658416
0.0153117
0.065764
0.016277
0.0657817
0.0194197
0.0659924
0.0198026
0.0664591
0.0225037
0.0670915
0.022046
0.0681247
0.0239895
0.0692182
0.0225477
0.023598
0.0704313
0.00142691
0.0703179
0.00292739
0.0701012
0.0061237
0.0699114
0.00753841
0.0696684
0.0109223
0.0695062
0.012143
0.0693666
0.0154513
0.0693597
0.016284
0.0694989
0.0192805
0.0697935
0.019508
0.0703848
0.0219124
0.0710943
0.0213365
0.0721864
0.0228974
0.073313
0.0214211
0.0221588
0.0738863
0.00149351
0.0737853
0.00302837
0.073592
0.00631695
0.0734303
0.0077001
0.0732412
0.0111114
0.0731281
0.0122561
0.0730804
0.015499
0.0731445
0.0162199
0.0734042
0.0190208
0.073783
0.0191291
0.0744815
0.0212139
0.0752646
0.0205534
0.0763975
0.0217645
0.0775462
0.0202724
0.0207474
0.0775122
0.00155523
0.0774236
0.00311695
0.0772603
0.00648023
0.0771275
0.0078329
0.077001
0.0112379
0.0769386
0.0123185
0.0769882
0.0154495
0.0771255
0.0160826
0.0774995
0.0186468
0.0779632
0.0186654
0.0787511
0.0204261
0.0796012
0.0197032
0.0807619
0.0206038
0.0819225
0.0191118
0.0193669
0.0813179
0.00160959
0.0812412
0.0031936
0.0811147
0.00660679
0.081012
0.00793562
0.0809552
0.0112947
0.0809465
0.0123273
0.0810949
0.0153011
0.0813087
0.0158687
0.0817876
0.0181679
0.0823357
0.0181173
0.0831968
0.019565
0.0841051
0.0187949
0.0852834
0.0194256
0.0864467
0.0179485
0.0180211
0.0853123
0.00165386
0.085247
0.0032589
0.0851636
0.00669026
0.0850931
0.00800609
0.0851111
0.0112767
0.0851602
0.0122781
0.0854057
0.0150556
0.0856996
0.0155747
0.0862725
0.017595
0.0869019
0.0174879
0.0878227
0.0186442
0.0887789
0.0178387
0.089966
0.0182384
0.0911239
0.0167906
0.0167134
0.0895045
0.00168533
0.0894505
0.00331292
0.0894154
0.00672536
0.0893807
0.00804083
0.0894757
0.0111817
0.0895881
0.0121657
0.0899262
0.0147174
0.0903029
0.0151981
0.0909588
0.0169391
0.0916642
0.0167825
0.092633
0.0176754
0.0936262
0.0168455
0.0948145
0.0170501
0.0959603
0.0156448
0.0154466
0.0939038
0.00170162
0.0938619
0.00335483
0.0938788
0.00670847
0.0938845
0.00803508
0.0940565
0.0110096
0.0942377
0.0119846
0.0946626
0.0142926
0.0951227
0.014738
0.0958515
0.0162103
0.0966254
0.0160086
0.0976323
0.0166686
0.0986523
0.0158255
0.0998345
0.0158678
0.100963
0.0145164
0.0142232
0.0985195
0.00170097
0.0984916
0.00338267
0.0985623
0.0066378
0.0986143
0.00798304
0.0988615
0.0107625
0.0991165
0.0117296
0.0996215
0.0137876
0.100163
0.014196
0.100956
0.0154178
0.10179
0.015175
0.102825
0.0156328
0.103863
0.0147879
0.105033
0.0146979
0.10614
0.0134097
0.0130445
0.103361
0.00168236
0.103351
0.00339331
0.103475
0.00651333
0.10358
0.00787842
0.103899
0.0104434
0.104231
0.0113972
0.10481
0.0132089
0.10543
0.013576
0.106278
0.01457
0.107162
0.014291
0.108218
0.0145764
0.109265
0.0137408
0.110417
0.0135458
0.111499
0.0123282
0.0119116
0.10844
0.00164562
0.10845
0.00338262
0.108627
0.00633649
0.10879
0.00771524
0.109178
0.0100559
0.109589
0.0109861
0.110235
0.0125624
0.110928
0.0128836
0.111823
0.0136746
0.112748
0.0133657
0.113818
0.0135072
0.114867
0.0126911
0.115997
0.012416
0.11705
0.0112748
0.0108247
0.113765
0.00159137
0.113802
0.00334583
0.114029
0.00610957
0.114255
0.00748859
0.114708
0.0096034
0.115197
0.0104969
0.115906
0.0118538
0.116663
0.0121258
0.117599
0.0127391
0.118557
0.0124078
0.119632
0.012432
0.120678
0.0116448
0.121782
0.0113121
0.122805
0.0102516
0.00978371
0.119349
0.00152082
0.119417
0.00327804
0.119691
0.00583512
0.119985
0.00719525
0.120499
0.00908894
0.121064
0.00993233
0.121829
0.0110882
0.122645
0.0113102
0.123613
0.0117704
0.124596
0.011425
0.125671
0.0113568
0.126709
0.010607
0.127785
0.0102365
0.128776
0.00925989
0.00878798
0.125204
0.00143553
0.125307
0.00317485
0.125627
0.0055153
0.125988
0.006834
0.126562
0.00851516
0.127198
0.00929667
0.128015
0.0102706
0.128881
0.0104443
0.129877
0.0107751
0.130877
0.0104242
0.131947
0.0102867
0.132973
0.00958159
0.134018
0.00919111
0.134978
0.00830044
0.00783635
0.131344
0.00133716
0.131486
0.00303279
0.131849
0.00515166
0.132278
0.00640555
0.132908
0.0078845
0.13361
0.008595
0.134475
0.00940604
0.135384
0.00953506
0.1364
0.00975913
0.137413
0.00941138
0.138474
0.0092254
0.139484
0.00857158
0.140498
0.0081766
0.141426
0.00737323
0.00692721
0.137781
0.00122717
0.137965
0.00284967
0.138371
0.00474509
0.138865
0.00591213
0.13955
0.00719938
0.140312
0.00783276
0.141219
0.00849923
0.142165
0.00858888
0.143197
0.00872743
0.144217
0.00839123
0.145267
0.00817564
0.146259
0.00757878
0.147243
0.00719285
0.148139
0.00647749
0.00605835
0.144533
0.00110672
0.144758
0.00262468
0.145207
0.00429598
0.145762
0.00535697
0.146499
0.0064623
0.147317
0.00701521
0.148262
0.00755449
0.149239
0.00761108
0.150283
0.00768377
0.151307
0.00736716
0.152344
0.00713878
0.153319
0.0066038
0.154273
0.00623872
0.155139
0.0056116
0.00522692
0.151614
0.000976544
0.15188
0.00235822
0.152372
0.00380456
0.152985
0.00474364
0.153771
0.00567582
0.154639
0.00614709
0.155619
0.00657539
0.156624
0.00660579
0.157677
0.00663055
0.158703
0.00634111
0.159727
0.00611477
0.160685
0.00564595
0.161612
0.00531189
0.16245
0.00477301
0.00442929
0.15904
0.000837026
0.159347
0.00205169
0.15988
0.00327114
0.160548
0.00407559
0.161382
0.0048423
0.162297
0.00523231
0.163308
0.00556443
0.164338
0.00557561
0.1654
0.00556851
0.166428
0.00531327
0.16744
0.00510194
0.168383
0.00470304
0.169286
0.0044088
0.170101
0.00395804
0.00366089
0.16683
0.000688275
0.167175
0.00170708
0.167749
0.00269626
0.168469
0.00335586
0.169348
0.00396364
0.170306
0.00427369
0.171348
0.00452269
0.172402
0.00452138
0.173474
0.00449649
0.174506
0.0042819
0.175511
0.00409679
0.176443
0.0037712
0.177327
0.00352437
0.178124
0.00316172
0.00291602
0.175001
0.000530244
0.175381
0.00132676
0.175997
0.00208072
0.176765
0.00258693
0.177688
0.00304089
0.178689
0.00327261
0.179763
0.00344951
0.180842
0.00344187
0.181927
0.00341113
0.182966
0.00324302
0.183969
0.00309371
0.184896
0.00284459
0.185769
0.0026517
0.186553
0.00237749
0.00218759
0.183571
0.000362838
0.183985
0.000913194
0.18464
0.00142547
0.185456
0.00177064
0.186423
0.00207406
0.187467
0.00222871
0.188574
0.00234212
0.189683
0.00233336
0.190787
0.00230648
0.19184
0.00219003
0.19285
0.00208456
0.193779
0.00191503
0.194649
0.00178173
0.19543
0.00159679
0.00146666
0.192561
0.000186022
0.193005
0.000469011
0.193699
0.000731621
0.194561
0.000908176
0.195573
0.00106191
0.196662
0.00113968
0.197809
0.00119532
0.198953
0.00118934
0.200086
0.0011736
0.201163
0.00111326
0.202189
0.0010582
0.203133
0.000971543
0.204012
0.000902911
0.204799
0.000808864
0.000741547
0.20199
0.202459
0.203191
0.204099
0.205161
0.2063
0.207496
0.208685
0.209859
0.210972
0.21203
0.213002
0.213904
0.214713
0.0357655
-0.000815873
0.0360783
-0.00114011
0.0362307
-0.000959361
0.0363062
-0.000726881
0.0362193
-0.000288095
0.036056
4.29801e-05
0.03572
0.000417765
0.0352919
0.000680906
0.0346732
0.000949812
0.0339371
0.00112845
0.0329835
0.00133374
0.031886
0.00146176
0.0305289
0.00166431
0.0290199
0.00176189
0.00202947
0.0357584
-0.00121893
0.0360644
-0.00144616
0.0362104
-0.00110532
0.0362796
-0.000796087
0.0361861
-0.000194599
0.0360169
0.000212224
0.0356749
0.00075974
0.0352412
0.00111458
0.0346175
0.00157358
0.0338769
0.00186905
0.0329195
0.00229107
0.0318193
0.00256202
0.0304607
0.00302293
0.0289514
0.00327116
0.0038699
0.0357439
-0.00160752
0.0360363
-0.00173855
0.0361697
-0.00123873
0.0362267
-0.000853087
0.0361218
-8.96192e-05
0.0359417
0.000392317
0.0355894
0.00111196
0.0351464
0.00155765
0.034514
0.00220596
0.0337662
0.0026168
0.0328028
0.00325446
0.0316986
0.00366622
0.030338
0.00438356
0.0288294
0.00477981
0.00570718
0.0357222
-0.00197434
0.035994
-0.00201036
0.0361087
-0.0013535
0.0361475
-0.000891796
0.0360266
3.12811e-05
0.0358305
0.000588403
0.0354638
0.00147865
0.0350074
0.00201398
0.034363
0.00285045
0.0336053
0.00337443
0.0326336
0.00422623
0.0315242
0.00477561
0.0301611
0.00574669
0.0286539
0.00628696
0.00753935
0.0356931
-0.00231211
0.0359374
-0.0022547
0.0360275
-0.00144359
0.0360422
-0.000906458
0.0359003
0.000173166
0.0356834
0.000805269
0.0352981
0.00186401
0.0348246
0.00248745
0.0341646
0.00351046
0.0333943
0.00414469
0.0324118
0.00520876
0.031296
0.00589146
0.0299297
0.00711291
0.0284249
0.00779177
0.00936434
0.0356568
-0.00261358
0.0358669
-0.00246475
0.0359263
-0.001503
0.0359112
-0.000891365
0.0357432
0.000341162
0.0355008
0.00104765
0.0350926
0.00227217
0.0345981
0.00298198
0.0339191
0.00418941
0.0331334
0.00493042
0.0321377
0.00620449
0.031014
0.00701516
0.029644
0.0084829
0.0281423
0.00929349
0.0111799
0.0356133
-0.00287154
0.0357823
-0.00263373
0.0358051
-0.00152578
0.0357545
-0.000840844
0.0355554
0.000540267
0.0352828
0.00132033
0.0348477
0.00270726
0.0343281
0.00350154
0.0336269
0.00489068
0.0328227
0.00573453
0.0318114
0.00721586
0.0306784
0.00814816
0.0293039
0.0098574
0.027806
0.0107914
0.0129838
0.0355627
-0.00307888
0.0356839
-0.00275493
0.0356641
-0.00150605
0.0355726
-0.000749284
0.0353374
0.000775429
0.0350297
0.00162808
0.0345636
0.00317331
0.0340151
0.0040501
0.0332881
0.00561761
0.0324627
0.00655999
0.0314332
0.00824534
0.0302894
0.00929199
0.0289095
0.0112372
0.0274161
0.0122849
0.0147733
0.035505
-0.00322853
0.0355718
-0.00282175
0.0355037
-0.00143798
0.0353656
-0.000611147
0.0350895
0.00105156
0.0347419
0.00197566
0.0342409
0.00367433
0.0336593
0.0046317
0.0329034
0.00637345
0.0320535
0.00740992
0.0310034
0.00929542
0.0298472
0.0104482
0.0284611
0.0126233
0.0269728
0.0137732
0.0165459
0.0354403
-0.0033135
0.0354462
-0.00282765
0.0353242
-0.00131594
0.0351339
-0.00042091
0.034812
0.00137351
0.0344199
0.00236777
0.0338799
0.0042143
0.0332612
0.00525037
0.0324733
0.00716141
0.0315957
0.00828752
0.0305226
0.0103685
0.0293522
0.0116186
0.0279589
0.0140166
0.0264765
0.0152556
0.0182988
0.0353687
-0.0033269
0.0353072
-0.00276615
0.0351256
-0.0011343
0.0348778
-0.000173117
0.0345054
0.00174595
0.0340641
0.00280906
0.0334813
0.00479712
0.0328215
0.00591015
0.0319983
0.00798462
0.0310897
0.00919611
0.0299912
0.011467
0.0288051
0.0128047
0.0274036
0.0154181
0.0259279
0.0167312
0.0200293
0.0352904
-0.00326196
0.0351553
-0.00263104
0.0349079
-0.000886905
0.0345983
0.000136481
0.0341701
0.00217416
0.0336752
0.00330399
0.0330456
0.00542668
0.0323407
0.00661506
0.0314792
0.00884614
0.0305361
0.0101391
0.0294101
0.012593
0.0282063
0.0140086
0.0267957
0.0168286
0.0253279
0.0181991
0.0217347
0.0352054
-0.00311198
0.0349906
-0.0024163
0.0346721
-0.000568361
0.034295
0.000513556
0.0338067
0.00266249
0.0332537
0.00385697
0.0325735
0.00610681
0.0318196
0.00736906
0.0309167
0.00974897
0.0299357
0.0111201
0.0287801
0.0137486
0.0275567
0.015232
0.0261362
0.0182491
0.0246775
0.0196578
0.0234124
0.0351137
-0.00287036
0.0348135
-0.00211605
0.0344182
-0.000173076
0.0339686
0.000963165
0.0334157
0.00321536
0.0328004
0.00447227
0.0320659
0.00684129
0.031259
0.008176
0.0303119
0.0106961
0.0292893
0.0121427
0.0281023
0.0149356
0.0268571
0.0164773
0.0254263
0.0196799
0.0239785
0.0211056
0.0250604
0.0350157
-0.00253075
0.0346237
-0.00172403
0.0341473
0.000303365
0.0336197
0.00149068
0.032998
0.00383715
0.0323162
0.00515401
0.0315237
0.00763385
0.0306601
0.0090396
0.0296657
0.0116904
0.0285981
0.0132104
0.0273782
0.0161555
0.0261087
0.0177468
0.0246675
0.0211211
0.0232329
0.0225401
0.026677
0.0349115
-0.00208691
0.0344223
-0.00123486
0.0338589
0.000866759
0.0332492
0.00210043
0.0325542
0.00453213
0.0318021
0.00590609
0.0309479
0.00848809
0.0300242
0.00996332
0.0289797
0.0127349
0.0278635
0.0143266
0.0266094
0.0174096
0.0253128
0.0190433
0.0238621
0.0225718
0.0224436
0.0239586
0.0282618
0.0348013
-0.00153286
0.0342093
-0.000642862
0.033554
0.00152202
0.0328576
0.00279689
0.0320853
0.00530435
0.0312592
0.00673222
0.0303399
0.00940742
0.0293528
0.0109504
0.0282555
0.0138322
0.0270876
0.0154945
0.0257981
0.0186992
0.0244713
0.0203701
0.0230133
0.0240297
0.0216141
0.0253578
0.0298161
0.0346852
-0.000862715
0.0339851
5.72551e-05
0.0332332
0.00227388
0.0324455
0.0035846
0.031592
0.00615782
0.0306881
0.00763613
0.0297003
0.0103953
0.0286468
0.0120038
0.0274939
0.0149852
0.026272
0.0167164
0.0249463
0.0200248
0.0235868
0.0217297
0.0221264
0.0254902
0.0207489
0.0267353
0.0313398
0.0345633
-7.06384e-05
0.0337504
0.000870074
0.0328975
0.00312687
0.0320146
0.00446743
0.0310766
0.00709581
0.030092
0.00862074
0.0290332
0.0114541
0.0279113
0.0131257
0.0267011
0.0161955
0.025424
0.0179935
0.0240624
0.0213863
0.0226691
0.023123
0.0212151
0.0269441
0.0198635
0.0280869
0.0328573
0.0344363
0.0335071
0.0325498
0.0315715
0.0305488
0.0294861
0.0283593
0.0271726
0.0259084
0.0245762
0.0231791
0.0217444
0.0203081
0.0189862
)
;

boundaryField
{
    inlet
    {
        type            calculated;
        value           nonuniform List<scalar> 
50
(
-0.050451
-0.0529213
-0.0555125
-0.0582306
-0.0610819
-0.0640727
-0.06721
-0.0705008
-0.0739529
-0.0775739
-0.0813723
-0.0853566
-0.089536
-0.0939201
-0.0985188
-0.103343
-0.108403
-0.113711
-0.119278
-0.125119
-0.131245
-0.137671
-0.144412
-0.151483
-0.158901
-0.166681
-0.174843
-0.183404
-0.192384
-0.201804
-0.0353553
-0.0353553
-0.0353553
-0.0353553
-0.0353553
-0.0353553
-0.0353553
-0.0353553
-0.0353553
-0.0353553
-0.0353553
-0.0353553
-0.0353553
-0.0353553
-0.0353553
-0.0353553
-0.0353553
-0.0353553
-0.0353553
-0.0353553
)
;
    }
    outlet
    {
        type            calculated;
        value           nonuniform 0();
    }
    cylinder
    {
        type            calculated;
        value           uniform 0;
    }
    top
    {
        type            symmetryPlane;
        value           uniform 0;
    }
    bottom
    {
        type            symmetryPlane;
        value           nonuniform 0();
    }
    defaultFaces
    {
        type            empty;
        value           nonuniform 0();
    }
    procBoundary2to0
    {
        type            processor;
        value           nonuniform List<scalar> 
26
(
-0.000849318
-0.00181809
-0.00232258
0.0055239
0.000159265
0.000124672
8.80839e-05
4.70369e-05
1.75721e-06
-4.75354e-05
-0.000100723
0.000405695
0.000827314
0.000806984
0.000651344
0.00037499
0.00012035
-8.1787e-05
-0.0002528
-0.000331136
-0.000392303
-0.00038011
-0.000364277
-0.000307261
-0.000252881
-0.000187892
)
;
    }
    procBoundary2to3
    {
        type            processor;
        value           nonuniform List<scalar> 
50
(
-0.000875283
2.48907e-05
-0.00112368
0.000415878
0.000557188
0.0020585
0.0020146
0.00910888
0.0049884
0.0215488
0.0336318
0.0140922
0.0508491
0.018616
0.0655535
0.0212856
0.0765676
0.0837462
0.0236822
0.0633086
0.0659014
0.0685067
0.0711585
0.0739011
0.076763
0.0797617
0.0829028
0.0861857
0.0896106
0.0931817
0.0969049
0.100786
0.104834
0.109057
-0.0128845
0.114268
0.118876
0.123695
0.12874
0.134027
0.139576
0.145409
0.15155
0.158028
0.164874
0.172126
0.179826
0.188022
0.196774
0.206147
)
;
    }
}


// ************************************************************************* //
