/*--------------------------------*- C++ -*----------------------------------*\
  =========                 |
  \\      /  F ield         | OpenFOAM: The Open Source CFD Toolbox
   \\    /   O peration     | Website:  https://openfoam.org
    \\  /    A nd           | Version:  7
     \\/     M anipulation  |
\*---------------------------------------------------------------------------*/
FoamFile
{
    version     2.0;
    format      ascii;
    class       volScalarField;
    location    "400";
    object      p;
}
// * * * * * * * * * * * * * * * * * * * * * * * * * * * * * * * * * * * * * //

dimensions      [0 2 -2 0 0 0 0];

internalField   nonuniform List<scalar> 
8500
(
-0.389536
-0.39274
-0.393812
-0.394518
-0.395094
-0.395588
-0.39598
-0.396195
-0.396094
-0.395883
-0.383336
-0.38613
-0.386859
-0.387084
-0.387016
-0.38672
-0.386207
-0.385471
-0.384435
-0.383363
-0.377662
-0.380007
-0.380397
-0.380161
-0.379483
-0.378439
-0.377072
-0.375444
-0.373559
-0.37157
-0.372468
-0.374349
-0.37441
-0.373736
-0.372481
-0.370728
-0.368554
-0.366088
-0.363455
-0.360464
-0.367699
-0.369128
-0.368875
-0.367788
-0.365985
-0.363555
-0.360615
-0.357349
-0.354086
-0.34997
-0.363302
-0.364313
-0.363767
-0.362291
-0.359966
-0.356876
-0.353203
-0.349158
-0.345386
-0.34007
-0.359227
-0.359879
-0.359063
-0.357221
-0.3544
-0.350647
-0.346271
-0.341435
-0.336922
-0.331079
-0.355438
-0.355804
-0.354746
-0.352557
-0.349277
-0.344822
-0.339759
-0.334182
-0.328999
-0.322446
-0.351916
-0.352079
-0.350807
-0.34828
-0.34448
-0.339488
-0.333682
-0.327347
-0.321577
-0.314156
-0.348658
-0.348707
-0.347246
-0.344394
-0.340115
-0.334547
-0.328037
-0.320941
-0.314646
-0.30624
-0.345683
-0.345701
-0.344076
-0.340914
-0.336178
-0.330037
-0.322859
-0.315017
-0.308281
-0.298721
-0.343031
-0.343088
-0.341314
-0.337867
-0.332695
-0.32601
-0.318215
-0.309666
-0.302638
-0.291663
-0.340762
-0.34091
-0.339001
-0.335283
-0.329708
-0.322531
-0.3142
-0.305018
-0.297933
-0.285196
-0.338954
-0.339216
-0.33718
-0.333213
-0.327274
-0.319682
-0.31092
-0.301225
-0.294377
-0.279534
-0.3377
-0.338067
-0.335903
-0.331714
-0.325459
-0.317551
-0.308483
-0.298449
-0.292077
-0.275075
-0.337093
-0.337523
-0.335226
-0.330845
-0.324334
-0.316219
-0.30697
-0.296831
-0.290915
-0.272222
-0.337227
-0.337644
-0.335198
-0.330626
-0.323986
-0.315747
-0.306422
-0.296458
-0.29053
-0.271165
-0.338177
-0.338478
-0.335863
-0.331127
-0.324411
-0.316149
-0.306827
-0.297323
-0.290501
-0.271566
-0.339997
-0.340056
-0.337241
-0.332356
-0.325602
-0.317394
-0.308126
-0.299285
-0.290711
-0.273394
-0.342712
-0.342391
-0.339327
-0.334289
-0.327509
-0.319391
-0.310205
-0.301975
-0.29155
-0.27936
-0.346319
-0.345472
-0.342096
-0.336876
-0.330055
-0.322015
-0.312899
-0.30483
-0.29326
-0.292299
-0.350795
-0.349271
-0.345522
-0.340061
-0.333154
-0.325134
-0.316027
-0.307619
-0.295871
-0.292506
-0.356112
-0.353765
-0.349563
-0.343791
-0.336732
-0.328631
-0.319396
-0.310329
-0.298092
-0.291198
-0.36223
-0.35894
-0.354198
-0.348038
-0.340742
-0.332429
-0.322866
-0.312907
-0.299732
-0.289807
-0.369124
-0.364788
-0.359425
-0.352802
-0.345166
-0.33648
-0.326354
-0.315228
-0.300791
-0.288026
-0.376787
-0.371314
-0.365267
-0.358105
-0.350005
-0.340755
-0.329787
-0.317199
-0.301202
-0.286
-0.385222
-0.378536
-0.371759
-0.363985
-0.35527
-0.345227
-0.333087
-0.318735
-0.300991
-0.283632
-0.394441
-0.38648
-0.378943
-0.37047
-0.360964
-0.349848
-0.336162
-0.319778
-0.300182
-0.280921
-0.404448
-0.395169
-0.386847
-0.377575
-0.367065
-0.354533
-0.338914
-0.32029
-0.298814
-0.277843
-0.415236
-0.40461
-0.395479
-0.385278
-0.373509
-0.359162
-0.341248
-0.320246
-0.296913
-0.274388
-0.426776
-0.414788
-0.404812
-0.393524
-0.380181
-0.363588
-0.343073
-0.319625
-0.294498
-0.270538
-0.439001
-0.425652
-0.414779
-0.40221
-0.386915
-0.367649
-0.344309
-0.318408
-0.291569
-0.266272
-0.451811
-0.437117
-0.42527
-0.41118
-0.393502
-0.371184
-0.344877
-0.316566
-0.288111
-0.261559
-0.46506
-0.449051
-0.436128
-0.420225
-0.39971
-0.374036
-0.3447
-0.314063
-0.284096
-0.256364
-0.47856
-0.461279
-0.44715
-0.429086
-0.405298
-0.376053
-0.343699
-0.310853
-0.279484
-0.250645
-0.49208
-0.473581
-0.458085
-0.437468
-0.410023
-0.37709
-0.341794
-0.306882
-0.274226
-0.244359
-0.505345
-0.485693
-0.468638
-0.445056
-0.413655
-0.37701
-0.338904
-0.30209
-0.268267
-0.237458
-0.518047
-0.497313
-0.478475
-0.451529
-0.415972
-0.375683
-0.334944
-0.296409
-0.261549
-0.229898
-0.529844
-0.508109
-0.487237
-0.456575
-0.416772
-0.372987
-0.329831
-0.289772
-0.254012
-0.221637
-0.540376
-0.517723
-0.49455
-0.459896
-0.41587
-0.368807
-0.323483
-0.282112
-0.245599
-0.212637
-0.549266
-0.525781
-0.500045
-0.461221
-0.413101
-0.36304
-0.315823
-0.273363
-0.236261
-0.202868
-0.55614
-0.531907
-0.50337
-0.460308
-0.408321
-0.35559
-0.306778
-0.263465
-0.225957
-0.192313
-0.560628
-0.53573
-0.504202
-0.456948
-0.401407
-0.346377
-0.296281
-0.252363
-0.214654
-0.18096
-0.562384
-0.536897
-0.50226
-0.450968
-0.392262
-0.335331
-0.284275
-0.240006
-0.202311
-0.16876
-0.56109
-0.535089
-0.497306
-0.442236
-0.38081
-0.322404
-0.27072
-0.226354
-0.188854
-0.155536
-0.556464
-0.530024
-0.489155
-0.430657
-0.367006
-0.307563
-0.255594
-0.211391
-0.174217
-0.140987
-0.548273
-0.521477
-0.477668
-0.416176
-0.350824
-0.290793
-0.238887
-0.195127
-0.158454
-0.125078
-0.536334
-0.509279
-0.462756
-0.398771
-0.332267
-0.272094
-0.220594
-0.177573
-0.141678
-0.108871
-0.520521
-0.493319
-0.444379
-0.378459
-0.311361
-0.251484
-0.200749
-0.158786
-0.123716
-0.0921427
-0.500765
-0.473546
-0.422548
-0.355292
-0.28816
-0.22902
-0.179452
-0.138774
-0.104715
-0.0746527
-0.477056
-0.44997
-0.397331
-0.329362
-0.262737
-0.204797
-0.156727
-0.117557
-0.0847752
-0.0563761
-0.44944
-0.422663
-0.368864
-0.300793
-0.235171
-0.178885
-0.132627
-0.0952163
-0.0639593
-0.0373804
-0.418019
-0.391764
-0.337348
-0.269675
-0.205569
-0.151367
-0.107246
-0.0718411
-0.0423358
-0.0177702
-0.382957
-0.357479
-0.302907
-0.236021
-0.174166
-0.122383
-0.0806942
-0.0475255
-0.0199866
0.00234063
-0.344479
-0.320084
-0.265375
-0.200316
-0.141071
-0.0920777
-0.053096
-0.0223715
0.00300488
0.0228653
-0.302813
-0.279825
-0.225012
-0.162763
-0.106499
-0.060611
-0.0245888
0.00351475
0.0265528
0.0437147
-0.258163
-0.236529
-0.182852
-0.123527
-0.0706465
-0.0281546
0.00469239
0.0300351
0.0505165
0.0645513
-0.210862
-0.19081
-0.139091
-0.0828907
-0.0337218
0.00511932
0.0346319
0.057108
0.0746187
0.0845497
-0.161512
-0.142963
-0.0938428
-0.0411326
0.00404722
0.0390352
0.0651208
0.0846279
0.098519
0.103129
-0.110327
-0.0934921
-0.047371
0.00146827
0.0424193
0.0734038
0.0959958
0.112347
0.122097
0.122035
-0.0577137
-0.0428396
-1.70979e-05
0.0446233
0.081147
0.108014
0.127002
0.139859
0.145329
0.146129
-0.00411981
0.00858576
0.0478514
0.0880335
0.119978
0.142638
0.157873
0.167043
0.169149
0.170385
0.0500043
0.0603727
0.0958611
0.131392
0.158654
0.177043
0.188433
0.19397
0.193217
0.193382
0.104205
0.112104
0.143639
0.174389
0.196912
0.210997
0.218508
0.220515
0.217088
0.21542
0.158028
0.163362
0.190816
0.216714
0.234488
0.244276
0.247928
0.2465
0.240411
0.23648
0.211022
0.213729
0.237028
0.258062
0.271122
0.276661
0.276512
0.271741
0.262994
0.256597
0.262744
0.262797
0.281921
0.298133
0.306562
0.307938
0.304079
0.296061
0.284679
0.275731
0.31276
0.310167
0.32515
0.336637
0.340561
0.337898
0.330448
0.319297
0.30534
0.293825
0.360651
0.355456
0.366386
0.373293
0.372881
0.36634
0.355447
0.341299
0.324855
0.310807
0.406018
0.398296
0.405311
0.407836
0.403296
0.393071
0.378912
0.361925
0.34311
0.326601
0.448482
0.438343
0.441629
0.440015
0.431593
0.417908
0.400685
0.381042
0.359996
0.341131
0.487687
0.475272
0.475063
0.469593
0.457572
0.440682
0.420624
0.398526
0.37541
0.354326
0.523305
0.508784
0.505355
0.496354
0.481047
0.461234
0.438593
0.414264
0.389257
0.366118
0.555039
0.538609
0.532274
0.520101
0.50185
0.479422
0.45447
0.428149
0.401448
0.376446
0.58262
0.564504
0.555612
0.540656
0.519832
0.495117
0.468148
0.440089
0.411905
0.385257
0.605814
0.586257
0.575186
0.557867
0.53486
0.508208
0.479529
0.450001
0.420559
0.392504
0.624423
0.603687
0.590841
0.571602
0.546822
0.518598
0.488533
0.457815
0.427351
0.398149
0.638282
0.616647
0.602452
0.581753
0.555627
0.526209
0.495093
0.463473
0.432232
0.402159
0.647267
0.625023
0.609919
0.588237
0.561204
0.530982
0.499157
0.466931
0.435167
0.404513
0.65129
0.628736
0.613176
0.590997
0.563504
0.532873
0.500691
0.468157
0.43613
0.405196
0.650301
0.627741
0.612185
0.59
0.562499
0.53186
0.499672
0.467135
0.435106
0.404194
0.64429
0.622029
0.606936
0.58524
0.558182
0.527937
0.496099
0.463862
0.432091
0.401503
0.633288
0.611626
0.597453
0.576734
0.550571
0.521119
0.489981
0.458346
0.427093
0.397127
0.617361
0.596593
0.583788
0.564529
0.539703
0.511437
0.481347
0.450614
0.420135
0.391082
0.596616
0.577027
0.566022
0.548692
0.525637
0.498942
0.470241
0.440701
0.411248
0.383387
0.571197
0.553056
0.544267
0.529319
0.508455
0.483704
0.456721
0.428661
0.400473
0.374068
0.541285
0.524845
0.518663
0.506528
0.488257
0.465808
0.440861
0.414556
0.387865
0.363159
0.507095
0.492587
0.489377
0.48046
0.465165
0.445358
0.422749
0.398463
0.373488
0.350702
0.468879
0.456511
0.456603
0.451282
0.439318
0.422474
0.402487
0.380469
0.357416
0.336748
0.426918
0.41687
0.420561
0.419177
0.410877
0.397291
0.380191
0.360675
0.339733
0.321353
0.381525
0.373951
0.381494
0.384354
0.380015
0.369959
0.355988
0.33919
0.320528
0.304582
0.33304
0.328061
0.339666
0.347035
0.346926
0.340642
0.330018
0.316132
0.299903
0.286502
0.28183
0.279535
0.295365
0.307465
0.311814
0.309515
0.30243
0.29163
0.27796
0.267186
0.228283
0.228727
0.248896
0.265899
0.2749
0.276765
0.273386
0.265821
0.254811
0.246705
0.172808
0.176011
0.200579
0.222612
0.236414
0.242588
0.243053
0.238854
0.230571
0.225126
0.115829
0.121776
0.150752
0.177885
0.196597
0.207189
0.211608
0.21089
0.205366
0.202496
0.0577827
0.0664262
0.0997612
0.132013
0.155699
0.170779
0.179231
0.182105
0.17935
0.178838
-0.000882974
0.010371
0.0479649
0.0852981
0.113976
0.133574
0.146098
0.152686
0.15272
0.154093
-0.0597167
-0.0459725
-0.00427227
0.038046
0.0716896
0.0957948
0.112377
0.122811
0.125854
0.128263
-0.118265
-0.102187
-0.0565808
-0.00943449
0.0291025
0.0576768
0.0782396
0.0926043
0.0992435
0.100996
-0.176077
-0.157859
-0.108589
-0.056836
-0.013526
0.0194535
0.0438582
0.0619598
0.073229
0.0738112
-0.232706
-0.212579
-0.159926
-0.103856
-0.0559425
-0.0186423
0.00951593
0.0310066
0.0467937
0.0525411
-0.28772
-0.26593
-0.210237
-0.150201
-0.0978972
-0.0563954
-0.0245161
0.000194298
0.0199467
0.0316165
-0.340782
-0.317457
-0.259206
-0.195589
-0.139146
-0.0936141
-0.0580723
-0.030216
-0.00719166
0.00901339
-0.391493
-0.366775
-0.306631
-0.239744
-0.179455
-0.130121
-0.0910492
-0.0601266
-0.0342584
-0.0145977
-0.4394
-0.413294
-0.352482
-0.282381
-0.218608
-0.165741
-0.123333
-0.089462
-0.0609589
-0.038287
-0.484219
-0.456823
-0.396168
-0.323227
-0.256412
-0.2003
-0.154786
-0.118123
-0.0871469
-0.0616895
-0.525729
-0.497376
-0.436749
-0.362274
-0.29267
-0.233629
-0.185265
-0.146
-0.112734
-0.084717
-0.563698
-0.5347
-0.474317
-0.399097
-0.327152
-0.265576
-0.214641
-0.172986
-0.137631
-0.10728
-0.597917
-0.568541
-0.508928
-0.43328
-0.359789
-0.296009
-0.242795
-0.198981
-0.161749
-0.129261
-0.62824
-0.598701
-0.540411
-0.464886
-0.390345
-0.324794
-0.269625
-0.223895
-0.185012
-0.150552
-0.654575
-0.625056
-0.568576
-0.493822
-0.418721
-0.351869
-0.295046
-0.247641
-0.207362
-0.171075
-0.676887
-0.647544
-0.593301
-0.519961
-0.44485
-0.377154
-0.319037
-0.270142
-0.228733
-0.190801
-0.695194
-0.666164
-0.614528
-0.543217
-0.468669
-0.400568
-0.341546
-0.29143
-0.248985
-0.209802
-0.709571
-0.680972
-0.632254
-0.563546
-0.490134
-0.42207
-0.362492
-0.311453
-0.26795
-0.228334
-0.720147
-0.692081
-0.646519
-0.580938
-0.509224
-0.441648
-0.381858
-0.33019
-0.285919
-0.246124
-0.727107
-0.699659
-0.657413
-0.595418
-0.525946
-0.459313
-0.399657
-0.347649
-0.302822
-0.262592
-0.730683
-0.703928
-0.665075
-0.607042
-0.540325
-0.475089
-0.415913
-0.363826
-0.318597
-0.277838
-0.73115
-0.705158
-0.669684
-0.615901
-0.552414
-0.489015
-0.430656
-0.378739
-0.33329
-0.292126
-0.72882
-0.703661
-0.671467
-0.622123
-0.562286
-0.501146
-0.443937
-0.392438
-0.346973
-0.305609
-0.724031
-0.699775
-0.670692
-0.625871
-0.570037
-0.511554
-0.455822
-0.404991
-0.359705
-0.318338
-0.717138
-0.693856
-0.667663
-0.627339
-0.575783
-0.520324
-0.466389
-0.416469
-0.371536
-0.330337
-0.708507
-0.686268
-0.662713
-0.626753
-0.579659
-0.527551
-0.475719
-0.426949
-0.382525
-0.341639
-0.698498
-0.677367
-0.65619
-0.624362
-0.581817
-0.533339
-0.483901
-0.436511
-0.392744
-0.352291
-0.687461
-0.667498
-0.648442
-0.620438
-0.582426
-0.537797
-0.491025
-0.445243
-0.402273
-0.362355
-0.675724
-0.656981
-0.63981
-0.615265
-0.581667
-0.541043
-0.497185
-0.453235
-0.411199
-0.371905
-0.66359
-0.646108
-0.630608
-0.609136
-0.579735
-0.543197
-0.502473
-0.460577
-0.419614
-0.381021
-0.651325
-0.635136
-0.621117
-0.602335
-0.576832
-0.544383
-0.506981
-0.467359
-0.427609
-0.38979
-0.639162
-0.624282
-0.61158
-0.595135
-0.57317
-0.544729
-0.510798
-0.473665
-0.435279
-0.398304
-0.627295
-0.613725
-0.602195
-0.587774
-0.56896
-0.544369
-0.514008
-0.479575
-0.442711
-0.406661
-0.615881
-0.603603
-0.593122
-0.580456
-0.564411
-0.543439
-0.516692
-0.48516
-0.449989
-0.414961
-0.605048
-0.59402
-0.584484
-0.573342
-0.559716
-0.542083
-0.518931
-0.490482
-0.457186
-0.423304
-0.59489
-0.585047
-0.576373
-0.566557
-0.555047
-0.540446
-0.520804
-0.495594
-0.464363
-0.431795
-0.585473
-0.576728
-0.568849
-0.560196
-0.550546
-0.538673
-0.522393
-0.500539
-0.471559
-0.440527
-0.576838
-0.569086
-0.561949
-0.554332
-0.546325
-0.536903
-0.523787
-0.50535
-0.478788
-0.449606
-0.568996
-0.562117
-0.555686
-0.549015
-0.542471
-0.535253
-0.525073
-0.510051
-0.486048
-0.459068
-0.561926
-0.555799
-0.550049
-0.544274
-0.539051
-0.53382
-0.526335
-0.514663
-0.493283
-0.469032
-0.555571
-0.550081
-0.545001
-0.540105
-0.536105
-0.532669
-0.527642
-0.519181
-0.500497
-0.479226
-0.549837
-0.544883
-0.540476
-0.536468
-0.533637
-0.531833
-0.529031
-0.523595
-0.507617
-0.489684
-0.544596
-0.540102
-0.536377
-0.533284
-0.531603
-0.531299
-0.530506
-0.52787
-0.514669
-0.498817
-0.53969
-0.535607
-0.53258
-0.530433
-0.529901
-0.530999
-0.532047
-0.531787
-0.522779
-0.501523
-0.53494
-0.53125
-0.528935
-0.52776
-0.528377
-0.5308
-0.533564
-0.535159
-0.53122
-0.507255
-0.53016
-0.526877
-0.525281
-0.525081
-0.526833
-0.530509
-0.534861
-0.537893
-0.538412
-0.514133
-0.525171
-0.522334
-0.521451
-0.522203
-0.525044
-0.529886
-0.535653
-0.539876
-0.543722
-0.519931
-0.519811
-0.517479
-0.517288
-0.518936
-0.522778
-0.528666
-0.535631
-0.540907
-0.547016
-0.524344
-0.513953
-0.51219
-0.512652
-0.515106
-0.519822
-0.5266
-0.534511
-0.540734
-0.548225
-0.527564
-0.507505
-0.506376
-0.507432
-0.510575
-0.515999
-0.523466
-0.53207
-0.539108
-0.5473
-0.529494
-0.500422
-0.499977
-0.501555
-0.505244
-0.511189
-0.519124
-0.52817
-0.535833
-0.544282
-0.529834
-0.492706
-0.492973
-0.494987
-0.499069
-0.505334
-0.513507
-0.522754
-0.530798
-0.539324
-0.528294
-0.484402
-0.485387
-0.487741
-0.492062
-0.498451
-0.506638
-0.515845
-0.524049
-0.532581
-0.524697
-0.475597
-0.477275
-0.479874
-0.484284
-0.490612
-0.498605
-0.507531
-0.515823
-0.524131
-0.519062
-0.466411
-0.468729
-0.471477
-0.475841
-0.481943
-0.489555
-0.498031
-0.506183
-0.513697
-0.511879
-0.456987
-0.459866
-0.462673
-0.46687
-0.472606
-0.479683
-0.487552
-0.495304
-0.502172
-0.502681
-0.447479
-0.450819
-0.453601
-0.457531
-0.462784
-0.469203
-0.476337
-0.483474
-0.489724
-0.491604
-0.438043
-0.441729
-0.444411
-0.447991
-0.452671
-0.458334
-0.464623
-0.470972
-0.47654
-0.479106
-0.428826
-0.432733
-0.435249
-0.438414
-0.442456
-0.447293
-0.452651
-0.458078
-0.462866
-0.465598
-0.419956
-0.423953
-0.426249
-0.428954
-0.432312
-0.436281
-0.44065
-0.445064
-0.448968
-0.451477
-0.411535
-0.415496
-0.417527
-0.419742
-0.422396
-0.425475
-0.428829
-0.43218
-0.435116
-0.437134
-0.403635
-0.407442
-0.409174
-0.410884
-0.41283
-0.415023
-0.417361
-0.419638
-0.421558
-0.422917
-0.396298
-0.399847
-0.401255
-0.402459
-0.403709
-0.405036
-0.406381
-0.407605
-0.4085
-0.409103
-0.397959
-0.399854
-0.415276
-0.443556
-0.486971
-0.511829
-0.479703
-0.387961
-0.283172
-0.209852
-0.167534
-0.155353
-0.176769
-0.187981
-0.166361
-0.130515
-0.0986593
-0.0835614
-0.0781203
-0.0768774
-0.0790814
-0.0857217
-0.0793758
-0.0729098
-0.0542719
-0.0336215
-0.0533942
-0.0608298
-0.0345001
0.00973475
-0.386086
-0.391512
-0.413995
-0.451048
-0.502999
-0.532795
-0.500335
-0.403738
-0.292192
-0.212244
-0.164872
-0.1482
-0.166256
-0.174641
-0.156728
-0.125075
-0.0975248
-0.0843674
-0.0809957
-0.0814528
-0.0831405
-0.0886213
-0.0804979
-0.073167
-0.0543058
-0.0336214
-0.0531956
-0.0609763
-0.0345601
0.0103568
-0.375163
-0.383629
-0.412227
-0.45658
-0.515714
-0.550133
-0.51789
-0.417291
-0.299909
-0.214074
-0.161981
-0.141094
-0.155643
-0.161105
-0.146634
-0.119287
-0.0962294
-0.0851032
-0.0839732
-0.0862105
-0.0872642
-0.0914391
-0.0815533
-0.0733606
-0.0543559
-0.0336663
-0.053009
-0.0611126
-0.0346242
0.0109429
-0.365062
-0.376006
-0.409674
-0.459764
-0.524935
-0.563685
-0.532276
-0.428634
-0.306389
-0.215445
-0.158983
-0.134183
-0.145053
-0.147599
-0.136161
-0.113179
-0.0947622
-0.085752
-0.087022
-0.0911089
-0.0914274
-0.0941593
-0.0825385
-0.0734896
-0.0544191
-0.0337522
-0.0528367
-0.061239
-0.034694
0.0114885
-0.355625
-0.368731
-0.405884
-0.460502
-0.530533
-0.573443
-0.543472
-0.437812
-0.311706
-0.216448
-0.155994
-0.127585
-0.134619
-0.134353
-0.125404
-0.10679
-0.0931139
-0.0862961
-0.0901071
-0.0961007
-0.0956038
-0.0967675
-0.0834503
-0.073553
-0.0544918
-0.0338739
-0.0526803
-0.0613552
-0.0347707
0.0119896
-0.346679
-0.361407
-0.401044
-0.458839
-0.532569
-0.579427
-0.551515
-0.444896
-0.315945
-0.217166
-0.153118
-0.121397
-0.12448
-0.121577
-0.114481
-0.100166
-0.0912777
-0.0867169
-0.0931909
-0.101134
-0.0997658
-0.0992505
-0.0842855
-0.0735499
-0.0545696
-0.0340258
-0.0525415
-0.0614606
-0.0348549
0.0124422
-0.338091
-0.353987
-0.395171
-0.454921
-0.531283
-0.581839
-0.5565
-0.449977
-0.319195
-0.217669
-0.150447
-0.115687
-0.114778
-0.109456
-0.103532
-0.0933658
-0.0892504
-0.0869948
-0.0962338
-0.106156
-0.103885
-0.101597
-0.0850409
-0.0734798
-0.0546476
-0.0342013
-0.0524208
-0.0615542
-0.0349469
0.0128426
-0.329878
-0.34649
-0.38836
-0.44901
-0.527035
-0.580931
-0.558574
-0.45316
-0.321548
-0.21802
-0.148057
-0.110498
-0.105649
-0.0981442
-0.0927278
-0.086457
-0.0870324
-0.0871096
-0.099196
-0.111108
-0.107931
-0.103796
-0.0857137
-0.073342
-0.0547205
-0.0343937
-0.0523186
-0.0616346
-0.0350462
0.0131875
-0.322045
-0.33896
-0.380802
-0.441452
-0.520262
-0.577034
-0.557928
-0.454557
-0.323091
-0.218268
-0.146006
-0.105857
-0.0972134
-0.0877564
-0.0822485
-0.0795168
-0.084629
-0.0870405
-0.102038
-0.115938
-0.111877
-0.105839
-0.0863013
-0.0731362
-0.0547827
-0.0345957
-0.0522348
-0.0616999
-0.035152
0.0134735
-0.31466
-0.331484
-0.372742
-0.432629
-0.511433
-0.570522
-0.554804
-0.454282
-0.323904
-0.218454
-0.144335
-0.101775
-0.0895637
-0.0783749
-0.0722995
-0.0726282
-0.0820495
-0.0867672
-0.104723
-0.120589
-0.115695
-0.107718
-0.0868016
-0.072862
-0.0548286
-0.0348001
-0.0521683
-0.0617478
-0.0352627
0.0136979
-0.307858
-0.324187
-0.364438
-0.422926
-0.501012
-0.561799
-0.549463
-0.452457
-0.32406
-0.218606
-0.143066
-0.0982524
-0.08276
-0.070046
-0.0630804
-0.0658788
-0.0793086
-0.0862695
-0.107217
-0.125014
-0.119357
-0.109428
-0.0872126
-0.0725196
-0.0548528
-0.0349998
-0.0521172
-0.0617754
-0.0353764
0.0138579
-0.301807
-0.317223
-0.356139
-0.412702
-0.489426
-0.551265
-0.542163
-0.449215
-0.323634
-0.218753
-0.142209
-0.0952868
-0.0768289
-0.0627762
-0.0545601
-0.0593629
-0.0764267
-0.0855287
-0.109489
-0.129167
-0.122837
-0.110964
-0.0875334
-0.0721091
-0.0548502
-0.035188
-0.0520792
-0.0617793
-0.0354904
0.0139508
-0.296669
-0.310757
-0.348064
-0.402262
-0.477041
-0.539276
-0.533134
-0.444718
-0.322716
-0.218932
-0.141776
-0.0928769
-0.0717667
-0.0565409
-0.0470112
-0.0531743
-0.0734283
-0.0845269
-0.111512
-0.133011
-0.126101
-0.112321
-0.0877633
-0.0716313
-0.0548153
-0.0353583
-0.0520518
-0.0617556
-0.0356015
0.0139744
-0.292562
-0.304946
-0.340386
-0.391847
-0.464146
-0.526125
-0.522591
-0.439129
-0.321392
-0.219171
-0.141749
-0.0910088
-0.0675341
-0.0512804
-0.0405086
-0.047388
-0.0703405
-0.0832482
-0.113262
-0.136512
-0.129121
-0.113495
-0.0879016
-0.0710877
-0.05474
-0.0355034
-0.052032
-0.0616999
-0.0357058
0.0139264
-0.289531
-0.299909
-0.333218
-0.38163
-0.450937
-0.512036
-0.510725
-0.43257
-0.319665
-0.219398
-0.142019
-0.0896144
-0.0640412
-0.0468885
-0.0350387
-0.0420572
-0.067192
-0.0816782
-0.11472
-0.139646
-0.131876
-0.114483
-0.0879465
-0.0704795
-0.054616
-0.0356154
-0.0520152
-0.0616076
-0.035799
0.0138046
-0.287533
-0.295695
-0.326614
-0.371714
-0.437488
-0.497215
-0.497747
-0.425116
-0.317438
-0.219464
-0.14243
-0.0886072
-0.0611887
-0.0432404
-0.0305319
-0.0372084
-0.0640097
-0.0798045
-0.115867
-0.142391
-0.134354
-0.115287
-0.0878976
-0.0698076
-0.0544466
-0.0356903
-0.0519954
-0.0614727
-0.0358762
0.0136068
-0.28638
-0.292269
-0.32058
-0.36214
-0.423932
-0.481799
-0.483963
-0.417038
-0.314962
-0.219634
-0.143229
-0.0881544
-0.0590436
-0.0403123
-0.0269473
-0.0328368
-0.0608123
-0.0776148
-0.11669
-0.144738
-0.136562
-0.115907
-0.0877672
-0.0690745
-0.0542611
-0.0357369
-0.051974
-0.0612895
-0.0359317
0.013331
-0.285765
-0.289474
-0.315043
-0.352876
-0.41119
-0.465534
-0.469558
-0.40907
-0.313337
-0.22101
-0.145298
-0.0888174
-0.0578876
-0.0382028
-0.024348
-0.0290146
-0.0576224
-0.0751016
-0.117157
-0.146657
-0.138466
-0.116325
-0.0875832
-0.0682904
-0.0540859
-0.0357656
-0.0519706
-0.06106
-0.0359595
0.0129769
-0.285842
-0.287146
-0.309668
-0.343513
-0.398352
-0.447835
-0.453908
-0.400905
-0.312276
-0.223214
-0.148134
-0.0902616
-0.0573632
-0.0365535
-0.0225218
-0.026045
-0.0545605
-0.0722298
-0.117282
-0.148074
-0.139716
-0.116516
-0.0873291
-0.0674727
-0.0538247
-0.0357159
-0.0519751
-0.0607913
-0.0359537
0.012545
-0.285144
-0.285442
-0.305017
-0.334515
-0.379822
-0.430986
-0.43656
-0.388336
-0.305364
-0.21997
-0.146499
-0.0890244
-0.0552011
-0.0337973
-0.0201101
-0.0229949
-0.0513729
-0.0691323
-0.116871
-0.149329
-0.140473
-0.116568
-0.0868208
-0.066604
-0.0531702
-0.0354045
-0.0518064
-0.0603548
-0.0359168
0.0120119
-0.275633
-0.283555
-0.30318
-0.330619
-0.373312
-0.417196
-0.418845
-0.36965
-0.289496
-0.208363
-0.13812
-0.0831581
-0.0500724
-0.028965
-0.0151055
-0.0117719
-0.0437284
-0.0623029
-0.116238
-0.154445
-0.145717
-0.116999
-0.0858551
-0.0654656
-0.0518567
-0.0347395
-0.0510824
-0.0591484
-0.0357197
0.0111439
-0.274693
-0.282262
-0.299335
-0.323185
-0.357999
-0.391999
-0.389152
-0.342228
-0.268905
-0.194625
-0.129446
-0.0780129
-0.0456339
-0.0249358
-0.0119506
-0.0163042
-0.0392452
-0.0570231
-0.114447
-0.157064
-0.144123
-0.115504
-0.0836661
-0.0630221
-0.0500995
-0.0349269
-0.050708
-0.0583272
-0.0356589
0.0101545
-0.272008
-0.278589
-0.292454
-0.312407
-0.339801
-0.364691
-0.358752
-0.315643
-0.249527
-0.181842
-0.121286
-0.0729531
-0.041422
-0.0211772
-0.00876486
-0.0123318
-0.0357773
-0.0531145
-0.11215
-0.157687
-0.144393
-0.113303
-0.0810114
-0.0602672
-0.0481842
-0.0350796
-0.0502915
-0.0575941
-0.0354806
0.00916216
-0.266636
-0.271971
-0.28237
-0.298576
-0.319544
-0.336862
-0.328841
-0.289741
-0.230526
-0.169234
-0.113213
-0.067931
-0.0373932
-0.017603
-0.00532044
-0.00772889
-0.0312963
-0.0484858
-0.108725
-0.157439
-0.143865
-0.110362
-0.0778774
-0.0571436
-0.0460202
-0.0350986
-0.0497051
-0.0566438
-0.0350672
0.00809498
-0.258004
-0.262694
-0.269995
-0.282642
-0.298179
-0.309458
-0.300077
-0.264986
-0.212286
-0.157028
-0.105327
-0.0629391
-0.0334861
-0.0141388
-0.00160071
-0.0026806
-0.0255038
-0.0424443
-0.10376
-0.156129
-0.142002
-0.10654
-0.0742115
-0.0536298
-0.0435776
-0.0349577
-0.0489194
-0.0554071
-0.034412
0.00693512
-0.246437
-0.251338
-0.256134
-0.26551
-0.276605
-0.283237
-0.273054
-0.241718
-0.194937
-0.145237
-0.0976374
-0.0579822
-0.0296544
-0.0107077
0.00242574
0.00293995
-0.0184879
-0.0350521
-0.0969732
-0.15317
-0.138551
-0.101771
-0.0699893
-0.049706
-0.0408234
-0.0346036
-0.047879
-0.0538537
-0.0334922
0.00569475
-0.232949
-0.238459
-0.241296
-0.247904
-0.25546
-0.258636
-0.248038
-0.220057
-0.178558
-0.133911
-0.0901818
-0.0530798
-0.025863
-0.00723353
0.0067721
0.00920922
-0.0102656
-0.0264305
-0.0880921
-0.148173
-0.133362
-0.096022
-0.065197
-0.0453592
-0.0377238
-0.033966
-0.0465085
-0.0519195
-0.0322358
0.00438922
-0.218303
-0.224507
-0.226131
-0.230357
-0.235128
-0.235785
-0.225049
-0.200009
-0.163175
-0.123076
-0.0829758
-0.0482557
-0.0220897
-0.00365841
0.0114305
0.0161916
-0.000781786
-0.016557
-0.0770458
-0.140907
-0.126325
-0.0892919
-0.0598376
-0.0405859
-0.0342425
-0.0329618
-0.0447205
-0.0495095
-0.0305504
0.00303251
-0.203054
-0.209871
-0.210825
-0.21319
-0.215786
-0.214634
-0.20398
-0.181507
-0.148777
-0.112746
-0.0760308
-0.0435401
-0.018329
4.28122e-05
0.0163694
0.0239437
0.00999554
-0.00541078
-0.0640967
-0.131211
-0.117389
-0.0816217
-0.0539346
-0.0353945
-0.0303412
-0.031498
-0.042414
-0.0465135
-0.0283501
0.00164036
-0.187649
-0.194891
-0.195558
-0.196563
-0.197489
-0.195069
-0.184675
-0.164455
-0.135331
-0.102931
-0.0693528
-0.0389636
-0.0145955
0.00385307
0.0215264
0.0325557
0.0219367
0.00681136
-0.0498178
-0.119015
-0.106591
-0.0730995
-0.0475337
-0.0298076
-0.0259799
-0.0294754
-0.0394751
-0.0428194
-0.0255616
0.00023255
-0.172384
-0.17984
-0.180469
-0.180545
-0.180233
-0.17696
-0.166965
-0.148741
-0.122796
-0.0936359
-0.0629477
-0.0345527
-0.0109285
0.00771353
0.0267698
0.0423211
0.0345711
0.0195352
-0.0350285
-0.104379
-0.094068
-0.0638601
-0.0407032
-0.0238645
-0.0211199
-0.0267943
-0.0357818
-0.0383228
-0.0221278
-0.00116285
-0.157455
-0.16494
-0.165675
-0.165173
-0.163995
-0.160188
-0.150693
-0.13426
-0.111123
-0.0848622
-0.0568253
-0.0303263
-0.00739322
0.0115246
0.0318592
0.0518484
0.0469042
0.0317222
-0.0206023
-0.0875031
-0.0800869
-0.0540833
-0.0335312
-0.0176227
-0.0157262
-0.0233571
-0.0312163
-0.0329378
-0.0180229
-0.00250372
-0.143014
-0.150375
-0.151285
-0.150476
-0.148743
-0.14465
-0.135726
-0.120913
-0.100266
-0.0766066
-0.0510026
-0.0262981
-0.00407049
0.0151439
0.0365349
0.0603787
0.0576432
0.0421284
-0.00714592
-0.0688282
-0.0650671
-0.0439904
-0.0261215
-0.0111583
-0.00977481
-0.0190738
-0.0256789
-0.0266119
-0.0132721
-0.00373288
-0.12918
-0.136294
-0.137398
-0.136481
-0.134443
-0.130259
-0.121949
-0.108612
-0.0901795
-0.0688626
-0.0454999
-0.0224862
-0.00103718
0.0183914
0.0405137
0.0667769
0.0658043
0.0499692
0.00509798
-0.0492131
-0.0496028
-0.0338328
-0.0185878
-0.00456342
-0.00326398
-0.0138772
-0.0190858
-0.019344
-0.00797035
-0.00477966
-0.116034
-0.122812
-0.124102
-0.123214
-0.121065
-0.11694
-0.109266
-0.0972778
-0.0808245
-0.0616223
-0.0403345
-0.0189204
0.00164591
0.0210825
0.043487
0.0700881
0.0711047
0.0552618
0.0159298
-0.0300246
-0.0344539
-0.0238737
-0.0110489
0.00205923
0.00377395
-0.00774443
-0.0114521
-0.0112067
-0.00229401
-0.00556394
-0.103638
-0.110019
-0.111471
-0.1107
-0.108583
-0.104628
-0.0975974
-0.0868433
-0.0721642
-0.0548786
-0.035517
-0.0156402
0.00393687
0.0230765
0.0451618
0.0702265
0.0736295
0.058389
0.0249453
-0.012778
-0.0203781
-0.0143508
-0.0036265
0.00859949
0.0112605
-0.000717767
-0.00293132
-0.00236858
0.00350007
-0.00600316
-0.0920326
-0.0979796
-0.0995596
-0.0989579
-0.0969711
-0.0932664
-0.0868737
-0.0772496
-0.0641662
-0.0486252
-0.0310531
-0.0126803
0.00580873
0.0243072
0.0454106
0.0678898
0.0734961
0.0596299
0.0317745
0.00156724
-0.0078907
-0.00544522
0.00355243
0.0149377
0.0190486
0.00706478
0.00623669
0.00690102
0.00909042
-0.00602275
-0.0812409
-0.0867358
-0.0884107
-0.0880027
-0.0862094
-0.0828074
-0.0770369
-0.0684469
-0.0568016
-0.042855
-0.0269461
-0.0100573
0.00725535
0.0247964
0.0443737
0.0640061
0.0710437
0.0592633
0.0364591
0.0127882
0.0027742
0.00271748
0.0103535
0.020936
0.0268984
0.015338
0.0156211
0.0162249
0.0141398
-0.00556925
-0.0712721
-0.0763145
-0.0780521
-0.0778436
-0.0762794
-0.0732091
-0.0680377
-0.0603925
-0.050045
-0.0375589
-0.0231968
-0.00776863
0.00829668
0.0246457
0.0423933
0.059355
0.0669533
0.0577111
0.0394044
0.0211916
0.011603
0.0100542
0.0166436
0.0264389
0.0344546
0.0237098
0.024648
0.0250906
0.0183943
-0.00462199
-0.0621277
-0.066727
-0.0684986
-0.0684832
-0.0671643
-0.0644366
-0.0598343
-0.0530504
-0.0438746
-0.0327255
-0.0198023
-0.0057949
0.00897686
0.0240034
0.0398489
0.0544692
0.062
0.0554002
0.0410528
0.0272931
0.0187402
0.0165187
0.0223133
0.0313181
0.0412204
0.0317378
0.0326913
0.0329036
0.0217592
-0.00319669
-0.0537999
-0.0579765
-0.0597582
-0.059922
-0.0588494
-0.0564608
-0.0523923
-0.0463905
-0.0382707
-0.0283417
-0.0167537
-0.00410654
0.00935846
0.0230231
0.0370583
0.0496885
0.0568195
0.0526687
0.0417544
0.0316188
0.0243895
0.0220951
0.0272856
0.0355209
0.0466732
0.0387771
0.0391723
0.0390815
0.0243197
-0.00134257
-0.0462782
-0.0500599
-0.0518331
-0.0521575
-0.051322
-0.0492582
-0.0456836
-0.0403878
-0.0332162
-0.024394
-0.0140372
-0.00267004
0.00951353
0.0218464
0.0342455
0.0452186
0.0518399
0.0497713
0.0417731
0.0339176
0.0287401
0.0267962
0.0315038
0.0390361
0.0504977
0.0443126
0.0436874
0.0432008
0.0262817
0.000839472
-0.0395508
-0.0429703
-0.0447214
-0.0451859
-0.0445713
-0.0428106
-0.0396864
-0.0350228
-0.0286965
-0.0208696
-0.0116361
-0.00145159
0.00951411
0.0205968
0.0315603
0.0411775
0.0473078
0.0469019
0.0413894
0.0357813
0.0320597
0.0306694
0.034947
0.04185
0.0526082
0.0481919
0.0462618
0.0452275
0.0278156
0.0031541
-0.0336071
-0.0367012
-0.038421
-0.0390049
-0.0385904
-0.0371057
-0.0343853
-0.0302813
-0.0247006
-0.017758
-0.00953402
-0.000420184
0.0094226
0.0193705
0.0291042
0.037628
0.0433406
0.044199
0.0407568
0.0370054
0.0345403
0.0337846
0.0376452
0.0439721
0.0532633
0.0505449
0.0474004
0.0455706
0.0289328
0.00531956
-0.02844
-0.0312485
-0.0329314
-0.0336153
-0.033377
-0.0321375
-0.0297719
-0.0261556
-0.0212222
-0.0150517
-0.0077174
0.000449181
0.00928759
0.0182357
0.0269411
0.0345946
0.0399775
0.0417597
0.0399948
0.0377414
0.0363411
0.0362229
0.0396805
0.0454451
0.0529723
0.0516584
0.0477179
0.0448662
0.0295597
0.00709559
-0.0240502
-0.0266128
-0.0282579
-0.0290234
-0.0289359
-0.0279082
-0.0258463
-0.0226453
-0.0182609
-0.0127487
-0.00617776
0.0011742
0.00914503
0.0172394
0.0251064
0.0320782
0.0372134
0.0396483
0.0392003
0.0381348
0.0376036
0.0380698
0.0411658
0.046355
0.0522305
0.0518513
0.0476369
0.0437062
0.0296801
0.00837634
-0.0204456
-0.0228064
-0.0244151
-0.0252448
-0.0252813
-0.0244299
-0.0226187
-0.019759
-0.0158246
-0.0108539
-0.00491334
0.00176482
0.00901794
0.016412
0.0236161
0.0300659
0.0350232
0.0379052
0.0384525
0.0383057
0.0384528
0.0394127
0.0422139
0.0468343
0.0513758
0.0514719
0.0473689
0.0424949
0.0294161
0.00919203
-0.0176502
-0.0198535
-0.0214307
-0.0223084
-0.0224413
-0.0217283
-0.0201122
-0.0175176
-0.0139312
-0.00938085
-0.00393055
0.00222273
0.00891794
0.015772
0.0224775
0.0285446
0.0333801
0.0365561
0.0378165
0.0383478
0.0389939
0.0403348
0.0429223
0.047028
0.0506062
0.0508571
0.0470214
0.041455
0.0289668
0.00964546
-0.0157074
-0.0178005
-0.019354
-0.0202636
-0.0204636
-0.0198479
-0.0183676
-0.0159574
-0.0126124
-0.00835453
-0.00324542
0.00254195
0.0088498
0.0153305
0.0216979
0.0275101
0.0322685
0.035624
0.0373472
0.0383307
0.0393084
0.0409079
0.0433609
0.0470676
0.0500332
0.0502783
0.0466895
0.0406983
0.0285271
0.00985946
-0.0146739
-0.0167129
-0.0182547
-0.0191827
-0.0194186
-0.0188555
-0.0174469
-0.0151346
-0.0119163
-0.00781336
-0.0028839
0.00270999
0.00881447
0.0150988
0.0212912
0.0269731
0.0316945
0.0351366
0.0370934
0.0383057
0.0394559
0.0411847
0.0435738
0.0470514
0.0497228
0.0499279
0.0464826
0.0402916
0.0282517
0.00993813
-0.189664
-0.198475
-0.206697
-0.214354
-0.221476
-0.228091
-0.234228
-0.239914
-0.245172
-0.250022
-0.25448
-0.258561
-0.262288
-0.265703
-0.268877
-0.272009
-0.275243
-0.279718
-0.284524
-0.296839
-0.173401
-0.181793
-0.189701
-0.197151
-0.204168
-0.210778
-0.217005
-0.222875
-0.228412
-0.233644
-0.238606
-0.243347
-0.247932
-0.252499
-0.257134
-0.262283
-0.267619
-0.274841
-0.280123
-0.292342
-0.15831
-0.16624
-0.173784
-0.180967
-0.187815
-0.194355
-0.200611
-0.206614
-0.212397
-0.218
-0.223468
-0.228875
-0.234259
-0.23977
-0.245272
-0.251165
-0.256403
-0.262874
-0.266594
-0.2768
-0.144319
-0.151817
-0.159015
-0.165937
-0.172605
-0.179044
-0.18528
-0.191342
-0.197259
-0.203069
-0.208792
-0.214476
-0.220074
-0.225683
-0.231007
-0.236517
-0.241262
-0.247391
-0.252007
-0.26158
-0.131419
-0.138495
-0.145341
-0.151975
-0.158415
-0.164682
-0.170798
-0.176785
-0.182658
-0.188439
-0.194122
-0.199738
-0.205219
-0.210702
-0.215983
-0.221621
-0.226949
-0.233492
-0.239087
-0.247514
-0.119509
-0.126163
-0.132638
-0.138947
-0.145107
-0.151132
-0.157038
-0.162841
-0.16855
-0.174182
-0.179734
-0.185256
-0.19072
-0.196281
-0.201803
-0.207644
-0.21325
-0.219431
-0.225036
-0.232428
-0.108462
-0.114699
-0.120794
-0.126759
-0.132607
-0.13835
-0.144001
-0.149574
-0.15508
-0.160542
-0.165968
-0.171403
-0.17683
-0.182331
-0.187781
-0.193348
-0.198742
-0.204464
-0.210171
-0.217106
-0.0982023
-0.104033
-0.109748
-0.115362
-0.120884
-0.126327
-0.1317
-0.137019
-0.142295
-0.147547
-0.152778
-0.158012
-0.163228
-0.168466
-0.173671
-0.17896
-0.184264
-0.189822
-0.19559
-0.202112
-0.088686
-0.0941157
-0.0994534
-0.104712
-0.109901
-0.115028
-0.120104
-0.12514
-0.130143
-0.135126
-0.140092
-0.145054
-0.150013
-0.155001
-0.160019
-0.16512
-0.170291
-0.175585
-0.181115
-0.187196
-0.0798476
-0.0848877
-0.0898551
-0.0947603
-0.0996105
-0.104413
-0.109175
-0.113905
-0.118611
-0.123302
-0.127986
-0.132676
-0.137382
-0.14212
-0.146894
-0.151711
-0.156588
-0.16154
-0.166764
-0.172469
-0.0716213
-0.0762875
-0.0808968
-0.0854558
-0.0899701
-0.0944458
-0.0988896
-0.103309
-0.107711
-0.112105
-0.116497
-0.120897
-0.125311
-0.129745
-0.134208
-0.138703
-0.14327
-0.147912
-0.152818
-0.158132
-0.0639621
-0.0682719
-0.0725357
-0.0767581
-0.0809436
-0.0850977
-0.0892262
-0.093335
-0.0974302
-0.101518
-0.105604
-0.109695
-0.113797
-0.117916
-0.122066
-0.126249
-0.130501
-0.134812
-0.139351
-0.144242
-0.056812
-0.0607925
-0.0647297
-0.0686297
-0.0724984
-0.0763403
-0.0801599
-0.0839616
-0.0877505
-0.0915315
-0.0953104
-0.0990925
-0.102885
-0.106693
-0.110527
-0.114385
-0.118298
-0.122256
-0.126413
-0.130878
-0.0501714
-0.0538329
-0.0574554
-0.0610458
-0.0646091
-0.0681489
-0.0716682
-0.0751708
-0.0786607
-0.0821424
-0.0856205
-0.0890993
-0.0925845
-0.0960792
-0.0995922
-0.103123
-0.106698
-0.11031
-0.114091
-0.118135
-0.0439936
-0.047352
-0.0506776
-0.053975
-0.0572479
-0.0604989
-0.0637306
-0.0669457
-0.0701477
-0.0733397
-0.0765257
-0.0797088
-0.0828936
-0.0860829
-0.0892843
-0.0924978
-0.0957449
-0.0990193
-0.102434
-0.106066
-0.0382422
-0.0413185
-0.0443663
-0.0473888
-0.0503882
-0.0533664
-0.0563254
-0.0592674
-0.0621949
-0.0651104
-0.068017
-0.0709173
-0.073815
-0.0767124
-0.0796156
-0.0825241
-0.0854557
-0.0884046
-0.0914675
-0.0947079
-0.0328982
-0.0357128
-0.0385016
-0.0412668
-0.0440099
-0.0467321
-0.0494348
-0.0521196
-0.0547883
-0.057443
-0.0600858
-0.0627189
-0.065345
-0.0679659
-0.0705864
-0.073206
-0.0758394
-0.0784814
-0.0812137
-0.0840878
-0.027941
-0.0305137
-0.0330627
-0.0355892
-0.0380941
-0.0405779
-0.0430416
-0.0454863
-0.0479134
-0.0503243
-0.0527205
-0.0551036
-0.0574757
-0.0598381
-0.0621946
-0.0645447
-0.0669002
-0.0692566
-0.0716819
-0.0742173
-0.0233496
-0.0256994
-0.0280281
-0.0303355
-0.0326212
-0.0348853
-0.0371286
-0.0393518
-0.0415557
-0.0437412
-0.0459094
-0.0480613
-0.0501986
-0.0523222
-0.0544349
-0.0565363
-0.0586358
-0.0607292
-0.0628728
-0.065099
-0.019103
-0.0212578
-0.0233891
-0.0254967
-0.0275817
-0.0296448
-0.0316861
-0.0337061
-0.0357051
-0.0376837
-0.0396427
-0.0415827
-0.0435049
-0.0454099
-0.0472998
-0.0491741
-0.0510402
-0.0528945
-0.054783
-0.0567304
-0.0152221
-0.0171922
-0.0191394
-0.0210638
-0.0229659
-0.0248456
-0.026703
-0.028538
-0.0303507
-0.0321413
-0.0339103
-0.0356581
-0.0373853
-0.0390923
-0.0407806
-0.0424498
-0.0441056
-0.0457447
-0.0474044
-0.0491028
-0.0116833
-0.0134871
-0.0152691
-0.0170288
-0.018766
-0.0204805
-0.0221719
-0.0238401
-0.0254848
-0.0271062
-0.0287043
-0.0302792
-0.0318314
-0.033361
-0.034869
-0.0363549
-0.0378231
-0.0392707
-0.0407275
-0.0422062
-0.00848129
-0.0101378
-0.0117728
-0.0133858
-0.014976
-0.0165432
-0.0180867
-0.0196062
-0.0211015
-0.0225722
-0.0240183
-0.0254398
-0.0268368
-0.0282092
-0.0295577
-0.0308818
-0.0321847
-0.0334641
-0.0347431
-0.0360303
-0.00561847
-0.0071454
-0.00865104
-0.0101346
-0.0115953
-0.0130326
-0.0144459
-0.0158346
-0.0171984
-0.0185368
-0.0198496
-0.0211366
-0.0223978
-0.0236329
-0.0248424
-0.0260256
-0.0271851
-0.0283187
-0.0294442
-0.0305666
-0.00309953
-0.004514
-0.00590726
-0.00727842
-0.00862671
-0.00995139
-0.0112518
-0.0125272
-0.0137772
-0.0150013
-0.0161991
-0.0173703
-0.0185146
-0.0196318
-0.0207221
-0.021785
-0.022822
-0.0238315
-0.0248267
-0.0258098
-0.000934394
-0.00225321
-0.00355092
-0.00482658
-0.00607934
-0.00730842
-0.00851307
-0.0096926
-0.0108464
-0.011974
-0.0130748
-0.0141485
-0.0151947
-0.0162131
-0.0172037
-0.0181661
-0.0191012
-0.0200076
-0.0208948
-0.0217629
0.000863572
-0.000376061
-0.00159471
-0.00279142
-0.00396532
-0.0051156
-0.00624149
-0.00734226
-0.00841727
-0.00946593
-0.0104877
-0.0114821
-0.0124488
-0.0133874
-0.0142977
-0.0151792
-0.0160326
-0.0168567
-0.0176578
-0.0184345
0.00226627
0.00108891
-6.75932e-05
-0.00120227
-0.00231426
-0.00340275
-0.00446698
-0.00550621
-0.0065198
-0.00750712
-0.00846763
-0.00940082
-0.0103063
-0.0111836
-0.0120324
-0.0128524
-0.0136438
-0.0144055
-0.0151419
-0.0158499
0.00325907
0.0021266
0.00101473
-7.57207e-05
-0.00114389
-0.00218895
-0.00321015
-0.00420676
-0.00517812
-0.00612358
-0.00704258
-0.00793457
-0.00879907
-0.00963562
-0.0104439
-0.0112233
-0.0119741
-0.012695
-0.0133889
-0.0140517
0.00376211
0.00265877
0.00157589
0.000514347
-0.000525161
-0.00154197
-0.00253544
-0.00350496
-0.00444992
-0.00536978
-0.006264
-0.0071321
-0.00797363
-0.00878813
-0.00957526
-0.0103345
-0.0110659
-0.0117683
-0.0124438
-0.0130875
0.114882
0.0957912
0.0780133
0.0604141
0.0418972
0.02321
0.00494136
-0.0128804
-0.0302771
-0.0471775
-0.063514
-0.0792797
-0.0944822
-0.109078
-0.122583
-0.135743
-0.148067
-0.159497
-0.17019
-0.180239
0.107114
0.0883857
0.0698446
0.0532672
0.036458
0.0193323
0.00264791
-0.013451
-0.0290916
-0.0442839
-0.058971
-0.0731213
-0.08669
-0.0995739
-0.111578
-0.12339
-0.134643
-0.145184
-0.155109
-0.164508
0.09828
0.0804589
0.0621088
0.046596
0.0316679
0.016357
0.00128977
-0.0131816
-0.0271677
-0.0407514
-0.0538897
-0.0665212
-0.0785897
-0.0900506
-0.100938
-0.111887
-0.122279
-0.132014
-0.141215
-0.149972
0.0888524
0.0723488
0.0550225
0.0407175
0.0275142
0.0139697
0.000443685
-0.0125739
-0.0250939
-0.0372394
-0.0490153
-0.0603777
-0.0713113
-0.0818193
-0.0918767
-0.101376
-0.110731
-0.119747
-0.128325
-0.136499
0.0797352
0.0648061
0.0488982
0.0358251
0.0240955
0.0121329
3.8564e-05
-0.0116725
-0.0229043
-0.0337765
-0.0443366
-0.0545557
-0.0644067
-0.0738758
-0.0829487
-0.0916054
-0.100178
-0.108504
-0.11647
-0.12409
0.0713922
0.0580399
0.0436767
0.0317994
0.02132
0.0107368
-4.32839e-05
-0.0105605
-0.0206466
-0.0303889
-0.039859
-0.0490488
-0.0579338
-0.066505
-0.0747675
-0.0827236
-0.0905922
-0.098236
-0.105584
-0.11266
0.0639387
0.052037
0.039222
0.0285049
0.0191113
0.00972325
0.000133483
-0.00929064
-0.0183511
-0.0270953
-0.0355999
-0.0438753
-0.0519007
-0.0596609
-0.0671581
-0.0744227
-0.0816767
-0.0887176
-0.0955024
-0.10207
0.057366
0.0467648
0.0354322
0.0258332
0.0174044
0.00905104
0.000522867
-0.00790739
-0.0160463
-0.0239074
-0.0315598
-0.0390282
-0.0463047
-0.0533836
-0.0602689
-0.0669547
-0.0734338
-0.0798348
-0.0861149
-0.0922365
0.0516374
0.042202
0.032244
0.0236999
0.0161388
0.0086839
0.00109182
-0.00644365
-0.0137535
-0.0208295
-0.0277259
-0.0344715
-0.0410642
-0.047497
-0.0537665
-0.059871
-0.0657859
-0.0716651
-0.0774672
-0.0831431
0.0467069
0.0383194
0.0296056
0.0220328
0.0152537
0.00858359
0.00181256
-0.00492395
-0.0114886
-0.0178625
-0.0240844
-0.0301812
-0.0361549
-0.0420001
-0.0477135
-0.0532955
-0.0587428
-0.0641496
-0.0694851
-0.0747185
0.0425165
0.0350699
0.0274632
0.0207675
0.0146912
0.00871088
0.00265973
-0.00336727
-0.00926392
-0.0150087
-0.0206278
-0.0261434
-0.0315597
-0.0368737
-0.0420834
-0.0471909
-0.0521987
-0.0571696
-0.0620716
-0.0668871
0.039
0.0323947
0.0257608
0.0198465
0.0144
0.00902906
0.00361023
-0.00178867
-0.00708852
-0.0122699
-0.0173496
-0.0223446
-0.0272589
-0.0320901
-0.0368359
-0.0414982
-0.0460861
-0.0506586
-0.0551668
-0.0595981
0.0360889
0.030232
0.0244446
0.0192195
0.014336
0.0095057
0.00464375
-0.000199779
-0.00496768
-0.00964459
-0.0142415
-0.0187704
-0.0232356
-0.0276364
-0.0319715
-0.0362408
-0.0404425
-0.0445967
-0.0487108
-0.0527842
0.0337151
0.0285215
0.0234649
0.0188437
0.0144623
0.010113
0.00574286
0.00139047
-0.0029038
-0.00712904
-0.0112924
-0.0154022
-0.0194615
-0.02347
-0.0274275
-0.0313329
-0.0351843
-0.0389597
-0.0427231
-0.0464662
0.0318141
0.027206
0.0227774
0.0186823
0.0147477
0.0108272
0.00689247
0.00297486
-0.000897659
-0.0047181
-0.00849114
-0.0122219
-0.0159119
-0.0195608
-0.0231675
-0.026731
-0.0302497
-0.0337184
-0.0371698
-0.0405985
0.0303259
0.0262329
0.0223417
0.0187035
0.0151656
0.0116273
0.00807878
0.00454634
0.00104915
-0.00240889
-0.00583094
-0.00921984
-0.0125761
-0.015899
-0.0191876
-0.022441
-0.0256586
-0.0288384
-0.0319986
-0.0351352
0.0291953
0.0255542
0.0221216
0.0188787
0.0156921
0.0124944
0.00928869
0.00609753
0.00293404
-0.000200074
-0.00330708
-0.00638829
-0.00944337
-0.0124713
-0.0154712
-0.0184421
-0.0213835
-0.0242947
-0.027187
-0.0300561
0.0283716
0.025126
0.0220836
0.0191821
0.0163057
0.0134111
0.0105095
0.00762059
0.0047535
0.00190845
-0.000916206
-0.00372076
-0.00650427
-0.00926553
-0.0120036
-0.0147177
-0.0174074
-0.0200721
-0.0227192
-0.0253431
0.0278086
0.0249079
0.0221971
0.0195894
0.0169862
0.0143607
0.0117284
0.00910692
0.0065026
0.0039149
0.00134262
-0.00121383
-0.00375305
-0.0062735
-0.00877396
-0.0112535
-0.0137115
-0.0161499
-0.0185748
-0.0209759
0.0274638
0.024863
0.0224333
0.0200781
0.0177144
0.0153268
0.0129326
0.0105473
0.0081753
0.00581593
0.0034683
0.00113318
-0.00118786
-0.00349326
-0.00578173
-0.00805205
-0.0103027
-0.0125306
-0.0147379
-0.0169282
0.0272984
0.0249574
0.0227653
0.0206263
0.0184719
0.0162939
0.0141094
0.0119318
0.00976479
0.00760742
0.00545923
0.00332122
0.0011951
-0.00091749
-0.00301516
-0.00509672
-0.00716078
-0.00920566
-0.0112254
-0.0132316
0.0272765
0.0251594
0.0231676
0.0212131
0.0192405
0.017246
0.0152453
0.0132499
0.0112628
0.00928343
0.00731151
0.00534825
0.00339539
0.00145464
-0.000472582
-0.00238498
-0.00428118
-0.00615962
-0.00801753
-0.00985927
0.0273648
0.0254394
0.0236155
0.0218175
0.0200017
0.0181666
0.0163259
0.0144892
0.0126591
0.0108354
0.00901803
0.00720839
0.00540818
0.00361907
0.00184256
7.99817e-05
-0.00166728
-0.00339781
-0.00510974
-0.00680466
0.0275322
0.0257692
0.024085
0.0224187
0.0207367
0.0190387
0.0173358
0.015636
0.0139416
0.0122526
0.0105695
0.0088936
0.00722652
0.00556993
0.00392532
0.00229405
0.000677494
-0.000922989
-0.00250585
-0.00407143
0.0277495
0.026122
0.0245526
0.0229956
0.0214261
0.0198442
0.0182584
0.016675
0.0150961
0.0135224
0.0119543
0.0103932
0.00884062
0.00729825
0.00576752
0.00424979
0.00274641
0.00125873
-0.000211848
-0.00166501
0.0279892
0.0264722
0.024995
0.0235268
0.0220499
0.020564
0.0190755
0.017589
0.0161068
0.0146294
0.0131579
0.0116934
0.0102375
0.00879167
0.00735733
0.00593586
0.00452857
0.00313678
0.00176183
0.000404393
0.0282255
0.026795
0.0253892
0.0239903
0.0225867
0.0211777
0.0197672
0.0183589
0.0169547
0.0155557
0.0141629
0.0127774
0.0114007
0.0100343
0.00867937
0.00733736
0.00600952
0.00469711
0.00340135
0.00212311
0.0284337
0.0270662
0.0257119
0.0243638
0.0230145
0.021663
0.0203113
0.0189622
0.0176175
0.0162784
0.014946
0.0136215
0.0123061
0.0110013
0.0097082
0.00842821
0.00716252
0.00591237
0.00467901
0.00346336
0.028591
0.0272621
0.0259395
0.0246236
0.0233101
0.0219973
0.020686
0.019378
0.0180752
0.0167787
0.0154896
0.014209
0.0129382
0.0116782
0.0104303
0.00919568
0.0079754
0.00677056
0.00558218
0.00441126
0.0286797
0.0273642
0.0260503
0.0247431
0.0234408
0.0221415
0.0208456
0.0195546
0.0182699
0.016993
0.015725
0.0144668
0.0132196
0.0119844
0.0107624
0.00955451
0.00836182
0.00718533
0.00602609
0.00488488
0.132413
0.135248
0.138855
0.145456
0.152171
0.161405
0.170027
0.180417
0.188708
0.19739
0.201079
0.203066
0.194909
0.182018
0.147328
0.131919
0.134647
0.138082
0.144341
0.150644
0.159211
0.167014
0.176218
0.183086
0.189822
0.191387
0.19042
0.179808
0.162857
0.132131
0.131358
0.133963
0.137197
0.143073
0.148905
0.15674
0.16365
0.171609
0.177025
0.181864
0.181511
0.178087
0.166102
0.147816
0.120982
0.130725
0.13319
0.136208
0.141664
0.146998
0.154048
0.160042
0.166703
0.170708
0.173665
0.171638
0.166086
0.153375
0.134574
0.109811
0.130015
0.132325
0.135117
0.140118
0.144937
0.151161
0.156238
0.161574
0.164244
0.165382
0.16192
0.154578
0.141392
0.122384
0.0988586
0.129224
0.131362
0.133919
0.138435
0.142723
0.148083
0.15225
0.156256
0.157672
0.157108
0.152419
0.143646
0.130106
0.111223
0.0888269
0.128348
0.130296
0.132609
0.136609
0.140354
0.144822
0.148093
0.150784
0.151028
0.148919
0.143179
0.133331
0.119567
0.101129
0.079936
0.127382
0.129124
0.131185
0.134642
0.137834
0.141392
0.143782
0.145202
0.144357
0.140889
0.134251
0.12366
0.109829
0.0920609
0.0721226
0.126323
0.127842
0.129644
0.132536
0.135168
0.137812
0.139342
0.13956
0.137706
0.133083
0.125694
0.114649
0.100909
0.0839407
0.0652694
0.125168
0.126447
0.127986
0.130297
0.132363
0.134105
0.134798
0.133906
0.131124
0.125554
0.11756
0.1063
0.0927973
0.076696
0.0592836
0.123914
0.12494
0.126209
0.127935
0.129428
0.130298
0.130179
0.128287
0.124663
0.118345
0.109892
0.098606
0.0854656
0.0702672
0.0540914
0.122562
0.123324
0.124314
0.125459
0.126375
0.126419
0.125517
0.122746
0.118372
0.111486
0.102719
0.0915539
0.0788788
0.0645998
0.0496247
0.121109
0.121602
0.122305
0.122884
0.123221
0.122495
0.120849
0.11732
0.112298
0.105004
0.0960617
0.0851289
0.0729962
0.0596382
0.0458164
0.119559
0.119783
0.120187
0.120224
0.119985
0.118556
0.116212
0.112045
0.106483
0.0989162
0.0899253
0.079312
0.0677739
0.0553251
0.042601
0.117912
0.117874
0.117969
0.117498
0.116691
0.114629
0.111645
0.10695
0.100962
0.093238
0.0843074
0.0740794
0.0631662
0.0516031
0.0399157
0.116176
0.115887
0.115664
0.114721
0.113366
0.11074
0.107187
0.102065
0.0957592
0.0879783
0.0791974
0.0694024
0.0591269
0.048416
0.0377008
0.114357
0.113837
0.113289
0.111913
0.110038
0.106919
0.102873
0.0974159
0.0908945
0.0831403
0.0745795
0.0652489
0.0556098
0.0457103
0.0359006
0.112467
0.111737
0.110863
0.109094
0.10674
0.103192
0.0987326
0.0930249
0.0863795
0.0787216
0.0704337
0.0615845
0.0525693
0.0434349
0.0344635
0.110521
0.109605
0.108412
0.106287
0.1035
0.0995874
0.0947951
0.0889117
0.0822206
0.0747151
0.0667369
0.0583737
0.049961
0.0415417
0.0333414
0.108537
0.107461
0.105962
0.103518
0.100351
0.0961331
0.0910835
0.0850917
0.0784197
0.0711093
0.0634641
0.0555807
0.0477419
0.0399855
0.0324901
0.106537
0.105325
0.103544
0.100814
0.0973217
0.0928561
0.0876184
0.0815763
0.0749751
0.0678899
0.0605887
0.0531704
0.0458714
0.038724
0.0318686
0.10455
0.103223
0.101187
0.0982055
0.0944422
0.0897821
0.0844171
0.0783737
0.0718826
0.0650407
0.0580838
0.0511084
0.0443106
0.0377178
0.0314391
0.102605
0.101184
0.0989257
0.0957263
0.0917422
0.0869359
0.0814952
0.0754895
0.069136
0.0625448
0.055923
0.0493619
0.0430234
0.0369303
0.0311663
0.100738
0.0992391
0.0967938
0.0934104
0.0892515
0.0843416
0.0788669
0.0729277
0.0667281
0.0603853
0.0540811
0.0479005
0.0419763
0.0363275
0.0310177
0.0989876
0.0974258
0.0948279
0.091294
0.0870011
0.082023
0.0765462
0.070692
0.0646521
0.0585465
0.0525349
0.046696
0.0411385
0.0358783
0.0309628
0.0973971
0.0957853
0.0930672
0.0894148
0.085023
0.0800049
0.0745478
0.0687871
0.0629029
0.0570148
0.0512642
0.0457238
0.0404825
0.0355541
0.0309734
0.0960135
0.0943631
0.0915543
0.0878128
0.0833516
0.0783143
0.0728891
0.0672207
0.0614786
0.0557804
0.0502528
0.0449629
0.0399845
0.0353297
0.0310236
0.0948883
0.0932095
0.0903357
0.0865313
0.0820245
0.0769817
0.0715919
0.0660051
0.0603825
0.054839
0.0494897
0.0443975
0.039625
0.0351831
0.0310897
0.0940773
0.0923794
0.089463
0.0856183
0.0810845
0.0760433
0.0706842
0.0651601
0.0596257
0.0541937
0.0489712
0.0440184
0.0393902
0.0350969
0.0311513
0.0936404
0.0919329
0.088994
0.0851291
0.0805822
0.0755441
0.0702035
0.0647151
0.0592292
0.0538578
0.0487029
0.0438241
0.0392721
0.0350577
0.0311913
0.134025
0.137278
0.141009
0.148851
0.15658
0.1683
0.180348
0.19625
0.213089
0.233798
0.255947
0.281807
0.309328
0.340405
0.372539
0.134189
0.137447
0.141195
0.149048
0.15681
0.168543
0.180612
0.196534
0.213398
0.23409
0.256211
0.282013
0.309418
0.34033
0.3722
0.134327
0.137585
0.14135
0.149206
0.156993
0.168729
0.180798
0.196713
0.213538
0.234152
0.25614
0.281759
0.308854
0.339366
0.370617
0.134438
0.137694
0.141473
0.149326
0.157129
0.168855
0.180902
0.196782
0.213515
0.233995
0.255741
0.281053
0.307638
0.337515
0.36779
0.134523
0.137773
0.141565
0.149407
0.157218
0.16892
0.180924
0.196739
0.213327
0.233617
0.255015
0.279894
0.305773
0.334782
0.363726
0.134582
0.137822
0.141626
0.149448
0.15726
0.168924
0.180863
0.196584
0.212976
0.233019
0.253964
0.27829
0.303265
0.331178
0.358441
0.134615
0.137842
0.141656
0.14945
0.157255
0.168866
0.180721
0.196318
0.212467
0.232203
0.252594
0.276247
0.300125
0.326718
0.351952
0.134622
0.137833
0.141655
0.149415
0.157205
0.168748
0.180501
0.195944
0.211802
0.231173
0.25091
0.273773
0.296362
0.321417
0.344281
0.134603
0.137796
0.141623
0.149338
0.157108
0.168571
0.180202
0.195462
0.210985
0.229933
0.248918
0.27088
0.29199
0.315296
0.335457
0.134559
0.137732
0.141563
0.149196
0.156964
0.168336
0.179828
0.194874
0.210021
0.228485
0.246626
0.267575
0.28702
0.308377
0.325512
0.134489
0.13764
0.141476
0.149038
0.156774
0.168044
0.17938
0.194182
0.208913
0.226836
0.244043
0.26387
0.281467
0.300684
0.314484
0.134394
0.137522
0.141358
0.1489
0.156543
0.167696
0.17886
0.19339
0.207666
0.224989
0.241177
0.259776
0.275347
0.292247
0.302412
0.134275
0.137379
0.1412
0.148696
0.156273
0.167295
0.178271
0.192499
0.206285
0.222948
0.238038
0.255303
0.268678
0.283095
0.289342
0.134131
0.137214
0.141006
0.148452
0.155965
0.166841
0.177614
0.191513
0.204775
0.220719
0.234637
0.250462
0.26148
0.273261
0.275318
0.133964
0.137024
0.140879
0.148173
0.155619
0.166338
0.176893
0.190436
0.203142
0.218308
0.230985
0.245263
0.253775
0.262781
0.260382
0.133774
0.136808
0.140638
0.147862
0.155235
0.165785
0.176108
0.189268
0.201387
0.215718
0.227093
0.239714
0.245589
0.251686
0.244568
0.133561
0.136564
0.140377
0.147522
0.154814
0.165184
0.175258
0.18801
0.199512
0.21295
0.222968
0.233823
0.236956
0.240012
0.227902
0.133326
0.136301
0.140096
0.147158
0.154366
0.16455
0.174365
0.186688
0.197544
0.210039
0.218645
0.227621
0.227924
0.227792
0.210407
0.133066
0.136036
0.139797
0.146782
0.153909
0.163912
0.173466
0.185356
0.195541
0.207049
0.214169
0.221139
0.218496
0.214982
0.191916
0.13279
0.135715
0.139441
0.146316
0.153325
0.163095
0.172333
0.183715
0.193157
0.203576
0.209146
0.213969
0.208462
0.201343
0.171976
0.125693
0.128298
0.131388
0.137265
0.143133
0.151337
0.158919
0.168168
0.175331
0.183024
0.18558
0.187061
0.177644
0.16651
0.131321
0.126313
0.128967
0.132122
0.138153
0.144195
0.15271
0.160695
0.170573
0.178605
0.187562
0.191836
0.195701
0.189322
0.182248
0.153951
0.1269
0.129606
0.132806
0.138962
0.145143
0.153918
0.162253
0.172679
0.181501
0.191609
0.197526
0.203635
0.200411
0.197009
0.174884
0.127481
0.130231
0.133476
0.139759
0.146081
0.15512
0.163798
0.174766
0.184347
0.195557
0.203037
0.211245
0.211065
0.211128
0.194676
0.128043
0.130833
0.134129
0.140538
0.146997
0.156295
0.165306
0.176794
0.187107
0.199364
0.208354
0.21854
0.221323
0.224683
0.213597
0.128585
0.131411
0.13476
0.141293
0.147882
0.157427
0.166755
0.178739
0.189752
0.202998
0.213441
0.225486
0.231131
0.237637
0.23163
0.129107
0.131977
0.135367
0.14202
0.148733
0.158516
0.168147
0.180599
0.192281
0.206454
0.218291
0.232073
0.240451
0.249955
0.248745
0.129609
0.13252
0.135951
0.142721
0.149552
0.159561
0.169479
0.182372
0.194691
0.209729
0.222892
0.238295
0.249255
0.261603
0.264909
0.13009
0.13304
0.13652
0.143395
0.150335
0.160559
0.170749
0.184055
0.196977
0.212818
0.227233
0.244142
0.257521
0.27255
0.280084
0.130549
0.133536
0.137089
0.144041
0.151083
0.161508
0.171955
0.185645
0.199135
0.215714
0.231303
0.249606
0.265227
0.282765
0.294226
0.130986
0.134006
0.137526
0.144655
0.151794
0.162407
0.173094
0.187137
0.201159
0.218414
0.235092
0.254675
0.272358
0.292217
0.307292
0.1314
0.134454
0.138023
0.145235
0.152466
0.163253
0.174165
0.18853
0.203045
0.220913
0.23859
0.259342
0.278896
0.300881
0.319245
0.13179
0.134878
0.138469
0.145784
0.153099
0.164046
0.175164
0.189822
0.204788
0.223206
0.24179
0.263594
0.284829
0.308732
0.330049
0.132157
0.135276
0.138886
0.146303
0.153692
0.164783
0.176089
0.191009
0.206384
0.225289
0.244683
0.267424
0.290144
0.31575
0.339673
0.132499
0.135646
0.139278
0.146788
0.154242
0.165463
0.176939
0.192091
0.20783
0.227159
0.247263
0.270823
0.29483
0.321917
0.348094
0.132817
0.135988
0.139652
0.147234
0.154748
0.166084
0.177711
0.193063
0.209121
0.228809
0.249524
0.273782
0.298877
0.327217
0.35529
0.133109
0.136302
0.139915
0.147642
0.15521
0.166651
0.178406
0.193928
0.210258
0.230235
0.25146
0.276294
0.302278
0.33164
0.361248
0.133377
0.136589
0.140245
0.148008
0.155625
0.16717
0.17903
0.194697
0.21125
0.231449
0.253072
0.278356
0.305028
0.335176
0.365957
0.133618
0.136847
0.140536
0.148331
0.155994
0.167613
0.179554
0.195323
0.212081
0.232484
0.254374
0.279973
0.307125
0.33782
0.369413
0.133834
0.137078
0.14079
0.148612
0.156314
0.167986
0.179985
0.195837
0.212589
0.233236
0.255307
0.2811
0.30854
0.339547
0.371595
0.07199
0.0699728
0.0665122
0.0620015
0.0567786
0.0510945
0.0451784
0.0392136
0.0333648
0.0277502
0.0224632
0.0175533
0.0130538
0.00896294
0.00527401
0.072509
0.0704944
0.0670438
0.0625373
0.0573065
0.0515941
0.0456315
0.0396022
0.0336765
0.027974
0.0225936
0.0175866
0.0129907
0.00880353
0.00501951
0.0734743
0.0714663
0.0680356
0.0635397
0.0582968
0.0525361
0.0464906
0.0403453
0.0342775
0.0284118
0.0228556
0.0176652
0.0128858
0.00851604
0.00455258
0.0748185
0.0728219
0.0694251
0.0649516
0.0597002
0.0538805
0.0477271
0.0414249
0.0351614
0.0290667
0.0232615
0.0178091
0.0127662
0.00813298
0.00390914
0.0764794
0.0745011
0.0711574
0.0667247
0.0614767
0.0555971
0.0493219
0.0428337
0.0363314
0.0299515
0.0238322
0.0180452
0.0126633
0.0076884
0.00312525
0.0783998
0.0764493
0.0731838
0.0688163
0.0635917
0.0576615
0.0512629
0.0445714
0.0377985
0.0310868
0.0245952
0.0184061
0.0126127
0.00721949
0.0022384
0.0805277
0.078617
0.0754596
0.0711867
0.0660137
0.0600531
0.0535424
0.0466427
0.039579
0.032498
0.0255836
0.0189297
0.0126548
0.0067668
0.00128816
0.0828152
0.0809594
0.0779438
0.0737983
0.0687133
0.0627532
0.0561546
0.0490546
0.0416923
0.0342147
0.0268348
0.019658
0.0128338
0.00637451
0.000316985
0.0852186
0.083436
0.0805976
0.0766147
0.0716619
0.0657434
0.0590939
0.0518145
0.0441589
0.0362685
0.0283891
0.0206367
0.0131982
0.00609076
-0.000629016
0.0876983
0.0860105
0.0833844
0.0796007
0.0748309
0.0690044
0.0623535
0.0549288
0.0469993
0.038692
0.0302892
0.0219149
0.0138002
0.00596786
-0.0014995
0.0902189
0.0886506
0.086269
0.0827221
0.0781917
0.0725154
0.0659242
0.0584015
0.0502322
0.0415173
0.0325788
0.0235441
0.014696
0.00606237
-0.00223954
0.092749
0.0913274
0.0892171
0.0859459
0.081715
0.076253
0.0697932
0.0622325
0.0538736
0.044775
0.035302
0.0255778
0.0159446
0.00643507
-0.00278935
0.0952618
0.0940153
0.0921961
0.0892412
0.0853704
0.0801915
0.0739439
0.0664177
0.0579352
0.0484927
0.0385017
0.0280701
0.0176082
0.0071507
-0.00308429
0.0977346
0.0966909
0.0951756
0.0925796
0.0891266
0.0843031
0.0783551
0.0709472
0.0624237
0.0526939
0.0422186
0.0310754
0.0197505
0.00827765
-0.00305486
0.100149
0.0993331
0.0981276
0.0959347
0.0929514
0.0885583
0.0830008
0.0758058
0.0673393
0.0573964
0.0464901
0.0346466
0.022437
0.00988749
-0.00262696
0.10249
0.101923
0.101028
0.0992825
0.0968118
0.0929263
0.0878499
0.0809726
0.0726752
0.0626114
0.0513484
0.0388344
0.0257332
0.0120544
-0.00172229
0.104746
0.104442
0.103856
0.1026
0.100676
0.0973763
0.092867
0.0864218
0.0784161
0.0683424
0.05682
0.0436854
0.0297038
0.0148543
-0.000258866
0.106909
0.106878
0.106596
0.105867
0.104512
0.101877
0.0980124
0.0921229
0.0845375
0.0745853
0.0629235
0.0492407
0.0344119
0.0183642
0.00184808
0.108973
0.109216
0.109234
0.109062
0.108294
0.106395
0.103245
0.0980412
0.0910058
0.0813278
0.0696677
0.0555347
0.0399179
0.0226603
0.00468505
0.110934
0.111448
0.111762
0.112168
0.111996
0.1109
0.108521
0.104138
0.0977784
0.0885502
0.0770498
0.0625943
0.0462779
0.0278163
0.00833897
0.11279
0.113566
0.114173
0.115168
0.115597
0.115359
0.1138
0.11037
0.104805
0.096225
0.0850533
0.0704395
0.0535416
0.0339014
0.0128953
0.114539
0.115566
0.116463
0.118048
0.119081
0.119739
0.119044
0.116689
0.112031
0.104316
0.0936472
0.0790844
0.0617511
0.0409803
0.0184368
0.116182
0.117446
0.118629
0.120796
0.122433
0.124012
0.124215
0.123044
0.119398
0.112775
0.102786
0.0885364
0.0709376
0.0491191
0.025046
0.117721
0.119207
0.120671
0.123404
0.125641
0.12815
0.129281
0.129382
0.126847
0.121543
0.112411
0.0987913
0.0811155
0.0583952
0.0328203
0.119156
0.120849
0.122588
0.125867
0.128696
0.132129
0.134213
0.135646
0.134322
0.130548
0.122458
0.109829
0.0922684
0.0688931
0.0418849
0.120492
0.122376
0.124382
0.128181
0.131593
0.135932
0.138986
0.141787
0.141767
0.139709
0.132859
0.121616
0.104338
0.0806609
0.052322
0.121732
0.123792
0.126056
0.130348
0.134328
0.139547
0.143581
0.147762
0.149137
0.148941
0.143556
0.134103
0.117253
0.0936545
0.0639144
0.122879
0.125102
0.127613
0.132369
0.136901
0.142966
0.147983
0.15353
0.156382
0.158138
0.15447
0.147193
0.131029
0.107866
0.0758841
0.123938
0.126307
0.129053
0.134238
0.139298
0.146162
0.152145
0.15902
0.163397
0.167144
0.165458
0.160739
0.145927
0.124067
0.0878597
0.124912
0.127413
0.130363
0.135938
0.14147
0.149078
0.155965
0.164126
0.170028
0.175847
0.176399
0.174815
0.162552
0.144975
0.104181
0.00291843
0.00169373
0.000480173
-0.000718807
-0.00190526
-0.00308052
-0.00424393
-0.00539394
-0.006529
-0.00764787
-0.0087495
-0.00983289
-0.010897
-0.011941
-0.0129637
-0.0139645
-0.0149422
-0.0158963
-0.0168258
-0.01773
0.00260291
0.00136153
0.000140541
-0.00106614
-0.00226387
-0.00345329
-0.0046324
-0.00579899
-0.00695152
-0.00808885
-0.00920995
-0.0103137
-0.0113991
-0.0124649
-0.0135101
-0.0145336
-0.0155345
-0.0165119
-0.017465
-0.018393
0.0020158
0.000730397
-0.000518357
-0.00175381
-0.0029862
-0.00421409
-0.00543273
-0.0066388
-0.00783072
-0.0090076
-0.0101684
-0.0113121
-0.0124371
-0.0135424
-0.0146266
-0.0156888
-0.0167277
-0.0177425
-0.018732
-0.0196953
0.00119383
-0.000162006
-0.0014562
-0.0027372
-0.00402255
-0.00530789
-0.00658465
-0.00784795
-0.00909634
-0.0103294
-0.0115462
-0.0127455
-0.0139259
-0.0150858
-0.0162242
-0.0173397
-0.0184313
-0.0194978
-0.0205382
-0.0215518
0.000174553
-0.00127791
-0.00263563
-0.00397963
-0.00533717
-0.00670011
-0.00805482
-0.00939451
-0.010718
-0.0120254
-0.0133161
-0.0145887
-0.0158415
-0.017073
-0.0182819
-0.0194669
-0.0206267
-0.0217603
-0.0228665
-0.0239446
-0.00100479
-0.00258109
-0.00402189
-0.00544765
-0.0068977
-0.00835928
-0.00981255
-0.0112484
-0.0126661
-0.0140666
-0.0154495
-0.0168134
-0.0181562
-0.0194763
-0.0207724
-0.0220431
-0.0232871
-0.0245033
-0.0256905
-0.0268479
-0.00230597
-0.00403522
-0.00558099
-0.00710928
-0.00867391
-0.0102567
-0.0118306
-0.013384
-0.0149165
-0.0164303
-0.0179252
-0.0193996
-0.0208514
-0.0222786
-0.0236799
-0.0250539
-0.0263993
-0.0277148
-0.0289993
-0.0302522
-0.00368849
-0.00560251
-0.00727849
-0.00893296
-0.0106366
-0.0123654
-0.014084
-0.015778
-0.017448
-0.0190971
-0.0207256
-0.0223317
-0.0239129
-0.0254673
-0.0269933
-0.0284897
-0.029955
-0.031388
-0.0327874
-0.0341529
-0.00510848
-0.00724248
-0.0090784
-0.0108864
-0.0127564
-0.0146583
-0.0165481
-0.0184084
-0.0202407
-0.0220496
-0.0238355
-0.0255965
-0.0273297
-0.0290333
-0.0307055
-0.032345
-0.0339506
-0.0355208
-0.0370543
-0.0385513
-0.00651788
-0.00891117
-0.0109424
-0.012936
-0.0150031
-0.0171081
-0.0191983
-0.0212534
-0.0232759
-0.0252716
-0.0272414
-0.0291829
-0.0310931
-0.03297
-0.034812
-0.0366178
-0.0383859
-0.0401149
-0.0418035
-0.0434527
-0.00786387
-0.0105605
-0.0128293
-0.0150459
-0.0173447
-0.0196862
-0.0220092
-0.0242908
-0.0265346
-0.0287474
-0.0309304
-0.0330808
-0.0351957
-0.0372729
-0.0393107
-0.041308
-0.0432632
-0.0451749
-0.0470414
-0.0488652
-0.00908839
-0.0121378
-0.0146946
-0.0171781
-0.0197474
-0.0223619
-0.0249538
-0.0274976
-0.0299975
-0.0324612
-0.03489
-0.037281
-0.0396312
-0.0419382
-0.0442007
-0.0464174
-0.0485867
-0.0507071
-0.0527764
-0.0547996
-0.0101279
-0.0135856
-0.0164903
-0.0192919
-0.0221751
-0.0251029
-0.0280035
-0.0308493
-0.0336444
-0.0363967
-0.0391076
-0.0417742
-0.0443937
-0.0469638
-0.049483
-0.05195
-0.054363
-0.0567202
-0.0590187
-0.0612678
-0.0109134
-0.0148413
-0.0181649
-0.0213437
-0.0245888
-0.0278742
-0.0311279
-0.0343204
-0.0374543
-0.040537
-0.0435699
-0.0465507
-0.0494768
-0.0523465
-0.0551584
-0.0579114
-0.0606035
-0.0632308
-0.0657868
-0.0682903
-0.0113703
-0.0158373
-0.0196631
-0.0232869
-0.0269472
-0.0306385
-0.0342947
-0.0378839
-0.0414055
-0.0448648
-0.0482637
-0.0516006
-0.0548736
-0.0580813
-0.0612227
-0.0642978
-0.0673057
-0.0702465
-0.073098
-0.0758947
-0.0114186
-0.0165014
-0.020926
-0.0250721
-0.0292057
-0.033356
-0.0374699
-0.0415124
-0.045476
-0.0493633
-0.0531766
-0.0569158
-0.0605799
-0.0641672
-0.0676761
-0.0711047
-0.0744521
-0.0777193
-0.0809353
-0.0840672
-0.0109736
-0.0167562
-0.0218905
-0.0266458
-0.0313164
-0.0359841
-0.0406177
-0.0451769
-0.0496436
-0.054016
-0.0582977
-0.0624917
-0.0665979
-0.0706148
-0.0745409
-0.078375
-0.0821172
-0.0857687
-0.0893483
-0.0928412
-0.00994619
-0.0165204
-0.0224902
-0.027951
-0.0332273
-0.0384768
-0.0436999
-0.0488472
-0.0538844
-0.0588044
-0.0636141
-0.0683201
-0.0729237
-0.0774232
-0.0818166
-0.0861028
-0.0902819
-0.0943543
-0.0983443
-0.102241
-0.00824434
-0.0157092
-0.0226547
-0.0289261
-0.0348821
-0.0407848
-0.0466764
-0.0524915
-0.0581734
-0.0637094
-0.0691122
-0.0743934
-0.0795553
-0.0845949
-0.0895099
-0.0942991
-0.0989626
-0.1035
-0.107946
-0.112292
-0.00577471
-0.0142362
-0.0223107
-0.0295046
-0.0362192
-0.0428557
-0.0495054
-0.056077
-0.0624843
-0.068711
-0.0747787
-0.080705
-0.0864923
-0.0921358
-0.0976324
-0.102981
-0.10818
-0.113225
-0.118175
-0.123016
-0.0024459
-0.0120162
-0.0213825
-0.0296142
-0.0371715
-0.0446335
-0.0521439
-0.0595698
-0.0667896
-0.073788
-0.0806
-0.0872484
-0.0937341
-0.100051
-0.106198
-0.112172
-0.117967
-0.123568
-0.129072
-0.134458
0.00182561
-0.00897167
-0.0197946
-0.0291756
-0.0376649
-0.0460599
-0.0545481
-0.0629341
-0.0710596
-0.078919
-0.0865635
-0.0940181
-0.101279
-0.108339
-0.1152
-0.121872
-0.128358
-0.134576
-0.140698
-0.14667
0.00710719
-0.00504404
-0.0174755
-0.0281028
-0.0376202
-0.0470758
-0.0566732
-0.0661313
-0.0752621
-0.0840825
-0.0926601
-0.101016
-0.109136
-0.117008
-0.124627
-0.131995
-0.139125
-0.146208
-0.153057
-0.159663
0.013447
-0.000199947
-0.0143614
-0.0263057
-0.0369577
-0.0476251
-0.0584736
-0.0691174
-0.0793606
-0.0892563
-0.0988823
-0.108248
-0.117332
-0.126123
-0.134622
-0.142836
-0.150772
-0.158579
-0.166157
-0.173464
0.0208765
0.00557535
-0.0103848
-0.0236875
-0.0356029
-0.0476586
-0.0599017
-0.0718428
-0.0833153
-0.0944159
-0.105218
-0.115713
-0.125872
-0.13569
-0.145163
-0.154283
-0.163047
-0.171676
-0.180063
-0.188132
0.0293981
0.0123029
-0.0054437
-0.0201312
-0.033484
-0.0471283
-0.0609009
-0.0742486
-0.0870821
-0.0995329
-0.111648
-0.123395
-0.134748
-0.145712
-0.156292
-0.166477
-0.176152
-0.185682
-0.194918
-0.203774
0.0388897
0.0199928
0.000609612
-0.0154915
-0.0305242
-0.0459764
-0.0614018
-0.0762758
-0.0906259
-0.104587
-0.118159
-0.13129
-0.143953
-0.156134
-0.167823
-0.179038
-0.190044
-0.200668
-0.2108
-0.220469
0.0488478
0.0284355
0.00786724
-0.00962268
-0.0266177
-0.044076
-0.0612653
-0.0778201
-0.0938766
-0.109524
-0.124718
-0.139404
-0.153558
-0.167146
-0.180127
-0.192518
-0.20479
-0.216537
-0.22766
-0.238243
0.0582061
0.0367935
0.0159959
-0.00274186
-0.0218882
-0.0414124
-0.060456
-0.078888
-0.0968584
-0.114371
-0.131359
-0.147792
-0.163669
-0.178961
-0.193584
-0.207219
-0.220615
-0.233443
-0.24559
-0.257145
0.0663167
0.044634
0.0247327
0.00484107
-0.0162097
-0.0374874
-0.0583411
-0.0787601
-0.0987714
-0.118288
-0.137221
-0.155525
-0.173173
-0.190144
-0.206439
-0.222363
-0.237445
-0.251495
-0.264707
-0.27725
-0.0186088
-0.0194616
-0.0202875
-0.021086
-0.0218567
-0.0225993
-0.0233134
-0.0239988
-0.0246553
-0.0252826
-0.0258806
-0.0264493
-0.0269884
-0.0274982
-0.0279784
-0.0284293
-0.0288508
-0.0292433
-0.0296063
-0.0299421
-0.0192949
-0.02017
-0.0210177
-0.0218375
-0.0226289
-0.0233914
-0.0241245
-0.024828
-0.0255016
-0.0261449
-0.026758
-0.0273406
-0.0278927
-0.0284142
-0.0289053
-0.029366
-0.0297963
-0.0301968
-0.0305676
-0.0309123
-0.0206321
-0.0215414
-0.0224223
-0.0232743
-0.0240968
-0.0248894
-0.0256516
-0.026383
-0.0270835
-0.0277528
-0.0283907
-0.0289973
-0.0295723
-0.030116
-0.0306283
-0.0311094
-0.0315596
-0.0319795
-0.03237
-0.0327379
-0.0225376
-0.0234948
-0.0244226
-0.0253203
-0.0261874
-0.0270234
-0.0278278
-0.0286004
-0.0293408
-0.0300488
-0.0307243
-0.0313672
-0.0319776
-0.0325554
-0.0331009
-0.0336141
-0.0340954
-0.0345458
-0.0349672
-0.0353707
-0.0249936
-0.0260127
-0.027001
-0.0279577
-0.0288824
-0.0297746
-0.0306337
-0.0314596
-0.0322519
-0.0330104
-0.033735
-0.0344257
-0.0350824
-0.0357054
-0.0362946
-0.0368505
-0.0373733
-0.0378646
-0.0383276
-0.0387794
-0.0279748
-0.02907
-0.0301327
-0.0311622
-0.0321579
-0.0331194
-0.0340463
-0.0349382
-0.0357949
-0.0366163
-0.0374022
-0.0381526
-0.0388676
-0.0395474
-0.040192
-0.0408019
-0.0413776
-0.0419211
-0.0424373
-0.0429514
-0.0314726
-0.0326593
-0.0338114
-0.0349284
-0.0360096
-0.0370546
-0.038063
-0.0390346
-0.0399692
-0.0408665
-0.0417267
-0.0425496
-0.0433354
-0.0440843
-0.0447965
-0.0454725
-0.0461128
-0.0467204
-0.0473021
-0.0478936
-0.0354837
-0.0367785
-0.0380363
-0.0392564
-0.0404385
-0.0415822
-0.0426871
-0.043753
-0.0447797
-0.0457672
-0.0467154
-0.0476245
-0.0484946
-0.0493259
-0.0501188
-0.0508738
-0.0515916
-0.0522763
-0.0529372
-0.0536231
-0.040011
-0.0414318
-0.0428129
-0.0441535
-0.0454534
-0.0467123
-0.0479299
-0.049106
-0.0502405
-0.0513334
-0.0523849
-0.0533951
-0.0543641
-0.0552925
-0.0561804
-0.0570287
-0.0578383
-0.0586146
-0.0593697
-0.0601692
-0.0450614
-0.0466281
-0.0481517
-0.0496317
-0.0510678
-0.05246
-0.0538079
-0.0551116
-0.056371
-0.0575863
-0.0587576
-0.0598853
-0.0609695
-0.0620108
-0.0630096
-0.063967
-0.0648841
-0.065768
-0.0666344
-0.0675694
-0.0506454
-0.0523797
-0.0540671
-0.055707
-0.0572996
-0.0588447
-0.0603425
-0.0617928
-0.063196
-0.0645521
-0.0658615
-0.0671246
-0.0683418
-0.0695138
-0.0706411
-0.0717251
-0.0727671
-0.0737767
-0.0747736
-0.075869
-0.0567756
-0.0587016
-0.060576
-0.0623985
-0.0641695
-0.0658893
-0.0675582
-0.0691762
-0.0707436
-0.0722608
-0.0737283
-0.0751468
-0.0765167
-0.077839
-0.0791142
-0.0803444
-0.0815308
-0.0826864
-0.0838353
-0.0851197
-0.0634667
-0.0656108
-0.0676977
-0.0697275
-0.0717012
-0.0736196
-0.0754829
-0.0772914
-0.0790456
-0.0807462
-0.0823938
-0.0839894
-0.0855336
-0.0870277
-0.0884723
-0.0898702
-0.0912229
-0.092547
-0.0938725
-0.0953782
-0.0707408
-0.0731309
-0.0754573
-0.0777207
-0.079923
-0.0820653
-0.0841478
-0.0861712
-0.0881364
-0.0900443
-0.0918958
-0.0936922
-0.0954343
-0.0971239
-0.0987616
-0.100351
-0.101894
-0.103412
-0.104942
-0.106705
-0.0786263
-0.0812864
-0.0838775
-0.086402
-0.0888608
-0.0912541
-0.0935828
-0.0958478
-0.0980504
-0.100192
-0.102273
-0.104296
-0.106262
-0.108173
-0.11003
-0.111838
-0.113598
-0.115338
-0.117103
-0.119166
-0.0871145
-0.0900827
-0.0929755
-0.0957947
-0.0985412
-0.101216
-0.10382
-0.106356
-0.108825
-0.111228
-0.113567
-0.115845
-0.118063
-0.120223
-0.122327
-0.124382
-0.126389
-0.128383
-0.130417
-0.132825
-0.0962432
-0.0995565
-0.102785
-0.105931
-0.108997
-0.111984
-0.114895
-0.117732
-0.120496
-0.123191
-0.125818
-0.12838
-0.130879
-0.133319
-0.135701
-0.138034
-0.14032
-0.142601
-0.144944
-0.147748
-0.106037
-0.109733
-0.113332
-0.11684
-0.120259
-0.123592
-0.126843
-0.130012
-0.133104
-0.136121
-0.139066
-0.141942
-0.144754
-0.147505
-0.150198
-0.152844
-0.155444
-0.158052
-0.160745
-0.164002
-0.116524
-0.120641
-0.124648
-0.128553
-0.132361
-0.136074
-0.139696
-0.143231
-0.146682
-0.150054
-0.153349
-0.156574
-0.159729
-0.162823
-0.165858
-0.168849
-0.1718
-0.174775
-0.177869
-0.181646
-0.127729
-0.132308
-0.136763
-0.141103
-0.145335
-0.149463
-0.153491
-0.157424
-0.161266
-0.165024
-0.168702
-0.172307
-0.175843
-0.179317
-0.182731
-0.186101
-0.189432
-0.192805
-0.19633
-0.200665
-0.139693
-0.144773
-0.149714
-0.154526
-0.159218
-0.163795
-0.168262
-0.172626
-0.176892
-0.181067
-0.185157
-0.189172
-0.193117
-0.197007
-0.20084
-0.204645
-0.20841
-0.212238
-0.216254
-0.221243
-0.152462
-0.158079
-0.163541
-0.168861
-0.174045
-0.179102
-0.184038
-0.188862
-0.193583
-0.198209
-0.202745
-0.207205
-0.211587
-0.215918
-0.220191
-0.224464
-0.228712
-0.233081
-0.237664
-0.243405
-0.166052
-0.172249
-0.178274
-0.184137
-0.189847
-0.195414
-0.200847
-0.206158
-0.211356
-0.216457
-0.221467
-0.226409
-0.231274
-0.236101
-0.240849
-0.245619
-0.250343
-0.255296
-0.260498
-0.267152
-0.180514
-0.187337
-0.19396
-0.2004
-0.206666
-0.21277
-0.218725
-0.224545
-0.230241
-0.235833
-0.241328
-0.246763
-0.252129
-0.257503
-0.262804
-0.268193
-0.273459
-0.279064
-0.284839
-0.292552
-0.195892
-0.203382
-0.21064
-0.217684
-0.22453
-0.231193
-0.23769
-0.244041
-0.250258
-0.256367
-0.262369
-0.268311
-0.274168
-0.280067
-0.285899
-0.291977
-0.297914
-0.304457
-0.310902
-0.319901
-0.212271
-0.220459
-0.228374
-0.236039
-0.243472
-0.250696
-0.257734
-0.264612
-0.271353
-0.277989
-0.284529
-0.291024
-0.297432
-0.303891
-0.310219
-0.316886
-0.323339
-0.330921
-0.338195
-0.349058
-0.22974
-0.238655
-0.247245
-0.255535
-0.263549
-0.271317
-0.278868
-0.286235
-0.29345
-0.30056
-0.30759
-0.314614
-0.321612
-0.32874
-0.335765
-0.34319
-0.350163
-0.3586
-0.366288
-0.37942
-0.248365
-0.258063
-0.267364
-0.276297
-0.284896
-0.293197
-0.301236
-0.309052
-0.316688
-0.324193
-0.331615
-0.339036
-0.346493
-0.354171
-0.361955
-0.370395
-0.378558
-0.388488
-0.396764
-0.412187
-0.268178
-0.278716
-0.288779
-0.2984
-0.307618
-0.316477
-0.325024
-0.333307
-0.341376
-0.349289
-0.357104
-0.364895
-0.372731
-0.380761
-0.389016
-0.397997
-0.407265
-0.418915
-0.429407
-0.448278
-0.289184
-0.300531
-0.31132
-0.321584
-0.33137
-0.340731
-0.349729
-0.358425
-0.366889
-0.375188
-0.383398
-0.391592
-0.399849
-0.408259
-0.416894
-0.425954
-0.435395
-0.446444
-0.457848
-0.478324
-0.0307062
-0.0314823
-0.0317446
-0.0314411
-0.0305377
-0.029033
-0.0269512
-0.0242989
-0.0211679
-0.0175463
-0.0135641
-0.00915117
-0.00443613
0.000715317
0.00619977
0.0121288
0.0183576
0.0248252
0.0313255
0.0376878
0.0431942
0.0472592
0.0482409
0.0445523
0.0380729
0.033249
0.0298902
0.0264064
0.0197508
0.00945444
-0.0317055
-0.0324653
-0.0326631
-0.0322655
-0.0312524
-0.0296317
-0.0274339
-0.02467
-0.0214414
-0.0177413
-0.0137126
-0.00927965
-0.00457262
0.000560302
0.00602803
0.0119623
0.0182309
0.0247647
0.0314139
0.0379778
0.0437174
0.0480028
0.0488436
0.0446893
0.0378241
0.0331007
0.0297378
0.0265344
0.0203175
0.0097179
-0.0335966
-0.0343264
-0.0343976
-0.0338166
-0.0325914
-0.0307462
-0.0283231
-0.0253432
-0.02193
-0.0180838
-0.0139708
-0.00950964
-0.00482551
0.000259908
0.00569092
0.0116266
0.0179677
0.0246149
0.0315469
0.0384803
0.0446931
0.0493905
0.0499632
0.0448948
0.0373189
0.0327462
0.0293957
0.0267445
0.0213714
0.0101567
-0.0363253
-0.0370052
-0.0368831
-0.0360262
-0.0344846
-0.0323056
-0.0295495
-0.0262553
-0.0225691
-0.0185164
-0.0142933
-0.00981073
-0.0051802
-0.000184913
0.00517782
0.0111055
0.0175363
0.0243291
0.0316576
0.0391007
0.0460497
0.0513289
0.0514913
0.0450465
0.0365121
0.0321001
0.0287601
0.0269645
0.0228313
0.0106617
-0.0398607
-0.0404648
-0.040074
-0.0388403
-0.0368707
-0.0342426
-0.0310391
-0.0273198
-0.0232836
-0.0189728
-0.0146274
-0.0101506
-0.00562451
-0.000781873
0.00446896
0.0103712
0.0168944
0.0238471
0.0316592
0.039721
0.0477008
0.0536938
0.0532794
0.044992
0.0353381
0.0310251
0.0277144
0.0270926
0.0245804
0.0111046
-0.0441931
-0.0446882
-0.0439411
-0.0422175
-0.0396968
-0.0364928
-0.0327185
-0.0284622
-0.0239975
-0.0193791
-0.0149157
-0.0104973
-0.00615161
-0.00154809
0.00353601
0.00938833
0.0159939
0.0231002
0.0314463
0.0402007
0.0495239
0.0562963
0.0551084
0.0445432
0.0336982
0.029348
0.0261516
0.0269997
0.0264233
0.0113542
-0.049331
-0.0496749
-0.0484689
-0.0461257
-0.0429153
-0.0389941
-0.0345129
-0.0296003
-0.0246133
-0.019652
-0.0150973
-0.0108211
-0.00676204
-0.00251087
0.00234351
0.00811612
0.0147867
0.0220175
0.0309021
0.0403699
0.0513282
0.0588446
0.056647
0.0434711
0.0314571
0.026871
0.0239746
0.0265554
0.0280585
0.0112884
-0.0552962
-0.0554364
-0.0536506
-0.0505391
-0.0464819
-0.0416841
-0.0363426
-0.0306393
-0.0250347
-0.0197069
-0.0151105
-0.0110952
-0.0074663
-0.00370885
0.00084895
0.00651079
0.01323
0.0205311
0.0299071
0.0400298
0.0528034
0.060898
0.0574041
0.0415014
0.0284506
0.0233822
0.0210933
0.0256333
0.0291362
0.0108004
-0.0621227
-0.0619948
-0.0594876
-0.0554372
-0.0503547
-0.0445001
-0.0381244
-0.0314819
-0.02517
-0.0194547
-0.0148933
-0.0112984
-0.00828841
-0.00519321
-0.000997758
0.00452722
0.0112904
0.0185862
0.0283475
0.0389662
0.0534277
0.0618248
0.056708
0.0383561
0.0245102
0.0186905
0.0174481
0.024117
0.0293632
0.00982337
-0.0698545
-0.069381
-0.0659877
-0.0608038
-0.0544939
-0.0473784
-0.0397724
-0.0320262
-0.0249086
-0.0187988
-0.0143818
-0.0114168
-0.0092698
-0.00702916
-0.00325536
0.00212113
0.00894658
0.0161511
0.0261364
0.0369829
0.0523687
0.0607469
0.0537834
0.0339484
0.0195456
0.0126958
0.0130419
0.0219208
0.0285765
0.00838326
-0.0785444
-0.0776333
-0.073164
-0.0666272
-0.0588628
-0.0502544
-0.0411968
-0.0321624
-0.0241392
-0.0176787
-0.0135107
-0.011447
-0.0104736
-0.00929763
-0.00599248
-0.000749148
0.0061888
0.0132263
0.0232347
0.0339784
0.0486033
0.0564722
0.047903
0.0285074
0.0136896
0.00550543
0.00795786
0.0189949
0.0267553
0.00656777
-0.088253
-0.0867963
-0.081035
-0.0729001
-0.0634284
-0.0530627
-0.0423062
-0.0317767
-0.0227317
-0.0158929
-0.0122064
-0.011402
-0.0119892
-0.0120979
-0.00928804
-0.00412258
0.0030184
0.00984167
0.0196795
0.0299989
0.0416029
0.0479273
0.0387042
0.022358
0.00727868
-0.00253835
0.00235633
0.0153361
0.0239926
0.00451496
-0.0990473
-0.0969199
-0.0896231
-0.0796209
-0.068166
-0.0557356
-0.0430128
-0.0307537
-0.0205611
-0.0133881
-0.0104179
-0.0113208
-0.0139371
-0.0155502
-0.0132309
-0.00803496
-0.000558571
0.00604904
0.0155916
0.025226
0.0318804
0.0355276
0.0267733
0.0156497
0.000671484
-0.0109789
-0.00353487
0.0110226
0.0204752
0.00245884
-0.110999
-0.108059
-0.0989535
-0.0867959
-0.0730702
-0.0581974
-0.0432354
-0.0289817
-0.0175066
-0.0100552
-0.00809228
-0.0112684
-0.0164752
-0.0197978
-0.0179181
-0.012519
-0.00453748
0.00191406
0.0111313
0.0198856
0.0206218
0.0207579
0.0137828
0.0084861
-0.00588873
-0.0193503
-0.00946244
0.00618752
0.0164244
0.0005098
-0.124184
-0.120266
-0.109052
-0.0944333
-0.0781674
-0.0608927
-0.0429166
-0.026354
-0.0134541
-0.00578462
-0.00517775
-0.0113225
-0.0198103
-0.0250083
-0.0234522
-0.0176046
-0.00891514
-0.00249159
0.00645775
0.0142278
0.00935547
0.00608114
0.0015616
0.00119745
-0.0122247
-0.0272355
-0.0152228
0.000983219
0.0120545
-0.00124855
-0.13868
-0.133598
-0.119974
-0.102568
-0.0833617
-0.0628666
-0.0419004
-0.022768
-0.00829848
-0.000477059
-0.00164911
-0.0117657
-0.024203
-0.0313729
-0.029938
-0.0233188
-0.0136863
-0.00708656
0.00171708
0.00850987
-0.00076996
-0.00670711
-0.00883936
-0.00577582
-0.0181757
-0.0342893
-0.0206693
-0.00443524
0.00755717
-0.0027551
-0.154566
-0.148101
-0.131766
-0.111218
-0.0887014
-0.0646021
-0.0401696
-0.0181528
-0.00195267
0.00595941
0.00248529
-0.0127767
-0.0299342
-0.0391019
-0.0374791
-0.0296849
-0.018837
-0.0117871
-0.00296946
0.00293777
-0.00917635
-0.016922
-0.0171405
-0.0121251
-0.0236245
-0.0402668
-0.0257044
-0.0099188
0.00309683
-0.00397914
-0.17193
-0.163909
-0.144484
-0.120438
-0.0942292
-0.066062
-0.0377025
-0.0124616
0.00564663
0.0136059
0.0071693
-0.0146424
-0.0373322
-0.048426
-0.046173
-0.0367202
-0.0243405
-0.0165216
-0.00750742
-0.00232593
-0.0157635
-0.0245457
-0.0234989
-0.0177294
-0.0285296
-0.0450506
-0.0302712
-0.0153312
-0.00119509
-0.00491582
-0.190868
-0.18104
-0.158178
-0.130298
-0.100001
-0.0672435
-0.0344893
-0.00567424
0.0145318
0.0225231
0.0122899
-0.0177451
-0.0467801
-0.0595951
-0.056106
-0.0444336
-0.03016
-0.0212338
-0.0118336
-0.00717046
-0.0207107
-0.0298882
-0.0282794
-0.0226022
-0.0329028
-0.0486032
-0.0343485
-0.0205565
-0.00522354
-0.0055789
-0.211232
-0.199547
-0.172927
-0.140892
-0.10608
-0.0681667
-0.030534
0.00218588
0.0246974
0.0327449
0.0176507
-0.0225054
-0.0586692
-0.0728532
-0.0673449
-0.0528237
-0.0362525
-0.0258799
-0.0159208
-0.0115385
-0.0243179
-0.0334055
-0.0318834
-0.0268374
-0.0367782
-0.0510158
-0.0379451
-0.0255031
-0.00892926
-0.0059942
-0.23349
-0.219524
-0.188835
-0.152342
-0.112544
-0.0688789
-0.0259175
0.0110344
0.0360888
0.0442721
0.0230035
-0.0292848
-0.0733118
-0.0883892
-0.0799195
-0.0618755
-0.0425704
-0.0304269
-0.0197722
-0.0154144
-0.0269072
-0.0355946
-0.0346572
-0.0305601
-0.0401994
-0.0524484
-0.0410871
-0.0301014
-0.012284
-0.00619329
-0.257465
-0.241002
-0.206023
-0.164791
-0.119489
-0.0694716
-0.0207721
0.0207115
0.0485732
0.0570496
0.0281689
-0.0381771
-0.090773
-0.10625
-0.0937959
-0.0715527
-0.0490604
-0.0348526
-0.0234061
-0.0188136
-0.0287707
-0.036882
-0.0368651
-0.0338893
-0.0432116
-0.0530642
-0.0438104
-0.0343034
-0.0152836
-0.00620947
-0.283168
-0.264022
-0.224641
-0.178408
-0.127028
-0.0700835
-0.015297
0.0309409
0.0618528
0.0708561
0.0331384
-0.0487655
-0.110593
-0.126211
-0.108839
-0.081785
-0.0556626
-0.0391429
-0.0268446
-0.0217738
-0.0301466
-0.0375973
-0.0386996
-0.0369184
-0.0458525
-0.053025
-0.046156
-0.0380819
-0.0179415
-0.00607508
-0.310517
-0.288604
-0.244865
-0.193378
-0.135299
-0.0709125
-0.00979058
0.0413076
0.0753646
0.0850905
0.0379529
-0.0601385
-0.131893
-0.147678
-0.12478
-0.0924565
-0.0623084
-0.0432882
-0.0301086
-0.0243451
-0.0312165
-0.0379819
-0.040301
-0.0397195
-0.0481433
-0.0524788
-0.0481662
-0.0414272
-0.0202825
-0.00582005
-0.339332
-0.31473
-0.266878
-0.209888
-0.144472
-0.0722346
-0.00468485
0.0511815
0.0881739
0.098577
0.0423541
-0.0711832
-0.153306
-0.169731
-0.141213
-0.103399
-0.0689194
-0.0472816
-0.0332164
-0.0265807
-0.032114
-0.038208
-0.0417721
-0.0423572
-0.050098
-0.0515493
-0.0498808
-0.0443448
-0.0223374
-0.00547114
-0.369242
-0.342304
-0.290823
-0.228103
-0.154752
-0.074421
-0.000558192
0.0596712
0.0989324
0.10957
0.045573
-0.0810907
-0.173021
-0.191323
-0.157644
-0.114399
-0.0754095
-0.0511186
-0.0361821
-0.0285332
-0.0329358
-0.0383939
-0.0431742
-0.0448804
-0.0517635
-0.0503369
-0.0513337
-0.0468518
-0.0241394
-0.00505195
-0.399513
-0.371072
-0.316721
-0.248104
-0.166357
-0.0779317
0.00182228
0.0655698
0.10604
0.116166
0.0466703
-0.089629
-0.190342
-0.211475
-0.173567
-0.125221
-0.0816883
-0.0547961
-0.0390158
-0.030253
-0.0337501
-0.0388127
-0.0444935
-0.0472849
-0.0532341
-0.0489461
-0.052553
-0.0489738
-0.02572
-0.00458279
-0.42945
-0.400625
-0.344421
-0.269854
-0.179477
-0.0832652
0.00156756
0.067712
0.107991
0.116991
0.0448929
-0.0971838
-0.204965
-0.229458
-0.188513
-0.135633
-0.0876817
-0.0583154
-0.0417259
-0.0317864
-0.034599
-0.0391795
-0.0456337
-0.0495099
-0.0545659
-0.0475086
-0.0535784
-0.0507419
-0.0271108
-0.00407913
-0.458925
-0.430481
-0.373658
-0.293284
-0.19432
-0.0909276
-0.00203576
0.0655232
0.104159
0.111197
0.0385527
-0.105168
-0.217237
-0.245135
-0.20225
-0.145389
-0.0932945
-0.0616699
-0.0443178
-0.0331796
-0.035498
-0.0396105
-0.046638
-0.0515828
-0.0556486
-0.0460617
-0.0544927
-0.052206
-0.0283311
-0.00354753
-0.48705
-0.459028
-0.403322
-0.318123
-0.211185
-0.101429
-0.00949979
0.058703
0.0958134
0.0959545
0.02269
-0.115819
-0.22625
-0.257742
-0.214596
-0.154741
-0.0987114
-0.064865
-0.0468247
-0.0345079
-0.0364993
-0.0395681
-0.0481593
-0.0538585
-0.0562277
-0.0443091
-0.0551355
-0.0533681
-0.0294414
-0.00302424
-0.506297
-0.47541
-0.421395
-0.334759
-0.224285
-0.112067
-0.0204908
0.0452862
0.0746906
0.0706243
-0.000737794
-0.124846
-0.226852
-0.259624
-0.22026
-0.160569
-0.103133
-0.0678412
-0.0488348
-0.0356786
-0.038256
-0.0440247
-0.0511089
-0.0563178
-0.0561637
-0.0422873
-0.0549085
-0.0537203
-0.030203
-0.00274616
-0.515253
-0.485616
-0.429984
-0.337938
-0.222558
-0.109786
-0.0216504
0.0395857
0.0654422
0.0520996
-0.0200394
-0.136816
-0.234553
-0.266272
-0.224702
-0.163435
-0.104689
-0.0690979
-0.0499892
-0.0365342
-0.0386995
-0.0427055
-0.0525817
-0.0576268
-0.0561241
-0.0415523
-0.0550934
-0.0542482
-0.0307532
-0.00246118
-0.52257
-0.492723
-0.434211
-0.336232
-0.21677
-0.105309
-0.0224471
0.0328388
0.051746
0.0314103
-0.039757
-0.147854
-0.241895
-0.272591
-0.227725
-0.164266
-0.104378
-0.0693641
-0.0505958
-0.0371814
-0.0386543
-0.0434612
-0.0539142
-0.0588498
-0.0560628
-0.0409815
-0.055346
-0.054892
-0.0312163
-0.00207831
-0.529704
-0.499406
-0.438778
-0.336433
-0.214569
-0.105597
-0.0283819
0.0215368
0.0341729
0.00926468
-0.0587146
-0.157918
-0.247691
-0.27712
-0.229984
-0.164907
-0.104092
-0.0696957
-0.0512094
-0.0378138
-0.0387757
-0.0445533
-0.0552875
-0.0600409
-0.0559755
-0.0403694
-0.055511
-0.055499
-0.0316323
-0.00163185
-0.535839
-0.505041
-0.442909
-0.337511
-0.214883
-0.109788
-0.0387432
0.00643836
0.0139342
-0.0133109
-0.0766224
-0.166903
-0.252259
-0.280473
-0.231703
-0.165603
-0.104129
-0.0702575
-0.0519699
-0.0385311
-0.0392028
-0.0457911
-0.0566864
-0.0611884
-0.0558649
-0.0397437
-0.0556091
-0.0560456
-0.0320153
-0.00113883
-0.5405
-0.509124
-0.446013
-0.338906
-0.217186
-0.11759
-0.0531753
-0.0118269
-0.00812852
-0.035591
-0.0932192
-0.174749
-0.255616
-0.282816
-0.232807
-0.166076
-0.104214
-0.0709018
-0.0528158
-0.0393487
-0.0398766
-0.0471751
-0.0581066
-0.0622911
-0.0557368
-0.0391264
-0.0556611
-0.0565487
-0.0323639
-0.000602392
-0.54335
-0.511493
-0.448094
-0.3409
-0.221901
-0.129736
-0.0707693
-0.0336172
-0.031217
-0.0570482
-0.108326
-0.181403
-0.257725
-0.284085
-0.233237
-0.166205
-0.104219
-0.0715606
-0.0537072
-0.0402752
-0.0407769
-0.0487311
-0.0595514
-0.0633491
-0.0555963
-0.0385228
-0.0556719
-0.0570177
-0.0326754
-2.48836e-05
-0.544109
-0.511964
-0.449122
-0.343591
-0.230063
-0.144746
-0.0916877
-0.0582292
-0.0546239
-0.0773364
-0.121825
-0.186822
-0.258578
-0.284242
-0.232982
-0.166
-0.104165
-0.072243
-0.0546511
-0.041336
-0.041924
-0.0504784
-0.0610198
-0.0643619
-0.0554475
-0.0379365
-0.0556442
-0.0574539
-0.0329505
0.000589433
-0.542622
-0.510369
-0.449017
-0.347096
-0.24055
-0.163435
-0.115636
-0.0803691
-0.0777584
-0.0962497
-0.133654
-0.190979
-0.25818
-0.283281
-0.232042
-0.165474
-0.10408
-0.0729642
-0.0556668
-0.0425624
-0.0433371
-0.0524237
-0.0625081
-0.0653285
-0.0552945
-0.0373718
-0.0555815
-0.0578574
-0.0331921
0.00123563
-0.538822
-0.506655
-0.447785
-0.351116
-0.253669
-0.18557
-0.142418
-0.107894
-0.100369
-0.113663
-0.143802
-0.193866
-0.256555
-0.281192
-0.230407
-0.16462
-0.103969
-0.0737266
-0.0567696
-0.0439831
-0.0450228
-0.0545646
-0.0640106
-0.0662481
-0.0551412
-0.0368331
-0.0554875
-0.0582296
-0.0334033
0.00190889
-0.532656
-0.501039
-0.445309
-0.355866
-0.26939
-0.21067
-0.171685
-0.13686
-0.122282
-0.129503
-0.152295
-0.195492
-0.253741
-0.277971
-0.228066
-0.163423
-0.103824
-0.0745273
-0.0579728
-0.0456226
-0.0469807
-0.0568923
-0.0655205
-0.0671196
-0.0549911
-0.0363248
-0.0553658
-0.0585724
-0.0335869
0.0026045
-0.52362
-0.493992
-0.441966
-0.36147
-0.287431
-0.23832
-0.203049
-0.166446
-0.143412
-0.143747
-0.159192
-0.195879
-0.249792
-0.273615
-0.225013
-0.161869
-0.103639
-0.0753637
-0.0592903
-0.0475017
-0.0492063
-0.059392
-0.0670302
-0.0679419
-0.0548478
-0.0358509
-0.0552198
-0.0588879
-0.0337454
0.00331777
-0.512466
-0.485142
-0.437988
-0.367974
-0.307511
-0.26816
-0.236456
-0.195625
-0.163657
-0.15641
-0.164577
-0.195066
-0.244774
-0.268121
-0.221244
-0.159949
-0.103407
-0.0762328
-0.0607371
-0.0496385
-0.0516917
-0.062044
-0.0685316
-0.0687136
-0.0547144
-0.0354154
-0.055053
-0.0591781
-0.0338815
0.00404398
-0.499603
-0.474856
-0.433691
-0.375444
-0.329288
-0.29975
-0.271076
-0.22428
-0.182903
-0.167534
-0.168553
-0.193106
-0.238766
-0.261495
-0.216762
-0.157652
-0.10312
-0.0771305
-0.0623276
-0.0520477
-0.054426
-0.0648251
-0.070017
-0.0694335
-0.054594
-0.0350215
-0.054869
-0.0594452
-0.0339979
0.00477836
-0.485365
-0.463634
-0.429435
-0.383906
-0.352336
-0.332459
-0.305606
-0.252122
-0.201047
-0.177182
-0.171237
-0.190067
-0.231848
-0.253599
-0.211575
-0.15497
-0.102769
-0.0780514
-0.0640748
-0.0547401
-0.0573947
-0.0677095
-0.0714784
-0.0701003
-0.0544891
-0.0346725
-0.0546717
-0.0596912
-0.0340975
0.00551607
-0.47024
-0.451974
-0.425543
-0.393292
-0.376176
-0.365483
-0.338724
-0.278811
-0.217994
-0.185439
-0.172756
-0.186035
-0.224118
-0.245006
-0.205699
-0.151895
-0.102342
-0.0789881
-0.0659889
-0.0577226
-0.0605813
-0.0706705
-0.0729086
-0.0707127
-0.054402
-0.0343709
-0.0544645
-0.0599184
-0.034183
0.00625224
-0.454774
-0.440344
-0.422254
-0.403412
-0.400273
-0.398081
-0.371265
-0.304131
-0.233671
-0.192404
-0.173241
-0.181117
-0.215676
-0.235394
-0.199135
-0.14842
-0.101829
-0.0799321
-0.0680764
-0.0609975
-0.0639669
-0.0736812
-0.0743007
-0.0712692
-0.0543343
-0.0341188
-0.0542508
-0.0601285
-0.0342574
0.00698188
-0.439471
-0.42913
-0.419682
-0.413952
-0.424041
-0.430112
-0.401556
-0.327892
-0.248043
-0.198196
-0.172827
-0.175438
-0.206621
-0.224773
-0.191892
-0.144543
-0.101217
-0.0808732
-0.0703393
-0.0645618
-0.0675314
-0.0767155
-0.0756487
-0.0717685
-0.0542873
-0.0339176
-0.0540337
-0.0603233
-0.0343235
0.00769997
-0.424737
-0.41859
-0.417798
-0.424499
-0.446847
-0.460113
-0.429957
-0.349903
-0.261092
-0.202946
-0.171646
-0.169142
-0.197053
-0.21323
-0.183992
-0.140262
-0.100493
-0.0818003
-0.0727744
-0.0684074
-0.0712536
-0.0797487
-0.0769471
-0.0722093
-0.0542614
-0.0337679
-0.0538164
-0.0605042
-0.0343842
0.00840147
-0.410851
-0.408839
-0.416427
-0.434543
-0.468018
-0.487524
-0.456151
-0.369982
-0.272807
-0.20679
-0.169836
-0.162391
-0.187069
-0.20091
-0.175467
-0.135583
-0.0996446
-0.0827009
-0.075373
-0.0725196
-0.0751112
-0.0827578
-0.0781909
-0.0725901
-0.0542566
-0.0336696
-0.0536021
-0.0606727
-0.0344422
0.00908138
)
;

boundaryField
{
    inlet
    {
        type            zeroGradient;
    }
    outlet
    {
        type            fixedValue;
        value           uniform 0;
    }
    cylinder
    {
        type            zeroGradient;
    }
    top
    {
        type            symmetryPlane;
    }
    bottom
    {
        type            symmetryPlane;
    }
    defaultFaces
    {
        type            empty;
    }
}


// ************************************************************************* //
