/*--------------------------------*- C++ -*----------------------------------*\
  =========                 |
  \\      /  F ield         | OpenFOAM: The Open Source CFD Toolbox
   \\    /   O peration     | Website:  https://openfoam.org
    \\  /    A nd           | Version:  7
     \\/     M anipulation  |
\*---------------------------------------------------------------------------*/
FoamFile
{
    version     2.0;
    format      ascii;
    class       volVectorField;
    location    "300";
    object      U;
}
// * * * * * * * * * * * * * * * * * * * * * * * * * * * * * * * * * * * * * //

dimensions      [0 1 -1 0 0 0 0];

internalField   nonuniform List<vector> 
2125
(
(1.37506 -0.16105 -8.87063e-21)
(1.35865 -0.156059 -2.57119e-20)
(1.37422 -0.14926 -4.32989e-21)
(1.27318 -0.133388 1.79326e-20)
(1.34258 -0.142637 -2.04685e-21)
(1.36993 -0.137372 2.15631e-20)
(0.856568 -0.0649852 5.03709e-20)
(1.07401 -0.0952956 -1.05063e-19)
(1.22857 -0.11675 2.12811e-20)
(1.31915 -0.128991 -1.63741e-20)
(1.36102 -0.125296 -2.27813e-20)
(0.515478 -0.0254551 1.03924e-20)
(0.764395 -0.0501153 -8.51538e-20)
(0.995053 -0.0781349 5.74972e-20)
(1.17268 -0.100202 -4.43802e-20)
(1.28669 -0.115142 4.38608e-20)
(1.34595 -0.112965 -1.90949e-21)
(0.230999 -0.0116943 -3.62642e-22)
(0.430613 -0.0197709 3.46449e-20)
(0.668394 -0.0379761 1.98588e-21)
(0.906122 -0.0624609 -4.60006e-20)
(1.10452 -0.0840293 -1.17529e-21)
(1.24341 -0.101205 -1.9044e-20)
(1.32284 -0.100305 2.23507e-20)
(0.0564774 -0.016168 6.5486e-21)
(0.175598 -0.0139897 1.84777e-20)
(0.350589 -0.0170092 -3.12398e-20)
(0.571342 -0.0288866 7.26014e-20)
(0.808823 -0.048821 -2.5102e-22)
(1.0237 -0.0686453 -5.82371e-21)
(1.18769 -0.0874067 -3.69091e-20)
(1.2893 -0.0873906 -5.035e-21)
(0.0295593 -0.0210058 5.06065e-21)
(0.126975 -0.0174241 -1.32573e-20)
(0.276975 -0.0167279 -1.5393e-20)
(0.476218 -0.022985 -9.94475e-21)
(0.705741 -0.0377862 -6.96337e-21)
(0.93073 -0.0546005 8.87428e-21)
(1.11815 -0.0741516 3.56039e-20)
(1.24312 -0.0742678 2.60693e-20)
(-0.0269834 -0.0255387 2.82335e-20)
(0.00748984 -0.0255817 -6.48722e-20)
(0.0851465 -0.0215233 3.60811e-20)
(0.210854 -0.0184283 3.10356e-20)
(0.385842 -0.0201985 -7.78591e-20)
(0.60031 -0.0298647 2.10351e-20)
(0.827289 -0.0425665 -1.0294e-21)
(1.03453 -0.0620211 1.48456e-20)
(1.18075 -0.061469 -2.91212e-20)
(-0.0220203 -0.0165102 7.94597e-20)
(-0.0326395 -0.0284081 -2.19648e-20)
(-0.0100747 -0.029703 3.17906e-20)
(0.0499677 -0.0259688 1.97862e-20)
(0.152878 -0.0216805 -1.09847e-20)
(0.30259 -0.0202953 2.51716e-20)
(0.496456 -0.0253967 -1.01387e-20)
(0.716483 -0.033316 5.70564e-20)
(0.937306 -0.0517461 -9.08098e-20)
(1.10232 -0.0496759 -3.07968e-20)
(-0.0212378 -0.0167838 -2.33884e-20)
(-0.0361014 -0.0304829 8.75229e-20)
(-0.0235022 -0.0333183 -6.86812e-20)
(0.0211931 -0.030621 -2.05448e-21)
(0.103373 -0.0262101 -3.12534e-20)
(0.228274 -0.0229996 3.36255e-20)
(0.398094 -0.0244909 3.57116e-20)
(0.602527 -0.0276596 -1.75307e-20)
(0.829848 -0.0444732 1.52445e-20)
(1.00073 -0.0398142 1.80261e-20)
(-0.0199149 -0.0165925 4.76777e-21)
(-0.0377013 -0.0318511 -2.40899e-20)
(-0.0331674 -0.0365083 2.9704e-20)
(-0.00149872 -0.0355058 -2.77084e-20)
(0.0624207 -0.0319228 -3.32394e-20)
(0.164152 -0.0281043 -1.45299e-20)
(0.308605 -0.0270609 -5.37062e-20)
(0.490692 -0.026658 3.25684e-20)
(0.716483 -0.0386746 5.91884e-20)
(0.881102 -0.0435861 -1.85738e-20)
(-0.0182117 -0.016014 1.48289e-20)
(-0.0377463 -0.0326648 1.14239e-20)
(-0.0394948 -0.0394769 -2.7511e-21)
(-0.0185275 -0.040771 -4.7954e-20)
(0.0298756 -0.0388693 4.91079e-20)
(0.11095 -0.0355184 5.39114e-20)
(0.230539 -0.0330094 1.82193e-20)
(0.387368 -0.0311128 -3.05646e-21)
(0.594025 -0.0323635 -6.20315e-20)
(0.789562 -0.0481559 1.99359e-20)
(-0.0162789 -0.015165 -4.475e-20)
(-0.0365746 -0.0331277 -5.62862e-21)
(-0.042974 -0.0424737 1.1866e-20)
(-0.0304171 -0.0466321 3.67747e-21)
(0.0053333 -0.0471709 1.48467e-20)
(0.0688363 -0.0452269 -8.64324e-20)
(0.165594 -0.0423184 5.06299e-20)
(0.297493 -0.0403374 -5.92339e-20)
(0.473496 -0.0314863 4.28376e-20)
(0.693882 -0.0455845 5.12461e-20)
(-0.0142717 -0.0141856 1.97402e-20)
(-0.0345508 -0.0334957 -1.2549e-20)
(-0.0441177 -0.0457463 5.5505e-21)
(-0.0378234 -0.0532792 -2.60978e-20)
(-0.0119181 -0.0569209 3.57691e-21)
(0.0373643 -0.0571943 -6.68105e-21)
(0.114513 -0.0549386 -3.15386e-20)
(0.223721 -0.0533235 1.64803e-20)
(0.365744 -0.0388535 3.15988e-20)
(0.591989 -0.0438449 -4.65178e-20)
(-0.0123307 -0.0132202 -2.75023e-20)
(-0.0320163 -0.0340054 -4.01976e-20)
(-0.0434653 -0.0495009 3.14729e-20)
(-0.0415365 -0.0608364 2.99418e-20)
(-0.0229056 -0.0681026 -7.24648e-20)
(0.0154524 -0.0712495 6.99555e-20)
(0.0768256 -0.0705808 -7.64551e-20)
(0.166443 -0.0694375 2.07432e-20)
(0.27762 -0.0540587 -2.20225e-20)
(0.489236 -0.0482442 -3.48433e-20)
(-0.0105659 -0.0124015 1.40513e-20)
(-0.0292683 -0.0348525 3.23584e-20)
(-0.0415601 -0.0538597 8.2739e-21)
(-0.0424366 -0.0693098 8.62499e-21)
(-0.0288947 -0.0805457 -5.65507e-22)
(0.00147204 -0.0870191 1.25275e-20)
(0.050883 -0.0886477 2.35272e-20)
(0.124425 -0.0882203 4.35832e-20)
(0.211376 -0.0749838 -4.27461e-20)
(0.394884 -0.0602521 1.54635e-20)
(-0.00904933 -0.0118353 -3.49947e-20)
(-0.026548 -0.0361719 8.71914e-22)
(-0.0389125 -0.058857 1.11627e-20)
(-0.0414035 -0.0785686 -1.94735e-20)
(-0.0312575 -0.0939179 3.70817e-20)
(-0.00653544 -0.103937 -8.61675e-20)
(0.0341971 -0.1083 4.50046e-20)
(0.0952019 -0.109033 -4.05454e-20)
(0.165114 -0.0991756 7.73138e-20)
(0.316421 -0.0797543 2.00205e-20)
(-0.00781217 -0.0115881 1.80894e-20)
(-0.0240289 -0.0380279 -3.7208e-20)
(-0.0359545 -0.0644272 -1.10554e-20)
(-0.0392422 -0.0883646 1.59901e-20)
(-0.0313225 -0.10776 2.64933e-20)
(-0.0105867 -0.12131 3.84299e-21)
(0.0239188 -0.12858 -1.5083e-20)
(0.0754761 -0.130974 3.43137e-20)
(0.134198 -0.124668 -1.90883e-20)
(0.256417 -0.105477 -2.28921e-21)
(-0.0068494 -0.0116787 5.09908e-20)
(-0.0218014 -0.0403946 1.38882e-20)
(-0.0330179 -0.0704256 2.67953e-21)
(-0.0366285 -0.0983645 -3.59791e-20)
(-0.0302497 -0.121542 3.17505e-20)
(-0.0125064 -0.138402 9.94406e-21)
(0.0173218 -0.148532 5.03318e-21)
(0.0617058 -0.152992 -1.0697e-20)
(0.113061 -0.150105 1.24497e-20)
(0.212519 -0.13504 2.07904e-20)
(-0.00612212 -0.0120857 -3.86555e-20)
(-0.0198956 -0.0431659 2.12068e-20)
(-0.0303328 -0.0766237 -2.15567e-21)
(-0.0340751 -0.108185 5.19873e-20)
(-0.0289556 -0.134714 -5.59122e-20)
(-0.0137626 -0.154513 1.79777e-20)
(0.0121566 -0.167302 -1.09867e-20)
(0.0507297 -0.174077 -9.58396e-21)
(0.0966672 -0.174524 -2.89323e-20)
(0.179548 -0.165615 1.12782e-20)
(-0.00557488 -0.0127474 1.65009e-20)
(-0.0182924 -0.0461829 -4.22308e-20)
(-0.0280275 -0.082729 -2.35358e-20)
(-0.0319393 -0.117416 -3.65729e-20)
(-0.0280958 -0.146756 9.40271e-21)
(-0.0154077 -0.169032 -3.26019e-21)
(0.00680787 -0.184199 -2.8847e-20)
(0.0401718 -0.193393 -6.17066e-21)
(0.081332 -0.197195 -5.43329e-22)
(0.152009 -0.194836 1.35093e-20)
(-0.00514574 -0.0135663 3.03438e-20)
(-0.0169402 -0.0492274 2.93749e-21)
(-0.0261615 -0.0884193 1.27562e-20)
(-0.0304419 -0.125652 5.57735e-20)
(-0.0280885 -0.157209 5.44404e-20)
(-0.0181019 -0.181472 -9.39095e-21)
(0.000283382 -0.198719 2.35716e-20)
(0.0285444 -0.210349 -1.51932e-20)
(0.0648481 -0.217566 -8.90011e-21)
(0.125719 -0.221262 -1.97124e-20)
(-0.00477671 -0.0144222 -4.01374e-20)
(-0.0157775 -0.0520431 3.33104e-20)
(-0.0247477 -0.0933563 1.67682e-20)
(-0.0296975 -0.132511 -3.17543e-20)
(-0.029156 -0.165689 -3.56531e-20)
(-0.0221802 -0.191481 1.14844e-20)
(-0.00789434 -0.210542 1.18197e-21)
(0.0151319 -0.224587 4.72066e-20)
(0.046214 -0.235247 2.80519e-20)
(0.098284 -0.244253 -1.15416e-20)
(-0.00442129 -0.0151798 2.20886e-20)
(-0.0147498 -0.0543553 -9.67346e-21)
(-0.0237738 -0.097207 -3.45717e-20)
(-0.0297431 -0.13766 1.48343e-20)
(-0.0313702 -0.171907 -7.65307e-22)
(-0.0277292 -0.198835 -4.67927e-20)
(-0.0178218 -0.219501 -2.45641e-21)
(-0.000214186 -0.235933 -4.44627e-20)
(0.0252414 -0.250002 -1.9854e-20)
(0.0687868 -0.263657 3.32762e-20)
(-0.00404975 -0.0156982 -2.79178e-20)
(-0.013822 -0.0558907 -2.62825e-21)
(-0.0232192 -0.0996657 -1.80826e-21)
(-0.0305621 -0.140824 -3.12406e-20)
(-0.0346906 -0.175665 4.49379e-21)
(-0.0346554 -0.203422 2.8906e-20)
(-0.0293341 -0.225551 -1.49871e-20)
(-0.0172719 -0.244334 2.43363e-20)
(0.00222698 -0.261716 1.07514e-20)
(0.0372614 -0.279523 -1.21206e-20)
(-0.00365184 -0.0158385 1.75411e-20)
(-0.0129847 -0.0563982 3.37938e-20)
(-0.0230635 -0.100475 -7.65468e-21)
(-0.0320992 -0.141803 1.56284e-20)
(-0.0389948 -0.176852 1.00904e-20)
(-0.0427403 -0.205227 -2.50066e-20)
(-0.0420965 -0.228731 6.15357e-21)
(-0.0355955 -0.249817 -6.33724e-21)
(-0.0222603 -0.270378 8.31625e-21)
(0.00429327 -0.291911 -1.69178e-20)
(-0.00324001 -0.015476 -5.84111e-21)
(-0.0122559 -0.0556588 -2.2218e-20)
(-0.0232879 -0.0994318 3.108e-20)
(-0.0342686 -0.140477 -1.53968e-20)
(-0.0441025 -0.175451 7.17625e-21)
(-0.0516828 -0.204311 2.1291e-20)
(-0.0556691 -0.229137 -1.82296e-20)
(-0.0546181 -0.252456 -4.34008e-21)
(-0.0474741 -0.276062 4.13821e-22)
(-0.0292022 -0.300777 2.02381e-20)
(-0.0028419 -0.0145106 -1.85273e-21)
(-0.0116709 -0.053506 -6.9201e-21)
(-0.0238783 -0.0964057 -2.78272e-20)
(-0.0369705 -0.136801 5.48968e-21)
(-0.0497938 -0.171516 4.50966e-21)
(-0.0611253 -0.200794 -1.73147e-21)
(-0.0695517 -0.226907 -7.00905e-22)
(-0.0737162 -0.252363 -7.19838e-21)
(-0.0724968 -0.278772 1.02083e-20)
(-0.0621695 -0.306257 6.84348e-21)
(-0.00249995 -0.0128708 4.71213e-21)
(-0.0112841 -0.0498423 8.39663e-21)
(-0.0248225 -0.0913522 2.14101e-20)
(-0.0400857 -0.130815 -1.10114e-20)
(-0.05582 -0.165161 -9.378e-21)
(-0.0706829 -0.19484 -3.56177e-22)
(-0.0832184 -0.222212 1.78573e-20)
(-0.0921766 -0.249677 8.57489e-21)
(-0.0964427 -0.278558 -7.20577e-21)
(-0.0936244 -0.308712 -8.35523e-21)
(-0.00226683 -0.010522 -8.05571e-22)
(-0.0111583 -0.0446409 1.75675e-21)
(-0.0261035 -0.0843046 -4.02136e-21)
(-0.0434817 -0.122626 2.83871e-21)
(-0.0619192 -0.156558 2.60232e-21)
(-0.0799605 -0.18665 1.82908e-21)
(-0.0961327 -0.215247 -3.65815e-21)
(-0.109306 -0.244563 -1.48898e-20)
(-0.118508 -0.275625 -2.25891e-21)
(-0.122421 -0.308261 4.44348e-21)
(-0.00219909 -0.0074719 1.24919e-21)
(-0.0113564 -0.0379505 -3.13524e-21)
(-0.0276966 -0.0753739 -2.5161e-21)
(-0.047017 -0.112408 1.76016e-21)
(-0.067825 -0.145922 -2.42452e-21)
(-0.088567 -0.176452 -1.14776e-21)
(-0.107771 -0.206233 1.20033e-21)
(-0.124432 -0.237229 5.96966e-21)
(-0.137806 -0.270182 -2.09889e-21)
(-0.147335 -0.304864 2.13683e-21)
(1.09674 -0.00151157 -4.69565e-23)
(1.09728 -0.0014306 1.26718e-22)
(1.0978 -0.00134776 -1.31836e-22)
(1.09827 -0.00126294 4.30812e-23)
(1.09872 -0.00117611 1.16542e-22)
(1.09912 -0.00108721 4.23093e-24)
(1.09949 -0.000996223 -5.61067e-23)
(1.09983 -0.000903071 -9.81547e-23)
(1.10013 -0.000807948 6.6408e-23)
(1.10039 -0.000710282 -2.9414e-23)
(1.10064 -0.000611697 2.15829e-23)
(1.09811 -0.00448856 -3.70126e-23)
(1.09868 -0.00423733 -1.30847e-23)
(1.09922 -0.00398174 2.94114e-23)
(1.09973 -0.00372174 7.43612e-23)
(1.1002 -0.00345728 -5.47401e-24)
(1.10063 -0.00318832 -1.79257e-23)
(1.10103 -0.0029149 -2.70769e-23)
(1.10139 -0.00263683 9.03351e-23)
(1.10172 -0.00235467 2.49551e-23)
(1.102 -0.00206676 -2.44794e-23)
(1.10228 -0.00177772 -4.13161e-23)
(1.10064 -0.00740891 -6.83583e-23)
(1.10127 -0.00699342 1.33483e-24)
(1.10186 -0.00657113 5.76496e-24)
(1.10241 -0.00614191 1.78247e-22)
(1.10293 -0.00570569 -2.45112e-22)
(1.10342 -0.00526239 6.78812e-23)
(1.10387 -0.00481203 7.24722e-23)
(1.10428 -0.00435432 4.41073e-23)
(1.10466 -0.00389006 -4.40629e-23)
(1.105 -0.00341671 -5.35881e-24)
(1.10536 -0.00294135 2.61042e-24)
(1.10422 -0.0103771 8.94149e-23)
(1.10492 -0.00979434 -5.5951e-23)
(1.10558 -0.00920226 1.62656e-22)
(1.10621 -0.00860069 -6.35461e-23)
(1.10681 -0.00798956 -3.65701e-23)
(1.10737 -0.00736878 -1.86263e-22)
(1.1079 -0.00673842 8.57035e-24)
(1.10839 -0.00609814 6.9571e-24)
(1.10886 -0.00544894 6.19184e-23)
(1.10927 -0.00478761 -5.3805e-23)
(1.10974 -0.00412323 7.62932e-23)
(1.10874 -0.0134172 8.09214e-23)
(1.10953 -0.0126639 -5.86936e-23)
(1.1103 -0.0118986 -4.0903e-23)
(1.11102 -0.0111213 -1.9839e-23)
(1.11172 -0.0103318 9.37541e-23)
(1.11238 -0.00953009 1.44099e-22)
(1.11302 -0.00871621 -8.3828e-25)
(1.11361 -0.00788978 1.24749e-22)
(1.11419 -0.00705194 -3.90892e-23)
(1.1147 -0.00619886 2.84795e-22)
(1.11531 -0.00534138 -1.40807e-22)
(1.11411 -0.0165916 -9.86366e-23)
(1.11502 -0.0156627 1.17749e-22)
(1.1159 -0.0147191 -9.11854e-23)
(1.11675 -0.0137606 -2.66069e-22)
(1.11758 -0.0127873 3.04368e-23)
(1.11836 -0.0117989 -1.96432e-22)
(1.11913 -0.0107955 9.98133e-23)
(1.11985 -0.00977679 3.49373e-22)
(1.12056 -0.0087439 -4.07048e-23)
(1.12121 -0.00769243 -3.09986e-22)
(1.12198 -0.00663492 -1.0649e-22)
(1.12025 -0.0199357 1.17674e-23)
(1.12131 -0.0188249 -1.00084e-22)
(1.12233 -0.0176966 2.89952e-22)
(1.12333 -0.0165505 1.39797e-22)
(1.1243 -0.0153865 5.65053e-23)
(1.12524 -0.0142045 1.02947e-22)
(1.12615 -0.0130045 -2.89157e-22)
(1.12703 -0.0117861 -5.38747e-22)
(1.12791 -0.0105506 -2.38034e-22)
(1.12871 -0.00929277 6.51795e-24)
(1.12969 -0.00802731 4.85335e-23)
(1.1271 -0.0234889 1.96302e-22)
(1.12832 -0.0221896 1.56146e-22)
(1.12951 -0.0208696 2.02811e-22)
(1.13068 -0.0195288 -3.88823e-22)
(1.13182 -0.0181669 4.68672e-22)
(1.13294 -0.0167838 -1.30194e-22)
(1.13404 -0.0153796 4.3461e-22)
(1.13509 -0.0139536 -2.53673e-22)
(1.13617 -0.0125074 4.0061e-22)
(1.13715 -0.0110347 5.532e-22)
(1.13838 -0.00955316 2.15243e-22)
(1.1346 -0.0272834 1.82347e-22)
(1.13601 -0.0257884 2.16706e-23)
(1.13739 -0.0242696 -6.0984e-22)
(1.13875 -0.0227265 2.19662e-22)
(1.1401 -0.0211592 -7.41613e-23)
(1.14141 -0.0195673 -6.43799e-23)
(1.14272 -0.0179508 3.63172e-22)
(1.14398 -0.0163091 -4.0822e-23)
(1.14528 -0.0146442 -4.15612e-22)
(1.14648 -0.0129478 -8.56308e-22)
(1.14799 -0.0112424 8.63246e-23)
(1.14269 -0.031348 -3.11286e-22)
(1.14431 -0.02965 1.07864e-22)
(1.14591 -0.0279249 7.97961e-22)
(1.14749 -0.0261722 5.20061e-22)
(1.14906 -0.0243919 -5.8649e-22)
(1.15061 -0.0225835 -2.86769e-22)
(1.15215 -0.0207473 -3.06112e-22)
(1.15365 -0.018882 1.77861e-22)
(1.1552 -0.0169907 3.28703e-22)
(1.15664 -0.0150621 5.015e-22)
(1.15847 -0.0131264 -1.72741e-22)
(1.15133 -0.0357064 6.79417e-23)
(1.15319 -0.0337982 -9.11133e-22)
(1.15503 -0.0318594 7.14312e-24)
(1.15686 -0.0298898 -7.30127e-22)
(1.15867 -0.0278891 4.74055e-22)
(1.16047 -0.0258569 6.99819e-22)
(1.16228 -0.0237937 -1.06493e-22)
(1.16404 -0.0216975 -5.40363e-22)
(1.16588 -0.0195731 -2.81182e-22)
(1.16759 -0.0174042 3.24156e-22)
(1.16979 -0.0152335 -2.9976e-22)
(1.15834 -0.0424691 4.48377e-22)
(1.16047 -0.0403768 6.07499e-22)
(1.16259 -0.038251 -3.98615e-23)
(1.16469 -0.0360915 -1.0939e-21)
(1.16679 -0.0338978 -6.20996e-22)
(1.16888 -0.0316699 -5.15513e-22)
(1.17096 -0.0294072 8.7703e-22)
(1.17306 -0.0271104 1.20352e-21)
(1.17512 -0.0247766 4.43147e-22)
(1.17727 -0.0224136 3.72603e-23)
(1.17929 -0.0199973 -5.70245e-22)
(1.18188 -0.0175887 1.24215e-21)
(1.16766 -0.0476861 -2.71411e-22)
(1.17007 -0.0453719 -1.2134e-21)
(1.17247 -0.0430212 1.80365e-22)
(1.17486 -0.0406337 4.60816e-22)
(1.17726 -0.0382092 4.59171e-22)
(1.17965 -0.0357474 -6.18471e-22)
(1.18204 -0.0332478 -1.16535e-21)
(1.18445 -0.0307117 -2.32814e-22)
(1.18683 -0.0281345 5.78168e-22)
(1.18933 -0.0255286 1.24347e-21)
(1.19167 -0.0228587 -3.7763e-22)
(1.19471 -0.0202114 -1.73248e-21)
(1.17738 -0.0532407 7.98135e-22)
(1.18009 -0.0506971 2.35641e-22)
(1.1828 -0.0481143 4.85871e-22)
(1.1855 -0.0454919 -9.70882e-23)
(1.18821 -0.0428298 -6.34848e-22)
(1.19093 -0.040128 4.69095e-23)
(1.19365 -0.0373856 -1.90927e-22)
(1.1964 -0.0346051 -1.09035e-21)
(1.19912 -0.0317796 -1.9574e-21)
(1.202 -0.0289274 -2.63887e-21)
(1.20471 -0.0259993 2.69843e-21)
(1.20821 -0.0231143 4.79092e-23)
(1.18747 -0.0591324 1.20691e-21)
(1.1905 -0.0563511 -4.74926e-22)
(1.19353 -0.0535282 -4.21225e-22)
(1.19657 -0.0506636 1.02803e-22)
(1.19961 -0.047757 6.52265e-22)
(1.20268 -0.0448092 1.28878e-21)
(1.20575 -0.0418186 -8.26838e-22)
(1.20887 -0.0387895 1.51935e-21)
(1.21196 -0.0357116 -6.08751e-22)
(1.21524 -0.0326114 -7.36474e-22)
(1.21833 -0.0294217 -3.04489e-21)
(1.22235 -0.026302 -6.48731e-22)
(1.19789 -0.0653546 -9.37316e-22)
(1.20126 -0.0623261 8.05016e-22)
(1.20464 -0.0592544 1.43499e-21)
(1.20803 -0.0561394 7.96527e-22)
(1.21143 -0.0529811 -4.72151e-22)
(1.21486 -0.0497808 -1.97044e-21)
(1.2183 -0.0465362 3.15866e-21)
(1.22181 -0.0432543 -8.59933e-22)
(1.22528 -0.0399205 1.99428e-21)
(1.22898 -0.0365719 -1.50908e-21)
(1.23248 -0.0331189 2.09259e-21)
(1.23704 -0.0297695 1.94795e-21)
(1.20862 -0.0718892 -1.48986e-22)
(1.21234 -0.0686027 -1.06466e-21)
(1.21608 -0.0652723 -1.38892e-21)
(1.21984 -0.0618984 2.86667e-22)
(1.22361 -0.0584809 2.43669e-21)
(1.22742 -0.0550217 -1.42535e-21)
(1.23125 -0.051518 3.34936e-22)
(1.23516 -0.0479795 -4.75378e-21)
(1.23903 -0.0443865 -7.42247e-22)
(1.24318 -0.0407896 3.40093e-21)
(1.24709 -0.0370728 5.78263e-23)
(1.25222 -0.0335008 -4.02688e-21)
(1.21963 -0.0787097 5.94765e-23)
(1.22372 -0.075153 4.08592e-22)
(1.22783 -0.0715524 1.46193e-21)
(1.23196 -0.0679089 -1.13327e-21)
(1.23612 -0.064223 -2.59108e-21)
(1.24032 -0.0604979 1.28031e-21)
(1.24454 -0.0567302 1.0155e-21)
(1.24887 -0.0529326 6.97634e-21)
(1.25315 -0.0490795 3.90771e-22)
(1.25776 -0.045236 -3.45867e-21)
(1.2621 -0.0412568 6.10179e-22)
(1.26782 -0.0374707 -8.92488e-22)
(1.2309 -0.0857833 -2.76154e-22)
(1.23537 -0.0819414 2.73373e-22)
(1.23985 -0.0780576 -3.41079e-22)
(1.24437 -0.0741322 1.80154e-21)
(1.24891 -0.0701674 4.91721e-21)
(1.25351 -0.0661659 5.09774e-21)
(1.25813 -0.0621268 -7.77439e-21)
(1.26288 -0.0580651 1.19906e-21)
(1.26759 -0.0539523 4.20126e-21)
(1.27267 -0.0498664 8.59597e-21)
(1.27746 -0.0456319 -1.4051e-21)
(1.28379 -0.0416429 2.09543e-21)
(1.24242 -0.0930631 1.04175e-21)
(1.24726 -0.0889182 6.75728e-22)
(1.25213 -0.0847366 -2.37081e-21)
(1.25703 -0.0805165 -1.52326e-21)
(1.26197 -0.0762649 -1.9037e-21)
(1.26697 -0.0719784 4.52365e-22)
(1.272 -0.0676635 4.59025e-21)
(1.27717 -0.0633282 -4.00186e-21)
(1.28229 -0.0589539 -2.11047e-21)
(1.28785 -0.054621 -9.17357e-21)
(1.2931 -0.0501416 2.69773e-21)
(1.30005 -0.0459565 1.0144e-20)
(1.25417 -0.100496 2.0309e-21)
(1.25939 -0.0960247 -5.92732e-22)
(1.26464 -0.0915248 1.4066e-21)
(1.26992 -0.08699 8.08695e-22)
(1.27526 -0.0824401 -5.36692e-21)
(1.28066 -0.0778582 -1.00217e-20)
(1.28612 -0.0732739 7.18625e-21)
(1.29171 -0.0686623 6.30912e-22)
(1.2973 -0.0640412 -4.22804e-21)
(1.3033 -0.0594472 8.86572e-21)
(1.30901 -0.0547364 4.8247e-21)
(1.31654 -0.0503332 -2.7583e-21)
(1.26616 -0.108029 -6.15846e-22)
(1.27176 -0.103209 -1.26883e-21)
(1.27741 -0.0983704 -9.30829e-22)
(1.28305 -0.0934967 -1.66215e-21)
(1.2888 -0.0886283 -3.37627e-21)
(1.29455 -0.0837206 4.82834e-21)
(1.30047 -0.0788587 -1.30721e-20)
(1.30643 -0.0739482 -7.47783e-21)
(1.31256 -0.0691109 3.91231e-21)
(1.31892 -0.0642356 -9.12305e-21)
(1.32517 -0.0593408 -9.80719e-21)
(1.33302 -0.0546511 -1.2969e-20)
(1.27843 -0.115584 -3.50488e-21)
(1.28441 -0.11039 2.5464e-21)
(1.29046 -0.105197 2.48823e-21)
(1.29649 -0.0999749 -1.52846e-21)
(1.30268 -0.0947853 1.67593e-21)
(1.30875 -0.089532 6.57537e-21)
(1.31515 -0.0843794 1.91314e-20)
(1.32129 -0.0791008 1.60935e-20)
(1.32796 -0.0740402 -1.06246e-20)
(1.33434 -0.0687825 7.62676e-21)
(1.3412 -0.0637678 1.39721e-21)
(1.34872 -0.0586374 9.34348e-21)
(1.29104 -0.123085 1.30048e-21)
(1.29738 -0.117477 -5.79688e-21)
(1.30383 -0.11189 -9.76139e-21)
(1.31019 -0.106293 -6.63956e-21)
(1.31685 -0.100769 1.78746e-20)
(1.32318 -0.0951738 -7.93342e-21)
(1.33014 -0.0897539 -1.53149e-20)
(1.3362 -0.0840801 -9.35403e-21)
(1.34342 -0.0788016 4.05234e-21)
(1.34896 -0.0729689 2.1405e-21)
(1.35634 -0.067848 -8.928e-21)
(1.36196 -0.0619192 -8.56426e-21)
(1.30413 -0.130474 3.46749e-22)
(1.31082 -0.124405 1.22683e-21)
(1.3176 -0.118357 5.96629e-21)
(1.32418 -0.112316 -2.94785e-22)
(1.33112 -0.106356 -6.32547e-21)
(1.33742 -0.100346 -1.0753e-20)
(1.34472 -0.094582 2.67726e-21)
(1.3502 -0.0884963 -1.60865e-22)
(1.35793 -0.0830304 1.03763e-20)
(1.36139 -0.0765165 3.86402e-21)
(1.36913 -0.0713522 1.1177e-20)
(1.36986 -0.0640969 6.14354e-22)
(1.31773 -0.137641 3.99372e-21)
(1.3247 -0.131064 2.35854e-22)
(1.3317 -0.124504 1.64753e-20)
(1.33835 -0.117966 1.34092e-20)
(1.34524 -0.11146 -1.19471e-20)
(1.35104 -0.104925 4.88766e-21)
(1.35793 -0.0985553 -4.23921e-21)
(1.36171 -0.091885 3.93138e-21)
(1.369 -0.0859311 -5.53503e-21)
(1.36831 -0.0786106 5.48325e-21)
(1.37597 -0.0734028 -1.32978e-20)
(1.36728 -0.0643666 1.58978e-20)
(1.3316 -0.144311 -8.15848e-21)
(1.3386 -0.13713 6.05872e-21)
(1.34546 -0.129989 -1.39719e-20)
(1.35184 -0.122923 6.05458e-21)
(1.35815 -0.115853 2.25515e-20)
(1.36303 -0.108826 5.71288e-21)
(1.36849 -0.101733 9.80067e-21)
(1.36947 -0.0944457 -3.51068e-21)
(1.37412 -0.0874338 6.29871e-22)
(1.36614 -0.079114 -9.71834e-21)
(1.37126 -0.0731349 1.76976e-20)
(1.34651 -0.0619912 -9.14078e-21)
(1.34516 -0.150173 2.29105e-21)
(1.35167 -0.142209 -1.13091e-20)
(1.35772 -0.134321 7.8326e-22)
(1.36304 -0.126559 -2.03363e-20)
(1.36771 -0.118819 -1.31366e-20)
(1.37066 -0.111234 -7.27643e-21)
(1.37299 -0.103441 -3.32054e-23)
(1.37009 -0.0957467 -6.05595e-21)
(1.36904 -0.0875447 1.90471e-20)
(1.35141 -0.0787483 5.91819e-21)
(1.34885 -0.0708565 -1.26546e-20)
(1.29991 -0.0581897 -4.65787e-21)
(1.35755 -0.155192 7.53663e-21)
(1.36292 -0.146255 2.19475e-21)
(1.36731 -0.137384 -8.67427e-21)
(1.37038 -0.128596 1.53097e-20)
(1.37174 -0.119811 -1.68256e-20)
(1.37054 -0.111132 -5.74846e-21)
(1.3665 -0.102225 3.40688e-21)
(1.35665 -0.093624 -2.36039e-21)
(1.34438 -0.0841696 -2.48501e-20)
(1.31523 -0.0755691 -2.3943e-20)
(1.2971 -0.0655709 8.38308e-21)
(1.21958 -0.054905 -8.46306e-21)
(1.3676 -0.159169 -2.36816e-21)
(1.37103 -0.149114 -1.0853e-21)
(1.37267 -0.139051 4.64713e-21)
(1.3719 -0.128934 -9.59413e-21)
(1.36782 -0.118694 2.43485e-20)
(1.35933 -0.108311 1.87698e-20)
(1.34491 -0.097649 -1.21874e-20)
(1.32265 -0.0870223 1.42044e-20)
(1.2916 -0.0758212 1.48598e-20)
(1.24536 -0.0661376 6.51856e-21)
(1.19806 -0.0545452 2.66337e-21)
(1.09583 -0.0502345 2.29489e-20)
(1.10098 -0.000346877 0)
(1.10148 0.000130334 0)
(1.10047 0.000589951 0)
(1.09979 0.00107136 0)
(1.09686 0.00149792 0)
(1.09488 0.00189669 0)
(1.08982 0.00222068 0)
(1.08674 0.00241865 0)
(1.07993 0.00256056 0)
(1.07636 0.00237691 0)
(1.06921 0.00228964 0)
(1.06605 0.00153454 0)
(1.06151 0.00128696 0)
(1.05955 -4.04603e-05 0)
(1.06161 -0.000258195 0)
(1.06076 -0.00152188 0)
(1.07059 -0.00155281 0)
(1.07021 -0.00103313 0)
(1.0775 -0.000824219 0)
(1.0767 0.00204213 0)
(1.06264 0.00213372 0)
(1.06225 0.0047747 0)
(1.02455 0.00437054 0)
(1.02867 0.00539489 0)
(0.973986 0.00244633 0)
(1.00855 -0.0052627 0)
(1.02262 -0.00461478 0)
(1.05658 -0.00899357 0)
(1.11755 -0.00529477 0)
(1.11222 0.000468249 0)
(1.10267 -0.000995378 0)
(1.10319 0.000424043 0)
(1.10213 0.00179439 0)
(1.10137 0.00323373 0)
(1.0983 0.00450916 0)
(1.09616 0.0057084 0)
(1.09089 0.00667816 0)
(1.08758 0.00728306 0)
(1.08048 0.00770287 0)
(1.07662 0.00716777 0)
(1.06914 0.00689183 0)
(1.0657 0.00463526 0)
(1.06099 0.00386627 0)
(1.05885 -0.000138932 0)
(1.06124 -0.000828501 0)
(1.0604 -0.0046944 0)
(1.07141 -0.00482443 0)
(1.0713 -0.00325463 0)
(1.0796 -0.00260435 0)
(1.07902 0.00604923 0)
(1.06437 0.00640785 0)
(1.06391 0.0142573 0)
(1.02515 0.0131576 0)
(1.02827 0.0164818 0)
(0.969983 0.00751904 0)
(1.00576 -0.0159749 0)
(1.02188 -0.0138823 0)
(1.05699 -0.027072 0)
(1.12154 -0.0158686 0)
(1.1147 0.00154834 0)
(1.10583 -0.00163834 0)
(1.1064 0.00073344 0)
(1.10525 0.00303153 0)
(1.10434 0.00544379 0)
(1.10102 0.00758875 0)
(1.09859 0.00961254 0)
(1.09293 0.0112474 0)
(1.08917 0.0122905 0)
(1.08151 0.0129912 0)
(1.07706 0.0121291 0)
(1.069 0.0116362 0)
(1.06496 0.00786388 0)
(1.05998 0.00650133 0)
(1.05743 -0.000292053 0)
(1.06046 -0.00156129 0)
(1.05963 -0.00828009 0)
(1.0729 -0.00862051 0)
(1.07344 -0.00593283 0)
(1.08355 -0.00474394 0)
(1.08357 0.00992672 0)
(1.06758 0.0108021 0)
(1.06711 0.0237112 0)
(1.02636 0.0222172 0)
(1.02755 0.0285177 0)
(0.96244 0.0132086 0)
(0.999777 -0.0273174 0)
(1.02066 -0.0234119 0)
(1.05762 -0.0456555 0)
(1.12902 -0.0265474 0)
(1.11934 0.00301883 0)
(1.11036 -0.00227802 0)
(1.11099 0.00108285 0)
(1.10971 0.00435795 0)
(1.10858 0.0077839 0)
(1.10491 0.0108535 0)
(1.10206 0.0137495 0)
(1.09585 0.0161014 0)
(1.0914 0.0176286 0)
(1.08299 0.0186351 0)
(1.07761 0.0174592 0)
(1.06878 0.0167202 0)
(1.06373 0.0113655 0)
(1.05844 0.00929644 0)
(1.05516 -0.000502915 0)
(1.05914 -0.00254949 0)
(1.0583 -0.0125584 0)
(1.0749 -0.0133367 0)
(1.07667 -0.00934213 0)
(1.08917 -0.00746543 0)
(1.09039 0.0137184 0)
(1.07203 0.0155148 0)
(1.07186 0.0333001 0)
(1.02819 0.0318851 0)
(1.02663 0.0422112 0)
(0.951869 0.0200564 0)
(0.989424 -0.0397725 0)
(1.01907 -0.0336722 0)
(1.05795 -0.0653711 0)
(1.1394 -0.0376307 0)
(1.12587 0.00503738 0)
(1.11612 -0.00292308 0)
(1.11685 0.00148119 0)
(1.1154 0.00580657 0)
(1.114 0.0103093 0)
(1.1099 0.0143868 0)
(1.10649 0.0182247 0)
(1.09959 0.021375 0)
(1.09421 0.0234456 0)
(1.08487 0.0248075 0)
(1.07819 0.0233217 0)
(1.06844 0.0223187 0)
(1.06191 0.0152759 0)
(1.05631 0.0123529 0)
(1.05189 -0.00072892 0)
(1.05707 -0.00386668 0)
(1.05626 -0.0177657 0)
(1.07721 -0.0193795 0)
(1.08109 -0.0137054 0)
(1.09634 -0.0109752 0)
(1.0996 0.0174694 0)
(1.07756 0.020729 0)
(1.07822 0.0430922 0)
(1.03063 0.042418 0)
(1.0258 0.0581288 0)
(0.938986 0.028778 0)
(0.972752 -0.0535444 0)
(1.01618 -0.0452441 0)
(1.05657 -0.0867377 0)
(1.15158 -0.0493482 0)
(1.13388 0.00766521 0)
(1.12305 -0.00360127 0)
(1.12389 0.00191993 0)
(1.12226 0.00739113 0)
(1.12053 0.0130548 0)
(1.11592 0.0182486 0)
(1.11182 0.0231182 0)
(1.10411 0.027176 0)
(1.09756 0.0298615 0)
(1.08711 0.0316566 0)
(1.07874 0.0298538 0)
(1.06794 0.0285923 0)
(1.05939 0.0197253 0)
(1.05351 0.0157732 0)
(1.04748 -0.000879973 0)
(1.05395 -0.00555898 0)
(1.05328 -0.0241227 0)
(1.07964 -0.0271771 0)
(1.08685 -0.0192403 0)
(1.10506 -0.0154507 0)
(1.11126 0.0212293 0)
(1.08413 0.0266125 0)
(1.08616 0.0531064 0)
(1.03366 0.0539796 0)
(1.02559 0.0766116 0)
(0.924913 0.0403865 0)
(0.94716 -0.068267 0)
(1.00863 -0.0587533 0)
(1.04997 -0.110259 0)
(1.16333 -0.0620887 0)
(1.14257 0.0107807 0)
(1.13107 -0.00432859 0)
(1.13207 0.00239617 0)
(1.13024 0.00912283 0)
(1.12812 0.0160477 0)
(1.12294 0.0224848 0)
(1.11803 0.0284963 0)
(1.10939 0.0335931 0)
(1.10143 0.0369796 0)
(1.08969 0.0393099 0)
(1.07923 0.0371769 0)
(1.06723 0.0356894 0)
(1.05611 0.0248439 0)
(1.0499 0.0196664 0)
(1.04179 -0.000818841 0)
(1.04943 -0.007634 0)
(1.04911 -0.0318539 0)
(1.08201 -0.0371937 0)
(1.09411 -0.0261796 0)
(1.11545 -0.0210004 0)
(1.12532 0.0250511 0)
(1.09196 0.0333272 0)
(1.09544 0.0633544 0)
(1.03727 0.0665804 0)
(1.02671 0.0976436 0)
(0.911242 0.0563184 0)
(0.910602 -0.0824899 0)
(0.99064 -0.074528 0)
(1.03199 -0.136623 0)
(1.17058 -0.0767346 0)
(1.15048 0.013969 0)
(1.14014 -0.00513389 0)
(1.14132 0.0028934 0)
(1.1393 0.0109987 0)
(1.13673 0.0193012 0)
(1.13094 0.0271224 0)
(1.12509 0.0344088 0)
(1.1154 0.0406921 0)
(1.1058 0.0448865 0)
(1.09254 0.0478713 0)
(1.07966 0.0453956 0)
(1.06623 0.0437464 0)
(1.05204 0.0307522 0)
(1.04537 0.0241556 0)
(1.03472 -0.000342511 0)
(1.0431 -0.0100383 0)
(1.04337 -0.0412054 0)
(1.08414 -0.0499283 0)
(1.10308 -0.0347717 0)
(1.12773 -0.0276762 0)
(1.1416 0.0289595 0)
(1.10145 0.0410345 0)
(1.10553 0.0739154 0)
(1.0416 0.0799816 0)
(1.02986 0.120839 0)
(0.899593 0.0780561 0)
(0.864801 -0.0936145 0)
(0.95787 -0.0919593 0)
(0.996559 -0.166524 0)
(1.16829 -0.0947457 0)
(1.15552 0.0164782 0)
(1.1502 -0.00604276 0)
(1.1516 0.00339538 0)
(1.14939 0.0130103 0)
(1.14633 0.0228205 0)
(1.13989 0.0321761 0)
(1.133 0.0408946 0)
(1.12213 0.0485226 0)
(1.11068 0.0536595 0)
(1.09565 0.0574225 0)
(1.08005 0.0546036 0)
(1.06488 0.0528819 0)
(1.04716 0.0375593 0)
(1.03981 0.0293739 0)
(1.02617 0.000781692 0)
(1.03451 -0.0126354 0)
(1.03557 -0.052454 0)
(1.08594 -0.0659395 0)
(1.11395 -0.0452946 0)
(1.14215 -0.0354492 0)
(1.15991 0.0329485 0)
(1.11306 0.049923 0)
(1.1157 0.0849234 0)
(1.04716 0.0937482 0)
(1.03506 0.145513 0)
(0.89096 0.106289 0)
(0.8182 -0.0990708 0)
(0.913344 -0.109278 0)
(0.943746 -0.199893 0)
(1.15338 -0.117731 0)
(1.15583 0.0173518 0)
(1.16122 -0.00708314 0)
(1.16287 0.00387972 0)
(1.16049 0.0151388 0)
(1.1569 0.0265972 0)
(1.14978 0.0376473 0)
(1.14175 0.0479787 0)
(1.12957 0.0571183 0)
(1.11607 0.063365 0)
(1.09898 0.0680207 0)
(1.08042 0.0648833 0)
(1.0631 0.0631933 0)
(1.04153 0.0453538 0)
(1.03315 0.0354646 0)
(1.01614 0.00284206 0)
(1.02318 -0.0151665 0)
(1.02505 -0.0659318 0)
(1.08743 -0.085856 0)
(1.12684 -0.0580536 0)
(1.15913 -0.0441753 0)
(1.18008 0.0370477 0)
(1.12702 0.0602313 0)
(1.12532 0.0964911 0)
(1.05464 0.107387 0)
(1.04138 0.171005 0)
(0.886175 0.139959 0)
(0.782789 -0.0977375 0)
(0.867546 -0.124159 0)
(0.881942 -0.23536 0)
(1.12706 -0.146465 0)
(1.15078 0.0158426 0)
(1.17316 -0.00828227 0)
(1.1751 0.00432165 0)
(1.17256 0.0173622 0)
(1.16841 0.0306149 0)
(1.16062 0.0435302 0)
(1.15134 0.0556745 0)
(1.13775 0.0665026 0)
(1.12199 0.0740599 0)
(1.10252 0.0797011 0)
(1.08081 0.0763075 0)
(1.06084 0.0747488 0)
(1.03522 0.0541974 0)
(1.02533 0.0425674 0)
(1.00475 0.00620729 0)
(1.0085 -0.0172183 0)
(1.0111 -0.0820651 0)
(1.08866 -0.110332 0)
(1.14172 -0.0733683 0)
(1.17919 -0.0537645 0)
(1.20199 0.0413572 0)
(1.14316 0.0721823 0)
(1.13429 0.108635 0)
(1.06429 0.120584 0)
(1.04743 0.196835 0)
(0.886486 0.17666 0)
(0.765825 -0.0900129 0)
(0.830712 -0.13442 0)
(0.822334 -0.270528 0)
(1.09359 -0.18034 0)
(1.14105 0.0117233 0)
(1.18596 -0.00966612 0)
(1.18825 0.00469335 0)
(1.18557 0.0196512 0)
(1.18086 0.0348449 0)
(1.17239 0.0498093 0)
(1.16177 0.0639829 0)
(1.14669 0.0766917 0)
(1.12842 0.0857911 0)
(1.10626 0.0924794 0)
(1.08124 0.0889381 0)
(1.05809 0.0875815 0)
(1.02829 0.0641341 0)
(1.01639 0.0507639 0)
(0.992223 0.0113223 0)
(0.989828 -0.0182519 0)
(0.993015 -0.101369 0)
(1.08935 -0.139994 0)
(1.15829 -0.0916337 0)
(1.20282 -0.0641397 0)
(1.22552 0.0461451 0)
(1.16094 0.0858934 0)
(1.14306 0.121306 0)
(1.07553 0.133387 0)
(1.05237 0.222504 0)
(0.892772 0.213816 0)
(0.766049 -0.0774108 0)
(0.80684 -0.1388 0)
(0.772555 -0.302996 0)
(1.05727 -0.217764 0)
(1.12792 0.00524255 0)
(1.19958 -0.0112581 0)
(1.20227 0.00496604 0)
(1.19947 0.02197 0)
(1.19422 0.0392484 0)
(1.18508 0.056461 0)
(1.17308 0.0728944 0)
(1.15638 0.0876966 0)
(1.13537 0.0985965 0)
(1.11022 0.106355 0)
(1.0817 0.102823 0)
(1.05486 0.101694 0)
(1.02077 0.0751766 0)
(1.00649 0.0600506 0)
(0.978778 0.0187555 0)
(0.96683 -0.0176305 0)
(0.970072 -0.124284 0)
(1.08788 -0.175377 0)
(1.17557 -0.11341 0)
(1.22998 -0.0752273 0)
(1.25044 0.0518534 0)
(1.17973 0.101333 0)
(1.15225 0.134493 0)
(1.08716 0.146085 0)
(1.05619 0.247361 0)
(0.904425 0.249261 0)
(0.777928 -0.0617646 0)
(0.795099 -0.137421 0)
(0.735865 -0.331159 0)
(1.02119 -0.256908 0)
(1.11261 -0.00312914 0)
(1.21395 -0.0130782 0)
(1.21713 0.00511111 0)
(1.21421 0.0242768 0)
(1.20848 0.0437777 0)
(1.19871 0.063453 0)
(1.18527 0.082392 0)
(1.16686 0.0995256 0)
(1.14284 0.112504 0)
(1.11439 0.121322 0)
(1.08218 0.117987 0)
(1.05122 0.117066 0)
(1.01265 0.0872874 0)
(0.99597 0.0703563 0)
(0.964402 0.0290452 0)
(0.940417 -0.0147085 0)
(0.941272 -0.150672 0)
(1.07943 -0.216798 0)
(1.19028 -0.139612 0)
(1.25914 -0.0872409 0)
(1.27616 0.0588665 0)
(1.19886 0.118312 0)
(1.16213 0.148247 0)
(1.09807 0.158955 0)
(1.05925 0.270717 0)
(0.919676 0.281779 0)
(0.796283 -0.0444413 0)
(0.793214 -0.131337 0)
(0.712905 -0.354248 0)
(0.987447 -0.296028 0)
(1.09616 -0.0128558 0)
(1.22904 -0.0151411 0)
(1.23275 0.00509742 0)
(1.22974 0.0265193 0)
(1.22362 0.0483745 0)
(1.21325 0.0707427 0)
(1.19839 0.0924536 0)
(1.17813 0.112185 0)
(1.15083 0.127535 0)
(1.11877 0.13737 0)
(1.08264 0.134435 0)
(1.04722 0.133664 0)
(1.00396 0.100376 0)
(0.98505 0.0815809 0)
(0.948831 0.042439 0)
(0.913552 -0.00886197 0)
(0.905489 -0.178783 0)
(1.0546 -0.263956 0)
(1.19472 -0.171895 0)
(1.28598 -0.101026 0)
(1.30123 0.0672228 0)
(1.21757 0.136507 0)
(1.17251 0.162618 0)
(1.10756 0.17216 0)
(1.06187 0.292121 0)
(0.936573 0.310973 0)
(0.817431 -0.0264698 0)
(0.798774 -0.121929 0)
(0.702591 -0.372081 0)
(0.957383 -0.33365 0)
(1.07942 -0.0234154 0)
(1.24475 -0.0174551 0)
(1.24907 0.00489287 0)
(1.246 0.0286369 0)
(1.23963 0.0529713 0)
(1.22873 0.0782775 0)
(1.21247 0.103054 0)
(1.19021 0.12568 0)
(1.15934 0.143701 0)
(1.12338 0.154495 0)
(1.08299 0.152154 0)
(1.0429 0.151419 0)
(0.99488 0.114346 0)
(0.973626 0.0936855 0)
(0.93198 0.0584015 0)
(0.890419 0.000284641 0)
(0.862925 -0.204236 0)
(1.00284 -0.314864 0)
(1.17711 -0.212535 0)
(1.30286 -0.118559 0)
(1.32281 0.0762053 0)
(1.23474 0.15537 0)
(1.18283 0.177574 0)
(1.11532 0.185761 0)
(1.06412 0.311424 0)
(0.953546 0.336852 0)
(0.838947 -0.00864223 0)
(0.809462 -0.110492 0)
(0.70266 -0.384947 0)
(0.931667 -0.368734 0)
(1.06301 -0.0343552 0)
(1.26101 -0.0200199 0)
(1.26598 0.00446285 0)
(1.26293 0.0305592 0)
(1.25648 0.0574902 0)
(1.24515 0.0859952 0)
(1.22756 0.114165 0)
(1.20311 0.140023 0)
(1.16835 0.161001 0)
(1.12824 0.172705 0)
(1.08309 0.171118 0)
(1.0384 0.170203 0)
(0.985585 0.129182 0)
(0.961177 0.106709 0)
(0.914485 0.075544 0)
(0.873248 0.0132395 0)
(0.817356 -0.220873 0)
(0.923282 -0.364937 0)
(1.12845 -0.263003 0)
(1.30126 -0.142635 0)
(1.33693 0.0841725 0)
(1.24884 0.174026 0)
(1.1923 0.192957 0)
(1.12129 0.199733 0)
(1.06595 0.328665 0)
(0.969524 0.359627 0)
(0.85938 0.00848693 0)
(0.823273 -0.0980384 0)
(0.710455 -0.393439 0)
(0.910467 -0.400658 0)
(1.04738 -0.0453156 0)
(1.27774 -0.0228267 0)
(1.28339 0.00376687 0)
(1.28046 0.0322037 0)
(1.27416 0.0618428 0)
(1.26256 0.0938246 0)
(1.24372 0.125758 0)
(1.21686 0.155235 0)
(1.17786 0.179418 0)
(1.13338 0.192037 0)
(1.08275 0.191272 0)
(1.03388 0.18984 0)
(0.976041 0.144993 0)
(0.947307 0.12056 0)
(0.89782 0.0924233 0)
(0.859795 0.0299102 0)
(0.77592 -0.224635 0)
(0.83293 -0.408609 0)
(1.05215 -0.322368 0)
(1.2769 -0.175395 0)
(1.33998 0.0890343 0)
(1.25818 0.191322 0)
(1.20014 0.208446 0)
(1.12547 0.213961 0)
(1.06723 0.343981 0)
(0.983859 0.379605 0)
(0.877951 0.0245645 0)
(0.838612 -0.0853188 0)
(0.723517 -0.398243 0)
(0.89363 -0.429115 0)
(1.03283 -0.0560228 0)
(1.29487 -0.0258594 0)
(1.3012 0.00275515 0)
(1.29856 0.0334753 0)
(1.29266 0.0659316 0)
(1.281 0.101684 0)
(1.26105 0.137807 0)
(1.23145 0.171342 0)
(1.18791 0.198929 0)
(1.13876 0.212554 0)
(1.0819 0.212513 0)
(1.02953 0.210178 0)
(0.965879 0.161937 0)
(0.932455 0.134892 0)
(0.882826 0.108267 0)
(0.845385 0.0489335 0)
(0.745634 -0.21694 0)
(0.75793 -0.442411 0)
(0.964876 -0.386728 0)
(1.23288 -0.216922 0)
(1.33052 0.0890421 0)
(1.26149 0.206069 0)
(1.20561 0.223597 0)
(1.12788 0.22825 0)
(1.06784 0.357547 0)
(0.996234 0.397115 0)
(0.894295 0.0393969 0)
(0.854272 -0.0728739 0)
(0.739824 -0.400075 0)
(0.88083 -0.454036 0)
(1.01955 -0.0662776 0)
(1.3123 -0.0290843 0)
(1.31931 0.00136651 0)
(1.31715 0.034269 0)
(1.31198 0.0696522 0)
(1.30053 0.109482 0)
(1.27963 0.150293 0)
(1.24691 0.188372 0)
(1.19856 0.219517 0)
(1.1442 0.234327 0)
(1.08063 0.234687 0)
(1.02525 0.231173 0)
(0.954732 0.180002 0)
(0.917832 0.149272 0)
(0.868636 0.123223 0)
(0.827249 0.0685929 0)
(0.728853 -0.203158 0)
(0.714018 -0.46581 0)
(0.885701 -0.450214 0)
(1.17702 -0.264902 0)
(1.3096 0.0834458 0)
(1.25832 0.217348 0)
(1.20826 0.237926 0)
(1.12854 0.242365 0)
(1.06771 0.369536 0)
(1.00656 0.412484 0)
(0.908291 0.0529 0)
(0.869385 -0.0610628 0)
(0.757827 -0.399622 0)
(0.871653 -0.475534 0)
(1.00762 -0.0759461 0)
(1.32988 -0.0324523 0)
(1.33752 -0.00045594 0)
(1.33614 0.034471 0)
(1.33206 0.0728882 0)
(1.32119 0.117113 0)
(1.2995 0.163202 0)
(1.26325 0.206347 0)
(1.20986 0.241204 0)
(1.1495 0.257386 0)
(1.07924 0.257645 0)
(1.02058 0.252886 0)
(0.9427 0.198882 0)
(0.904508 0.163494 0)
(0.853273 0.137984 0)
(0.805848 0.0871652 0)
(0.722526 -0.188649 0)
(0.698618 -0.480324 0)
(0.825279 -0.507443 0)
(1.11705 -0.315658 0)
(1.2797 0.0725756 0)
(1.24902 0.2247 0)
(1.20791 0.251008 0)
(1.12752 0.256063 0)
(1.06679 0.380108 0)
(1.01488 0.426008 0)
(0.919964 0.0650649 0)
(0.883376 -0.0501027 0)
(0.776392 -0.397503 0)
(0.865646 -0.493835 0)
(0.997085 -0.0849416 0)
(1.34724 -0.0359052 0)
(1.35542 -0.00276799 0)
(1.35513 0.0339679 0)
(1.3526 0.075496 0)
(1.34284 0.124446 0)
(1.32059 0.176511 0)
(1.28046 0.225268 0)
(1.22174 0.26404 0)
(1.15448 0.281692 0)
(1.078 0.281301 0)
(1.0149 0.275373 0)
(0.930432 0.218081 0)
(0.892575 0.177742 0)
(0.835089 0.153153 0)
(0.783163 0.103309 0)
(0.721832 -0.176702 0)
(0.700117 -0.488464 0)
(0.784305 -0.555527 0)
(1.05801 -0.365709 0)
(1.24353 0.0573795 0)
(1.23442 0.228089 0)
(1.20463 0.262524 0)
(1.1249 0.269121 0)
(1.06509 0.389402 0)
(1.02133 0.437949 0)
(0.929432 0.0759565 0)
(0.895905 -0.0401061 0)
(0.794714 -0.394236 0)
(0.862333 -0.509234 0)
(0.987922 -0.0932196 0)
(1.36345 -0.0393216 0)
(1.37201 -0.0056449 0)
(1.37318 0.0326503 0)
(1.37275 0.0772811 0)
(1.36491 0.131294 0)
(1.34247 0.190148 0)
(1.29838 0.245114 0)
(1.23399 0.288079 0)
(1.15903 0.307139 0)
(1.07696 0.305661 0)
(1.00771 0.29858 0)
(0.918744 0.237133 0)
(0.881163 0.192465 0)
(0.813522 0.168935 0)
(0.761034 0.116141 0)
(0.723514 -0.168603 0)
(0.70873 -0.49261 0)
(0.758438 -0.594036 0)
(1.0024 -0.412646 0)
(1.20342 0.0389701 0)
(1.2156 0.227777 0)
(1.19868 0.272287 0)
(1.12081 0.281364 0)
(1.06265 0.39754 0)
(1.02607 0.44853 0)
(0.936861 0.0856658 0)
(0.906809 -0.0311147 0)
(0.812254 -0.390242 0)
(0.861231 -0.52206 0)
(0.980071 -0.100768 0)
(1.37648 -0.0425127 0)
(1.38522 -0.00913618 0)
(1.38825 0.0304069 0)
(1.39069 0.0779468 0)
(1.38598 0.137359 0)
(1.36421 0.203931 0)
(1.31653 0.265798 0)
(1.24613 0.313321 0)
(1.16311 0.333572 0)
(1.07587 0.330776 0)
(0.998905 0.322309 0)
(0.908165 0.255751 0)
(0.869031 0.20817 0)
(0.788873 0.185109 0)
(0.740744 0.125303 0)
(0.726288 -0.164384 0)
(0.719364 -0.49447 0)
(0.742872 -0.623743 0)
(0.951299 -0.455152 0)
(1.16124 0.0183447 0)
(1.19364 0.224173 0)
(1.19045 0.280223 0)
(1.11542 0.292669 0)
(1.05954 0.404626 0)
(1.02929 0.457943 0)
(0.942453 0.0942816 0)
(0.916061 -0.0231263 0)
(0.828677 -0.385858 0)
(0.86189 -0.53264 0)
(0.973442 -0.107598 0)
(1.38274 -0.04533 0)
(1.39141 -0.0131767 0)
(1.39672 0.0271609 0)
(1.40306 0.0770745 0)
(1.40341 0.142138 0)
(1.38401 0.217464 0)
(1.33391 0.287109 0)
(1.25748 0.339649 0)
(1.16661 0.360816 0)
(1.07427 0.356681 0)
(0.988697 0.346273 0)
(0.898755 0.273866 0)
(0.855092 0.225258 0)
(0.761906 0.201195 0)
(0.723194 0.130686 0)
(0.729903 -0.163553 0)
(0.72996 -0.495109 0)
(0.734018 -0.645882 0)
(0.90523 -0.492541 0)
(1.11849 -0.00360568 0)
(1.16958 0.217751 0)
(1.18036 0.286352 0)
(1.10891 0.302966 0)
(1.05585 0.410756 0)
(1.03117 0.466356 0)
(0.946425 0.101915 0)
(0.923728 -0.0161117 0)
(0.843807 -0.381355 0)
(0.863922 -0.541286 0)
(0.96793 -0.113739 0)
(1.37672 -0.0474765 0)
(1.38495 -0.0175818 0)
(1.39289 0.0228343 0)
(1.40449 0.0741145 0)
(1.4128 0.144884 0)
(1.39893 0.230023 0)
(1.34877 0.308597 0)
(1.26704 0.366783 0)
(1.16924 0.388638 0)
(1.0716 0.383304 0)
(0.97747 0.370135 0)
(0.890179 0.291584 0)
(0.838662 0.243943 0)
(0.733507 0.216603 0)
(0.708904 0.132261 0)
(0.734454 -0.165434 0)
(0.739821 -0.494964 0)
(0.729404 -0.66181 0)
(0.864491 -0.524552 0)
(1.07638 -0.02626 0)
(1.14434 0.208999 0)
(1.16885 0.290765 0)
(1.10147 0.312233 0)
(1.05167 0.416012 0)
(1.03188 0.473908 0)
(0.949004 0.108679 0)
(0.929933 -0.0100278 0)
(0.857575 -0.376925 0)
(0.867027 -0.548315 0)
(0.963419 -0.119226 0)
(1.35046 -0.0484221 0)
(1.35793 -0.0220037 0)
(1.36888 0.0173181 0)
(1.38752 0.0683641 0)
(1.40794 0.144597 0)
(1.40471 0.240582 0)
(1.3586 0.329441 0)
(1.27349 0.394209 0)
(1.17041 0.416895 0)
(1.06729 0.410627 0)
(0.965595 0.393641 0)
(0.881881 0.309124 0)
(0.819475 0.264247 0)
(0.704568 0.230673 0)
(0.697901 0.130118 0)
(0.739927 -0.169213 0)
(0.748838 -0.493901 0)
(0.727249 -0.672538 0)
(0.829137 -0.551675 0)
(1.03579 -0.0489946 0)
(1.11872 0.19842 0)
(1.15633 0.293602 0)
(1.0933 0.320481 0)
(1.04711 0.420485 0)
(1.03158 0.480713 0)
(0.950413 0.114665 0)
(0.934834 -0.0048135 0)
(0.869995 -0.372658 0)
(0.870984 -0.554033 0)
(0.959801 -0.124106 0)
(1.29432 -0.0482542 0)
(1.30063 -0.0260559 0)
(1.31543 0.0102962 0)
(1.34372 0.0589264 0)
(1.38178 0.139824 0)
(1.39622 0.247832 0)
(1.36015 0.348833 0)
(1.27529 0.420899 0)
(1.1695 0.444593 0)
(1.06102 0.437945 0)
(0.953406 0.416434 0)
(0.873272 0.326707 0)
(0.7976 0.286035 0)
(0.675901 0.242815 0)
(0.689676 0.124201 0)
(0.745976 -0.173888 0)
(0.757258 -0.491558 0)
(0.726227 -0.67872 0)
(0.798928 -0.57504 0)
(0.997471 -0.0712939 0)
(1.09337 0.186501 0)
(1.14318 0.295068 0)
(1.08459 0.327761 0)
(1.04226 0.424214 0)
(1.03042 0.486902 0)
(0.950857 0.119966 0)
(0.938608 -0.000377402 0)
(0.881136 -0.368545 0)
(0.875609 -0.558662 0)
(0.956984 -0.128449 0)
(1.19837 -0.0463587 0)
(1.20339 -0.0286212 0)
(1.22506 0.00138336 0)
(1.26735 0.0443768 0)
(1.32987 0.128206 0)
(1.36954 0.248667 0)
(1.35032 0.365573 0)
(1.27047 0.448452 0)
(1.16483 0.474163 0)
(1.05152 0.46667 0)
(0.940521 0.438629 0)
(0.863719 0.344548 0)
(0.773327 0.309081 0)
(0.648132 0.253207 0)
(0.683424 0.115801 0)
(0.75193 -0.178479 0)
(0.765416 -0.488358 0)
(0.72538 -0.68161 0)
(0.773418 -0.595067 0)
(0.962214 -0.0936796 0)
(1.06891 0.1731 0)
(1.12972 0.295239 0)
(1.07551 0.33415 0)
(1.03719 0.427458 0)
(1.02851 0.492445 0)
(0.95051 0.125032 0)
(0.941442 0.00328624 0)
(0.891115 -0.364628 0)
(0.880725 -0.562287 0)
(0.954895 -0.132312 0)
(1.05103 -0.0376188 0)
(1.06135 -0.0297803 0)
(1.09921 -0.0106903 0)
(1.16208 0.0221281 0)
(1.25629 0.107074 0)
(1.32695 0.238782 0)
(1.32884 0.36984 0)
(1.25999 0.464775 0)
(1.16005 0.497004 0)
(1.0435 0.493236 0)
(0.930167 0.461918 0)
(0.853744 0.36522 0)
(0.747547 0.335029 0)
(0.621954 0.263673 0)
(0.678493 0.108462 0)
(0.756746 -0.185323 0)
(0.773349 -0.487424 0)
(0.724334 -0.683734 0)
(0.752362 -0.610693 0)
(0.930684 -0.116355 0)
(1.04648 0.157789 0)
(1.11644 0.293408 0)
(1.06629 0.338924 0)
(1.03206 0.429232 0)
(1.02606 0.498076 0)
(0.949483 0.1304 0)
(0.943483 0.00679433 0)
(0.900092 -0.361368 0)
(0.886167 -0.564945 0)
(0.95344 -0.135601 0)
(0.864431 -0.04524 1.00474e-20)
(0.916206 -0.0431134 -1.7167e-21)
(0.98002 -0.0295087 4.33162e-21)
(1.06382 0.00270048 -1.31509e-20)
(1.18938 0.0917744 7.01811e-21)
(1.29012 0.248926 -7.80537e-21)
(1.30447 0.402825 -2.64988e-21)
(1.23716 0.505999 8.29853e-21)
(1.13717 0.535264 -1.7839e-22)
(1.01855 0.52544 -2.82377e-21)
(0.909268 0.481818 1.08968e-21)
(0.832563 0.381025 1.51683e-21)
(0.716091 0.353821 -9.37978e-23)
(0.600603 0.262385 -6.04676e-22)
(0.674907 0.0864625 -1.29528e-22)
(0.758725 -0.203671 -3.66848e-22)
(0.77964 -0.492666 1.28581e-22)
(0.723774 -0.686387 3.85864e-22)
(0.738635 -0.618391 6.13341e-22)
(0.906701 -0.124815 -9.98836e-22)
(1.03123 0.153795 4.89046e-22)
(1.10615 0.296379 -1.20773e-22)
(1.05746 0.345882 1.05572e-22)
(1.02724 0.43316 -1.4269e-22)
(1.02313 0.50053 3.69535e-22)
(0.94799 0.130264 -1.45593e-22)
(0.944638 0.00739498 -1.83802e-24)
(0.907048 -0.360031 -6.1462e-24)
(0.891057 -0.566608 -1.71034e-23)
(0.952598 -0.137779 6.57439e-24)
(0.735086 -0.0594371 2.64103e-21)
(0.794863 -0.0563796 -7.93844e-21)
(0.876134 -0.0421764 3.51192e-21)
(0.974059 -0.00776515 6.31357e-21)
(1.12268 0.0893021 -2.65076e-21)
(1.25169 0.261862 7.13409e-21)
(1.28001 0.426152 -8.84363e-21)
(1.21611 0.529615 -9.04447e-22)
(1.11678 0.554637 3.51812e-21)
(0.997003 0.540507 -1.28932e-21)
(0.891814 0.48868 9.04515e-22)
(0.813406 0.388556 2.33409e-23)
(0.68925 0.364518 -8.60746e-22)
(0.583354 0.254897 1.59123e-23)
(0.670742 0.0604877 1.66776e-22)
(0.760366 -0.228419 -7.27936e-22)
(0.783598 -0.505825 1.10633e-21)
(0.722997 -0.687542 -9.86628e-22)
(0.732076 -0.611997 5.94236e-22)
(0.890867 -0.120881 -1.20125e-21)
(1.01881 0.151904 4.30084e-22)
(1.09761 0.298143 7.03524e-22)
(1.05027 0.350739 -1.55511e-22)
(1.02325 0.436066 -5.11103e-24)
(1.02057 0.501474 -4.30785e-22)
(0.946987 0.12934 -5.37734e-24)
(0.945282 0.00596668 -5.84991e-23)
(0.912474 -0.360711 1.91248e-23)
(0.89533 -0.567975 1.04352e-22)
(0.952129 -0.139058 -2.0369e-23)
(0.627763 -0.071119 -1.38526e-21)
(0.691393 -0.0721484 1.66752e-21)
(0.784502 -0.0586084 7.69735e-21)
(0.89137 -0.0264966 -7.93924e-21)
(1.05403 0.0820109 1.27799e-20)
(1.20671 0.270018 1.80677e-21)
(1.2503 0.444573 -1.04783e-20)
(1.19207 0.547694 7.84092e-21)
(1.09463 0.568619 -1.33347e-21)
(0.974609 0.550418 -7.3064e-22)
(0.874291 0.491709 -1.84327e-21)
(0.792683 0.394778 6.62793e-22)
(0.661645 0.372772 4.25409e-23)
(0.566782 0.243508 -1.18675e-22)
(0.66579 0.0336467 -1.72722e-22)
(0.761478 -0.251294 -2.58153e-22)
(0.787193 -0.51543 7.95348e-22)
(0.7222 -0.687321 -4.0839e-22)
(0.725589 -0.60765 -7.2515e-24)
(0.87716 -0.118471 5.46921e-22)
(1.00635 0.149311 -2.56629e-22)
(1.0888 0.299445 6.26498e-23)
(1.04299 0.355165 -3.99383e-22)
(1.0191 0.438691 4.31597e-22)
(1.01775 0.5019 -1.53255e-22)
(0.946159 0.128119 1.27757e-22)
(0.94571 0.00466857 1.07893e-22)
(0.917689 -0.36127 -3.30769e-22)
(0.899781 -0.569124 -7.37721e-23)
(0.951851 -0.140213 1.03427e-23)
(0.533037 -0.0851774 7.4741e-22)
(0.603512 -0.0908533 3.15971e-21)
(0.70678 -0.0778482 -1.46151e-20)
(0.818848 -0.0451769 1.11674e-20)
(0.986555 0.0704341 -7.94829e-21)
(1.15697 0.274162 8.26476e-21)
(1.21578 0.461526 -4.63845e-21)
(1.16511 0.566448 -6.78182e-22)
(1.0707 0.584366 2.54853e-21)
(0.951459 0.561784 -3.14226e-22)
(0.856545 0.496509 -1.11701e-21)
(0.770274 0.403364 -1.57131e-22)
(0.633468 0.381202 -7.67442e-22)
(0.551116 0.230482 4.10412e-22)
(0.660313 0.00648932 -4.6437e-22)
(0.762172 -0.272869 -5.96093e-22)
(0.790724 -0.523868 1.03641e-21)
(0.721571 -0.686061 -3.89427e-22)
(0.718809 -0.603147 -3.8224e-23)
(0.864487 -0.117742 4.39926e-22)
(0.993951 0.145801 1.69245e-23)
(1.0798 0.300532 -1.01269e-22)
(1.03564 0.359441 4.2988e-22)
(1.01476 0.44106 -1.23968e-22)
(1.01464 0.50232 1.82196e-22)
(0.945424 0.127009 -2.75406e-22)
(0.945958 0.00335295 1.16068e-22)
(0.922711 -0.361798 2.56422e-22)
(0.904397 -0.570112 2.74869e-23)
(0.951747 -0.141285 2.91033e-23)
(0.450598 -0.103366 5.35419e-22)
(0.529921 -0.112361 3.81537e-21)
(0.642303 -0.0990374 6.92913e-21)
(0.757379 -0.0647261 -3.51065e-21)
(0.922744 0.0573344 -4.78396e-21)
(1.10413 0.275915 -1.39066e-21)
(1.17696 0.476843 1.49049e-21)
(1.13529 0.584904 -5.71154e-21)
(1.04489 0.600888 3.76091e-21)
(0.927571 0.573902 4.21455e-22)
(0.838284 0.502783 -5.96294e-22)
(0.746044 0.414025 -1.54434e-23)
(0.604945 0.389489 -1.49825e-21)
(0.536512 0.215748 2.87205e-22)
(0.654652 -0.0214779 -2.6659e-23)
(0.762796 -0.293877 -3.66308e-22)
(0.794276 -0.531087 7.90838e-24)
(0.721168 -0.683788 2.70063e-22)
(0.711889 -0.598796 -9.91519e-22)
(0.852365 -0.117695 5.95965e-22)
(0.981656 0.141611 3.27154e-22)
(1.07066 0.301394 -5.24414e-22)
(1.02822 0.363544 -6.7096e-22)
(1.01023 0.443172 4.96729e-22)
(1.01125 0.502808 -2.20709e-22)
(0.944683 0.126018 9.2686e-23)
(0.946048 0.00189651 -1.15319e-22)
(0.927571 -0.362364 1.24699e-22)
(0.909164 -0.570948 4.72245e-23)
(0.951801 -0.142248 -1.25734e-23)
(0.382096 -0.125322 -3.89295e-21)
(0.46953 -0.13633 6.64535e-22)
(0.589162 -0.121808 3.0411e-21)
(0.706017 -0.0846288 6.65707e-21)
(0.863878 0.0438348 -7.52515e-21)
(1.0495 0.275742 7.57037e-22)
(1.13424 0.489908 -2.90332e-22)
(1.10261 0.601757 -6.51222e-21)
(1.01711 0.616628 7.53551e-21)
(0.903052 0.585352 -5.32831e-21)
(0.819306 0.509566 1.35895e-21)
(0.719997 0.425988 1.06702e-21)
(0.576415 0.39683 4.8473e-22)
(0.523316 0.198967 -2.34038e-22)
(0.649327 -0.0498139 2.27631e-22)
(0.763627 -0.314269 -2.96316e-22)
(0.797908 -0.537146 -4.22178e-22)
(0.72108 -0.680527 7.28581e-22)
(0.70494 -0.594578 -4.06002e-22)
(0.840564 -0.118354 1.37977e-21)
(0.969484 0.136799 -1.04757e-21)
(1.06143 0.301976 8.63496e-22)
(1.02075 0.367413 3.17243e-22)
(1.00551 0.445031 3.67821e-23)
(1.00757 0.503283 2.361e-22)
(0.943889 0.125086 9.87511e-23)
(0.946003 0.000422144 1.87647e-22)
(0.932284 -0.362976 -2.65166e-22)
(0.914069 -0.571639 -1.82882e-22)
(0.951998 -0.143095 -6.84922e-23)
(0.327519 -0.150029 -5.71113e-21)
(0.420361 -0.162113 3.57392e-21)
(0.544596 -0.145698 -4.08937e-21)
(0.662449 -0.104188 1.33516e-21)
(0.809978 0.0305423 -6.88056e-21)
(0.99399 0.273941 5.32813e-21)
(1.08807 0.500604 7.99921e-21)
(1.06713 0.616806 -1.73299e-21)
(0.987342 0.631353 -2.21875e-21)
(0.878038 0.595954 -9.20029e-22)
(0.799437 0.516877 1.31755e-21)
(0.692226 0.439043 -1.33287e-21)
(0.548298 0.402835 -3.8798e-24)
(0.512027 0.180191 1.13752e-22)
(0.644925 -0.0784117 9.40316e-23)
(0.764915 -0.334012 3.20273e-22)
(0.801663 -0.542091 4.93647e-22)
(0.721388 -0.676314 -4.49013e-22)
(0.698075 -0.590511 -3.79319e-22)
(0.828979 -0.119778 4.52641e-22)
(0.957466 0.131369 -5.39611e-22)
(1.05213 0.30226 -3.53322e-22)
(1.01326 0.371026 -5.37395e-22)
(1.0006 0.446645 1.62068e-22)
(1.00358 0.503702 3.19571e-22)
(0.943017 0.124199 1.0947e-22)
(0.945849 -0.00112372 -6.76432e-23)
(0.936869 -0.363641 6.83115e-23)
(0.919099 -0.572193 1.47292e-22)
(0.952326 -0.143827 -3.72093e-23)
(0.284419 -0.176126 2.1653e-21)
(0.379261 -0.188918 -5.68934e-21)
(0.505297 -0.17024 9.75148e-21)
(0.623646 -0.123094 -1.24485e-20)
(0.760114 0.017992 -6.39889e-21)
(0.938098 0.270907 1.94913e-20)
(1.03893 0.50897 -1.54255e-20)
(1.02898 0.630056 5.24143e-21)
(0.955608 0.645118 -4.33279e-21)
(0.852643 0.605913 5.10711e-21)
(0.778507 0.525061 -6.21929e-22)
(0.662893 0.453134 -8.5926e-22)
(0.521068 0.407285 -2.41074e-22)
(0.50325 0.159584 1.9147e-22)
(0.64199 -0.107116 7.76573e-23)
(0.766859 -0.353084 -8.53322e-23)
(0.805577 -0.54597 2.58212e-22)
(0.72217 -0.671184 -1.0061e-21)
(0.691421 -0.586592 7.83698e-23)
(0.817583 -0.121948 -7.40503e-22)
(0.945637 0.125336 -2.51251e-22)
(1.04281 0.302244 1.42469e-22)
(1.00575 0.374387 9.84308e-22)
(0.995486 0.448027 -5.4482e-22)
(0.999262 0.504062 -4.27778e-23)
(0.942063 0.123357 -7.26406e-23)
(0.945613 -0.00274007 -2.54644e-23)
(0.941343 -0.364365 -6.08525e-23)
(0.924244 -0.572618 -2.92606e-23)
(0.95277 -0.144443 1.518e-22)
(0.248823 -0.202366 1.60298e-21)
(0.342497 -0.216025 -1.05573e-20)
(0.467918 -0.195056 3.13432e-21)
(0.586497 -0.141309 8.74039e-21)
(0.712772 0.00661115 1.24552e-23)
(0.881958 0.266949 6.84818e-23)
(0.987214 0.515011 6.07748e-21)
(0.988357 0.641387 -8.70137e-22)
(0.92199 0.657793 -3.68718e-21)
(0.826958 0.615292 -1.04688e-21)
(0.756359 0.534323 7.72832e-22)
(0.632242 0.468087 -2.33768e-22)
(0.495267 0.409916 -4.2921e-22)
(0.497611 0.137271 4.81399e-22)
(0.640958 -0.135731 -9.64686e-23)
(0.769612 -0.371444 -2.32913e-22)
(0.809675 -0.548833 8.57497e-22)
(0.723506 -0.665176 2.55879e-22)
(0.685108 -0.582806 -1.09403e-21)
(0.806396 -0.124884 -4.8955e-22)
(0.93404 0.118717 7.21372e-22)
(1.03348 0.301926 6.88105e-22)
(0.998257 0.377499 -1.194e-21)
(0.990186 0.449191 3.04918e-22)
(0.994603 0.504374 -1.9307e-22)
(0.941034 0.122557 2.09472e-23)
(0.945324 -0.00442536 -3.10506e-22)
(0.945725 -0.365155 -3.62252e-22)
(0.929491 -0.572921 -4.38564e-23)
(0.953318 -0.144942 -1.8152e-22)
(0.216621 -0.227855 3.44356e-21)
(0.306623 -0.242877 -8.61265e-21)
(0.429611 -0.219885 2.44466e-21)
(0.548328 -0.159022 1.05331e-20)
(0.66624 -0.00386131 -1.63711e-20)
(0.825391 0.262218 -6.01646e-21)
(0.933305 0.518701 8.56331e-21)
(0.945445 0.650642 -2.22156e-21)
(0.886637 0.66916 9.83717e-22)
(0.801048 0.624073 -2.84037e-22)
(0.732882 0.544745 8.16032e-23)
(0.600614 0.483616 -5.2632e-22)
(0.47154 0.410429 -1.702e-22)
(0.49564 0.11337 -2.31405e-22)
(0.642126 -0.164046 -1.5581e-22)
(0.773276 -0.389037 7.69583e-22)
(0.813974 -0.550729 -5.865e-22)
(0.725466 -0.658332 3.75924e-24)
(0.679278 -0.579132 7.82761e-22)
(0.795473 -0.128558 -1.38568e-22)
(0.922726 0.111532 1.66544e-22)
(1.02419 0.301298 6.28562e-23)
(0.9908 0.380363 4.42465e-22)
(0.984709 0.450154 -3.86274e-23)
(0.98958 0.50464 -9.98167e-23)
(0.939942 0.121788 -1.64033e-22)
(0.945011 -0.00617862 5.48241e-22)
(0.950032 -0.366014 4.52593e-22)
(0.934828 -0.573105 1.74421e-22)
(0.953959 -0.145325 1.01062e-22)
(0.184603 -0.252033 7.16286e-23)
(0.269102 -0.269065 -4.03918e-21)
(0.388347 -0.244562 6.47972e-21)
(0.507081 -0.176503 5.28359e-22)
(0.618925 -0.0147694 -6.96551e-21)
(0.768112 0.25664 6.85123e-21)
(0.877511 0.519976 8.77585e-22)
(0.900464 0.657703 8.58788e-23)
(0.849758 0.679025 -1.21563e-21)
(0.774951 0.632262 -2.1126e-21)
(0.708015 0.55637 6.26405e-22)
(0.568442 0.499376 -1.01865e-22)
(0.450635 0.40854 -1.97033e-23)
(0.497657 0.0880857 7.62282e-22)
(0.645647 -0.191845 -6.5565e-22)
(0.777915 -0.405802 -1.11394e-22)
(0.818489 -0.551713 -4.13786e-22)
(0.728117 -0.650702 -2.54489e-22)
(0.674077 -0.575542 1.06411e-22)
(0.784891 -0.132938 4.32758e-22)
(0.911752 0.103803 -1.39005e-22)
(1.01494 0.300357 -3.42487e-22)
(0.983404 0.382981 -2.47413e-22)
(0.97907 0.450934 -1.43835e-22)
(0.984176 0.504859 2.5989e-22)
(0.938809 0.121039 -7.82472e-23)
(0.944703 -0.00799828 -1.04633e-22)
(0.954281 -0.366946 -1.74964e-22)
(0.940243 -0.573178 -4.82849e-23)
(0.95468 -0.145589 -5.50291e-24)
(0.150803 -0.274523 3.07907e-21)
(0.228486 -0.294276 -3.93399e-21)
(0.342991 -0.268968 -2.27902e-21)
(0.46133 -0.193997 9.60473e-22)
(0.569546 -0.0261664 3.81421e-21)
(0.709934 0.249959 -3.36624e-21)
(0.820111 0.518755 -1.07657e-21)
(0.853645 0.662487 3.65714e-21)
(0.811621 0.687226 -1.35604e-21)
(0.748681 0.639901 -1.83547e-22)
(0.681761 0.569201 -2.72807e-24)
(0.536242 0.514974 -2.77118e-22)
(0.433366 0.404019 3.09926e-22)
(0.503722 0.0617235 -1.18451e-21)
(0.651549 -0.218917 3.65539e-22)
(0.783563 -0.421679 5.86281e-22)
(0.823228 -0.551843 1.66778e-22)
(0.731513 -0.642341 -5.87166e-22)
(0.669656 -0.572002 9.9559e-22)
(0.774744 -0.137997 -7.4182e-22)
(0.901182 0.0955527 5.00238e-22)
(1.00575 0.299096 -2.99227e-22)
(0.976095 0.385355 -1.41769e-22)
(0.973286 0.451554 9.09357e-23)
(0.978388 0.505028 -6.34613e-23)
(0.937657 0.120298 3.46563e-22)
(0.944431 -0.00988245 -2.58736e-22)
(0.958487 -0.367953 3.73054e-22)
(0.945722 -0.573141 -1.12022e-22)
(0.95547 -0.145736 -2.96376e-25)
(0.114373 -0.295007 -3.54226e-21)
(0.184287 -0.318241 1.42129e-21)
(0.29319 -0.292995 -1.66864e-21)
(0.41061 -0.211819 -1.49285e-21)
(0.517274 -0.037602 2.64656e-21)
(0.650521 0.241915 -4.88172e-21)
(0.761375 0.514962 2.36088e-21)
(0.805237 0.664924 1.87815e-21)
(0.77254 0.693623 1.10754e-21)
(0.722228 0.647045 -1.62116e-21)
(0.654189 0.583183 -9.52161e-22)
(0.504616 0.529973 1.5504e-22)
(0.420521 0.396709 -2.33245e-22)
(0.513649 0.0346232 2.43769e-22)
(0.659766 -0.245072 2.656e-22)
(0.790227 -0.436611 -3.68053e-22)
(0.828202 -0.551182 7.45983e-23)
(0.735697 -0.633312 6.08237e-22)
(0.666164 -0.568475 -6.83022e-22)
(0.765134 -0.143695 8.16351e-22)
(0.891082 0.0868094 2.55032e-22)
(0.996649 0.297514 4.79728e-22)
(0.968901 0.38749 1.13577e-22)
(0.967369 0.452037 -1.55071e-22)
(0.972222 0.505145 -5.84265e-23)
(0.936513 0.11955 -7.80204e-23)
(0.944224 -0.0118288 1.04053e-22)
(0.962665 -0.369036 -2.08676e-22)
(0.951249 -0.573 6.70736e-23)
(0.956315 -0.145764 6.1913e-23)
(0.075296 -0.313165 2.87992e-21)
(0.136734 -0.340711 -1.84533e-21)
(0.239185 -0.316518 1.42663e-21)
(0.355005 -0.230225 2.05629e-21)
(0.461725 -0.0497488 -1.92867e-21)
(0.589696 0.232137 -3.4056e-21)
(0.701591 0.508511 1.82726e-21)
(0.755508 0.66493 -8.03099e-22)
(0.732865 0.698091 1.80141e-21)
(0.695573 0.653754 -9.5203e-22)
(0.625442 0.598195 -2.89734e-22)
(0.474246 0.5439 3.45663e-24)
(0.41272 0.386541 1.77073e-21)
(0.527074 0.00732814 -6.02717e-22)
(0.670168 -0.270141 1.8431e-22)
(0.797896 -0.450552 -4.59255e-22)
(0.833419 -0.549796 6.16863e-23)
(0.740693 -0.623683 -3.39042e-22)
(0.663748 -0.564925 1.93709e-22)
(0.756168 -0.149968 -7.94294e-22)
(0.881522 0.0776062 -3.86723e-22)
(0.987646 0.295607 3.01452e-22)
(0.961849 0.38939 -2.06957e-22)
(0.96133 0.452406 -8.91974e-23)
(0.965701 0.505208 -2.57242e-22)
(0.935401 0.118781 3.88583e-23)
(0.94411 -0.0138347 -2.62369e-22)
(0.966827 -0.370193 2.48034e-22)
(0.956807 -0.572756 -1.19362e-22)
(0.957204 -0.145674 -7.22948e-23)
(0.0341288 -0.328675 -1.29853e-21)
(0.0865463 -0.36144 -2.03663e-21)
(0.181658 -0.339382 -2.24409e-21)
(0.295017 -0.249401 8.31177e-21)
(0.402932 -0.0631899 -6.94153e-21)
(0.527459 0.220253 6.0896e-21)
(0.641072 0.499302 -6.11045e-22)
(0.704752 0.66241 2.52443e-21)
(0.692962 0.700531 -1.16374e-21)
(0.668692 0.660087 -1.73058e-21)
(0.595728 0.614041 3.77463e-22)
(0.445889 0.556274 -3.58068e-22)
(0.410319 0.373539 -8.72557e-22)
(0.543547 -0.0199977 5.85907e-22)
(0.682565 -0.293988 -1.42074e-22)
(0.806544 -0.463464 -1.50318e-22)
(0.838893 -0.547753 -1.7141e-22)
(0.746503 -0.61353 3.70383e-23)
(0.662542 -0.561313 2.40592e-22)
(0.74795 -0.156758 5.75897e-22)
(0.872565 0.0679797 5.48553e-22)
(0.978764 0.293377 -3.11798e-22)
(0.954964 0.391059 -2.95178e-23)
(0.955177 0.452684 1.16244e-22)
(0.95886 0.505212 9.04354e-23)
(0.934346 0.117972 4.21812e-23)
(0.944116 -0.0158969 2.77944e-22)
(0.970985 -0.371421 -2.26398e-22)
(0.962376 -0.572412 1.4836e-22)
(0.958123 -0.145464 6.99741e-23)
(-0.00818757 -0.341283 -2.74182e-21)
(0.0347743 -0.380162 -2.9318e-21)
(0.121618 -0.361398 1.69846e-21)
(0.231458 -0.269461 -3.35868e-21)
(0.341283 -0.0783858 2.94546e-21)
(0.464025 0.205946 -3.44127e-21)
(0.580165 0.487235 2.77054e-21)
(0.653305 0.657265 -4.45753e-22)
(0.653204 0.700874 -7.1202e-22)
(0.641569 0.666091 -6.82858e-22)
(0.565318 0.630458 6.53411e-23)
(0.420351 0.566639 4.87763e-22)
(0.413265 0.357852 3.70757e-23)
(0.562606 -0.0472409 3.34634e-22)
(0.6968 -0.31652 3.61969e-22)
(0.81613 -0.475319 -7.17612e-23)
(0.844638 -0.545122 2.10558e-22)
(0.75311 -0.602933 -2.13679e-22)
(0.662667 -0.557605 -5.00098e-24)
(0.740579 -0.164007 -2.93164e-22)
(0.864272 0.0579687 4.0752e-23)
(0.970025 0.290826 -4.05149e-22)
(0.948267 0.392505 1.28326e-22)
(0.948915 0.452897 3.08012e-23)
(0.951744 0.505155 1.00162e-22)
(0.93337 0.11711 -5.39263e-23)
(0.944271 -0.018012 -1.47911e-23)
(0.975148 -0.372717 -2.88209e-22)
(0.967937 -0.571968 -9.1008e-23)
(0.95906 -0.145137 -4.27888e-23)
(-0.0504647 -0.350753 3.67833e-21)
(-0.0172883 -0.396541 -2.67037e-21)
(0.0603431 -0.382364 9.36955e-22)
(0.165405 -0.29045 -1.63222e-21)
(0.277461 -0.0956514 3.64294e-21)
(0.399793 0.188963 -3.28862e-22)
(0.519251 0.472221 -2.16029e-21)
(0.601544 0.649393 1.21023e-21)
(0.613949 0.699077 2.40555e-22)
(0.614198 0.671804 -3.52107e-22)
(0.534541 0.647114 1.21608e-22)
(0.398433 0.574602 -3.59896e-22)
(0.421209 0.339738 6.39811e-23)
(0.58383 -0.0739098 1.54581e-22)
(0.712693 -0.337658 -1.32899e-22)
(0.826599 -0.486099 -2.99756e-22)
(0.850673 -0.541972 -3.10357e-22)
(0.760467 -0.591978 -3.06031e-23)
(0.664223 -0.553769 7.20168e-23)
(0.734146 -0.171643 2.75669e-22)
(0.856698 0.0476165 -3.28886e-22)
(0.961458 0.287957 -6.2833e-23)
(0.941776 0.393735 9.32448e-23)
(0.942544 0.453065 7.36033e-23)
(0.944406 0.505029 -3.57408e-23)
(0.932492 0.116182 5.91325e-23)
(0.944597 -0.0201757 -1.65156e-23)
(0.979325 -0.374074 6.80518e-23)
(0.973466 -0.571424 6.63438e-23)
(0.960001 -0.144692 4.80613e-24)
(-0.0912175 -0.356722 -2.60134e-21)
(-0.0681829 -0.410248 2.53017e-21)
(-0.000673437 -0.402073 -2.42428e-21)
(0.0981541 -0.312351 2.17549e-21)
(0.212365 -0.115257 2.04258e-21)
(0.335317 0.169104 -3.12186e-21)
(0.458743 0.454188 2.4543e-21)
(0.549899 0.638702 3.88471e-22)
(0.575525 0.695131 -1.01766e-21)
(0.586587 0.677238 5.35874e-23)
(0.503776 0.66362 2.33677e-23)
(0.380847 0.579856 -4.61665e-23)
(0.433598 0.319544 1.03367e-22)
(0.606866 -0.0997049 -1.90361e-22)
(0.730069 -0.357341 -2.36704e-23)
(0.837884 -0.495796 3.33213e-22)
(0.857022 -0.538367 -5.02193e-24)
(0.768508 -0.580752 -1.51997e-23)
(0.667284 -0.549778 -6.90531e-23)
(0.728734 -0.179593 -3.11188e-24)
(0.849894 0.0369674 1.4924e-22)
(0.953099 0.284776 4.21931e-23)
(0.935505 0.394757 -8.2019e-23)
(0.936063 0.453209 1.12166e-23)
(0.936903 0.504828 -8.48531e-23)
(0.931728 0.115174 -1.116e-22)
(0.945118 -0.0223841 7.33645e-23)
(0.983522 -0.375485 1.31861e-22)
(0.978941 -0.570782 -2.47744e-24)
(0.960931 -0.144131 1.43146e-23)
(-0.128748 -0.359017 -3.66127e-22)
(-0.116374 -0.421175 2.89261e-22)
(-0.0597443 -0.420129 6.34628e-22)
(0.0312226 -0.335005 -8.87784e-22)
(0.147051 -0.13742 -6.81246e-22)
(0.271263 0.146235 6.25921e-22)
(0.399092 0.433083 -9.12831e-22)
(0.498845 0.625112 5.97612e-22)
(0.538216 0.68906 9.30094e-23)
(0.558763 0.68238 1.24189e-22)
(0.473454 0.679547 -2.13446e-22)
(0.368129 0.582198 4.30866e-22)
(0.449786 0.297688 -1.30169e-22)
(0.631431 -0.12442 -1.19336e-22)
(0.748761 -0.375528 -5.00063e-24)
(0.849905 -0.504414 -3.99726e-23)
(0.863711 -0.53437 -3.34819e-23)
(0.777143 -0.569341 2.19551e-23)
(0.671886 -0.545615 -2.59559e-23)
(0.724413 -0.187775 -1.2854e-22)
(0.843903 0.0260669 1.16691e-22)
(0.944989 0.281291 -1.92531e-23)
(0.929461 0.395582 3.4377e-23)
(0.929471 0.453348 -8.57072e-23)
(0.929296 0.504546 4.32055e-23)
(0.931091 0.114076 8.40682e-23)
(0.945855 -0.0246326 -3.74833e-24)
(0.987744 -0.376941 -1.07745e-22)
(0.984338 -0.570039 5.52166e-24)
(0.961838 -0.143454 -2.02037e-23)
(-0.161472 -0.357701 1.43312e-22)
(-0.160132 -0.429192 -2.40138e-24)
(-0.114965 -0.436207 -4.04466e-22)
(-0.0337151 -0.357991 7.42623e-23)
(0.0826287 -0.162322 1.46767e-22)
(0.208383 0.120296 -3.80494e-22)
(0.340785 0.408878 1.84023e-22)
(0.448897 0.608566 1.35466e-22)
(0.502257 0.68092 -1.36412e-22)
(0.530766 0.68718 1.47713e-22)
(0.444052 0.694447 -2.00978e-22)
(0.360558 0.581539 4.16061e-23)
(0.469134 0.27462 3.78735e-23)
(0.657296 -0.1479 4.13826e-23)
(0.768616 -0.392187 -7.5203e-23)
(0.862571 -0.511964 2.779e-23)
(0.870769 -0.530039 3.98659e-23)
(0.786269 -0.557832 8.47019e-24)
(0.678023 -0.541269 4.0322e-23)
(0.721248 -0.196107 5.28944e-23)
(0.83877 0.0149611 -5.15651e-24)
(0.937177 0.277513 -3.67568e-23)
(0.923647 0.396224 1.45159e-23)
(0.922767 0.453496 -3.08693e-23)
(0.921644 0.504174 -1.25506e-23)
(0.930591 0.112877 -7.4657e-24)
(0.946826 -0.0269168 1.24572e-23)
)
;

boundaryField
{
    inlet
    {
        type            uniformFixedValue;
        uniformValue    constant (1 0 0);
        value           nonuniform 0();
    }
    outlet
    {
        type            pressureInletOutletVelocity;
        value           nonuniform List<vector> 
49
(
(0.952598 -0.137779 6.57439e-24)
(0.952129 -0.139058 -2.0369e-23)
(0.951851 -0.140213 1.03427e-23)
(0.951747 -0.141285 2.91033e-23)
(0.951801 -0.142248 -1.25734e-23)
(0.951998 -0.143095 -6.84922e-23)
(0.952326 -0.143827 -3.72093e-23)
(0.95277 -0.144443 1.518e-22)
(0.953318 -0.144942 -1.8152e-22)
(0.953959 -0.145325 1.01062e-22)
(0.95468 -0.145589 -5.50291e-24)
(0.95547 -0.145736 -2.96376e-25)
(0.956315 -0.145764 6.1913e-23)
(0.957204 -0.145674 -7.22948e-23)
(0.958123 -0.145464 6.99741e-23)
(0.95906 -0.145137 -4.27888e-23)
(0.960001 -0.144692 4.80613e-24)
(0.960931 -0.144131 1.43146e-23)
(0.961838 -0.143454 -2.02037e-23)
(1.11222 0.000468249 0)
(1.1147 0.00154834 0)
(1.11934 0.00301883 0)
(1.12587 0.00503738 0)
(1.13388 0.00766521 0)
(1.14257 0.0107807 0)
(1.15048 0.013969 0)
(1.15552 0.0164782 0)
(1.15583 0.0173518 0)
(1.15078 0.0158426 0)
(1.14105 0.0117233 0)
(1.12792 0.00524255 0)
(1.11261 -0.00312914 0)
(1.09616 -0.0128558 0)
(1.07942 -0.0234154 0)
(1.06301 -0.0343552 0)
(1.04738 -0.0453156 0)
(1.03283 -0.0560228 0)
(1.01955 -0.0662776 0)
(1.00762 -0.0759461 0)
(0.997085 -0.0849416 0)
(0.987922 -0.0932196 0)
(0.980071 -0.100768 0)
(0.973442 -0.107598 0)
(0.96793 -0.113739 0)
(0.963419 -0.119226 0)
(0.959801 -0.124106 0)
(0.956984 -0.128449 0)
(0.954895 -0.132312 0)
(0.95344 -0.135601 0)
)
;
    }
    cylinder
    {
        type            fixedValue;
        value           uniform (0 0 0);
    }
    top
    {
        type            symmetryPlane;
    }
    bottom
    {
        type            symmetryPlane;
    }
    defaultFaces
    {
        type            empty;
    }
    procBoundary1to0
    {
        type            processor;
        value           nonuniform List<vector> 
50
(
(1.37333 -0.172816 1.03328e-20)
(1.36883 -0.169282 -2.79341e-20)
(1.36883 -0.169282 -2.79341e-20)
(1.30779 -0.149942 4.40736e-20)
(1.30779 -0.149942 4.40736e-20)
(0.942641 -0.0821644 -2.69045e-20)
(1.14231 -0.113471 -7.79134e-20)
(1.14231 -0.113471 -7.79134e-20)
(0.603181 -0.0343365 6.33348e-21)
(0.603181 -0.0343365 6.33348e-21)
(0.292907 -0.0111124 2.44019e-20)
(0.292907 -0.0111124 2.44019e-20)
(0.0885437 -0.011394 -6.32753e-21)
(0.0885437 -0.011394 -6.32753e-21)
(-0.00788084 -0.0175379 -1.51729e-20)
(-0.0188253 -0.0218784 4.74122e-20)
(-0.0188253 -0.0218784 4.74122e-20)
(-0.02212 -0.0157482 1.1502e-20)
(-0.02212 -0.0157482 1.1502e-20)
(1.09615 -0.00159074 1.13695e-23)
(1.0975 -0.00473553 -1.26007e-25)
(1.09998 -0.00781773 -6.41151e-23)
(1.10349 -0.0109506 1.27102e-23)
(1.10791 -0.0141588 1.85288e-22)
(1.11316 -0.0175061 4.50919e-23)
(1.11917 -0.0210291 5.44011e-23)
(1.12585 -0.0247678 3.22459e-23)
(1.13317 -0.0287549 -6.02587e-23)
(1.14105 -0.0330191 -2.20186e-22)
(1.14946 -0.0375845 1.35487e-22)
(1.14946 -0.0375845 1.35487e-22)
(1.1562 -0.0445284 -5.64958e-22)
(1.16525 -0.0499643 -2.93577e-22)
(1.17467 -0.0557454 6.73747e-23)
(1.18444 -0.0618725 5.78257e-22)
(1.19453 -0.06834 9.8791e-22)
(1.20491 -0.0751315 1.304e-21)
(1.21555 -0.0822219 -2.06945e-21)
(1.22645 -0.0895818 4.07075e-22)
(1.23758 -0.0971669 -1.34203e-21)
(1.24895 -0.104928 9.73881e-22)
(1.26056 -0.112816 -2.27337e-21)
(1.27244 -0.120754 1.23097e-21)
(1.28467 -0.128685 2.3926e-21)
(1.29737 -0.136549 -8.89424e-22)
(1.31063 -0.144244 -1.62516e-21)
(1.32438 -0.151549 5.53161e-22)
(1.33823 -0.158222 1.27883e-21)
(1.35142 -0.164204 -4.83407e-21)
(1.36284 -0.169251 -2.568e-21)
)
;
    }
    procBoundary1to3
    {
        type            processor;
        value           nonuniform List<vector> 
41
(
(-0.00235068 -0.00377153 1.02952e-21)
(-0.0119323 -0.0298947 -2.95979e-21)
(-0.0295666 -0.0647438 -3.44866e-21)
(-0.0505435 -0.100389 3.42611e-21)
(-0.0732737 -0.133503 -3.15681e-21)
(-0.096126 -0.164498 -1.68474e-21)
(-0.117635 -0.195414 2.87985e-21)
(-0.136917 -0.227919 3.59871e-21)
(-0.153461 -0.262474 -5.98664e-22)
(-0.167222 -0.298705 1.74368e-21)
(-0.187828 -0.352897 -1.33989e-22)
(-0.197669 -0.434062 3.23866e-23)
(-0.164333 -0.450133 1.93186e-22)
(-0.0947955 -0.380971 -2.0154e-22)
(0.0201677 -0.189917 5.43883e-23)
(0.147502 0.0913457 1.77933e-22)
(0.284358 0.381623 3.1142e-24)
(0.400595 0.589068 -9.098e-23)
(0.467821 0.670804 -5.8461e-23)
(0.502656 0.691549 -4.86409e-23)
(0.416097 0.70788 1.06177e-23)
(0.35813 0.5779 -7.99914e-23)
(0.491075 0.250788 5.4048e-23)
(0.684269 -0.17002 -1.81148e-23)
(0.78949 -0.407295 -1.23438e-23)
(0.87578 -0.518462 -8.29426e-24)
(0.878224 -0.525428 4.3874e-23)
(0.795777 -0.546304 6.29055e-23)
(0.685635 -0.536738 4.59375e-24)
(0.719292 -0.20451 3.04235e-23)
(0.834535 0.00369426 -1.45164e-23)
(0.929716 0.273452 -1.17578e-23)
(0.918065 0.396696 -4.0674e-24)
(0.915949 0.453668 -1.5521e-23)
(0.914006 0.503704 -1.55397e-23)
(0.930237 0.11157 -7.75553e-24)
(0.948047 -0.0292319 8.23536e-24)
(0.991994 -0.378431 -4.95442e-23)
(0.989633 -0.569195 -4.14425e-24)
(0.962705 -0.142664 -3.32468e-24)
(0.991994 -0.378431 -4.95442e-23)
)
;
    }
}


// ************************************************************************* //
