/*--------------------------------*- C++ -*----------------------------------*\
  =========                 |
  \\      /  F ield         | OpenFOAM: The Open Source CFD Toolbox
   \\    /   O peration     | Website:  https://openfoam.org
    \\  /    A nd           | Version:  7
     \\/     M anipulation  |
\*---------------------------------------------------------------------------*/
FoamFile
{
    version     2.0;
    format      ascii;
    class       volVectorField;
    location    "315";
    object      U;
}
// * * * * * * * * * * * * * * * * * * * * * * * * * * * * * * * * * * * * * //

dimensions      [0 1 -1 0 0 0 0];

internalField   nonuniform List<vector> 
2125
(
(-0.00100305 -0.0337104 1.03423e-21)
(-0.00742848 -0.0937032 -2.96908e-21)
(-0.0213459 -0.144943 -3.45914e-21)
(-0.039164 -0.184937 3.43656e-21)
(-0.0591041 -0.21533 -3.16392e-21)
(-0.0791785 -0.240121 -1.69071e-21)
(-0.0976941 -0.263161 2.89989e-21)
(-0.113739 -0.286529 3.61661e-21)
(-0.126742 -0.310234 -6.00961e-22)
(-0.136407 -0.332645 1.77906e-21)
(-0.000408231 -0.0303444 -1.14261e-21)
(-0.00678325 -0.0859483 3.52934e-21)
(-0.0222443 -0.134367 -8.30938e-21)
(-0.0421766 -0.172814 7.53836e-21)
(-0.0644787 -0.202838 3.26594e-22)
(-0.0869834 -0.228244 5.53426e-21)
(-0.107983 -0.252558 -9.65923e-21)
(-0.126711 -0.277474 -1.42128e-20)
(-0.14279 -0.302682 -2.80402e-21)
(-0.156373 -0.326388 6.38393e-21)
(-0.000111234 -0.0261732 1.0546e-21)
(-0.00665776 -0.0766199 7.7838e-21)
(-0.0235271 -0.121978 1.83222e-20)
(-0.0452165 -0.15891 -1.65872e-20)
(-0.0693601 -0.188694 -3.77217e-21)
(-0.0936443 -0.214816 -3.42335e-21)
(-0.116342 -0.240421 1.75494e-20)
(-0.136795 -0.266792 1.09202e-20)
(-0.15475 -0.293281 2.67787e-21)
(-0.170658 -0.31789 -1.97889e-20)
(-0.00016496 -0.0213168 3.7418e-21)
(-0.00709982 -0.0659639 -4.55906e-21)
(-0.025162 -0.10807 -3.42817e-20)
(-0.0481633 -0.143523 3.01302e-21)
(-0.0735476 -0.17317 9.41381e-21)
(-0.0988895 -0.20009 -7.37958e-21)
(-0.122427 -0.227006 -3.03446e-22)
(-0.143557 -0.25478 -3.02552e-21)
(-0.162068 -0.282377 6.83072e-21)
(-0.178509 -0.307527 1.97193e-20)
(-0.000601874 -0.0159319 2.60567e-21)
(-0.00812462 -0.0542785 -1.47965e-20)
(-0.0270906 -0.0929754 3.55446e-20)
(-0.0508809 -0.126969 -1.6258e-20)
(-0.0768346 -0.156551 -5.11309e-23)
(-0.102449 -0.18432 2.25826e-20)
(-0.125904 -0.21257 -1.0347e-20)
(-0.146592 -0.24174 1.14392e-21)
(-0.164252 -0.270343 -4.27219e-21)
(-0.179248 -0.295728 1.56214e-21)
(-0.00142996 -0.0102044 3.12725e-20)
(-0.00971113 -0.0419031 3.8122e-20)
(-0.0292274 -0.0770618 -9.7257e-21)
(-0.0532176 -0.109586 1.86518e-20)
(-0.0790061 -0.139123 5.96583e-21)
(-0.104046 -0.167754 -8.38831e-21)
(-0.126434 -0.197355 -3.26838e-21)
(-0.145496 -0.227959 -1.43733e-20)
(-0.160852 -0.257555 3.12891e-21)
(-0.172237 -0.282948 -1.82542e-20)
(-0.00263045 -0.00434018 -3.01637e-20)
(-0.0118008 -0.0292052 -1.99051e-20)
(-0.0314607 -0.0607173 1.6378e-20)
(-0.0550073 -0.0917249 -2.85179e-20)
(-0.079838 -0.12118 3.39877e-21)
(-0.103394 -0.150633 3.37763e-20)
(-0.123666 -0.18158 -6.1338e-21)
(-0.139847 -0.213687 3.98181e-20)
(-0.151432 -0.244361 -7.82712e-22)
(-0.156834 -0.269645 -1.60495e-20)
(-0.00415768 0.00144547 2.55591e-20)
(-0.0142995 -0.0165668 -4.645e-20)
(-0.0336565 -0.0443451 -1.85896e-20)
(-0.0560739 -0.0737493 2.16478e-20)
(-0.0791011 -0.103026 9.06473e-22)
(-0.100198 -0.133199 -6.36645e-20)
(-0.117227 -0.165439 -3.95479e-21)
(-0.129185 -0.199124 -3.18412e-20)
(-0.13555 -0.231059 -4.07213e-20)
(-0.132372 -0.256255 2.37509e-20)
(-0.0059412 0.00693974 -1.42498e-20)
(-0.0170816 -0.00436933 6.92715e-21)
(-0.0356644 -0.0283539 1.71439e-20)
(-0.0562388 -0.0560355 -1.57653e-20)
(-0.0765695 -0.0849788 -5.48991e-20)
(-0.0941615 -0.115702 1.88135e-20)
(-0.106731 -0.149113 2.60181e-21)
(-0.113008 -0.184405 4.83251e-20)
(-0.112752 -0.217867 6.29196e-20)
(-0.0981657 -0.243153 -2.79594e-20)
(-0.00789046 0.0119448 2.27834e-20)
(-0.0199975 0.00702103 2.09123e-20)
(-0.0373267 -0.0131495 -3.00036e-21)
(-0.0553318 -0.0389709 7.79103e-20)
(-0.0720351 -0.0673805 3.32612e-20)
(-0.0850046 -0.0984175 2.51241e-20)
(-0.0918022 -0.132782 3.6087e-20)
(-0.0907908 -0.169609 -1.55126e-20)
(-0.0825924 -0.204899 -2.11028e-20)
(-0.0535616 -0.230567 -3.4309e-20)
(-0.00990192 0.0162901 -1.95836e-21)
(-0.0228835 0.0172706 -3.33345e-20)
(-0.0384868 0.000876497 -2.4135e-20)
(-0.0532027 -0.0229513 -3.87705e-20)
(-0.0653255 -0.0506041 -3.09891e-20)
(-0.0724926 -0.0816674 3.15648e-20)
(-0.0721113 -0.116671 -3.05135e-20)
(-0.0620259 -0.154781 -2.09401e-20)
(-0.0446675 -0.192153 2.79917e-21)
(0.00185883 -0.218269 8.96823e-21)
(-0.0118673 0.0198432 -6.3759e-20)
(-0.0255729 0.0260941 3.05238e-20)
(-0.039 0.0133602 2.24032e-20)
(-0.0497302 -0.00837455 1.52306e-20)
(-0.0563212 -0.0350521 -2.80943e-20)
(-0.0564637 -0.0658363 -2.37404e-20)
(-0.0474233 -0.101083 3.45806e-20)
(-0.026274 -0.140009 -2.83853e-20)
(0.00161333 -0.179806 -2.10427e-21)
(0.0679083 -0.205071 -2.8828e-20)
(-0.0136828 0.0225186 5.39269e-20)
(-0.0279063 0.0332693 2.21399e-20)
(-0.038741 0.023982 1.28207e-21)
(-0.0448285 0.0043783 -2.76911e-20)
(-0.0449615 -0.0211457 1.76281e-21)
(-0.0368496 -0.0513675 3.18658e-20)
(-0.0176536 -0.0864159 -9.13227e-21)
(0.0165628 -0.125499 -1.12688e-20)
(0.0576548 -0.168838 -2.46737e-20)
(0.14425 -0.189658 4.4115e-20)
(-0.0152583 0.0242829 3.71552e-20)
(-0.0297401 0.0386493 -5.98961e-20)
(-0.0376019 0.0324834 -4.66939e-20)
(-0.03844 0.0149628 2.01419e-20)
(-0.0312327 -0.00930406 4.16846e-20)
(-0.013661 -0.0387234 3.62307e-20)
(0.0171761 -0.073148 -3.86978e-20)
(0.0657102 -0.111685 7.47797e-20)
(0.123813 -0.158446 -2.28729e-20)
(0.23238 -0.173156 -5.14769e-20)
(-0.0165247 0.0251551 -5.53597e-20)
(-0.0309526 0.0421705 3.34369e-20)
(-0.0354898 0.0386848 -1.65102e-20)
(-0.0305184 0.0230991 1.7219e-21)
(-0.0151344 0.000111593 1.78768e-20)
(0.0130506 -0.0283322 -5.69883e-20)
(0.057124 -0.0617971 5.11455e-20)
(0.121268 -0.0990548 -4.97791e-20)
(0.198192 -0.147692 7.94366e-20)
(0.330678 -0.156812 2.77111e-20)
(-0.0174383 0.0252022 1.20113e-20)
(-0.0314443 0.0438549 6.5794e-20)
(-0.0323122 0.042503 -1.68032e-20)
(-0.0209959 0.0286076 1.70315e-20)
(0.00338788 0.00683012 2.03662e-20)
(0.0432843 -0.020586 -6.18726e-21)
(0.102071 -0.0528349 4.42657e-20)
(0.183336 -0.0883565 2.33666e-21)
(0.280901 -0.137187 -5.0511e-20)
(0.435138 -0.140086 6.64655e-20)
(-0.0179803 0.0245278 -3.18354e-20)
(-0.031134 0.0438059 -6.25034e-20)
(-0.0279555 0.0439556 5.44928e-20)
(-0.00974412 0.0314125 2.76848e-20)
(0.0244711 0.0107127 -1.29608e-19)
(0.0772354 -0.0156663 1.06799e-19)
(0.15213 -0.0464061 -9.7345e-20)
(0.251625 -0.0797771 1.60259e-21)
(0.371911 -0.126633 -2.1513e-20)
(0.54139 -0.123094 -6.08592e-20)
(-0.0181527 0.0232629 2.78229e-20)
(-0.0299496 0.0421937 -3.83891e-21)
(-0.0222729 0.0431599 -1.33944e-20)
(0.00347313 0.0315791 -1.45756e-21)
(0.0484364 0.0118228 -8.089e-21)
(0.115301 -0.0134579 -3.40567e-20)
(0.207743 -0.0423454 1.46331e-20)
(0.326203 -0.0733088 -2.31511e-20)
(0.470481 -0.114828 7.30066e-21)
(0.644632 -0.105784 1.93087e-21)
(-0.017974 0.0215483 -5.68334e-20)
(-0.0278143 0.0392371 -4.16892e-21)
(-0.0150588 0.040335 6.25841e-21)
(0.0190132 0.029325 2.54525e-21)
(0.075822 0.0104099 4.25882e-20)
(0.158175 -0.0135999 -1.25314e-19)
(0.269572 -0.0401084 8.50669e-20)
(0.407514 -0.0684435 -6.36026e-20)
(0.574777 -0.100139 5.2175e-20)
(0.740671 -0.0887921 5.54511e-20)
(-0.0174653 0.0195189 -6.94904e-21)
(-0.0246335 0.0351852 3.16661e-20)
(-0.00603355 0.0357811 -3.99846e-20)
(0.0373728 0.0250033 -1.26112e-20)
(0.107366 0.00691594 2.45014e-20)
(0.206772 -0.0154816 1.19057e-19)
(0.338307 -0.0388709 -2.40169e-20)
(0.495913 -0.063887 1.19905e-20)
(0.681619 -0.0817372 -6.07702e-20)
(0.828513 -0.0762865 2.53201e-20)
(-0.016639 0.0172921 -2.08194e-20)
(-0.0202782 0.0302942 -1.61658e-20)
(0.00516548 0.0298591 3.93528e-21)
(0.0591841 0.0190768 1.58712e-20)
(0.143949 0.0019493 -4.72972e-20)
(0.262048 -0.0182798 -1.93359e-20)
(0.414372 -0.0376556 -6.0957e-20)
(0.590751 -0.057799 6.19938e-20)
(0.786356 -0.0618065 6.38616e-20)
(0.911789 -0.0740249 -2.68803e-20)
(-0.0154874 0.0149589 -9.88546e-21)
(-0.0145765 0.0248086 4.03639e-20)
(0.0189727 0.0229635 -4.53833e-20)
(0.0851713 0.0120947 -5.29842e-21)
(0.186489 -0.00374455 -2.15659e-20)
(0.324762 -0.0210213 4.74301e-20)
(0.497589 -0.0354136 6.14756e-20)
(0.689634 -0.048899 -5.81098e-20)
(0.883839 -0.0453386 5.97085e-20)
(1.01515 -0.061692 7.41808e-21)
(-0.0139744 0.0125806 -2.86231e-20)
(-0.0073071 0.0189485 -8.16622e-20)
(0.0358759 0.0155041 7.99084e-20)
(0.116076 0.00466993 1.15828e-20)
(0.235787 -0.00933197 1.72187e-20)
(0.395191 -0.0226776 1.00399e-20)
(0.586834 -0.0311618 4.63493e-20)
(0.788797 -0.0372992 3.37135e-20)
(0.976063 -0.0294262 -1.17188e-19)
(1.10277 -0.0411514 -5.48353e-20)
(0.00179702 0.0129044 1.9811e-20)
(0.0563862 0.00788761 -4.50266e-20)
(0.152577 -0.00256002 8.86071e-21)
(0.29236 -0.013951 1.43694e-20)
(0.472906 -0.0222867 -1.02743e-19)
(0.67992 -0.0241882 4.48674e-20)
(0.884765 -0.0233075 -3.01771e-20)
(1.05936 -0.0123219 3.13083e-20)
(1.17119 -0.0205269 -1.03868e-20)
(0.0809961 0.000507121 -2.07187e-21)
(0.195202 -0.00896315 -1.2408e-20)
(0.356279 -0.0167763 6.09658e-22)
(0.556646 -0.0190883 1.15248e-21)
(0.773899 -0.0141992 -6.84603e-20)
(0.974363 -0.00727407 8.78374e-21)
(1.13132 0.00552027 8.18742e-20)
(1.22628 0.000113235 3.57023e-20)
(0.110135 -0.00626558 7.65051e-20)
(0.244237 -0.0139352 1.95261e-21)
(0.427054 -0.0170855 -3.20163e-20)
(0.644374 -0.0126253 8.67064e-20)
(0.865585 -0.00130296 1.87068e-20)
(1.05512 0.010289 6.15964e-22)
(1.19153 0.0237789 -3.61213e-20)
(1.26763 0.0199725 -4.51901e-20)
(0.299659 -0.0169141 -3.17458e-20)
(0.503596 -0.0143218 5.25075e-20)
(0.733528 -0.00277713 -2.58643e-20)
(0.952087 0.014112 -2.8795e-20)
(1.1256 0.0288676 -7.055e-21)
(1.24014 0.0420381 -2.0467e-20)
(1.29822 0.0388133 2.14724e-20)
(0.58428 -0.00814171 2.83069e-20)
(0.821401 0.010285 -9.39028e-20)
(1.0312 0.0315322 5.96932e-20)
(1.18531 0.0480004 -2.70009e-20)
(1.27819 0.0600116 3.97718e-20)
(1.31976 0.056656 1.06215e-20)
(1.10153 0.0504359 -1.57637e-20)
(1.23451 0.0673275 1.2623e-20)
(1.30699 0.0775343 -3.0258e-20)
(1.33424 0.07355 -2.99938e-20)
(1.27394 0.0865945 -3.95227e-20)
(1.32798 0.0945391 7.24886e-22)
(1.34324 0.0896469 2.07728e-20)
(1.34253 0.111035 2.94005e-20)
(1.34804 0.10509 -1.24389e-20)
(-0.153406 -0.361085 -1.45581e-22)
(-0.148337 -0.381846 2.95996e-23)
(-0.107369 -0.320747 2.15268e-22)
(-0.0356266 -0.166928 -2.24923e-22)
(0.0632265 0.0827902 5.90429e-23)
(0.177904 0.359796 1.636e-22)
(0.282819 0.572894 -6.79342e-24)
(0.35608 0.677956 -7.90674e-23)
(0.378199 0.706575 -5.10184e-23)
(0.305513 0.72556 -4.63713e-23)
(0.285491 0.579681 1.24623e-23)
(0.456063 0.202814 -9.31808e-23)
(0.647033 -0.170254 5.8759e-23)
(0.77883 -0.454133 -1.55618e-23)
(0.836592 -0.52193 -8.44359e-24)
(0.866932 -0.558503 -6.94966e-24)
(0.787559 -0.563424 3.88936e-23)
(0.664857 -0.536985 7.15772e-23)
(0.6683 -0.310996 5.40747e-24)
(0.800879 0.0713524 3.51177e-23)
(0.901707 0.198134 -1.50627e-23)
(0.928957 0.427148 -1.14897e-23)
(0.895257 0.45263 -3.71863e-24)
(0.890262 0.45586 -1.28547e-23)
(0.90364 0.339005 -1.52376e-23)
(0.943407 -0.0937804 -1.08094e-23)
(0.964134 -0.18696 8.1842e-24)
(0.999926 -0.521953 4.49327e-23)
(0.977729 -0.462949 2.26268e-24)
(0.960737 -0.000404043 -2.23144e-24)
(-0.180886 -0.356109 6.66943e-23)
(-0.18658 -0.38695 -4.66794e-22)
(-0.157288 -0.334394 -8.90925e-23)
(-0.0940086 -0.188863 5.70899e-22)
(0.00521704 0.05596 -8.28255e-23)
(0.121824 0.331962 -6.67902e-22)
(0.233422 0.550453 3.91173e-22)
(0.316582 0.665828 -3.77101e-22)
(0.343531 0.710021 1.61949e-22)
(0.276246 0.732678 -3.45788e-22)
(0.293876 0.566201 6.29779e-22)
(0.485396 0.174573 -6.24578e-22)
(0.678327 -0.194149 7.60231e-24)
(0.804097 -0.467629 3.85629e-22)
(0.851418 -0.528268 -4.79289e-23)
(0.877029 -0.554897 -4.35286e-23)
(0.796255 -0.551072 -1.29204e-22)
(0.673871 -0.529352 1.08184e-22)
(0.666913 -0.318888 9.57348e-23)
(0.794606 0.0579815 -1.32276e-22)
(0.895679 0.190935 -3.59427e-23)
(0.921484 0.427377 6.66556e-23)
(0.889353 0.454196 -4.7498e-24)
(0.882087 0.455605 -4.84191e-23)
(0.899877 0.336778 2.9354e-23)
(0.946332 -0.0960186 1.07796e-22)
(0.966809 -0.189086 -9.95203e-26)
(1.00526 -0.522254 -8.48787e-23)
(0.981832 -0.461822 -6.52175e-25)
(0.9603 0.000277672 1.37968e-23)
(-0.200934 -0.348312 3.30727e-21)
(-0.217367 -0.389406 -2.55758e-21)
(-0.199739 -0.346548 1.84664e-21)
(-0.14728 -0.211561 -1.72022e-21)
(-0.0490463 0.0268936 -6.30796e-22)
(0.0693592 0.301439 3.30383e-21)
(0.187197 0.52555 -1.08573e-21)
(0.279006 0.652063 -8.69965e-22)
(0.30988 0.712346 4.17325e-22)
(0.251835 0.736463 -4.23842e-23)
(0.307644 0.549587 1.49003e-22)
(0.516679 0.146649 -6.65323e-23)
(0.710565 -0.216311 -1.51323e-23)
(0.829915 -0.479278 1.66759e-22)
(0.86684 -0.53346 1.63746e-23)
(0.887405 -0.55094 -8.98316e-23)
(0.805189 -0.53878 2.6751e-22)
(0.684289 -0.5215 8.10325e-23)
(0.667326 -0.326625 -4.66381e-23)
(0.789288 0.0443293 -7.38377e-23)
(0.890403 0.183484 4.86075e-23)
(0.914316 0.427366 8.55611e-23)
(0.883377 0.455783 -1.28682e-22)
(0.873908 0.455335 3.98471e-23)
(0.896489 0.334365 -8.64868e-23)
(0.949425 -0.0982652 -1.24609e-22)
(0.969702 -0.191179 1.91775e-23)
(1.0105 -0.522529 1.46319e-22)
(0.985856 -0.460552 -7.94487e-24)
(0.959829 0.00106733 -9.98898e-24)
(-0.212517 -0.337937 -3.66628e-21)
(-0.239452 -0.389138 1.74328e-21)
(-0.233083 -0.356786 -2.26339e-22)
(-0.193567 -0.234363 4.56944e-22)
(-0.0987231 -0.00324133 -6.47806e-22)
(0.021037 0.268268 -1.9382e-21)
(0.144383 0.498282 1.00858e-21)
(0.243425 0.636671 -1.2506e-22)
(0.277731 0.713152 4.59698e-22)
(0.233283 0.736679 1.17818e-21)
(0.32621 0.530366 -3.78701e-22)
(0.549732 0.119387 5.08284e-22)
(0.743577 -0.23668 -5.86796e-22)
(0.856153 -0.489101 -4.59618e-22)
(0.882749 -0.537525 7.97644e-23)
(0.898022 -0.546671 -1.20379e-22)
(0.81435 -0.526632 -2.32665e-22)
(0.6959 -0.513483 -6.5559e-23)
(0.669603 -0.334121 1.0376e-22)
(0.784992 0.0304615 -3.42632e-23)
(0.88593 0.175793 -1.4059e-22)
(0.907479 0.427141 -1.08349e-23)
(0.877325 0.457407 4.79852e-23)
(0.865774 0.455036 5.08889e-24)
(0.8935 0.331764 3.15107e-23)
(0.952682 -0.100513 4.24927e-23)
(0.97282 -0.193228 2.03395e-23)
(1.01563 -0.522768 4.46245e-23)
(0.989772 -0.459141 3.36886e-23)
(0.959313 0.00196313 -3.03511e-24)
(-0.214781 -0.325302 2.64778e-21)
(-0.251739 -0.386151 2.84622e-21)
(-0.255859 -0.364769 1.66248e-21)
(-0.230757 -0.25641 -1.66337e-21)
(-0.142988 -0.0349239 -2.46785e-22)
(-0.0229367 0.232566 -1.00054e-21)
(0.10515 0.468638 -1.44775e-21)
(0.209943 0.619596 -3.47803e-22)
(0.247685 0.711987 1.80144e-22)
(0.221371 0.733198 2.71064e-23)
(0.349067 0.50912 -5.55629e-22)
(0.584419 0.0931368 2.59852e-22)
(0.777195 -0.255204 1.14908e-21)
(0.882676 -0.497124 -5.36786e-22)
(0.899037 -0.540486 4.03578e-22)
(0.908832 -0.542127 5.53043e-23)
(0.82374 -0.514702 5.09776e-22)
(0.708449 -0.505356 -7.0576e-23)
(0.673761 -0.341312 -1.62213e-22)
(0.781792 0.0164439 -1.89033e-23)
(0.882304 0.167876 -1.63642e-22)
(0.900993 0.426725 -2.71129e-22)
(0.871199 0.459079 -3.56024e-24)
(0.857734 0.454691 1.13868e-22)
(0.890928 0.328974 -2.82839e-25)
(0.956101 -0.102756 3.76165e-23)
(0.976163 -0.195224 -9.45845e-23)
(1.02065 -0.52296 -2.07498e-22)
(0.99355 -0.457593 -6.17365e-23)
(0.95874 0.00296261 3.17135e-23)
(-0.207035 -0.310748 1.66053e-21)
(-0.253286 -0.38044 3.64115e-21)
(-0.266867 -0.370163 1.32574e-21)
(-0.25712 -0.276818 -5.23792e-21)
(-0.180636 -0.0681143 4.75497e-21)
(-0.0620279 0.194962 -2.08249e-21)
(0.0696103 0.436585 -2.70651e-22)
(0.178726 0.600733 -6.12652e-22)
(0.220465 0.708364 -5.23472e-22)
(0.21656 0.725994 1.96981e-21)
(0.375791 0.486452 -7.39641e-22)
(0.620605 0.0682399 -2.07384e-21)
(0.811243 -0.271832 -3.42127e-23)
(0.909346 -0.503379 7.79709e-22)
(0.915607 -0.542364 -6.23198e-22)
(0.919774 -0.537348 5.73233e-22)
(0.833372 -0.503045 -5.24225e-22)
(0.721648 -0.497172 2.87782e-22)
(0.679751 -0.348151 3.14629e-23)
(0.779763 0.00234097 2.38005e-22)
(0.879562 0.159747 1.15814e-22)
(0.894876 0.426147 1.10806e-22)
(0.86501 0.460811 1.86112e-23)
(0.849844 0.454285 1.32348e-22)
(0.88879 0.326001 7.5577e-23)
(0.959681 -0.104985 -4.30124e-23)
(0.979728 -0.197158 2.78872e-22)
(1.02554 -0.523092 -1.86448e-22)
(0.997161 -0.455909 9.61668e-23)
(0.958098 0.00406277 -5.26837e-23)
(-0.188709 -0.294642 -3.27783e-21)
(-0.243277 -0.372015 6.14424e-22)
(-0.265193 -0.372696 6.72877e-22)
(-0.270931 -0.294667 -6.23089e-22)
(-0.209995 -0.100953 7.2262e-22)
(-0.0957618 0.15613 8.04234e-22)
(0.0379158 0.402116 4.1618e-22)
(0.150029 0.579937 -6.87244e-22)
(0.196908 0.701791 -7.9188e-22)
(0.218963 0.71514 4.44284e-22)
(0.406002 0.462969 2.83285e-22)
(0.658117 0.044714 1.86413e-21)
(0.845546 -0.286539 -1.6552e-21)
(0.936021 -0.507904 -3.11609e-22)
(0.932369 -0.543181 9.44517e-22)
(0.930781 -0.532373 2.92782e-22)
(0.843269 -0.491704 5.30432e-24)
(0.73521 -0.488982 1.51824e-24)
(0.687444 -0.354617 -1.05002e-22)
(0.778969 -0.0117883 -3.59675e-22)
(0.877727 0.151427 1.21237e-24)
(0.889138 0.425433 -1.20971e-22)
(0.858777 0.462611 -7.66607e-23)
(0.842155 0.453802 -7.51893e-23)
(0.887096 0.322848 -1.26182e-22)
(0.963423 -0.107193 -2.9106e-23)
(0.983507 -0.199019 -2.61899e-22)
(1.03029 -0.523153 2.13692e-22)
(1.00058 -0.454092 -9.15201e-23)
(0.957374 0.00526005 5.76032e-23)
(-0.159352 -0.277424 3.77763e-21)
(-0.221004 -0.360981 5.81579e-22)
(-0.25015 -0.37223 -9.50488e-23)
(-0.2708 -0.309179 -3.0038e-22)
(-0.228976 -0.132191 -6.13816e-22)
(-0.123396 0.117036 2.92826e-21)
(0.0103707 0.365211 -2.24494e-21)
(0.12423 0.557032 -7.68587e-22)
(0.177934 0.691822 -6.91895e-22)
(0.22837 0.700808 2.47878e-22)
(0.439255 0.439211 2.2868e-21)
(0.69673 0.0228225 -7.19359e-22)
(0.879956 -0.299285 -1.55166e-21)
(0.962558 -0.510742 1.81982e-21)
(0.949244 -0.542963 -1.62365e-21)
(0.941781 -0.527241 2.80572e-22)
(0.853449 -0.480706 1.19532e-23)
(0.748867 -0.480824 1.99667e-22)
(0.696627 -0.360707 -2.79162e-22)
(0.779452 -0.0258972 3.6821e-22)
(0.876809 0.142934 -3.39497e-23)
(0.883788 0.424608 6.32007e-22)
(0.852524 0.464483 1.10838e-22)
(0.834723 0.453228 -3.28976e-22)
(0.885855 0.319525 3.03609e-23)
(0.967331 -0.109373 -1.13438e-22)
(0.987491 -0.200797 3.87443e-23)
(1.0349 -0.52313 -1.73209e-22)
(1.00378 -0.452144 5.78263e-23)
(0.956558 0.00655041 -4.99099e-23)
(-0.118661 -0.259596 -2.50716e-21)
(-0.185869 -0.347542 1.48865e-21)
(-0.221208 -0.368742 1.93224e-21)
(-0.255766 -0.319824 1.76001e-22)
(-0.235313 -0.160708 -3.28614e-21)
(-0.143775 0.0786582 3.11358e-22)
(-0.0125251 0.326218 4.31667e-22)
(0.101907 0.531824 -1.48044e-21)
(0.164478 0.678105 -9.6192e-22)
(0.244329 0.683264 2.50546e-21)
(0.475092 0.415658 -6.31073e-22)
(0.736177 0.0028057 1.53152e-21)
(0.914279 -0.310046 -2.49653e-21)
(0.98881 -0.511944 1.11749e-21)
(0.966158 -0.541734 -6.8695e-22)
(0.952705 -0.52199 8.12322e-22)
(0.863921 -0.470067 6.52496e-23)
(0.762401 -0.472721 -2.91648e-22)
(0.707001 -0.366434 4.74945e-22)
(0.781218 -0.0399508 -2.47149e-22)
(0.876804 0.13429 1.87641e-22)
(0.878833 0.423696 -9.47366e-23)
(0.846284 0.466432 -3.42457e-22)
(0.827599 0.45255 3.67168e-22)
(0.885073 0.316041 -4.58568e-23)
(0.971407 -0.111515 4.36775e-22)
(0.991664 -0.202482 -2.96162e-22)
(1.03936 -0.523009 3.2314e-22)
(1.00674 -0.450068 -7.38656e-23)
(0.955639 0.0079294 -2.3927e-25)
(-0.0665324 -0.241684 4.22121e-22)
(-0.13747 -0.332005 5.67099e-21)
(-0.177942 -0.362289 -6.05213e-21)
(-0.225256 -0.326322 -3.32771e-22)
(-0.227038 -0.185524 3.83423e-21)
(-0.155184 0.0417054 4.16647e-22)
(-0.0299815 0.285935 -1.53831e-21)
(0.0838343 0.504119 -5.22678e-22)
(0.15741 0.660414 2.62143e-22)
(0.266227 0.662866 1.15737e-21)
(0.512977 0.392716 -5.87588e-23)
(0.776152 -0.0152595 -1.71673e-22)
(0.948361 -0.318809 1.03925e-21)
(1.01464 -0.511564 -7.31955e-22)
(0.983047 -0.539522 5.86858e-22)
(0.963497 -0.516656 -3.029e-22)
(0.874671 -0.459796 -9.55207e-23)
(0.775661 -0.464681 3.31295e-22)
(0.71821 -0.371823 -6.59128e-22)
(0.784225 -0.0538969 3.05368e-22)
(0.877688 0.125515 -1.4113e-22)
(0.874276 0.422714 -3.88939e-22)
(0.840094 0.468456 5.11501e-23)
(0.82083 0.451757 -8.78026e-23)
(0.884753 0.312408 2.49323e-22)
(0.975651 -0.113612 -1.97804e-22)
(0.996014 -0.204062 -7.99095e-23)
(1.04364 -0.522778 -1.48054e-22)
(1.00944 -0.447865 -3.49233e-23)
(0.954607 0.00939227 2.75319e-24)
(-0.0031592 -0.224302 -4.34716e-21)
(-0.0757341 -0.31481 7.95617e-21)
(-0.120101 -0.352997 -1.65565e-21)
(-0.17898 -0.328597 -5.86665e-21)
(-0.202775 -0.205817 6.20143e-21)
(-0.155291 0.00949343 6.40779e-22)
(-0.0406482 0.245368 -2.74372e-21)
(0.0710445 0.473784 5.35193e-23)
(0.157443 0.638687 -1.04715e-21)
(0.293356 0.640041 2.20378e-22)
(0.552375 0.370708 -2.80396e-21)
(0.816344 -0.0311347 2.58678e-21)
(0.982027 -0.325573 -2.72511e-22)
(1.0399 -0.509664 2.16957e-22)
(0.999846 -0.536356 4.19466e-22)
(0.974111 -0.511271 -1.08134e-21)
(0.885662 -0.449897 5.29285e-22)
(0.78857 -0.456695 -2.62857e-22)
(0.729869 -0.3769 1.20983e-22)
(0.788373 -0.0677308 2.05773e-22)
(0.879415 0.116627 -4.59895e-23)
(0.870123 0.42168 -1.54168e-22)
(0.833995 0.470556 6.89305e-22)
(0.814462 0.450842 -2.91393e-22)
(0.884893 0.30864 5.0404e-23)
(0.980066 -0.115655 -3.42065e-22)
(1.00052 -0.205528 5.88491e-22)
(1.04776 -0.522424 3.95871e-22)
(1.01188 -0.445539 7.82124e-23)
(0.953453 0.0109341 -1.02089e-22)
(0.0707805 -0.208276 -2.43919e-21)
(-0.00105897 -0.296468 9.99234e-21)
(-0.0477978 -0.341085 -3.16037e-21)
(-0.116894 -0.326713 -2.27936e-21)
(-0.161399 -0.220957 4.25351e-21)
(-0.141802 -0.0212596 -2.96162e-21)
(-0.0432428 0.205042 -9.24693e-22)
(0.0648531 0.440838 -2.43559e-22)
(0.16507 0.613042 2.17239e-21)
(0.324961 0.61526 -4.05644e-22)
(0.592751 0.349876 -1.06738e-21)
(0.856454 -0.0448031 1.29716e-22)
(1.01511 -0.330352 1.0771e-21)
(1.06448 -0.506312 -1.20919e-21)
(1.01649 -0.532272 1.04265e-21)
(0.984516 -0.505862 -2.08316e-23)
(0.896827 -0.440376 2.16167e-22)
(0.80112 -0.44874 2.04489e-23)
(0.741602 -0.381684 3.16322e-22)
(0.793502 -0.0814873 -3.10679e-22)
(0.88192 0.107633 -1.4231e-22)
(0.866373 0.420599 2.78818e-22)
(0.82803 0.472726 -3.92187e-22)
(0.808532 0.449799 1.48393e-22)
(0.885493 0.304753 -2.25822e-22)
(0.984648 -0.117636 -9.7415e-23)
(1.00518 -0.206868 -8.96081e-23)
(1.05169 -0.521936 -4.03446e-22)
(1.01404 -0.443091 -4.342e-24)
(0.952171 0.0125501 1.87917e-22)
(0.153871 -0.193935 -1.24694e-22)
(0.0856089 -0.277208 6.90959e-21)
(0.0382208 -0.327033 -4.85591e-21)
(-0.0393897 -0.320902 5.49638e-21)
(-0.103756 -0.231055 1.06663e-21)
(-0.112991 -0.0512455 -1.55591e-21)
(-0.0350013 0.166056 4.36836e-22)
(0.0667894 0.405539 -5.20511e-22)
(0.180519 0.583789 2.08189e-21)
(0.36027 0.589018 -4.49667e-21)
(0.633602 0.330386 8.15901e-23)
(0.896216 -0.0562582 1.72764e-21)
(1.04746 -0.333174 -1.60823e-21)
(1.08826 -0.501583 1.7959e-21)
(1.03293 -0.527316 -1.00833e-21)
(0.994696 -0.500457 5.09869e-22)
(0.908083 -0.431244 -3.27874e-22)
(0.813352 -0.440782 2.40579e-22)
(0.753086 -0.386189 -1.4867e-22)
(0.799403 -0.0951598 -8.41906e-23)
(0.885116 0.0985384 1.91162e-22)
(0.863027 0.419476 -4.32703e-22)
(0.822245 0.474961 7.68347e-22)
(0.803072 0.448625 -3.2957e-22)
(0.886548 0.300764 -3.64767e-22)
(0.989398 -0.119546 -1.80561e-22)
(1.00996 -0.208071 5.61816e-23)
(1.05543 -0.521302 6.84198e-24)
(1.01594 -0.440525 -5.24907e-23)
(0.950756 0.0142356 -1.68732e-22)
(0.244388 -0.180351 7.75697e-21)
(0.182641 -0.257401 -2.99894e-21)
(0.136304 -0.311757 2.63161e-21)
(0.05247 -0.311573 5.26096e-23)
(-0.0301206 -0.235818 1.53467e-21)
(-0.0678998 -0.0744351 -1.14953e-21)
(-0.0142247 0.129167 -5.85999e-22)
(0.078353 0.368419 -8.32927e-23)
(0.203737 0.551425 5.91184e-23)
(0.398508 0.561801 1.6914e-21)
(0.674494 0.312337 -5.59767e-21)
(0.935422 -0.0655141 5.5031e-21)
(1.07893 -0.334071 1.40178e-21)
(1.11113 -0.495555 -7.63341e-22)
(1.04909 -0.52153 -1.11875e-22)
(1.00465 -0.495066 -2.67113e-22)
(0.919336 -0.422509 1.38454e-22)
(0.825333 -0.432779 1.65497e-22)
(0.764085 -0.390405 -4.08526e-23)
(0.805824 -0.108772 3.91981e-23)
(0.888895 0.0893344 -2.02784e-22)
(0.860079 0.418303 1.1088e-22)
(0.81668 0.477255 -5.55376e-22)
(0.798106 0.44732 -3.07594e-23)
(0.888053 0.296688 2.4557e-22)
(0.994313 -0.121375 4.20471e-22)
(1.01484 -0.209126 -5.96397e-23)
(1.05897 -0.520513 2.51932e-23)
(1.01759 -0.437842 1.50896e-22)
(0.949207 0.0159861 3.78504e-23)
(0.341362 -0.166637 -5.84304e-21)
(0.287984 -0.238693 8.46137e-21)
(0.243959 -0.294971 -1.18795e-21)
(0.156635 -0.299132 -9.82926e-22)
(0.0586034 -0.235366 2.14486e-21)
(-0.00641037 -0.0913138 4.44702e-23)
(0.0202169 0.0951815 -9.21262e-23)
(0.100735 0.330277 7.2066e-22)
(0.234386 0.516613 -1.91811e-21)
(0.438904 0.534069 4.2865e-21)
(0.715091 0.295775 1.97989e-21)
(0.97394 -0.0726147 -3.0352e-21)
(1.10938 -0.333073 -1.29331e-21)
(1.133 -0.488276 1.35482e-21)
(1.06493 -0.514917 -3.3217e-22)
(1.01437 -0.489654 6.35402e-22)
(0.930498 -0.414163 -5.93558e-22)
(0.837127 -0.424686 1.81463e-22)
(0.774467 -0.39429 9.61134e-23)
(0.812496 -0.122356 2.14672e-23)
(0.893125 0.0799991 2.24744e-22)
(0.85752 0.417067 -9.98472e-24)
(0.811378 0.4796 2.54264e-22)
(0.793648 0.445887 -5.33013e-23)
(0.890005 0.292545 3.21732e-22)
(0.999391 -0.123118 5.8512e-23)
(1.01983 -0.210025 2.53316e-22)
(1.06232 -0.519561 -2.11788e-22)
(1.01901 -0.435044 -1.33939e-22)
(0.947525 0.0177981 8.55483e-23)
(0.443133 -0.153154 -6.87122e-22)
(0.399651 -0.221831 -3.17682e-21)
(0.358357 -0.27727 -4.15895e-21)
(0.269637 -0.284159 3.34644e-21)
(0.160185 -0.229878 1.31136e-21)
(0.0708524 -0.103471 -1.79559e-22)
(0.0690504 0.0656157 4.87471e-23)
(0.134504 0.292097 2.58228e-22)
(0.271824 0.480139 -6.64671e-22)
(0.480688 0.506233 -1.60671e-21)
(0.755205 0.280709 -1.62968e-21)
(1.01173 -0.0776684 -2.19931e-21)
(1.13867 -0.330221 5.07008e-21)
(1.1538 -0.479767 -3.18696e-21)
(1.08037 -0.507457 9.85674e-22)
(1.02387 -0.484165 -9.92527e-22)
(0.941486 -0.406196 -1.17635e-22)
(0.848779 -0.416467 -2.90804e-22)
(0.784203 -0.3978 1.07027e-22)
(0.819146 -0.135903 -2.48669e-22)
(0.897653 0.0705155 3.38423e-23)
(0.855335 0.415744 2.13653e-22)
(0.806374 0.481985 -1.65178e-22)
(0.789709 0.444331 2.29479e-22)
(0.892404 0.288349 -5.39261e-22)
(1.00463 -0.124776 4.27658e-22)
(1.02488 -0.210759 -4.47178e-22)
(1.06547 -0.51844 2.48296e-22)
(1.0202 -0.432133 3.44124e-23)
(0.945716 0.0196689 2.07695e-23)
(0.548358 -0.140086 2.52021e-22)
(0.51548 -0.206103 -2.00029e-21)
(0.476074 -0.259635 1.08183e-20)
(0.387193 -0.267627 -6.26585e-21)
(0.270817 -0.220565 2.91551e-21)
(0.162049 -0.110357 -4.96773e-22)
(0.132569 0.041363 2.66113e-22)
(0.179561 0.254954 -4.7415e-23)
(0.315124 0.442829 -9.82698e-22)
(0.523114 0.478627 -1.55263e-21)
(0.794896 0.26703 -2.41559e-22)
(1.04888 -0.0809398 -7.72742e-22)
(1.16669 -0.325641 4.3604e-21)
(1.17345 -0.470195 -2.4907e-21)
(1.09537 -0.499327 2.89492e-21)
(1.03315 -0.478725 2.01561e-22)
(0.952237 -0.398702 -9.48468e-22)
(0.860303 -0.408147 1.15205e-22)
(0.793354 -0.400952 2.661e-22)
(0.825532 -0.149422 1.12129e-22)
(0.902292 0.0608859 -5.14721e-22)
(0.853499 0.414306 1.37192e-22)
(0.801699 0.484401 1.66388e-22)
(0.786288 0.442655 -9.18564e-23)
(0.895263 0.284109 2.59722e-22)
(1.01005 -0.126335 -4.39121e-22)
(1.02999 -0.211314 -7.52256e-23)
(1.06843 -0.517145 3.19468e-22)
(1.0212 -0.429124 1.93914e-23)
(0.943788 0.0215941 -4.15619e-23)
(0.656679 -0.127728 -6.15145e-22)
(0.633671 -0.191307 -2.84805e-21)
(0.593456 -0.241912 -5.881e-21)
(0.504414 -0.250624 2.99701e-21)
(0.38558 -0.209081 -3.01776e-21)
(0.263895 -0.111644 8.70888e-22)
(0.210237 0.0225346 -2.11202e-22)
(0.235801 0.220099 3.84436e-22)
(0.363288 0.405557 -6.7864e-22)
(0.565615 0.451347 -1.9278e-21)
(0.834721 0.254379 3.59997e-21)
(1.08562 -0.0823472 -2.67944e-21)
(1.19328 -0.319467 1.18154e-21)
(1.19189 -0.460096 1.22177e-21)
(1.10986 -0.491125 8.43734e-22)
(1.04223 -0.473786 7.53339e-24)
(0.962716 -0.391959 -7.84505e-22)
(0.871693 -0.399806 4.19019e-22)
(0.802039 -0.403843 -6.63316e-24)
(0.831465 -0.163069 -1.40485e-22)
(0.906799 0.0509737 8.94251e-23)
(0.85197 0.412719 -1.52771e-22)
(0.797377 0.486839 1.20312e-22)
(0.783382 0.440868 -1.69097e-22)
(0.898623 0.279871 2.61891e-22)
(1.01564 -0.12771 2.21556e-22)
(1.03513 -0.211666 -1.2435e-22)
(1.07122 -0.515667 -8.17334e-23)
(1.022 -0.426041 -1.08746e-22)
(0.941756 0.0235631 -1.79175e-23)
(0.769661 -0.118229 -3.68171e-21)
(0.752331 -0.17853 7.71802e-21)
(0.70683 -0.225765 -4.31826e-21)
(0.616684 -0.23559 -2.79101e-21)
(0.499085 -0.198797 1.08282e-21)
(0.371823 -0.110893 8.80622e-23)
(0.30059 0.00964673 -5.71161e-23)
(0.304143 0.187864 -1.17169e-22)
(0.41643 0.370074 -1.72601e-22)
(0.608782 0.42537 6.14734e-22)
(0.876619 0.243977 -2.67052e-21)
(1.12241 -0.0800417 -2.09235e-21)
(1.21819 -0.311298 4.04737e-21)
(1.209 -0.449616 -4.08806e-22)
(1.12382 -0.482952 -7.09235e-22)
(1.05116 -0.469308 1.44585e-21)
(0.972935 -0.385942 -1.16515e-21)
(0.882942 -0.391376 4.01956e-22)
(0.810387 -0.406303 -2.71905e-22)
(0.836806 -0.176933 2.27089e-22)
(0.910862 0.0401619 8.24928e-23)
(0.850669 0.410781 -1.77482e-22)
(0.793415 0.48928 3.81805e-23)
(0.781003 0.439048 -3.58491e-23)
(0.90261 0.275825 -5.46943e-23)
(1.02144 -0.12878 -2.04709e-22)
(1.04026 -0.211814 6.01609e-23)
(1.07383 -0.514003 -1.51589e-23)
(1.0226 -0.422872 4.30783e-23)
(0.939648 0.0255766 3.72882e-23)
(0.891895 -0.112428 -1.2453e-20)
(0.86833 -0.163927 3.46482e-21)
(0.812067 -0.207118 -1.59293e-21)
(0.720061 -0.219068 7.83558e-21)
(0.606564 -0.187787 -2.19236e-21)
(0.480742 -0.108902 3.85182e-22)
(0.400543 -0.00369279 -7.67102e-22)
(0.387541 0.157159 8.17962e-22)
(0.481641 0.334604 -2.22324e-22)
(0.661197 0.401795 2.12085e-21)
(0.926738 0.237254 5.32134e-22)
(1.15991 -0.0750224 -5.24238e-21)
(1.24096 -0.300275 -8.65028e-22)
(1.22464 -0.436221 4.7461e-21)
(1.13719 -0.471998 -4.29617e-23)
(1.05996 -0.462847 -1.84908e-22)
(0.982877 -0.379201 -5.52526e-22)
(0.894041 -0.382313 -2.40536e-22)
(0.818498 -0.407361 -1.14624e-22)
(0.841404 -0.190061 2.04004e-22)
(0.914086 0.0288441 -1.65119e-22)
(0.849399 0.408055 -6.7132e-23)
(0.789714 0.491656 9.79323e-23)
(0.779308 0.437349 1.38081e-22)
(0.907586 0.271773 -2.28999e-22)
(1.02746 -0.129966 2.5003e-22)
(1.04535 -0.21188 3.46657e-23)
(1.07628 -0.512189 -4.99524e-23)
(1.02301 -0.419468 -1.04755e-23)
(0.937501 0.0277126 -1.30526e-23)
(1.04915 -0.0909645 0)
(0.9901 -0.129792 0)
(0.918667 -0.16481 0)
(0.82566 -0.175446 0)
(0.718586 -0.150085 0)
(0.597442 -0.0840589 0)
(0.514787 0.00125559 0)
(0.493657 0.138296 0)
(0.575691 0.291201 0)
(0.74805 0.349589 0)
(1.00137 0.199203 0)
(1.20482 -0.0846756 0)
(1.26602 -0.286772 0)
(1.24233 -0.414227 0)
(1.15297 -0.452282 0)
(1.07057 -0.449896 0)
(0.994588 -0.368382 0)
(0.907582 -0.370044 0)
(0.828413 -0.406115 0)
(0.845977 -0.202963 0)
(0.916404 0.0220914 0)
(0.846427 0.410727 0)
(0.784647 0.494902 0)
(0.779332 0.432281 0)
(0.915996 0.262728 0)
(1.03522 -0.133514 0)
(1.05158 -0.212108 0)
(1.07915 -0.509877 0)
(1.02324 -0.414793 0)
(0.934886 0.030555 0)
(1.15739 -0.0711964 0)
(1.09871 -0.108616 0)
(1.02401 -0.1396 0)
(0.934204 -0.146559 0)
(0.838083 -0.118104 0)
(0.730745 -0.0532685 0)
(0.654934 0.0206637 0)
(0.626875 0.132124 0)
(0.691824 0.258143 0)
(0.85536 0.297111 0)
(1.08836 0.149799 0)
(1.2611 -0.114189 0)
(1.2979 -0.294449 0)
(1.25721 -0.406283 0)
(1.1623 -0.437506 0)
(1.07515 -0.43466 0)
(1.00028 -0.354245 0)
(0.917765 -0.356539 0)
(0.839042 -0.399696 0)
(0.851998 -0.207266 0)
(0.918817 0.0237803 0)
(0.842729 0.419652 0)
(0.77932 0.499162 0)
(0.78118 0.42413 0)
(0.927176 0.247527 0)
(1.04526 -0.141008 0)
(1.05962 -0.215305 0)
(1.08239 -0.508513 0)
(1.02262 -0.407929 0)
(0.931333 0.0350668 0)
(1.22717 -0.0524195 0)
(1.1737 -0.0868971 0)
(1.10388 -0.113119 0)
(1.02267 -0.118022 0)
(0.940193 -0.0898181 0)
(0.850937 -0.0278628 0)
(0.790326 0.0359066 0)
(0.762259 0.128551 0)
(0.810929 0.231748 0)
(0.962052 0.251109 0)
(1.1716 0.10719 0)
(1.31337 -0.135176 0)
(1.32463 -0.292592 0)
(1.26856 -0.39088 0)
(1.17059 -0.419056 0)
(1.07994 -0.419073 0)
(1.0057 -0.340899 0)
(0.928263 -0.342656 0)
(0.849581 -0.39401 0)
(0.857664 -0.213028 0)
(0.920838 0.0257279 0)
(0.838753 0.430551 0)
(0.774948 0.50321 0)
(0.784988 0.414029 0)
(0.939879 0.230625 0)
(1.05613 -0.148407 0)
(1.0681 -0.217805 0)
(1.08544 -0.506 0)
(1.02126 -0.400575 0)
(0.927192 0.0399102 0)
(1.26806 -0.0343006 0)
(1.22098 -0.0660058 0)
(1.15906 -0.087714 0)
(1.08897 -0.0911928 0)
(1.0208 -0.0651633 0)
(0.950911 -0.00718181 0)
(0.909812 0.0484615 0)
(0.890281 0.12486 0)
(0.92926 0.206183 0)
(1.06589 0.207762 0)
(1.24827 0.0704116 0)
(1.35637 -0.149164 0)
(1.34356 -0.286053 0)
(1.27498 -0.374005 0)
(1.17622 -0.400047 0)
(1.08364 -0.40275 0)
(1.01032 -0.327425 0)
(0.938604 -0.32863 0)
(0.85975 -0.387703 0)
(0.862495 -0.218825 0)
(0.922234 0.0276714 0)
(0.834333 0.441909 0)
(0.772045 0.506678 0)
(0.791003 0.402278 0)
(0.954363 0.213067 0)
(1.06768 -0.155557 0)
(1.07686 -0.219881 0)
(1.08822 -0.502926 0)
(1.01903 -0.392489 0)
(0.922416 0.0450379 0)
(1.28679 -0.0181511 0)
(1.24685 -0.0473649 0)
(1.1937 -0.0652274 0)
(1.13525 -0.0676566 0)
(1.08035 -0.0447761 0)
(1.02822 0.00792082 0)
(1.00583 0.0566054 0)
(0.999891 0.119864 0)
(1.03765 0.181511 0)
(1.16039 0.167744 0)
(1.31211 0.0395472 0)
(1.38625 -0.157113 0)
(1.35354 -0.275431 0)
(1.27659 -0.355015 0)
(1.17945 -0.379846 0)
(1.08651 -0.385587 0)
(1.01416 -0.313915 0)
(0.948739 -0.314492 0)
(0.869455 -0.380708 0)
(0.866314 -0.223864 0)
(0.922737 0.030116 0)
(0.829292 0.453715 0)
(0.771024 0.50944 0)
(0.799549 0.388892 0)
(0.970778 0.194543 0)
(1.07985 -0.162597 0)
(1.08579 -0.221601 0)
(1.09069 -0.499018 0)
(1.01576 -0.383554 0)
(0.916948 0.0505387 0)
(1.29034 -0.0043868 0)
(1.2575 -0.0311621 0)
(1.21283 -0.0460107 0)
(1.1653 -0.0476338 0)
(1.12188 -0.0284378 0)
(1.08446 0.0179888 0)
(1.0766 0.0598013 0)
(1.08386 0.11222 0)
(1.12574 0.157378 0)
(1.23581 0.132011 0)
(1.35641 0.0155764 0)
(1.40074 -0.159131 0)
(1.35449 -0.261267 0)
(1.27377 -0.334691 0)
(1.18038 -0.359045 0)
(1.08862 -0.367766 0)
(1.01715 -0.300458 0)
(0.958604 -0.300309 0)
(0.878569 -0.37286 0)
(0.868956 -0.228059 0)
(0.922042 0.0332208 0)
(0.823527 0.466115 0)
(0.772089 0.511269 0)
(0.811036 0.373595 0)
(0.989213 0.174873 0)
(1.09257 -0.169388 0)
(1.09476 -0.222831 0)
(1.09276 -0.494185 0)
(1.01131 -0.373671 0)
(0.910728 0.0564402 0)
(1.28476 0.00724882 0)
(1.25834 -0.0171688 0)
(1.22131 -0.0298776 0)
(1.18325 -0.0309638 0)
(1.14947 -0.0155438 0)
(1.12343 0.0240722 0)
(1.12499 0.0588446 0)
(1.14155 0.101594 0)
(1.18783 0.133156 0)
(1.2853 0.100739 0)
(1.3781 -0.00193152 0)
(1.40028 -0.156398 0)
(1.34754 -0.244749 0)
(1.26739 -0.313745 0)
(1.17927 -0.337985 0)
(1.09014 -0.349389 0)
(1.01928 -0.287117 0)
(0.968114 -0.286147 0)
(0.887006 -0.364002 0)
(0.870162 -0.231262 0)
(0.919753 0.0370001 0)
(0.817017 0.478994 0)
(0.775404 0.511721 0)
(0.825958 0.356107 0)
(1.00971 0.154219 0)
(1.10574 -0.17573 0)
(1.1036 -0.22344 0)
(1.09438 -0.488273 0)
(1.00548 -0.36273 0)
(0.903704 0.0627318 0)
(1.27439 0.0169334 0)
(1.25354 -0.00519846 0)
(1.22319 -0.0164923 0)
(1.19291 -0.0173396 0)
(1.16704 -0.0055117 0)
(1.14941 0.027151 0)
(1.15611 0.0550359 0)
(1.17744 0.0888099 0)
(1.22501 0.109265 0)
(1.30906 0.0737932 0)
(1.37961 -0.0144017 0)
(1.38797 -0.150586 0)
(1.33469 -0.227113 0)
(1.25851 -0.292826 0)
(1.17636 -0.317018 0)
(1.09123 -0.330572 0)
(1.02054 -0.273942 0)
(0.977126 -0.272077 0)
(0.894761 -0.353929 0)
(0.869585 -0.233236 0)
(0.915346 0.0414208 0)
(0.809753 0.491986 0)
(0.781313 0.510231 0)
(0.844834 0.336288 0)
(1.0322 0.132832 0)
(1.11917 -0.181403 0)
(1.1121 -0.22329 0)
(1.09546 -0.481124 0)
(0.998095 -0.350612 0)
(0.895835 0.0693899 0)
(1.26214 0.0248517 0)
(1.246 0.0049316 0)
(1.22143 -0.00544466 0)
(1.19736 -0.00636938 0)
(1.17787 0.00219008 0)
(1.16625 0.0281763 0)
(1.17515 0.0496068 0)
(1.19779 0.0752007 0)
(1.24295 0.086786 0)
(1.31307 0.0509979 0)
(1.36701 -0.0232079 0)
(1.36816 -0.143232 0)
(1.31814 -0.209403 0)
(1.24817 -0.272409 0)
(1.17187 -0.296407 0)
(1.09204 -0.31141 0)
(1.02096 -0.260945 0)
(0.985409 -0.258174 0)
(0.901922 -0.342379 0)
(0.866833 -0.233694 0)
(0.908173 0.0464118 0)
(0.801655 0.50453 0)
(0.790412 0.50618 0)
(0.868091 0.314077 0)
(1.0565 0.111008 0)
(1.13261 -0.186157 0)
(1.12003 -0.22223 0)
(1.09593 -0.472563 0)
(0.98898 -0.337196 0)
(0.8871 0.0763793 0)
(1.24967 0.0312189 0)
(1.23749 0.0134099 0)
(1.2179 0.00357578 0)
(1.19879 0.00234329 0)
(1.18436 0.00800095 0)
(1.17696 0.0279185 0)
(1.18636 0.0435056 0)
(1.20811 0.0619205 0)
(1.2484 0.0666377 0)
(1.30507 0.0319893 0)
(1.34684 -0.0295344 0)
(1.34481 -0.135472 0)
(1.29969 -0.192341 0)
(1.23722 -0.25277 0)
(1.16597 -0.276336 0)
(1.09269 -0.292006 0)
(1.02067 -0.248087 0)
(0.992616 -0.244511 0)
(0.90867 -0.32905 0)
(0.861568 -0.232205 0)
(0.897468 0.0518852 0)
(0.792545 0.515878 0)
(0.803451 0.498863 0)
(0.89592 0.289477 0)
(1.08221 0.0891202 0)
(1.14574 -0.18971 0)
(1.12711 -0.220104 0)
(1.09571 -0.462404 0)
(0.977968 -0.322354 0)
(0.877515 0.0836476 0)
(1.23771 0.0362195 0)
(1.22884 0.0203823 0)
(1.21357 0.0108781 0)
(1.19852 0.00916665 0)
(1.18804 0.012271 0)
(1.18361 0.0269042 0)
(1.19265 0.0373448 0)
(1.21232 0.049655 0)
(1.24683 0.0492458 0)
(1.29131 0.0162882 0)
(1.32399 -0.0342737 0)
(1.32073 -0.12791 0)
(1.28057 -0.176323 0)
(1.22621 -0.234018 0)
(1.15883 -0.256914 0)
(1.09316 -0.272477 0)
(1.01992 -0.235276 0)
(0.998297 -0.231148 0)
(0.915235 -0.31364 0)
(0.853651 -0.228107 0)
(0.88238 0.0577877 0)
(0.782254 0.525042 0)
(0.821208 0.487452 0)
(0.92817 0.262614 0)
(1.10877 0.067649 0)
(1.15814 -0.191759 0)
(1.13302 -0.216761 0)
(1.09475 -0.450448 0)
(0.964926 -0.305958 0)
(0.867145 0.0911199 0)
(1.22647 0.0399663 0)
(1.22037 0.0259344 0)
(1.20882 0.0167096 0)
(1.19716 0.014399 0)
(1.18978 0.0152888 0)
(1.18746 0.0254428 0)
(1.19582 0.0314785 0)
(1.21281 0.0387098 0)
(1.24172 0.0346129 0)
(1.27562 0.00342847 0)
(1.30124 -0.0378926 0)
(1.29751 -0.120725 0)
(1.26152 -0.161509 0)
(1.21543 -0.216156 0)
(1.15074 -0.238184 0)
(1.0933 -0.252979 0)
(1.01913 -0.22236 0)
(1.00197 -0.21812 0)
(0.921803 -0.295873 0)
(0.84334 -0.220595 0)
(0.862109 0.0641149 0)
(0.770824 0.530737 0)
(0.844374 0.471015 0)
(0.964294 0.233794 0)
(1.13538 0.0471106 0)
(1.16934 -0.19201 0)
(1.13743 -0.21206 0)
(1.09301 -0.436496 0)
(0.949772 -0.287884 0)
(0.856134 0.0986927 0)
(1.2159 0.0425561 0)
(1.21211 0.0301542 0)
(1.20373 0.0211771 0)
(1.19494 0.0182722 0)
(1.19002 0.0172724 0)
(1.18915 0.0237075 0)
(1.19682 0.0260933 0)
(1.2109 0.02916 0)
(1.23487 0.022544 0)
(1.25991 -0.00692505 0)
(1.27982 -0.0406139 0)
(1.27582 -0.113872 0)
(1.24294 -0.147911 0)
(1.20494 -0.199149 0)
(1.1421 -0.220126 0)
(1.09279 -0.233717 0)
(1.01884 -0.209143 0)
(1.0033 -0.205421 0)
(0.928329 -0.275551 0)
(0.831588 -0.208781 0)
(0.836245 0.0708463 0)
(0.758861 0.531298 0)
(0.873472 0.448607 0)
(1.00331 0.203545 0)
(1.16104 0.0281576 0)
(1.17879 -0.190188 0)
(1.14001 -0.205892 0)
(1.09048 -0.42035 0)
(0.932504 -0.268021 0)
(0.84473 0.106228 0)
(1.20589 0.0440896 0)
(1.204 0.0331402 0)
(1.19832 0.0244135 0)
(1.19192 0.020975 0)
(1.18898 0.018403 0)
(1.18904 0.0217988 0)
(1.19612 0.0212743 0)
(1.20733 0.0209656 0)
(1.22712 0.0127699 0)
(1.24491 -0.0150058 0)
(1.26 -0.0425377 0)
(1.25586 -0.107222 0)
(1.22515 -0.135454 0)
(1.19458 -0.182964 0)
(1.13342 -0.202669 0)
(1.09124 -0.214934 0)
(1.01947 -0.195435 0)
(1.00243 -0.192943 0)
(0.93433 -0.252711 0)
(0.820411 -0.191668 0)
(0.805376 0.0779542 0)
(0.747844 0.524704 0)
(0.90868 0.419433 0)
(1.04381 0.172621 0)
(1.18457 0.0114123 0)
(1.18591 -0.186082 0)
(1.14042 -0.198187 0)
(1.08722 -0.401835 0)
(0.913249 -0.24628 0)
(0.833331 0.113544 0)
(1.19636 0.0446695 0)
(1.19599 0.0350022 0)
(1.19256 0.0265502 0)
(1.18811 0.0226688 0)
(1.1868 0.0188381 0)
(1.18737 0.0197868 0)
(1.19398 0.0170414 0)
(1.20251 0.0140522 0)
(1.21876 0.00499145 0)
(1.23082 -0.0211068 0)
(1.24173 -0.0437266 0)
(1.23753 -0.100662 0)
(1.20838 -0.124 0)
(1.18416 -0.1676 0)
(1.12521 -0.185712 0)
(1.08848 -0.196855 0)
(1.02106 -0.181171 0)
(1.00021 -0.18037 0)
(0.938866 -0.227796 0)
(0.812958 -0.168378 0)
(0.772461 0.0855822 0)
(0.739858 0.508832 0)
(0.949713 0.382998 0)
(1.08403 0.141975 0)
(1.20468 -0.00256046 0)
(1.19014 -0.179586 0)
(1.13843 -0.188924 0)
(1.08333 -0.380829 0)
(0.892325 -0.222612 0)
(0.82253 0.120409 0)
(1.18724 0.0444038 0)
(1.18804 0.0358596 0)
(1.18647 0.0277209 0)
(1.18356 0.0235006 0)
(1.18357 0.0187135 0)
(1.18436 0.0177365 0)
(1.19054 0.0133705 0)
(1.19674 0.00833809 0)
(1.20994 -0.0010753 0)
(1.21764 -0.0254745 0)
(1.22484 -0.044214 0)
(1.22066 -0.0941262 0)
(1.19282 -0.113378 0)
(1.17357 -0.153067 0)
(1.11773 -0.169182 0)
(1.08472 -0.179594 0)
(1.02311 -0.166499 0)
(0.998092 -0.167222 0)
(0.941069 -0.201584 0)
(0.812499 -0.139102 0)
(0.745595 0.0938552 0)
(0.739645 0.481747 0)
(0.996451 0.339367 0)
(1.12194 0.112845 0)
(1.22 -0.013175 0)
(1.191 -0.170711 0)
(1.13387 -0.178135 0)
(1.07897 -0.357288 0)
(0.870332 -0.197046 0)
(0.813177 0.126532 0)
(1.17848 0.0434053 0)
(1.18015 0.03584 0)
(1.18008 0.0280603 0)
(1.17836 0.0236103 0)
(1.17943 0.0181469 0)
(1.18025 0.0157095 0)
(1.18599 0.0102187 0)
(1.19026 0.00372357 0)
(1.20076 -0.00569694 0)
(1.20525 -0.0283362 0)
(1.20924 -0.0440264 0)
(1.20507 -0.0875928 0)
(1.17855 -0.103415 0)
(1.16288 -0.139351 0)
(1.1109 -0.153083 0)
(1.08057 -0.163111 0)
(1.02482 -0.151735 0)
(0.997466 -0.153095 0)
(0.941096 -0.174843 0)
(0.82061 -0.106218 0)
(0.738103 0.101553 0)
(0.758388 0.442426 0)
(1.04876 0.290212 0)
(1.15496 0.0868512 0)
(1.22919 -0.0200173 0)
(1.18818 -0.159647 0)
(1.12679 -0.165926 0)
(1.07432 -0.331257 0)
(0.848267 -0.169708 0)
(0.806434 0.131553 0)
(1.17006 0.0417836 0)
(1.17235 0.0350721 0)
(1.17344 0.0276979 0)
(1.17264 0.0231288 0)
(1.17448 0.0172393 0)
(1.17525 0.0137576 0)
(1.1805 0.00754131 0)
(1.18327 0.000138582 0)
(1.19139 -0.00909985 0)
(1.19357 -0.0299065 0)
(1.19485 -0.0431941 0)
(1.19063 -0.0810615 0)
(1.16554 -0.0939749 0)
(1.15238 -0.126383 0)
(1.10445 -0.137511 0)
(1.07675 -0.147262 0)
(1.02561 -0.137214 0)
(0.9988 -0.137852 0)
(0.940629 -0.148292 0)
(0.836135 -0.0736358 0)
(0.759445 0.106007 0)
(0.806406 0.392651 0)
(1.10258 0.239723 0)
(1.17924 0.0659894 0)
(1.2311 -0.0229039 0)
(1.18166 -0.146796 0)
(1.11743 -0.152532 0)
(1.06959 -0.302864 0)
(0.827667 -0.140834 0)
(0.803827 0.135058 0)
(1.16195 0.0396431 0)
(1.16468 0.0336823 0)
(1.16661 0.0267552 0)
(1.16653 0.0221774 0)
(1.1689 0.0160769 0)
(1.16959 0.0119213 0)
(1.17431 0.00529237 0)
(1.1759 -0.00253386 0)
(1.18198 -0.0114726 0)
(1.18247 -0.0303845 0)
(1.18162 -0.0417614 0)
(1.17724 -0.0745283 0)
(1.15368 -0.0849785 0)
(1.14232 -0.114043 0)
(1.09819 -0.1226 0)
(1.07364 -0.131932 0)
(1.02561 -0.123101 0)
(1.00148 -0.121819 0)
(0.942135 -0.122619 0)
(0.856753 -0.045688 0)
(0.804139 0.104659 0)
(0.87571 0.337414 0)
(1.14717 0.193237 0)
(1.19047 0.051662 0)
(1.22535 -0.02234 0)
(1.17189 -0.132759 0)
(1.10636 -0.138343 0)
(1.06483 -0.272416 0)
(0.810696 -0.110848 0)
(0.807237 0.136596 0)
(1.15417 0.0370809 0)
(1.15717 0.0317892 0)
(1.15969 0.0253442 0)
(1.16015 0.0208627 0)
(1.16284 0.0147359 0)
(1.16345 0.0102234 0)
(1.16763 0.00343304 0)
(1.1683 -0.0044426 0)
(1.17271 -0.0129756 0)
(1.1719 -0.0299521 0)
(1.16951 -0.0397885 0)
(1.16485 -0.0679811 0)
(1.1429 -0.076386 0)
(1.13287 -0.102213 0)
(1.09215 -0.108452 0)
(1.07116 -0.117135 0)
(1.0254 -0.109356 0)
(1.00465 -0.105751 0)
(0.946924 -0.0986484 0)
(0.88077 -0.0251706 0)
(0.855808 0.096331 0)
(0.941369 0.282277 0)
(1.17123 0.154256 0)
(1.18707 0.0434278 0)
(1.21313 -0.0195707 0)
(1.15975 -0.118211 0)
(1.09447 -0.123796 0)
(1.0599 -0.240497 0)
(0.800099 -0.0806003 0)
(0.818767 0.13572 0)
(1.14672 0.0341856 0)
(1.14988 0.0295005 0)
(1.15276 0.0235671 0)
(1.15365 0.0192764 0)
(1.15647 0.013283 0)
(1.15701 0.00867358 0)
(1.16067 0.00193402 0)
(1.16062 -0.0056815 0)
(1.16371 -0.0137335 0)
(1.16186 -0.0287721 0)
(1.15848 -0.0373424 0)
(1.15341 -0.0614128 0)
(1.13316 -0.0681677 0)
(1.12407 -0.0908149 0)
(1.08655 -0.0951033 0)
(1.06904 -0.102973 0)
(1.02549 -0.095909 0)
(1.00792 -0.0904097 0)
(0.954615 -0.0773977 0)
(0.906644 -0.0118863 0)
(0.900684 0.0829442 0)
(0.985275 0.231299 0)
(1.17274 0.123087 0)
(1.17235 0.039295 0)
(1.19701 -0.0160316 0)
(1.1463 -0.103705 0)
(1.08289 -0.109189 0)
(1.05431 -0.208012 0)
(0.798846 -0.0513768 0)
(0.840418 0.132068 0)
(1.13964 0.0310356 0)
(1.14288 0.0269097 0)
(1.14594 0.0215145 0)
(1.14714 0.0174939 0)
(1.14998 0.0117751 0)
(1.15045 0.00727139 0)
(1.15362 0.000768808 0)
(1.153 -0.00636072 0)
(1.1551 -0.0138552 0)
(1.1524 -0.0269891 0)
(1.14847 -0.0344871 0)
(1.14292 -0.054833 0)
(1.12445 -0.0602826 0)
(1.11591 -0.0798228 0)
(1.0816 -0.0825389 0)
(1.06703 -0.0895556 0)
(1.02609 -0.0828007 0)
(1.01136 -0.0763024 0)
(0.963825 -0.0594966 0)
(0.932217 -0.00402845 0)
(0.934154 0.0682077 0)
(1.00819 0.186587 0)
(1.1593 0.0980343 0)
(1.15242 0.0369047 0)
(1.17959 -0.0127911 0)
(1.13242 -0.0896223 0)
(1.07286 -0.0946246 0)
(1.04744 -0.17604 0)
(0.809242 -0.0249666 0)
(0.873265 0.125451 0)
(1.13298 0.0276989 0)
(1.13623 0.0240966 0)
(1.13933 0.0192646 0)
(1.14077 0.015577 0)
(1.14353 0.0102572 0)
(1.14395 0.00601206 0)
(1.14667 -8.94343e-05 0)
(1.14561 -0.00657906 0)
(1.14696 -0.0134353 0)
(1.1436 -0.0247298 0)
(1.13942 -0.0312794 0)
(1.1334 -0.0482663 0)
(1.11672 -0.0526789 0)
(1.10842 -0.0692448 0)
(1.07741 -0.0707247 0)
(1.06504 -0.0769231 0)
(1.02715 -0.0702136 0)
(1.01508 -0.0635974 0)
(0.973246 -0.0450567 0)
(0.95544 0.00037954 0)
(0.957767 0.0546147 0)
(1.01978 0.148512 0)
(1.1401 0.0773693 0)
(1.13241 0.0345989 0)
(1.16257 -0.0102615 0)
(1.11866 -0.0762418 0)
(1.06531 -0.0800931 0)
(1.03915 -0.1457 0)
(0.83126 -0.00352288 0)
(0.915731 0.115875 0)
(1.1268 0.0242306 0)
(1.13 0.0211256 0)
(1.13307 0.0168796 0)
(1.13467 0.013575 0)
(1.13729 0.00876112 0)
(1.13768 0.00488722 0)
(1.13998 -0.000670734 0)
(1.13861 -0.00642099 0)
(1.13938 -0.0125571 0)
(1.13554 -0.0221012 0)
(1.1313 -0.0277689 0)
(1.12488 -0.0417421 0)
(1.10994 -0.0453055 0)
(1.10164 -0.0590906 0)
(1.07394 -0.059625 0)
(1.06314 -0.0650558 0)
(1.0285 -0.0583619 0)
(1.01901 -0.0522243 0)
(0.982058 -0.0337862 0)
(0.975147 0.00276615 0)
(0.974608 0.0429322 0)
(1.02711 0.116508 0)
(1.12082 0.060183 0)
(1.11494 0.0316397 0)
(1.14668 -0.00834416 0)
(1.10554 -0.063789 0)
(1.06028 -0.0656557 0)
(1.03074 -0.117995 0)
(0.861251 0.0111877 0)
(0.961792 0.103499 0)
(1.12117 0.0206736 0)
(1.1243 0.0180477 0)
(1.12727 0.0144084 0)
(1.12898 0.0115265 0)
(1.13142 0.00730764 0)
(1.1318 0.00388808 0)
(1.13372 -0.00100742 0)
(1.13216 -0.00595731 0)
(1.13245 -0.0112952 0)
(1.12832 -0.0191895 0)
(1.1241 -0.0240008 0)
(1.1174 -0.0352812 0)
(1.10404 -0.0381204 0)
(1.09568 -0.0493486 0)
(1.07108 -0.049206 0)
(1.06141 -0.0538828 0)
(1.02997 -0.047405 0)
(1.02289 -0.0420319 0)
(0.989958 -0.0251431 0)
(0.990988 0.00396524 0)
(0.987111 0.0330962 0)
(1.03261 0.0897649 0)
(1.10382 0.0460009 0)
(1.10073 0.0278558 0)
(1.13218 -0.00676564 0)
(1.09368 -0.0523676 0)
(1.05675 -0.0516666 0)
(1.02474 -0.0934016 0)
(0.893003 0.0185367 0)
(1.00246 0.0887571 0)
(1.11619 0.0170527 0)
(1.11921 0.0148962 0)
(1.12206 0.0118813 0)
(1.12383 0.00945653 0)
(1.1261 0.0059036 0)
(1.12648 0.00300245 0)
(1.12805 -0.00113349 0)
(1.1264 -0.0052459 0)
(1.1263 -0.00971619 0)
(1.12203 -0.0160595 0)
(1.11785 -0.0200161 0)
(1.11102 -0.0288877 0)
(1.09899 -0.0310888 0)
(1.09062 -0.0399801 0)
(1.06873 -0.0394175 0)
(1.05996 -0.0433146 0)
(1.03142 -0.0373895 0)
(1.02646 -0.0328637 0)
(0.996857 -0.0185106 0)
(1.0031 0.00433119 0)
(0.996772 0.0248389 0)
(1.03663 0.0674585 0)
(1.08986 0.0343788 0)
(1.08956 0.023351 0)
(1.11922 -0.00531141 0)
(1.08372 -0.0418834 0)
(1.05356 -0.0387427 0)
(1.02285 -0.0718634 0)
(0.920944 0.0196707 0)
(1.03122 0.072564 0)
(1.11194 0.0133868 0)
(1.11486 0.0116957 0)
(1.11758 0.00932032 0)
(1.11939 0.007383 0)
(1.12149 0.00455161 0)
(1.12188 0.00222052 0)
(1.12314 -0.00108198 0)
(1.12148 -0.00433108 0)
(1.12104 -0.00787658 0)
(1.11676 -0.0127535 0)
(1.11261 -0.0158478 0)
(1.10578 -0.0225445 0)
(1.09479 -0.0241744 0)
(1.08651 -0.0309183 0)
(1.0668 -0.0301767 0)
(1.05881 -0.0332534 0)
(1.03273 -0.028235 0)
(1.02949 -0.0245853 0)
(1.00269 -0.0133044 0)
(1.01192 0.00405754 0)
(1.00433 0.0178988 0)
(1.0392 0.0487752 0)
(1.07908 0.0248172 0)
(1.08099 0.0183674 0)
(1.10803 -0.00392222 0)
(1.07597 -0.0320976 0)
(1.05034 -0.0274685 0)
(1.02444 -0.0530203 0)
(0.942541 0.0170033 0)
(1.04769 0.0559982 0)
(1.10855 0.00966441 0)
(1.11136 0.0084425 0)
(1.11397 0.00672264 0)
(1.1158 0.00530311 0)
(1.11775 0.0032371 0)
(1.11816 0.00152296 0)
(1.11918 -0.000887896 0)
(1.11753 -0.00324842 0)
(1.11683 -0.00582458 0)
(1.11261 -0.00929419 0)
(1.10845 -0.0115184 0)
(1.10172 -0.0162119 0)
(1.09147 -0.0173293 0)
(1.08338 -0.022068 0)
(1.06529 -0.0213621 0)
(1.05797 -0.0235803 0)
(1.03382 -0.0197704 0)
(1.03184 -0.017046 0)
(1.00734 -0.00902437 0)
(1.01796 0.00328209 0)
(1.01007 0.0120214 0)
(1.04059 0.032907 0)
(1.0713 0.01678 0)
(1.07466 0.0131565 0)
(1.09897 -0.00263361 0)
(1.0704 -0.0227579 0)
(1.04741 -0.0180417 0)
(1.02745 -0.0363656 0)
(0.957937 0.012654 0)
(1.0557 0.0397111 0)
(1.10613 0.00587389 0)
(1.10887 0.00512911 0)
(1.1114 0.00408062 0)
(1.11322 0.0032076 0)
(1.11507 0.00194285 0)
(1.11549 0.000886 0)
(1.11634 -0.000588917 0)
(1.11472 -0.00203092 0)
(1.11383 -0.00360126 0)
(1.10969 -0.00569001 0)
(1.10551 -0.00703596 0)
(1.09892 -0.0098301 0)
(1.08913 -0.0104829 0)
(1.08125 -0.013305 0)
(1.06423 -0.012806 0)
(1.05742 -0.0141418 0)
(1.03463 -0.0117613 0)
(1.03345 -0.0100463 0)
(1.01064 -0.00527006 0)
(1.02174 0.00214434 0)
(1.014 0.00692117 0)
(1.0412 0.0190305 0)
(1.06626 0.00973477 0)
(1.07039 0.00789432 0)
(1.09248 -0.00149146 0)
(1.06677 -0.0136444 0)
(1.04524 -0.0101829 0)
(1.03013 -0.0212918 0)
(0.968013 0.00774588 0)
(1.0593 0.02379 0)
(1.10484 0.00199086 0)
(1.10753 0.00173849 0)
(1.11001 0.00138352 0)
(1.11183 0.0010863 0)
(1.11363 0.000657659 0)
(1.11405 0.000297101 0)
(1.11481 -0.000202797 0)
(1.11322 -0.000691097 0)
(1.11223 -0.00122152 0)
(1.10815 -0.00192258 0)
(1.10394 -0.00237564 0)
(1.09744 -0.00330683 0)
(1.08788 -0.00352292 0)
(1.08013 -0.00446228 0)
(1.06366 -0.00428314 0)
(1.05713 -0.00472823 0)
(1.03507 -0.00391775 0)
(1.03429 -0.00332484 0)
(1.0124 -0.00174026 0)
(1.02358 0.000751899 0)
(1.01605 0.0022626 0)
(1.04139 0.00623976 0)
(1.06373 0.00319643 0)
(1.06818 0.0026302 0)
(1.089 -0.000482561 0)
(1.06495 -0.00455825 0)
(1.04407 -0.00328955 0)
(1.03163 -0.00703139 0)
(0.973166 0.00261642 0)
(1.06071 0.00794894 0)
(1.33749 0.121463 -4.35943e-21)
(1.33938 0.108559 1.00059e-20)
(1.33949 0.0952463 1.72495e-20)
(1.33724 0.0814229 -4.97872e-22)
(1.33187 0.0669458 9.19962e-21)
(1.32235 0.051722 9.49842e-21)
(1.30745 0.0355143 -4.03088e-21)
(1.28534 0.0185267 1.46301e-21)
(1.25573 0.00014957 -5.70504e-21)
(1.21226 -0.0180625 2.33383e-20)
(1.17012 -0.0378735 -6.19783e-21)
(1.08028 -0.0556242 7.30607e-21)
(1.32398 0.119955 8.57905e-21)
(1.32733 0.108397 2.63873e-21)
(1.32956 0.0965159 -1.1349e-20)
(1.33034 0.0842701 1.88843e-20)
(1.32931 0.0715245 -2.05804e-20)
(1.32563 0.0582919 -7.20478e-21)
(1.31917 0.0442392 5.40065e-21)
(1.30715 0.029668 -3.79315e-21)
(1.29305 0.013831 -3.03153e-20)
(1.26379 -0.00268411 -2.87925e-20)
(1.24564 -0.0195458 9.88333e-21)
(1.17575 -0.0419297 -1.07635e-20)
(1.3087 0.117976 1.17089e-21)
(1.31289 0.107772 -1.29204e-20)
(1.31641 0.0973166 7.59696e-22)
(1.31901 0.0866062 -2.43558e-20)
(1.32072 0.0755194 -1.52986e-20)
(1.32059 0.0640806 -8.70401e-21)
(1.31959 0.0520167 -6.54799e-22)
(1.31371 0.0393002 -7.52937e-21)
(1.30916 0.0258505 2.40026e-20)
(1.2898 0.0102674 6.13111e-21)
(1.28387 -0.00358401 -1.46449e-20)
(1.23703 -0.026701 -5.28116e-21)
(1.29294 0.115629 -1.08652e-20)
(1.29748 0.106663 7.6486e-21)
(1.30164 0.0974859 -1.60674e-20)
(1.30516 0.0880856 7.52112e-21)
(1.30833 0.0783813 2.523e-20)
(1.31 0.0683064 7.65864e-21)
(1.31178 0.0578271 1.02479e-20)
(1.30935 0.0464785 -2.50635e-21)
(1.30957 0.0351434 -8.77364e-22)
(1.29827 0.0210909 -9.44419e-21)
(1.29857 0.0101109 1.97683e-20)
(1.27173 -0.0102193 -1.02676e-20)
(1.27748 0.112695 4.20644e-21)
(1.28194 0.104767 6.38813e-22)
(1.2862 0.0966608 1.80912e-20)
(1.28995 0.0883392 1.6861e-20)
(1.29361 0.0797965 -1.48002e-20)
(1.29609 0.0708815 6.56632e-21)
(1.29908 0.0618216 -4.38232e-21)
(1.29902 0.0519016 3.37837e-21)
(1.3016 0.0424982 -6.09655e-21)
(1.2966 0.0305445 6.30315e-21)
(1.29946 0.0215824 -1.4154e-20)
(1.28626 0.00482773 1.71883e-20)
(1.26281 0.109344 2.83224e-22)
(1.26698 0.102318 1.70314e-21)
(1.27102 0.0951548 7.86753e-21)
(1.27468 0.0878082 -8.54061e-22)
(1.27837 0.0803358 -8.62696e-21)
(1.28126 0.0725501 -1.2156e-20)
(1.2847 0.0647774 3.35946e-21)
(1.28621 0.0562623 3.02428e-22)
(1.28952 0.0482961 1.14866e-20)
(1.28831 0.0382456 3.31753e-21)
(1.29165 0.0304905 1.25138e-20)
(1.28667 0.016981 4.88657e-22)
(1.24915 0.105806 9.70265e-22)
(1.25301 0.0996105 -5.65966e-21)
(1.25677 0.0933163 -1.08604e-20)
(1.26025 0.0868757 -7.80677e-21)
(1.26377 0.0803605 1.97496e-20)
(1.26678 0.073588 -7.52579e-21)
(1.27011 0.0668416 -1.69209e-20)
(1.27229 0.0595022 -1.19834e-20)
(1.27545 0.0525589 4.97231e-21)
(1.2762 0.0441317 2.58949e-21)
(1.27948 0.0373408 -1.02044e-20)
(1.27905 0.0265555 -8.6875e-21)
(1.23648 0.102147 -3.84166e-21)
(1.24007 0.0967142 3.87154e-21)
(1.24356 0.0912031 1.66187e-21)
(1.24683 0.0855707 -1.4022e-21)
(1.25007 0.0798729 2.02306e-21)
(1.25297 0.0739712 6.27472e-21)
(1.25598 0.068072 2.07878e-20)
(1.25837 0.0617633 1.82916e-20)
(1.26124 0.0557183 -1.14489e-20)
(1.26297 0.0487086 8.11383e-21)
(1.26607 0.042794 1.34298e-21)
(1.26773 0.0341361 9.46586e-21)
(1.22465 0.0983485 -1.13138e-21)
(1.228 0.0936038 4.77503e-23)
(1.23124 0.0887921 -1.43193e-21)
(1.2343 0.0838839 -1.27659e-21)
(1.23729 0.0789175 -5.40539e-21)
(1.24005 0.0738087 6.11691e-21)
(1.24282 0.0686901 -1.42868e-20)
(1.24525 0.0633114 -7.99185e-21)
(1.24788 0.058083 4.29951e-21)
(1.24995 0.0522268 -1.01051e-20)
(1.25276 0.0470699 -9.40423e-21)
(1.25514 0.0400314 -1.32368e-20)
(1.21353 0.094409 2.95247e-21)
(1.21668 0.0902857 -6.83614e-22)
(1.21971 0.0861091 7.59294e-22)
(1.22261 0.0818628 7.25998e-22)
(1.22541 0.0775694 -6.15509e-21)
(1.22805 0.0731806 -9.68946e-21)
(1.23065 0.0687692 6.19458e-21)
(1.23303 0.0641871 1.59916e-21)
(1.23545 0.0596741 -5.05767e-21)
(1.23754 0.054753 1.00997e-20)
(1.24012 0.0502835 4.68456e-21)
(1.24263 0.04453 -2.68266e-21)
(1.20307 0.0903452 1.34519e-21)
(1.20603 0.0867807 2.19351e-22)
(1.2089 0.0831764 -1.72827e-21)
(1.21165 0.0795233 -2.62115e-21)
(1.2143 0.0758317 -1.99533e-21)
(1.21684 0.0720744 9.4542e-22)
(1.21929 0.0682892 4.4168e-21)
(1.22159 0.0643935 -2.98562e-21)
(1.22387 0.0605289 -2.7257e-21)
(1.22595 0.0564061 -9.38891e-21)
(1.22838 0.0525725 2.48413e-21)
(1.23083 0.047872 1.01205e-20)
(1.19322 0.0861672 -9.77678e-23)
(1.19601 0.0830977 6.9906e-22)
(1.19871 0.0799995 -1.94656e-22)
(1.20133 0.0768679 1.76722e-21)
(1.20385 0.0737073 4.77772e-21)
(1.20628 0.0705043 5.22855e-21)
(1.20864 0.0672787 -7.2875e-21)
(1.21087 0.0639861 8.67382e-22)
(1.21308 0.0607064 3.91015e-21)
(1.21513 0.0572669 8.8814e-21)
(1.21745 0.0539997 -1.45697e-21)
(1.21981 0.0501747 2.30247e-21)
(1.18391 0.0818827 9.14421e-22)
(1.18654 0.079248 8.66168e-22)
(1.1891 0.0765942 1.17545e-21)
(1.19159 0.0739196 -1.35788e-21)
(1.194 0.0712264 -3.21005e-21)
(1.19634 0.0685084 2.50057e-21)
(1.19861 0.065775 4.19574e-23)
(1.20079 0.0630031 7.17804e-21)
(1.20294 0.0602333 1.11859e-21)
(1.20495 0.0573728 -3.82626e-21)
(1.20719 0.0546008 7.52591e-22)
(1.20947 0.0515119 -1.23719e-21)
(1.17511 0.0775032 -1.618e-21)
(1.1776 0.0752484 -8.42094e-22)
(1.18002 0.0729827 -1.11267e-21)
(1.18239 0.0707056 6.22688e-22)
(1.1847 0.0684182 2.75051e-21)
(1.18694 0.0661179 -1.15298e-21)
(1.18914 0.0638083 -6.44575e-22)
(1.19125 0.0614801 -4.63532e-21)
(1.19334 0.0591492 -7.51512e-22)
(1.19533 0.056779 3.68421e-21)
(1.1975 0.0544359 -4.5371e-22)
(1.19972 0.0519628 -3.94503e-21)
(1.1668 0.0730429 -1.76774e-21)
(1.16914 0.0711172 9.92748e-22)
(1.17144 0.0691865 1.58139e-21)
(1.17369 0.0672513 5.37432e-22)
(1.17589 0.0653118 -1.58426e-22)
(1.17805 0.0633681 -9.71929e-22)
(1.18016 0.0614204 2.29608e-21)
(1.18221 0.0594685 -1.36196e-21)
(1.18424 0.0575116 2.10532e-21)
(1.18619 0.055552 -1.24249e-21)
(1.18828 0.0535739 2.22102e-21)
(1.19046 0.0516069 1.9846e-21)
(1.16115 0.0668705 -3.80353e-22)
(1.16332 0.0652275 -2.01066e-23)
(1.16545 0.0635846 -3.07002e-22)
(1.16755 0.0619418 9.04019e-22)
(1.16961 0.0603006 1.05361e-21)
(1.17163 0.0586593 -9.96566e-22)
(1.17362 0.0570231 1.62388e-21)
(1.17558 0.0553803 -6.89833e-22)
(1.17749 0.0537591 -3.21444e-22)
(1.1795 0.0520878 -3.5474e-21)
(1.18162 0.0505289 -4.27422e-22)
(1.15357 0.0625255 5.13048e-22)
(1.15562 0.0611283 6.45996e-22)
(1.15765 0.0597338 -7.98215e-22)
(1.15964 0.0583423 -6.22812e-22)
(1.1616 0.0569558 9.93373e-23)
(1.16354 0.0555714 1.04691e-22)
(1.16544 0.0541975 -5.626e-22)
(1.16733 0.0528161 -2.66865e-21)
(1.16918 0.0514712 -2.43128e-21)
(1.17111 0.0500559 2.6704e-21)
(1.17316 0.0488202 -1.13026e-22)
(1.1464 0.0581002 -1.0457e-21)
(1.14834 0.0569118 -3.67573e-22)
(1.15025 0.0557276 9.29763e-22)
(1.15213 0.0545476 3.02583e-22)
(1.154 0.0533742 -1.07592e-22)
(1.15584 0.0522041 -1.89837e-21)
(1.15766 0.0510469 -5.27952e-22)
(1.15946 0.0498817 1.5714e-21)
(1.16125 0.0487604 6.62527e-22)
(1.16308 0.0475573 -2.31899e-22)
(1.16504 0.0465727 -1.8022e-21)
(1.13962 0.0536116 4.66143e-22)
(1.14143 0.0526003 -2.36397e-22)
(1.14323 0.0515935 -3.14141e-22)
(1.14501 0.0505914 -1.18348e-21)
(1.14678 0.0495959 -4.14295e-22)
(1.14852 0.0486039 5.48277e-22)
(1.15025 0.0476251 1.32832e-21)
(1.15196 0.046638 5.69647e-22)
(1.15367 0.0456966 -4.15848e-23)
(1.1554 0.0446688 -3.73708e-22)
(1.15726 0.0438763 1.19553e-21)
(1.13321 0.0490763 7.97551e-23)
(1.13491 0.0482152 -5.39523e-22)
(1.1366 0.0473583 -8.33672e-22)
(1.13827 0.0465055 -3.87791e-22)
(1.13993 0.0456588 4.57864e-22)
(1.14158 0.044815 7.89803e-22)
(1.14321 0.0439832 -2.06137e-22)
(1.14482 0.0431427 -5.47964e-22)
(1.14644 0.042346 -3.4034e-22)
(1.14807 0.0414634 1.13215e-22)
(1.14982 0.0408162 -1.477e-22)
(1.12717 0.0445093 -1.83148e-22)
(1.12876 0.0437762 -1.02858e-22)
(1.13034 0.0430464 1.0021e-21)
(1.13191 0.0423199 2.78806e-22)
(1.13346 0.041598 3.49988e-24)
(1.135 0.0408782 -9.04545e-22)
(1.13653 0.0401682 1.60027e-22)
(1.13805 0.0394495 2.50364e-22)
(1.13957 0.03877 1.48e-22)
(1.14109 0.0380084 3.95991e-22)
(1.14272 0.037471 -1.12098e-22)
(1.12152 0.0399233 -2.59501e-23)
(1.123 0.0393001 -2.98424e-22)
(1.12448 0.0386792 -6.44153e-22)
(1.12594 0.0380603 2.63396e-22)
(1.12739 0.0374446 2.49312e-23)
(1.12882 0.0368296 3.6042e-22)
(1.13025 0.0362221 -9.15679e-23)
(1.13166 0.0356055 3.64842e-22)
(1.13307 0.0350227 -5.77231e-22)
(1.13448 0.0343637 -1.02333e-21)
(1.13599 0.0339099 5.92248e-23)
(1.11626 0.0353283 3.57962e-22)
(1.11765 0.0348008 3.84267e-22)
(1.11902 0.0342744 1.17492e-22)
(1.12038 0.0337487 -3.854e-23)
(1.12172 0.0332247 3.85985e-22)
(1.12305 0.0327001 -6.63426e-23)
(1.12438 0.0321805 1.77885e-22)
(1.12569 0.0316518 -2.1821e-22)
(1.12699 0.0311507 4.80645e-22)
(1.12829 0.0305807 4.69708e-22)
(1.12967 0.0301928 2.95026e-22)
(1.11144 0.03073 -5.26769e-23)
(1.11272 0.030287 -1.43848e-22)
(1.114 0.0298441 3.28431e-22)
(1.11526 0.0294008 -8.88508e-24)
(1.11651 0.0289577 2.15653e-22)
(1.11774 0.028513 -2.10548e-24)
(1.11896 0.0280711 -4.68257e-22)
(1.12017 0.0276199 -6.31965e-23)
(1.12137 0.0271906 -6.46132e-22)
(1.12256 0.0267004 -1.02087e-22)
(1.12381 0.0263668 1.35348e-22)
(1.10708 0.0261291 -1.02591e-22)
(1.10828 0.0257626 -2.36345e-22)
(1.10946 0.0253952 1.02799e-22)
(1.11063 0.0250267 -1.83716e-22)
(1.11179 0.0246572 -4.46767e-22)
(1.11293 0.0242852 1.64185e-22)
(1.11405 0.0239141 -1.25664e-22)
(1.11516 0.0235341 3.30549e-22)
(1.11626 0.0231706 1.98597e-22)
(1.11735 0.0227545 -3.47036e-22)
(1.11848 0.0224691 -1.73202e-22)
(1.10324 0.0215163 -1.78368e-22)
(1.10436 0.0212206 1.89789e-22)
(1.10546 0.0209234 -1.79697e-22)
(1.10655 0.0206244 1.03274e-22)
(1.10762 0.0203237 2.59983e-22)
(1.10867 0.02002 8.8276e-23)
(1.10971 0.0197158 -8.17517e-23)
(1.11073 0.0194034 -9.98536e-23)
(1.11175 0.0191028 1.62774e-22)
(1.11273 0.0187582 2.92374e-22)
(1.11375 0.0185188 -1.28576e-22)
(1.09999 0.016883 5.61358e-23)
(1.10103 0.0166546 -9.89291e-23)
(1.10207 0.0164243 -1.56524e-22)
(1.10308 0.016192 2.45732e-22)
(1.10408 0.0159576 -4.3641e-23)
(1.10506 0.01572 -1.45051e-22)
(1.10602 0.0154812 -6.46286e-23)
(1.10697 0.0152349 -1.81008e-22)
(1.1079 0.0149967 2.29881e-22)
(1.10881 0.0147234 -6.82729e-23)
(1.10973 0.0145306 8.30183e-23)
(1.09738 0.0121891 1.19612e-22)
(1.09838 0.0120261 1.75749e-23)
(1.09935 0.0118616 -2.64135e-23)
(1.10031 0.0116951 -2.9742e-22)
(1.10125 0.0115266 4.18243e-22)
(1.10217 0.0113553 3.27159e-23)
(1.10307 0.0111825 -8.67019e-23)
(1.10395 0.0110037 -2.75185e-23)
(1.10482 0.01083 -1.55256e-22)
(1.10566 0.0106301 -2.10554e-23)
(1.10651 0.0104873 6.43261e-23)
(1.09552 0.00742735 1.01995e-22)
(1.09648 0.00732806 -1.53368e-23)
(1.09741 0.00722745 2.91852e-24)
(1.09833 0.00712534 -7.48832e-23)
(1.09923 0.0070217 -7.53584e-23)
(1.10011 0.00691603 1.12956e-22)
(1.10097 0.00680907 1.46633e-22)
(1.10181 0.00669815 -4.42012e-23)
(1.10263 0.0065899 1.91069e-24)
(1.10343 0.00646547 -5.3757e-23)
(1.10421 0.00637525 3.10841e-24)
(1.0945 0.00250532 5.62862e-23)
(1.09543 0.00247499 -1.76794e-22)
(1.09634 0.00244385 1.92069e-22)
(1.09723 0.0024118 -2.07522e-22)
(1.09811 0.00237877 -1.06601e-23)
(1.09897 0.00234457 -4.75058e-24)
(1.09981 0.00230942 5.59681e-23)
(1.10063 0.0022724 1.24051e-22)
(1.10143 0.00223574 -6.17448e-23)
(1.10221 0.00219308 5.40238e-23)
(1.10297 0.00216136 -2.53834e-23)
(0.994508 -0.521635 -4.37001e-23)
(0.973575 -0.463931 -2.15239e-24)
(0.961152 -0.000976519 1.93135e-24)
)
;

boundaryField
{
    inlet
    {
        type            uniformFixedValue;
        uniformValue    constant (1 0 0);
        value           nonuniform 0();
    }
    outlet
    {
        type            pressureInletOutletVelocity;
        value           nonuniform List<vector> 
51
(
(0.934886 0.030555 0)
(0.931333 0.0350668 0)
(0.927192 0.0399102 0)
(0.922416 0.0450379 0)
(0.916948 0.0505387 0)
(0.910728 0.0564402 0)
(0.903704 0.0627318 0)
(0.895835 0.0693899 0)
(0.8871 0.0763793 0)
(0.877515 0.0836476 0)
(0.867145 0.0911199 0)
(0.856134 0.0986927 0)
(0.84473 0.106228 0)
(0.833331 0.113544 0)
(0.82253 0.120409 0)
(0.813177 0.126532 0)
(0.806434 0.131553 0)
(0.803827 0.135058 0)
(0.807237 0.136596 0)
(0.818767 0.13572 0)
(0.840418 0.132068 0)
(0.873265 0.125451 0)
(0.915731 0.115875 0)
(0.961792 0.103499 0)
(1.00246 0.0887571 0)
(1.03122 0.072564 0)
(1.04769 0.0559982 0)
(1.0557 0.0397111 0)
(1.0593 0.02379 0)
(1.06071 0.00794894 0)
(0.960737 -0.000404043 -2.23144e-24)
(0.9603 0.000277672 1.37968e-23)
(0.959829 0.00106733 -9.98898e-24)
(0.959313 0.00196313 -3.03511e-24)
(0.95874 0.00296261 3.17135e-23)
(0.958098 0.00406277 -5.26837e-23)
(0.957374 0.00526005 5.76032e-23)
(0.956558 0.00655041 -4.99099e-23)
(0.955639 0.0079294 -2.3927e-25)
(0.954607 0.00939227 2.75319e-24)
(0.953453 0.0109341 -1.02089e-22)
(0.952171 0.0125501 1.87917e-22)
(0.950756 0.0142356 -1.68732e-22)
(0.949207 0.0159861 3.78504e-23)
(0.947525 0.0177981 8.55483e-23)
(0.945716 0.0196689 2.07695e-23)
(0.943788 0.0215941 -4.15619e-23)
(0.941756 0.0235631 -1.79175e-23)
(0.939648 0.0255766 3.72882e-23)
(0.937501 0.0277126 -1.30526e-23)
(0.961152 -0.000976519 1.93135e-24)
)
;
    }
    cylinder
    {
        type            fixedValue;
        value           uniform (0 0 0);
    }
    top
    {
        type            symmetryPlane;
    }
    bottom
    {
        type            symmetryPlane;
    }
    defaultFaces
    {
        type            empty;
    }
    procBoundary3to1
    {
        type            processor;
        value           nonuniform List<vector> 
41
(
(-0.00182772 -0.0361927 1.28129e-21)
(-0.00851871 -0.0997007 -3.20795e-21)
(-0.0208406 -0.15346 -2.57459e-21)
(-0.0362855 -0.195013 1.8033e-21)
(-0.0534332 -0.225908 -2.48402e-21)
(-0.0705079 -0.250197 -1.17955e-21)
(-0.0858371 -0.271976 1.2417e-21)
(-0.0983452 -0.29368 6.1957e-21)
(-0.107235 -0.315632 -2.19518e-21)
(-0.111589 -0.336342 2.27021e-21)
(-0.119691 -0.363079 1.58968e-22)
(-0.104 -0.374276 2.56573e-24)
(-0.0517415 -0.306056 -4.59204e-22)
(0.0262547 -0.146027 8.43791e-23)
(0.124181 0.106912 1.52755e-22)
(0.237041 0.384884 -3.55136e-22)
(0.335054 0.592718 1.71403e-22)
(0.397414 0.688359 1.16158e-22)
(0.413499 0.702326 -1.23456e-22)
(0.338535 0.715456 1.51377e-22)
(0.283083 0.589596 -2.29445e-22)
(0.428961 0.230944 5.3271e-23)
(0.61686 -0.14471 4.34296e-23)
(0.754251 -0.438781 3.55228e-23)
(0.822473 -0.514429 -6.18405e-23)
(0.857135 -0.56172 2.41539e-23)
(0.779127 -0.575739 3.85416e-23)
(0.657399 -0.544353 1.086e-23)
(0.671392 -0.303044 4.84076e-23)
(0.808052 0.0843778 5.98829e-23)
(0.908433 0.20507 -5.76169e-24)
(0.936702 0.426657 -3.51849e-23)
(0.901099 0.451068 1.23968e-23)
(0.898388 0.456116 -2.58386e-23)
(0.907749 0.341051 -1.3116e-23)
(0.940656 -0.091557 -1.03282e-23)
(0.961667 -0.184808 1.28285e-23)
(0.989014 -0.521308 -9.49614e-23)
(0.969398 -0.464765 3.45127e-24)
(0.961557 -0.00143911 1.08436e-23)
(0.961667 -0.184808 1.28285e-23)
)
;
    }
    procBoundary3to2
    {
        type            processor;
        value           nonuniform List<vector> 
50
(
(-0.012031 0.0101906 -9.81088e-20)
(-0.012031 0.0101906 -9.81088e-20)
(0.0130305 0.00684472 3.81495e-20)
(0.0130305 0.00684472 3.81495e-20)
(0.0267085 0.000918434 -1.78536e-20)
(0.144132 -0.0120679 -8.30587e-21)
(0.144132 -0.0120679 -8.30587e-21)
(0.361089 -0.0173959 3.93482e-20)
(0.361089 -0.0173959 3.93482e-20)
(0.667103 0.00156834 1.34682e-20)
(0.905511 0.0261956 -8.24728e-20)
(0.905511 0.0261956 -8.24728e-20)
(1.16245 0.0703606 8.67659e-21)
(1.16245 0.0703606 8.67659e-21)
(1.30466 0.105642 8.62507e-21)
(1.30466 0.105642 8.62507e-21)
(1.35189 0.127076 4.80432e-22)
(1.34968 0.120028 1.34725e-20)
(1.34968 0.120028 1.34725e-20)
(1.33423 0.134042 1.48117e-20)
(1.31972 0.131246 -7.00937e-21)
(1.30391 0.127972 1.14899e-21)
(1.288 0.124422 5.85554e-22)
(1.27272 0.120467 -2.31034e-21)
(1.25839 0.116234 -1.48196e-21)
(1.24509 0.111889 3.36086e-21)
(1.23272 0.107486 1.14986e-21)
(1.22114 0.103017 -2.08684e-21)
(1.21026 0.0984732 1.77065e-21)
(1.20001 0.0938668 -1.65923e-21)
(1.19034 0.0892067 1.29657e-21)
(1.1812 0.0844976 -1.85054e-21)
(1.17257 0.0797463 1.04991e-21)
(1.16441 0.074963 2.07702e-22)
(1.15894 0.0685126 -2.02684e-21)
(1.15894 0.0685126 -2.02684e-21)
(1.15149 0.0639247 3.12829e-22)
(1.14445 0.059292 -2.6582e-22)
(1.13778 0.0546267 7.34895e-22)
(1.13149 0.0499409 -4.66309e-23)
(1.12556 0.0452453 2.83829e-22)
(1.12002 0.0405483 -4.46759e-22)
(1.11486 0.0358567 3.61057e-22)
(1.11014 0.0311729 -2.50418e-22)
(1.10587 0.0264947 -1.62074e-22)
(1.10211 0.0218107 -1.73076e-23)
(1.09892 0.01711 -6.98612e-23)
(1.09637 0.0123506 1.73027e-22)
(1.09455 0.00752546 -4.21948e-23)
(1.09355 0.00253494 -1.59512e-23)
)
;
    }
}


// ************************************************************************* //
