/*--------------------------------*- C++ -*----------------------------------*\
  =========                 |
  \\      /  F ield         | OpenFOAM: The Open Source CFD Toolbox
   \\    /   O peration     | Website:  https://openfoam.org
    \\  /    A nd           | Version:  7
     \\/     M anipulation  |
\*---------------------------------------------------------------------------*/
FoamFile
{
    version     2.0;
    format      ascii;
    class       volVectorField;
    location    "115";
    object      U;
}
// * * * * * * * * * * * * * * * * * * * * * * * * * * * * * * * * * * * * * //

dimensions      [0 1 -1 0 0 0 0];

internalField   nonuniform List<vector> 
2125
(
(0.000256526 -0.0593823 1.06884e-21)
(-0.00343938 -0.142314 -3.06368e-21)
(-0.0144086 -0.19798 -3.57059e-21)
(-0.0297926 -0.231037 3.55033e-21)
(-0.047666 -0.248714 -3.26854e-21)
(-0.0660432 -0.258327 -1.75138e-21)
(-0.08342 -0.265067 3.01828e-21)
(-0.0990897 -0.271135 3.75616e-21)
(-0.11252 -0.27605 -6.22588e-22)
(-0.123322 -0.277103 1.8722e-21)
(0.00187905 -0.0569803 -1.18249e-21)
(-0.000909048 -0.136053 3.64323e-21)
(-0.0132339 -0.188912 -8.43174e-21)
(-0.0308291 -0.220321 7.64916e-21)
(-0.051245 -0.237491 3.55812e-22)
(-0.0722299 -0.247492 5.68335e-21)
(-0.0922521 -0.255162 -9.91714e-21)
(-0.110784 -0.26236 -1.46261e-20)
(-0.127485 -0.268365 -2.85095e-21)
(-0.142366 -0.270332 6.53356e-21)
(0.00324785 -0.0536742 1.0454e-21)
(0.00111013 -0.128098 7.82705e-21)
(-0.0125359 -0.177987 1.85117e-20)
(-0.0320944 -0.207884 -1.67671e-20)
(-0.054634 -0.224765 -3.75252e-21)
(-0.0776572 -0.235327 -3.46385e-21)
(-0.0995884 -0.243991 1.76529e-20)
(-0.120036 -0.252257 1.11546e-20)
(-0.138786 -0.259153 2.84281e-21)
(-0.156125 -0.261728 -2.01418e-20)
(0.00428695 -0.0495402 3.68991e-21)
(0.00251508 -0.118628 -4.62209e-21)
(-0.012373 -0.16544 -3.411e-20)
(-0.0335946 -0.193979 3.05948e-21)
(-0.0577973 -0.210793 9.416e-21)
(-0.0822608 -0.2221 -7.27835e-21)
(-0.105339 -0.231864 -5.53354e-22)
(-0.126716 -0.241205 -2.94211e-21)
(-0.146225 -0.24886 6.82266e-21)
(-0.164265 -0.251776 1.95708e-20)
(0.00493363 -0.0446825 2.52402e-21)
(0.00322736 -0.107862 -1.44558e-20)
(-0.0127806 -0.15153 3.49805e-20)
(-0.0353179 -0.178866 -1.58032e-20)
(-0.0606896 -0.195827 -8.31537e-23)
(-0.0859791 -0.20807 2.19423e-20)
(-0.109439 -0.219082 -1.0182e-20)
(-0.130757 -0.229589 1.23555e-21)
(-0.149729 -0.237976 -4.18128e-21)
(-0.166639 -0.241021 1.1642e-21)
(0.00514244 -0.0392289 3.01556e-20)
(0.00319916 -0.0960499 3.69757e-20)
(-0.0137632 -0.136535 -9.55e-21)
(-0.0372254 -0.162809 1.81593e-20)
(-0.0632413 -0.180106 5.62097e-21)
(-0.0887299 -0.193471 -8.20584e-21)
(-0.111811 -0.205916 -3.12082e-21)
(-0.132104 -0.217767 -1.3399e-20)
(-0.149294 -0.226986 2.89054e-21)
(-0.163215 -0.230032 -1.74151e-20)
(0.00488865 -0.0333269 -2.90385e-20)
(0.00241825 -0.0834646 -1.92298e-20)
(-0.0152888 -0.120746 1.55337e-20)
(-0.0392415 -0.146071 -2.69253e-20)
(-0.0653417 -0.163852 2.987e-21)
(-0.0903829 -0.1785 3.15822e-20)
(-0.112327 -0.192577 -5.67173e-21)
(-0.130653 -0.206034 3.70304e-20)
(-0.144897 -0.21633 -9.8968e-22)
(-0.15395 -0.219361 -1.45541e-20)
(0.00417091 -0.0271397 2.39741e-20)
(0.000911566 -0.0703971 -4.3743e-20)
(-0.0172842 -0.104463 -1.74602e-20)
(-0.0412454 -0.128909 2.06202e-20)
(-0.0668245 -0.147266 5.99049e-22)
(-0.0907321 -0.163311 -5.9116e-20)
(-0.110754 -0.179203 -3.39419e-21)
(-0.126171 -0.194572 -2.89793e-20)
(-0.136389 -0.206336 -3.67428e-20)
(-0.138646 -0.209486 2.12262e-20)
(0.00301269 -0.0208407 -1.33452e-20)
(-0.00125327 -0.0571508 6.56699e-21)
(-0.0196332 -0.0879927 1.60483e-20)
(-0.043068 -0.111582 -1.42733e-20)
(-0.0674581 -0.130538 -5.0455e-20)
(-0.089475 -0.148018 1.74323e-20)
(-0.106719 -0.165849 2.56058e-21)
(-0.118219 -0.183425 4.32638e-20)
(-0.123384 -0.19716 5.55558e-20)
(-0.116801 -0.200722 -2.45891e-20)
(0.00146242 -0.014608 2.08352e-20)
(-0.00396903 -0.0440349 1.91336e-20)
(-0.0221788 -0.0716493 -2.78265e-21)
(-0.0444935 -0.0943529 7.13145e-20)
(-0.0669454 -0.113853 3.03833e-20)
(-0.0862061 -0.132712 2.27716e-20)
(-0.099685 -0.152493 3.20952e-20)
(-0.106103 -0.172482 -1.40569e-20)
(-0.105172 -0.188737 -1.8479e-20)
(-0.0874838 -0.193132 -2.89528e-20)
(-0.000408521 -0.00861783 -2.05119e-21)
(-0.00709308 -0.0313574 -3.02981e-20)
(-0.0247294 -0.0557504 -2.18662e-20)
(-0.0452683 -0.0774961 -3.51774e-20)
(-0.0649366 -0.0974107 -2.7889e-20)
(-0.080432 -0.117487 2.81286e-20)
(-0.0889695 -0.139082 -2.68765e-20)
(-0.088884 -0.161498 -1.83358e-20)
(-0.0807176 -0.180761 2.38088e-21)
(-0.0493494 -0.186385 7.94602e-21)
(-0.00250971 -0.0030363 -5.7313e-20)
(-0.0104548 -0.0194171 2.7612e-20)
(-0.0270694 -0.0406161 2.02515e-20)
(-0.0451167 -0.0613031 1.36095e-20)
(-0.0610532 -0.0814452 -2.48776e-20)
(-0.0716094 -0.10248 -2.09289e-20)
(-0.0737993 -0.125583 3.01724e-20)
(-0.0654491 -0.150166 -2.43662e-20)
(-0.048719 -0.172727 -1.8342e-21)
(-0.000926156 -0.179476 -2.36079e-20)
(-0.00473569 0.00198516 4.80194e-20)
(-0.0138648 -0.00849328 1.9735e-20)
(-0.0289721 -0.0265628 1.18273e-21)
(-0.0437602 -0.0460844 -2.47627e-20)
(-0.0549216 -0.0662344 1.72953e-21)
(-0.0592032 -0.0879018 2.77398e-20)
(-0.0534068 -0.112067 -7.8111e-21)
(-0.0346458 -0.138258 -9.37889e-21)
(-0.00754979 -0.164232 -2.0155e-20)
(0.0588517 -0.170499 3.62674e-20)
(-0.00697391 0.00632446 3.26268e-20)
(-0.0171231 0.00116683 -5.31907e-20)
(-0.0302111 -0.0138937 -4.13202e-20)
(-0.0409357 -0.0321622 1.78724e-20)
(-0.0462056 -0.052102 3.67065e-20)
(-0.0427504 -0.0740546 3.13444e-20)
(-0.027167 -0.0987488 -3.30984e-20)
(0.0043585 -0.125738 6.29905e-20)
(0.0449721 -0.155459 -1.90119e-20)
(0.130899 -0.157949 -4.14124e-20)
(-0.00911652 0.00989491 -4.8916e-20)
(-0.0200351 0.00936016 2.96238e-20)
(-0.0305701 -0.0028841 -1.44431e-20)
(-0.0364047 -0.0198566 1.50445e-21)
(-0.0346233 -0.0393985 1.56224e-20)
(-0.0218914 -0.0613057 -4.94541e-20)
(0.00534898 -0.0859528 4.35712e-20)
(0.0514416 -0.112662 -4.1999e-20)
(0.11002 -0.145976 6.55135e-20)
(0.216784 -0.14233 2.22465e-20)
(-0.0110634 0.0126469 1.04875e-20)
(-0.022417 0.0159397 5.79637e-20)
(-0.0298482 0.00623541 -1.47173e-20)
(-0.0299521 -0.00945953 1.49483e-20)
(-0.0199389 -0.0284647 1.76724e-20)
(0.00365193 -0.0500421 -5.36099e-21)
(0.0446201 -0.0740708 3.77946e-20)
(0.106782 -0.0997828 2.17095e-21)
(0.186102 -0.134918 -4.11886e-20)
(0.314767 -0.124571 5.32183e-20)
(-0.0127304 0.0145728 -2.78953e-20)
(-0.0240997 0.0208229 -5.49829e-20)
(-0.0278541 0.0132975 4.7954e-20)
(-0.0213738 -0.00120234 2.42783e-20)
(-0.00193808 -0.0195856 -1.13059e-19)
(0.0340632 -0.0406262 9.25061e-20)
(0.090681 -0.0636375 -8.31298e-20)
(0.170785 -0.0879172 1.52176e-21)
(0.272787 -0.12216 -1.75705e-20)
(0.419756 -0.10486 -4.84236e-20)
(-0.0140534 0.0157049 2.43272e-20)
(-0.0249302 0.0239964 -3.34633e-21)
(-0.0243951 0.0182155 -1.17738e-20)
(-0.0104524 0.0047779 -1.30635e-21)
(0.0196336 -0.0129506 -7.13603e-21)
(0.0695783 -0.0332536 -2.94023e-20)
(0.143604 -0.0548163 1.23114e-20)
(0.24298 -0.0771352 -1.95632e-20)
(0.369481 -0.107463 6.25346e-21)
(0.525728 -0.0835404 1.72223e-21)
(-0.0149882 0.0161088 -4.96997e-20)
(-0.024766 0.0255154 -3.65446e-21)
(-0.0192556 0.020993 5.50125e-21)
(0.00308848 0.00843281 2.25256e-21)
(0.0451007 -0.00859004 3.71622e-20)
(0.110556 -0.0279002 -1.08741e-19)
(0.203612 -0.0475066 7.28675e-20)
(0.32318 -0.0674583 -5.40688e-20)
(0.474489 -0.089632 4.31018e-20)
(0.627134 -0.0617152 4.45574e-20)
(-0.0155075 0.0158739 -6.10756e-21)
(-0.0234705 0.0254961 2.778e-20)
(-0.0121927 0.0217191 -3.5119e-20)
(0.0196141 0.00984977 -1.10751e-20)
(0.0749178 -0.00634999 2.14528e-20)
(0.157486 -0.0243188 1.03401e-19)
(0.270947 -0.0413315 -2.05631e-20)
(0.41133 -0.0583535 1.01884e-20)
(0.584813 -0.0679604 -5.06967e-20)
(0.72241 -0.0445256 2.11099e-20)
(-0.0155937 0.0151034 -1.82638e-20)
(-0.0209002 0.0241049 -1.42231e-20)
(-0.00291366 0.0205813 3.47225e-21)
(0.0395663 0.00926614 1.39203e-20)
(0.10967 -0.0059161 -4.14455e-20)
(0.210948 -0.0220267 -1.68586e-20)
(0.34571 -0.0356645 -5.27128e-20)
(0.506696 -0.0485585 5.26347e-20)
(0.695261 -0.044692 5.35002e-20)
(0.815987 -0.0401221 -2.17654e-20)
(-0.0152304 0.013902 -8.70089e-21)
(-0.0168919 0.0215437 3.5453e-20)
(0.00893078 0.0178522 -3.99201e-20)
(0.0634848 0.00704046 -4.66365e-21)
(0.150021 -0.0067908 -1.89377e-20)
(0.271482 -0.0203239 4.13473e-20)
(0.427677 -0.0296768 5.30536e-20)
(0.607164 -0.0368324 -4.97671e-20)
(0.799175 -0.0256107 5.07942e-20)
(0.931872 -0.0306768 6.43142e-21)
(-0.0143924 0.012367 -2.51759e-20)
(-0.0112552 0.0180371 -7.18055e-20)
(0.0237448 0.0138732 7.02919e-20)
(0.0919732 0.00364833 1.01893e-20)
(0.196632 -0.00831915 1.50714e-20)
(0.33938 -0.0183534 8.84062e-21)
(0.515991 -0.022475 4.01331e-20)
(0.709264 -0.0229857 2.88987e-20)
(0.898626 -0.00799644 -9.94374e-20)
(1.03228 -0.0104455 -4.61716e-20)
(-0.00376683 0.0138185 1.74067e-20)
(0.0419734 0.00903759 -3.96363e-20)
(0.125644 -0.000339753 7.78793e-21)
(0.250038 -0.00973132 1.26193e-20)
(0.414463 -0.0152015 -8.97053e-20)
(0.608918 -0.013277 3.90632e-20)
(0.809485 -0.00717706 -2.58969e-20)
(0.990032 0.0103439 2.67254e-20)
(1.11229 0.0102004 -8.90185e-21)
(0.0640754 0.00377271 -1.83434e-21)
(0.165046 -0.00428939 -1.09141e-20)
(0.310488 -0.0102029 5.07626e-22)
(0.495883 -0.0100322 9.26727e-22)
(0.703881 -0.00161721 -5.9502e-20)
(0.904465 0.01033 7.77898e-21)
(1.0703 0.0291627 7.04439e-20)
(1.17719 0.0307192 3.04418e-20)
(0.0904856 -0.00147587 6.73629e-20)
(0.210569 -0.00753738 1.71348e-21)
(0.377794 -0.00893083 -2.81437e-20)
(0.582044 -0.00222342 7.5911e-20)
(0.797824 0.0125751 1.6331e-20)
(0.991323 0.0290949 5.81319e-22)
(1.13842 0.0481249 -3.11223e-20)
(1.22678 0.0503363 -3.88453e-20)
(0.262365 -0.00942656 -2.79509e-20)
(0.451226 -0.00521728 4.60971e-20)
(0.670704 0.00853986 -2.26425e-20)
(0.887712 0.0290344 -2.51541e-20)
(1.06814 0.048623 -6.09451e-21)
(1.19415 0.0668265 -1.77729e-20)
(1.26389 0.0687235 1.84694e-20)
(0.529484 0.00145097 2.48939e-20)
(0.75926 0.0222511 -8.23876e-20)
(0.971006 0.0473032 5.22724e-20)
(1.134 0.0684523 -2.35323e-20)
(1.23833 0.0849721 3.45285e-20)
(1.29051 0.0859065 9.2012e-21)
(1.04592 0.0668705 -1.37526e-20)
(1.18884 0.0882176 1.10156e-20)
(1.27222 0.102405 -2.6312e-20)
(1.30883 0.101956 -2.60242e-20)
(1.23327 0.107667 -3.46283e-20)
(1.29731 0.119079 6.42073e-22)
(1.32067 0.117052 1.80647e-20)
(1.31509 0.135032 2.57472e-20)
(1.32756 0.131376 -1.08333e-20)
(-0.144641 -0.268879 -1.57663e-22)
(-0.145518 -0.217376 3.34992e-23)
(-0.117847 -0.0900361 2.2571e-22)
(-0.0631429 0.117945 -2.29062e-22)
(0.0175436 0.365232 5.48307e-23)
(0.0968032 0.566651 1.39154e-22)
(0.150812 0.681543 -2.28531e-24)
(0.145703 0.738766 -6.57745e-23)
(0.111576 0.688962 -5.16417e-23)
(0.233404 0.436434 -5.55226e-23)
(0.463442 0.0284349 4.52872e-24)
(0.638858 -0.307428 -1.00721e-22)
(0.750688 -0.514075 5.25972e-23)
(0.80527 -0.586197 -1.31949e-23)
(0.810122 -0.558942 -7.90242e-24)
(0.720205 -0.620471 -7.36468e-24)
(0.616419 -0.508083 4.88256e-23)
(0.633452 -0.243449 9.35867e-23)
(0.790615 0.118964 3.61546e-24)
(0.899397 0.321676 3.59238e-23)
(0.916217 0.37676 -1.48304e-23)
(0.87404 0.552705 -9.74753e-24)
(0.853321 0.409225 -3.63081e-24)
(0.866792 0.320476 -1.42989e-23)
(0.930333 0.0195748 -2.05244e-23)
(0.959814 -0.331411 -1.38116e-23)
(0.979648 -0.339764 7.20819e-24)
(0.977795 -0.573371 4.03375e-23)
(0.968862 -0.19268 2.51605e-24)
(0.964429 0.190924 -8.70041e-24)
(-0.172595 -0.263154 7.37269e-23)
(-0.182622 -0.220683 -4.92342e-22)
(-0.165454 -0.100715 -7.9857e-23)
(-0.116661 0.0998137 5.68112e-22)
(-0.0363074 0.344086 -9.83899e-23)
(0.0459839 0.548797 -5.8564e-22)
(0.107078 0.673818 3.50854e-22)
(0.11017 0.740276 -3.34685e-22)
(0.108417 0.67878 1.89025e-22)
(0.264978 0.405182 -4.63635e-22)
(0.501211 -0.004457 7.86735e-22)
(0.674959 -0.330351 -6.24573e-22)
(0.777368 -0.526474 5.03711e-23)
(0.821095 -0.59057 2.95982e-22)
(0.820465 -0.553109 -3.80253e-23)
(0.733659 -0.607416 -4.15508e-23)
(0.62049 -0.502376 -1.6495e-22)
(0.627677 -0.253995 1.41093e-22)
(0.780548 0.102897 1.09901e-22)
(0.891434 0.313975 -1.43745e-22)
(0.909681 0.377864 -3.52935e-23)
(0.865209 0.555916 6.04161e-23)
(0.846123 0.40936 -4.67919e-24)
(0.861986 0.31729 -5.29972e-23)
(0.933061 0.0157942 4.13785e-23)
(0.964752 -0.33315 1.339e-22)
(0.983125 -0.340622 6.81399e-25)
(0.983798 -0.572748 -7.60159e-23)
(0.969759 -0.192464 -1.68865e-25)
(0.962505 0.191228 5.04759e-23)
(-0.193294 -0.255441 3.40054e-21)
(-0.211898 -0.222418 -2.637e-21)
(-0.205562 -0.110847 1.86112e-21)
(-0.164434 0.0806086 -1.70323e-21)
(-0.0852408 0.321102 -5.25025e-22)
(-0.000482084 0.528927 2.8824e-21)
(0.0676364 0.663999 -9.39196e-22)
(0.0810982 0.73782 -9.28769e-22)
(0.116431 0.663764 4.11867e-22)
(0.301338 0.373001 -6.16262e-23)
(0.540892 -0.035764 2.08713e-22)
(0.711894 -0.351185 -5.22833e-23)
(0.804627 -0.536781 1.538e-24)
(0.837461 -0.593811 1.34951e-22)
(0.831085 -0.54717 2.19577e-23)
(0.747291 -0.59417 -9.57795e-23)
(0.626299 -0.49607 3.0676e-22)
(0.624027 -0.264478 9.92381e-23)
(0.771469 0.0862791 -6.22289e-23)
(0.88417 0.30583 -8.63398e-23)
(0.903624 0.378779 5.32666e-23)
(0.85627 0.559133 7.73979e-23)
(0.838955 0.409499 -1.0965e-22)
(0.857685 0.313914 4.05824e-23)
(0.936136 0.0119583 -1.19326e-22)
(0.969773 -0.334752 -1.56369e-22)
(0.986655 -0.341451 1.47323e-23)
(0.989693 -0.572052 1.31429e-22)
(0.970715 -0.192072 -7.87677e-24)
(0.960553 0.191591 -3.54616e-23)
(-0.206113 -0.246112 -3.66534e-21)
(-0.232402 -0.222577 1.75915e-21)
(-0.236541 -0.120045 -2.35786e-22)
(-0.204917 0.0608489 4.06259e-22)
(-0.128305 0.296526 -6.27796e-22)
(-0.0418233 0.506929 -1.69277e-21)
(0.0334109 0.651719 8.73227e-22)
(0.059904 0.730844 -2.03254e-22)
(0.134796 0.644381 4.58796e-22)
(0.341775 0.340788 1.64623e-21)
(0.582315 -0.0648923 -5.11046e-22)
(0.749401 -0.369871 4.48077e-22)
(0.8323 -0.545035 -5.23406e-22)
(0.854257 -0.59594 -3.40726e-22)
(0.841989 -0.541163 5.63793e-23)
(0.760982 -0.580838 -1.05186e-22)
(0.633766 -0.489234 -2.62964e-22)
(0.62263 -0.274783 -8.60801e-23)
(0.76348 0.0692031 1.18983e-22)
(0.877663 0.297242 -3.9133e-23)
(0.898048 0.37952 -1.49865e-22)
(0.847268 0.562378 -9.69984e-24)
(0.831885 0.409626 3.96275e-23)
(0.85393 0.310342 3.28612e-24)
(0.939545 0.0080862 3.91352e-23)
(0.974867 -0.336208 5.24508e-23)
(0.990253 -0.342243 1.97463e-23)
(0.99546 -0.571285 4.00226e-23)
(0.971711 -0.191506 3.97471e-23)
(0.958567 0.192013 -1.10961e-23)
(-0.210776 -0.235606 2.5475e-21)
(-0.243556 -0.22126 2.80738e-21)
(-0.256972 -0.127952 1.58108e-21)
(-0.236405 0.041191 -1.69649e-21)
(-0.164304 0.27063 -3.00442e-22)
(-0.0770383 0.482811 -8.84561e-22)
(0.00540229 0.636549 -1.2988e-21)
(0.0479683 0.718991 -4.40948e-22)
(0.162163 0.62125 1.89429e-22)
(0.385622 0.309305 3.4581e-25)
(0.625237 -0.0917373 -7.80115e-22)
(0.78724 -0.386362 2.50814e-22)
(0.860224 -0.551284 9.11992e-22)
(0.871374 -0.596982 -3.95729e-22)
(0.853169 -0.53512 2.97175e-22)
(0.774642 -0.567521 2.90804e-23)
(0.642762 -0.481951 5.64189e-22)
(0.623584 -0.284806 -8.95723e-23)
(0.756698 0.0517664 -1.94549e-22)
(0.871963 0.28821 -2.81327e-23)
(0.892947 0.380101 -1.87694e-22)
(0.838261 0.565666 -2.5443e-22)
(0.824983 0.409723 -7.10173e-24)
(0.85075 0.306572 1.25634e-22)
(0.943271 0.00419878 1.63642e-24)
(0.980028 -0.337511 4.41976e-23)
(0.993932 -0.342993 -8.94504e-23)
(1.00108 -0.570443 -1.85544e-22)
(0.972726 -0.190769 -7.25761e-23)
(0.956543 0.192498 9.10955e-23)
(-0.207291 -0.224324 1.55976e-21)
(-0.245218 -0.218618 3.48208e-21)
(-0.265857 -0.134351 1.25284e-21)
(-0.257195 0.0223964 -4.90669e-21)
(-0.191799 0.243811 4.27128e-21)
(-0.104932 0.456699 -1.85141e-21)
(-0.0153578 0.61804 -2.79039e-22)
(0.0464062 0.702144 -9.0363e-22)
(0.196973 0.595108 -1.07732e-21)
(0.432193 0.279134 2.85701e-21)
(0.669343 -0.116107 -9.64976e-22)
(0.825179 -0.400622 -1.881e-21)
(0.888233 -0.555585 4.42654e-23)
(0.888715 -0.596966 5.37035e-22)
(0.864593 -0.529067 -4.86293e-22)
(0.788213 -0.554308 4.96147e-22)
(0.653105 -0.474316 -5.53463e-22)
(0.626938 -0.294458 3.4408e-22)
(0.75125 0.0340714 3.40928e-23)
(0.867115 0.278742 2.9714e-22)
(0.888316 0.380533 1.42986e-22)
(0.829315 0.56901 1.12059e-22)
(0.818317 0.409778 2.07307e-23)
(0.848171 0.302606 1.64329e-22)
(0.947301 0.000319771 1.06653e-22)
(0.985247 -0.338655 -5.492e-23)
(0.9977 -0.343692 2.52468e-22)
(1.00652 -0.569525 -1.67635e-22)
(0.973736 -0.189866 1.15766e-22)
(0.954473 0.193046 -1.46853e-22)
(-0.195812 -0.212633 -3.0081e-21)
(-0.237669 -0.2149 5.5333e-22)
(-0.262808 -0.139265 6.32205e-22)
(-0.265827 0.0057715 -5.39732e-22)
(-0.20923 0.216581 6.67876e-22)
(-0.124199 0.428749 7.2216e-22)
(-0.0278116 0.595852 4.44232e-22)
(0.0557975 0.680441 -6.63641e-22)
(0.237692 0.566776 -1.15965e-21)
(0.48075 0.250702 6.65045e-22)
(0.714251 -0.13785 3.01034e-22)
(0.862991 -0.412629 1.59894e-21)
(0.916158 -0.558002 -1.34627e-21)
(0.906193 -0.595923 -1.6821e-22)
(0.876213 -0.523028 6.5561e-22)
(0.801668 -0.541282 2.18225e-22)
(0.664581 -0.466429 3.69309e-24)
(0.63267 -0.303671 -5.18913e-24)
(0.747264 0.016225 -1.2568e-22)
(0.863154 0.26885 -4.61154e-22)
(0.884145 0.380826 -7.17759e-24)
(0.820506 0.572419 -1.29849e-22)
(0.811952 0.409779 -7.04914e-23)
(0.846209 0.29845 -9.26223e-23)
(0.951622 -0.00353018 -1.84407e-22)
(0.990519 -0.339633 -4.08023e-23)
(1.00156 -0.344334 -2.3766e-22)
(1.01176 -0.568528 1.92312e-22)
(0.974715 -0.188801 -1.09472e-22)
(0.952354 0.193657 1.47596e-22)
(-0.176464 -0.200883 3.3701e-21)
(-0.221458 -0.210444 5.1113e-22)
(-0.247992 -0.142961 -8.89212e-23)
(-0.261411 -0.00939874 -2.82957e-22)
(-0.215288 0.189428 -5.54739e-22)
(-0.133528 0.399153 2.6414e-21)
(-0.0308981 0.56985 -2.01214e-21)
(0.0760086 0.65426 -9.8095e-22)
(0.28291 0.537087 -1.21598e-21)
(0.530522 0.224328 4.58002e-22)
(0.759543 -0.156862 2.75686e-21)
(0.900457 -0.422379 -1.0047e-21)
(0.943831 -0.55861 -1.26404e-21)
(0.923735 -0.593886 1.28159e-21)
(0.887965 -0.517022 -1.17224e-21)
(0.815002 -0.528509 2.26809e-22)
(0.676962 -0.458388 3.31721e-23)
(0.640667 -0.312397 2.29414e-22)
(0.744854 -0.00165011 -3.12316e-22)
(0.860105 0.258554 4.90569e-22)
(0.880425 0.380984 -3.35844e-23)
(0.811911 0.575894 6.28145e-22)
(0.805946 0.409719 1.07145e-22)
(0.844872 0.294114 -3.80221e-22)
(0.956222 -0.00733161 3.6826e-23)
(0.995843 -0.340443 -1.38324e-22)
(1.00549 -0.344909 3.11401e-23)
(1.01678 -0.567448 -1.57294e-22)
(0.975637 -0.187581 6.87118e-23)
(0.950178 0.194334 -1.24134e-22)
(-0.149161 -0.189338 -2.16954e-21)
(-0.19712 -0.205534 1.28807e-21)
(-0.222616 -0.145983 1.73011e-21)
(-0.243901 -0.0242063 1.55174e-22)
(-0.208677 0.162933 -2.88878e-21)
(-0.131747 0.368153 2.65601e-22)
(-0.0236588 0.540153 4.72159e-22)
(0.106204 0.624185 -2.04558e-21)
(0.331341 0.506822 -1.83322e-21)
(0.580742 0.20023 4.24548e-21)
(0.804797 -0.173099 -5.79843e-22)
(0.937371 -0.429888 1.55147e-21)
(0.971089 -0.55749 -1.88096e-21)
(0.941275 -0.590892 8.33552e-22)
(0.899774 -0.511067 -4.90408e-22)
(0.828217 -0.516051 6.17816e-22)
(0.690022 -0.450283 5.70789e-23)
(0.650708 -0.320611 -3.34013e-22)
(0.744102 -0.0195004 5.23013e-22)
(0.857975 0.247877 -3.43003e-22)
(0.877151 0.381007 2.16707e-22)
(0.803608 0.579436 -9.6801e-23)
(0.800352 0.409595 -3.36279e-22)
(0.844162 0.289611 4.29611e-22)
(0.961089 -0.0110622 -6.69311e-23)
(1.00121 -0.341078 4.9864e-22)
(1.0095 -0.345409 -2.66506e-22)
(1.02155 -0.566279 2.91814e-22)
(0.976473 -0.186211 -9.3167e-23)
(0.94794 0.195073 1.14822e-24)
(-0.113462 -0.178136 3.7454e-22)
(-0.164828 -0.200269 4.75842e-21)
(-0.188018 -0.148755 -5.12741e-21)
(-0.214135 -0.0378503 -3.13828e-22)
(-0.188943 0.137589 3.32239e-21)
(-0.118048 0.336036 4.43969e-22)
(-0.005452 0.50714 -1.66739e-21)
(0.14502 0.590971 -1.18165e-21)
(0.381791 0.476663 2.16764e-22)
(0.630701 0.178512 1.91002e-21)
(0.849618 -0.186565 -1.39403e-22)
(0.973541 -0.435191 -1.2632e-22)
(0.997775 -0.554729 7.80779e-22)
(0.958755 -0.586977 -5.25035e-22)
(0.911567 -0.505179 3.99669e-22)
(0.841317 -0.503954 -2.31831e-22)
(0.703564 -0.442189 -8.04448e-23)
(0.662455 -0.328304 3.62657e-22)
(0.745033 -0.0372472 -7.23714e-22)
(0.856764 0.236848 4.25626e-22)
(0.874317 0.380892 -1.68515e-22)
(0.79567 0.583038 -3.98395e-22)
(0.795214 0.409407 4.94932e-23)
(0.844071 0.284956 -9.79267e-23)
(0.966213 -0.0147017 3.4747e-22)
(1.00663 -0.341536 -2.33527e-22)
(1.01356 -0.345822 -6.89108e-23)
(1.02604 -0.565018 -1.34228e-22)
(0.977194 -0.184698 -4.34453e-23)
(0.945633 0.195876 9.74671e-24)
(-0.0685618 -0.167284 -3.51761e-21)
(-0.124115 -0.1945 6.4891e-21)
(-0.145183 -0.151448 -1.3242e-21)
(-0.173615 -0.0501886 -4.94166e-21)
(-0.156628 0.113756 5.29081e-21)
(-0.0922619 0.30308 8.44788e-22)
(0.0237868 0.471398 -2.78765e-21)
(0.1908 0.555479 7.06855e-23)
(0.433143 0.447165 -1.9965e-21)
(0.679781 0.159176 6.00925e-22)
(0.893664 -0.197314 -3.0545e-21)
(1.00879 -0.438339 2.78839e-21)
(1.02374 -0.550419 -1.86413e-22)
(0.976118 -0.582179 1.5158e-22)
(0.923275 -0.499367 3.12569e-22)
(0.854294 -0.492262 -8.21277e-22)
(0.717428 -0.434161 4.56195e-22)
(0.675473 -0.33548 -2.68191e-22)
(0.747604 -0.0547843 1.0325e-22)
(0.856443 0.225498 2.85405e-22)
(0.871919 0.380627 -6.0161e-23)
(0.788165 0.586694 -1.64448e-22)
(0.790566 0.409162 6.93142e-22)
(0.844585 0.280168 -3.50314e-22)
(0.971583 -0.0182311 6.16311e-23)
(1.01209 -0.341812 -3.95424e-22)
(1.01765 -0.346139 5.22332e-22)
(1.03026 -0.563659 3.64633e-22)
(0.977773 -0.183047 1.06111e-22)
(0.943252 0.196738 -2.03687e-22)
(-0.0134746 -0.15678 -1.90722e-21)
(-0.0738407 -0.187915 7.92701e-21)
(-0.0943175 -0.153951 -2.45499e-21)
(-0.123942 -0.0616674 -1.82977e-21)
(-0.113158 0.0917805 3.61267e-21)
(-0.055134 0.269264 -2.59834e-21)
(0.063361 0.433631 -1.56938e-21)
(0.241761 0.5186 -1.32361e-21)
(0.48435 0.41875 4.42776e-21)
(0.727494 0.142144 -8.48515e-22)
(0.936656 -0.205437 -1.22743e-21)
(1.04296 -0.439394 3.67404e-22)
(1.04887 -0.544659 8.5813e-22)
(0.99331 -0.576544 -8.4917e-22)
(0.934846 -0.493643 7.05882e-22)
(0.867124 -0.481012 -1.22983e-23)
(0.731506 -0.426231 1.89457e-22)
(0.689255 -0.342147 1.29767e-23)
(0.751682 -0.0720872 3.64372e-22)
(0.856965 0.213855 -4.37452e-22)
(0.86995 0.380196 -1.79292e-22)
(0.781152 0.590393 3.2041e-22)
(0.786436 0.408869 -3.88451e-22)
(0.845683 0.275266 1.8027e-22)
(0.977188 -0.0216333 -3.01432e-22)
(1.01758 -0.341902 -8.89163e-23)
(1.02175 -0.346348 -6.82142e-23)
(1.03417 -0.562198 -3.70751e-22)
(0.978181 -0.181269 -1.00683e-23)
(0.94079 0.197659 3.69285e-22)
(0.0525338 -0.146815 4.92778e-23)
(-0.012447 -0.180128 5.44513e-21)
(-0.0346242 -0.15583 -3.77827e-21)
(-0.0660573 -0.072262 4.27493e-21)
(-0.0604213 0.0705061 1.00038e-21)
(-0.00829482 0.235749 -1.32708e-21)
(0.111836 0.39465 8.94378e-22)
(0.296076 0.481176 -9.82214e-22)
(0.534444 0.391705 4.36007e-21)
(0.773497 0.127275 -8.05029e-21)
(0.978391 -0.211072 1.20513e-21)
(1.0759 -0.438433 2.04668e-21)
(1.07302 -0.537558 -1.14941e-21)
(1.01027 -0.570128 1.27712e-21)
(0.946244 -0.488017 -6.9538e-22)
(0.879768 -0.470244 3.5263e-22)
(0.745731 -0.418407 -3.11456e-22)
(0.703273 -0.348313 2.17836e-22)
(0.757042 -0.0891406 -1.47806e-22)
(0.858256 0.201939 -1.4713e-22)
(0.868405 0.379576 2.20734e-22)
(0.774677 0.594121 -4.97893e-22)
(0.782842 0.40854 8.00212e-22)
(0.847341 0.270273 -4.01024e-22)
(0.983018 -0.024892 -4.77666e-22)
(1.02311 -0.341801 -1.79128e-22)
(1.02584 -0.346439 5.73355e-23)
(1.03777 -0.560629 7.18778e-24)
(0.978393 -0.179369 -6.57597e-23)
(0.938242 0.198634 -3.15952e-22)
(0.129434 -0.137035 6.21571e-21)
(0.0615694 -0.170574 -2.24436e-21)
(0.0355808 -0.156391 1.98673e-21)
(-6.79424e-06 -0.0814426 3.04606e-23)
(-2.15236e-05 0.0489815 1.34311e-21)
(0.0464852 0.203684 -1.04105e-21)
(0.166939 0.355169 -1.55006e-21)
(0.351887 0.443922 -6.28475e-22)
(0.582573 0.36618 7.89446e-22)
(0.817624 0.114378 3.52203e-21)
(1.01873 -0.214392 -6.39038e-21)
(1.10747 -0.435537 5.83237e-21)
(1.09612 -0.529228 9.85227e-22)
(1.02694 -0.562982 -5.71424e-22)
(0.95745 -0.482488 -7.35465e-23)
(0.892174 -0.459986 -2.00587e-22)
(0.760069 -0.410674 7.86577e-23)
(0.717036 -0.353968 1.44931e-22)
(0.763372 -0.105948 -3.81722e-23)
(0.860214 0.189761 6.83422e-23)
(0.867269 0.378739 -2.51317e-22)
(0.768778 0.597864 1.22895e-22)
(0.779796 0.408191 -5.91506e-22)
(0.849532 0.265209 -4.07481e-23)
(0.989065 -0.0279929 3.50607e-22)
(1.02865 -0.341505 4.86297e-22)
(1.02989 -0.346402 -5.11526e-23)
(1.04105 -0.558947 2.09214e-23)
(0.978386 -0.177355 1.97074e-22)
(0.935603 0.199661 7.42261e-23)
(0.21665 -0.12633 -4.47213e-21)
(0.148953 -0.159599 6.54305e-21)
(0.118096 -0.154931 -8.82794e-22)
(0.0754224 -0.0895093 -8.13328e-22)
(0.0672101 0.0290639 1.64796e-21)
(0.107506 0.172892 6.21808e-23)
(0.226252 0.315876 -3.61725e-22)
(0.407387 0.407386 3.15107e-21)
(0.628077 0.342171 -6.07833e-21)
(0.859921 0.103254 7.73051e-21)
(1.05762 -0.21556 6.87577e-22)
(1.13754 -0.430772 -3.6422e-21)
(1.11807 -0.519735 -1.05806e-21)
(1.04327 -0.5551 9.56535e-22)
(0.968465 -0.477003 -2.28289e-22)
(0.904289 -0.450236 4.6266e-22)
(0.774496 -0.402986 -4.60132e-22)
(0.73015 -0.359074 1.82189e-22)
(0.770296 -0.122518 1.23007e-22)
(0.862707 0.177317 6.78288e-23)
(0.866526 0.377649 2.69325e-22)
(0.76348 0.601603 -2.23229e-23)
(0.777305 0.407841 2.79543e-22)
(0.852231 0.260099 -6.8919e-23)
(0.995323 -0.0309261 4.35296e-22)
(1.03422 -0.341011 6.90629e-23)
(1.0339 -0.346225 2.24675e-22)
(1.044 -0.557144 -2.00107e-22)
(0.978144 -0.175234 -1.80075e-22)
(0.93287 0.200733 1.50642e-22)
(0.313365 -0.114347 -5.98359e-22)
(0.249342 -0.14816 -2.42549e-21)
(0.21379 -0.151137 -2.99626e-21)
(0.16206 -0.095592 2.3593e-21)
(0.142096 0.0123885 9.83411e-22)
(0.173724 0.14375 -2.7418e-22)
(0.287785 0.277455 -2.13526e-22)
(0.461041 0.37195 2.23941e-21)
(0.670672 0.319545 -3.38756e-21)
(0.90071 0.0936462 -2.31103e-21)
(1.09503 -0.214762 -1.0134e-21)
(1.16598 -0.4242 -1.23983e-21)
(1.13881 -0.509095 4.19662e-21)
(1.05918 -0.546443 -2.28037e-21)
(0.979295 -0.471482 6.77723e-22)
(0.916057 -0.440981 -6.64454e-22)
(0.788979 -0.395298 -7.33217e-23)
(0.74237 -0.363588 -2.62896e-22)
(0.777408 -0.138835 1.31264e-22)
(0.865578 0.164598 -3.49717e-22)
(0.86615 0.376261 6.69496e-23)
(0.758795 0.605319 2.70549e-22)
(0.77537 0.407507 -1.74103e-22)
(0.855421 0.254962 3.09702e-22)
(1.00179 -0.0336898 -7.2327e-22)
(1.03978 -0.340317 4.57874e-22)
(1.03784 -0.345899 -4.01654e-22)
(1.04663 -0.555218 2.30496e-22)
(0.977656 -0.173012 4.69419e-23)
(0.930039 0.201848 3.29276e-23)
(0.418144 -0.101646 3.43363e-22)
(0.361313 -0.1365 -1.23269e-21)
(0.322064 -0.14496 7.93843e-21)
(0.260842 -0.0984627 -4.5761e-21)
(0.226271 0.000395466 2.27649e-21)
(0.245684 0.117135 -1.03728e-21)
(0.350748 0.240657 3.06867e-22)
(0.512056 0.337843 -4.44349e-22)
(0.710736 0.297998 -2.33592e-21)
(0.940655 0.0852554 -7.10401e-22)
(1.13102 -0.212249 1.30262e-21)
(1.19267 -0.415986 9.38385e-23)
(1.15831 -0.497502 3.67469e-21)
(1.07463 -0.537237 -1.72388e-21)
(0.989952 -0.466043 1.96664e-21)
(0.927431 -0.432345 1.85452e-22)
(0.803462 -0.387637 -7.08402e-22)
(0.753624 -0.367527 9.55631e-23)
(0.784328 -0.154908 2.81429e-22)
(0.868634 0.151608 2.14227e-22)
(0.866108 0.374532 -6.88006e-22)
(0.754723 0.608988 1.7628e-22)
(0.773999 0.407203 1.83958e-22)
(0.8591 0.24981 -1.19619e-22)
(1.00847 -0.0362702 3.47181e-22)
(1.04533 -0.339417 -4.81736e-22)
(1.04171 -0.345413 -7.10385e-23)
(1.04892 -0.553181 3.02863e-22)
(0.976927 -0.170701 2.67087e-23)
(0.927112 0.203001 -6.95166e-23)
(0.530031 -0.0888172 -6.6542e-22)
(0.482801 -0.124656 -2.44564e-21)
(0.440303 -0.136484 -4.35446e-21)
(0.370974 -0.0978438 2.23233e-21)
(0.321012 -0.00992309 -2.55395e-21)
(0.324993 0.0937863 2.87621e-22)
(0.416215 0.206523 1.50156e-21)
(0.561102 0.305296 -2.139e-21)
(0.749788 0.277018 -6.12057e-22)
(0.980834 0.0775834 -2.55735e-21)
(1.16561 -0.208027 5.38306e-21)
(1.21749 -0.406511 -2.65314e-21)
(1.17651 -0.485691 1.08788e-21)
(1.08956 -0.528234 9.06666e-22)
(1.00047 -0.4612 5.72293e-22)
(0.93839 -0.424679 3.33323e-23)
(0.817877 -0.380126 -5.94935e-22)
(0.764 -0.370969 3.6395e-22)
(0.790751 -0.170982 1.53825e-23)
(0.871656 0.138235 -1.89059e-22)
(0.866349 0.372421 1.26138e-22)
(0.751251 0.61259 -1.95105e-22)
(0.773217 0.406949 1.52714e-22)
(0.863304 0.244698 -2.16101e-22)
(1.01539 -0.0385716 3.37154e-22)
(1.05085 -0.338283 2.28436e-22)
(1.0455 -0.344756 -1.14775e-22)
(1.05089 -0.551046 -7.96449e-23)
(0.975981 -0.168341 -1.46539e-22)
(0.924093 0.204183 -2.8807e-23)
(0.650212 -0.0782009 -2.9345e-21)
(0.611334 -0.114063 5.84531e-21)
(0.564065 -0.127402 -3.29193e-21)
(0.48813 -0.0956701 -2.03001e-21)
(0.42565 -0.0183358 7.60027e-22)
(0.414378 0.0741939 -6.32263e-22)
(0.48744 0.175922 8.9596e-22)
(0.611426 0.275519 8.13542e-22)
(0.791326 0.257733 -2.97614e-21)
(1.02291 0.071415 2.41688e-21)
(1.19874 -0.200853 -3.12504e-21)
(1.24017 -0.395702 -1.21238e-21)
(1.19334 -0.473958 3.61675e-21)
(1.10396 -0.519524 -2.76269e-22)
(1.01092 -0.456942 -4.75705e-22)
(0.948958 -0.417937 1.00715e-21)
(0.832166 -0.372669 -8.90869e-22)
(0.773687 -0.373731 3.2633e-22)
(0.796475 -0.187305 -2.90363e-22)
(0.874424 0.123952 2.85906e-22)
(0.866785 0.369615 9.49634e-23)
(0.748338 0.616076 -2.22241e-22)
(0.773126 0.406951 5.11696e-23)
(0.868164 0.239855 -5.50776e-23)
(1.02257 -0.0404501 -8.3241e-23)
(1.05632 -0.336893 -2.24912e-22)
(1.04918 -0.343937 5.58488e-23)
(1.05253 -0.548783 -9.25956e-24)
(0.974866 -0.165937 6.61003e-23)
(0.920995 0.205381 5.80741e-23)
(0.784106 -0.0724551 -9.96123e-21)
(0.743318 -0.102942 2.90685e-21)
(0.687385 -0.11673 -1.02305e-21)
(0.606936 -0.092245 5.73226e-21)
(0.537002 -0.0254444 -1.71882e-21)
(0.514428 0.0569743 8.50477e-22)
(0.56976 0.147226 5.89009e-22)
(0.671467 0.246717 -1.50486e-21)
(0.84313 0.240293 -4.80605e-23)
(1.06939 0.0691229 4.42576e-21)
(1.23009 -0.190754 -8.29496e-22)
(1.26037 -0.381627 -5.37533e-21)
(1.20875 -0.458949 -2.90108e-22)
(1.1178 -0.507605 3.5458e-21)
(1.02132 -0.450516 -5.23607e-23)
(0.959138 -0.410291 -9.32541e-23)
(0.846264 -0.364408 -3.60442e-22)
(0.782894 -0.374904 -1.90491e-22)
(0.801353 -0.202564 -1.29703e-22)
(0.876749 0.109155 2.6807e-22)
(0.867088 0.365423 -2.27045e-22)
(0.745908 0.619249 -9.14808e-23)
(0.774172 0.407547 1.21475e-22)
(0.874044 0.235069 1.80965e-22)
(1.03007 -0.0424112 -2.69824e-22)
(1.06171 -0.335368 2.93001e-22)
(1.05276 -0.342979 2.98482e-23)
(1.05385 -0.546264 -4.7718e-23)
(0.973645 -0.16327 -1.55781e-23)
(0.917848 0.20664 -2.0187e-23)
(0.959624 -0.0502275 0)
(0.88585 -0.0718364 0)
(0.816358 -0.0843171 0)
(0.732706 -0.0671143 0)
(0.660067 -0.0147512 0)
(0.631306 0.0527397 0)
(0.671902 0.122455 0)
(0.755431 0.20547 0)
(0.920484 0.196138 0)
(1.12847 0.0430752 0)
(1.26448 -0.18773 0)
(1.28232 -0.361323 0)
(1.22616 -0.433229 0)
(1.13411 -0.485697 0)
(1.03389 -0.437004 0)
(0.971027 -0.397801 0)
(0.863304 -0.352658 0)
(0.793987 -0.373782 0)
(0.806237 -0.216201 0)
(0.878713 0.0977211 0)
(0.864909 0.367781 0)
(0.741886 0.623925 0)
(0.778801 0.402423 0)
(0.88344 0.22493 0)
(1.03982 -0.047464 0)
(1.06831 -0.333795 0)
(1.05707 -0.341639 0)
(1.05513 -0.542701 0)
(0.972083 -0.159308 0)
(0.913999 0.208499 0)
(1.09176 -0.0254022 0)
(1.0234 -0.0466389 0)
(0.954018 -0.0593231 0)
(0.875357 -0.0433671 0)
(0.806878 0.00289049 0)
(0.775563 0.0555941 0)
(0.800634 0.107894 0)
(0.864806 0.172499 0)
(1.01686 0.150486 0)
(1.20035 0.00254305 0)
(1.31021 -0.207133 0)
(1.30676 -0.36162 0)
(1.23701 -0.421096 0)
(1.1415 -0.467836 0)
(1.03945 -0.420689 0)
(0.975933 -0.381732 0)
(0.876407 -0.337625 0)
(0.806529 -0.366983 0)
(0.812627 -0.220226 0)
(0.88017 0.0950061 0)
(0.862198 0.376172 0)
(0.737788 0.630287 0)
(0.787094 0.393134 0)
(0.89575 0.208771 0)
(1.05256 -0.0586803 0)
(1.07659 -0.335077 0)
(1.06217 -0.341799 0)
(1.05583 -0.538141 0)
(0.969491 -0.152161 0)
(0.909102 0.21142 0)
(1.1821 -0.00439667 0)
(1.12452 -0.0234394 0)
(1.06412 -0.0355801 0)
(0.99725 -0.021805 0)
(0.940249 0.0168193 0)
(0.913699 0.0586645 0)
(0.929888 0.0975705 0)
(0.979473 0.14547 0)
(1.11402 0.111042 0)
(1.26954 -0.0276237 0)
(1.34964 -0.216462 0)
(1.32502 -0.351937 0)
(1.24475 -0.401728 0)
(1.14867 -0.44698 0)
(1.04554 -0.404373 0)
(0.981044 -0.366663 0)
(0.889535 -0.323164 0)
(0.819244 -0.360647 0)
(0.818762 -0.225659 0)
(0.88084 0.0931318 0)
(0.859213 0.386609 0)
(0.734359 0.636461 0)
(0.797845 0.381382 0)
(0.909831 0.190968 0)
(1.06657 -0.0696468 0)
(1.08512 -0.335232 0)
(1.06729 -0.341097 0)
(1.05587 -0.532814 0)
(0.966087 -0.144595 0)
(0.903689 0.214563 0)
(1.23975 0.0139111 0)
(1.19311 -0.00338904 0)
(1.14392 -0.0145251 0)
(1.09097 -0.00359092 0)
(1.0489 0.0285448 0)
(1.03224 0.0610997 0)
(1.04711 0.0883115 0)
(1.08884 0.120301 0)
(1.20434 0.0764327 0)
(1.32838 -0.0521148 0)
(1.37771 -0.21928 0)
(1.33529 -0.338898 0)
(1.24798 -0.381722 0)
(1.15318 -0.426128 0)
(1.05075 -0.387329 0)
(0.985439 -0.351532 0)
(0.902149 -0.30878 0)
(0.831914 -0.35348 0)
(0.824139 -0.230853 0)
(0.88064 0.0909236 0)
(0.855785 0.397242 0)
(0.732021 0.641734 0)
(0.811132 0.367986 0)
(0.926113 0.172505 0)
(1.0816 -0.0801953 0)
(1.09372 -0.334817 0)
(1.07236 -0.339928 0)
(1.05508 -0.52676 0)
(0.961725 -0.136454 0)
(0.897734 0.217837 0)
(1.27128 0.0289669 0)
(1.23517 0.0127113 0)
(1.19678 0.00238754 0)
(1.15671 0.0103577 0)
(1.12892 0.0363822 0)
(1.12302 0.0613832 0)
(1.1409 0.0790072 0)
(1.18001 0.0971167 0)
(1.27714 0.0469751 0)
(1.3697 -0.0700099 0)
(1.39205 -0.216858 0)
(1.33749 -0.322707 0)
(1.24723 -0.360143 0)
(1.15564 -0.404504 0)
(1.05533 -0.369461 0)
(0.989246 -0.336395 0)
(0.914104 -0.294556 0)
(0.844495 -0.345389 0)
(0.828624 -0.234931 0)
(0.879444 0.0890921 0)
(0.851661 0.407871 0)
(0.731341 0.645864 0)
(0.827432 0.352983 0)
(0.944801 0.153108 0)
(1.09751 -0.0906317 0)
(1.10229 -0.333715 0)
(1.07725 -0.338159 0)
(1.05341 -0.519866 0)
(0.95623 -0.12754 0)
(0.891212 0.221282 0)
(1.28411 0.0406122 0)
(1.25733 0.0251215 0)
(1.22837 0.0153122 0)
(1.19901 0.0205619 0)
(1.18259 0.0403988 0)
(1.18515 0.0589382 0)
(1.20662 0.0688529 0)
(1.24491 0.0757912 0)
(1.32509 0.0229572 0)
(1.39038 -0.0814842 0)
(1.39292 -0.209991 0)
(1.33258 -0.304287 0)
(1.24316 -0.337852 0)
(1.1562 -0.382731 0)
(1.0593 -0.350964 0)
(0.992536 -0.321267 0)
(0.925258 -0.28058 0)
(0.85688 -0.336273 0)
(0.832095 -0.237758 0)
(0.877066 0.0879728 0)
(0.846589 0.418577 0)
(0.732813 0.648549 0)
(0.847342 0.335977 0)
(0.965968 0.132631 0)
(1.11414 -0.100769 0)
(1.11068 -0.331773 0)
(1.08185 -0.335682 0)
(1.05073 -0.512013 0)
(0.9494 -0.117788 0)
(0.8841 0.224892 0)
(1.28505 0.0493579 0)
(1.26596 0.0344131 0)
(1.24469 0.0248764 0)
(1.22367 0.0275582 0)
(1.21536 0.0413854 0)
(1.22305 0.0542259 0)
(1.24661 0.0578636 0)
(1.28318 0.0563348 0)
(1.34802 0.00386597 0)
(1.39248 -0.0878101 0)
(1.38297 -0.200171 0)
(1.32226 -0.284797 0)
(1.23668 -0.31539 0)
(1.15518 -0.361046 0)
(1.06266 -0.331942 0)
(0.99543 -0.306144 0)
(0.935463 -0.266937 0)
(0.868971 -0.326045 0)
(0.834302 -0.239108 0)
(0.873184 0.0876551 0)
(0.840332 0.429227 0)
(0.736828 0.649151 0)
(0.871395 0.316697 0)
(0.989566 0.111296 0)
(1.13128 -0.110323 0)
(1.11873 -0.328834 0)
(1.08602 -0.332372 0)
(1.04695 -0.503064 0)
(0.941017 -0.107169 0)
(0.876387 0.228618 0)
(1.27925 0.055743 0)
(1.26623 0.0412288 0)
(1.25096 0.0316399 0)
(1.2362 0.0319941 0)
(1.23329 0.0403492 0)
(1.2432 0.0481601 0)
(1.26695 0.0466958 0)
(1.30008 0.0390469 0)
(1.3514 -0.0111431 0)
(1.38127 -0.0905303 0)
(1.36593 -0.188843 0)
(1.30842 -0.265183 0)
(1.22865 -0.293211 0)
(1.15286 -0.3397 0)
(1.06539 -0.312537 0)
(0.998113 -0.291011 0)
(0.944542 -0.253692 0)
(0.880704 -0.314577 0)
(0.834896 -0.23866 0)
(0.867282 0.0881783 0)
(0.832615 0.439436 0)
(0.743821 0.646811 0)
(0.899945 0.295067 0)
(1.01538 0.0894401 0)
(1.14862 -0.119016 0)
(1.12623 -0.324734 0)
(1.08959 -0.328096 0)
(1.04199 -0.492859 0)
(0.930848 -0.0956463 0)
(0.868085 0.232387 0)
(1.27022 0.0601397 0)
(1.2619 0.0460836 0)
(1.25125 0.0362088 0)
(1.24106 0.0345245 0)
(1.24155 0.0381439 0)
(1.25176 0.0415891 0)
(1.27417 0.0360403 0)
(1.30269 0.0241872 0)
(1.34247 -0.0227973 0)
(1.36253 -0.0909651 0)
(1.34528 -0.177075 0)
(1.29264 -0.24611 0)
(1.21977 -0.271619 0)
(1.14952 -0.318833 0)
(1.06739 -0.29289 0)
(1.00084 -0.275829 0)
(0.952259 -0.240874 0)
(0.892052 -0.301698 0)
(0.833549 -0.236014 0)
(0.858633 0.0895788 0)
(0.823122 0.448596 0)
(0.754428 0.640593 0)
(0.933088 0.271087 0)
(1.04301 0.0674653 0)
(1.1658 -0.12655 0)
(1.13294 -0.319303 0)
(1.09238 -0.322714 0)
(1.03577 -0.481221 0)
(0.918663 -0.0831762 0)
(0.859234 0.236107 0)
(1.26007 0.0629019 0)
(1.25534 0.0493772 0)
(1.24826 0.0391077 0)
(1.24137 0.0356677 0)
(1.24391 0.0353421 0)
(1.25341 0.0351085 0)
(1.27351 0.0263472 0)
(1.29712 0.011806 0)
(1.32733 -0.0317081 0)
(1.34066 -0.0900727 0)
(1.32356 -0.165489 0)
(1.27604 -0.227951 0)
(1.21053 -0.250795 0)
(1.14542 -0.298504 0)
(1.06852 -0.273165 0)
(1.00395 -0.260549 0)
(0.958333 -0.228463 0)
(0.902995 -0.28723 0)
(0.830135 -0.230596 0)
(0.846354 0.0919285 0)
(0.811568 0.455898 0)
(0.769496 0.629463 0)
(0.970594 0.244824 0)
(1.07181 0.0458745 0)
(1.18231 -0.13262 0)
(1.13859 -0.312376 0)
(1.0942 -0.31608 0)
(1.02824 -0.467946 0)
(0.904248 -0.0697501 0)
(0.849921 0.239656 0)
(1.24979 0.0643212 0)
(1.24782 0.0513923 0)
(1.24355 0.0407279 0)
(1.23908 0.0358093 0)
(1.24277 0.03229 0)
(1.25115 0.0290715 0)
(1.26852 0.0178364 0)
(1.28751 0.00173792 0)
(1.30992 -0.0384034 0)
(1.31831 -0.0884091 0)
(1.30229 -0.154341 0)
(1.2593 -0.210856 0)
(1.2012 -0.230844 0)
(1.14083 -0.278696 0)
(1.0686 -0.253557 0)
(1.00776 -0.245109 0)
(0.962519 -0.21637 0)
(0.913442 -0.271002 0)
(0.824941 -0.221698 0)
(0.829575 0.0953733 0)
(0.797859 0.460296 0)
(0.789905 0.612253 0)
(1.01186 0.216492 0)
(1.1009 0.0252765 0)
(1.19758 -0.13693 0)
(1.14291 -0.303811 0)
(1.09487 -0.308047 0)
(1.0194 -0.452815 0)
(0.887434 -0.0553707 0)
(0.840304 0.242873 0)
(1.2397 0.0645894 0)
(1.23987 0.0523101 0)
(1.23786 0.0413343 0)
(1.23518 0.0352202 0)
(1.23948 0.0291794 0)
(1.24667 0.0236454 0)
(1.26125 0.0105595 0)
(1.27615 -0.00626548 0)
(1.29236 -0.0432335 0)
(1.29677 -0.0862395 0)
(1.28219 -0.143669 0)
(1.24285 -0.194827 0)
(1.19187 -0.211836 0)
(1.13602 -0.259335 0)
(1.06753 -0.234283 0)
(1.01245 -0.229446 0)
(0.96481 -0.204437 0)
(0.923065 -0.252885 0)
(0.818897 -0.208565 0)
(0.807782 0.100088 0)
(0.782389 0.460387 0)
(0.816378 0.587738 0)
(1.05587 0.186502 0)
(1.12919 0.00638622 0)
(1.21097 -0.139221 0)
(1.14559 -0.293498 0)
(1.09419 -0.298474 0)
(1.00928 -0.435586 0)
(0.868122 -0.0400597 0)
(0.830639 0.245554 0)
(1.22986 0.0638605 0)
(1.23166 0.0522662 0)
(1.23144 0.0411098 0)
(1.23015 0.0340875 0)
(1.23471 0.0261113 0)
(1.24076 0.0188833 0)
(1.25277 0.00447489 0)
(1.26408 -0.0124658 0)
(1.27553 -0.0464478 0)
(1.27649 -0.0836761 0)
(1.26349 -0.133422 0)
(1.22695 -0.179781 0)
(1.18252 -0.19383 0)
(1.1312 -0.240315 0)
(1.06535 -0.215564 0)
(1.01789 -0.213543 0)
(0.965693 -0.192395 0)
(0.931188 -0.23294 0)
(0.81377 -0.190314 0)
(0.781463 0.106328 0)
(0.766312 0.454445 0)
(0.849296 0.554778 0)
(1.10123 0.155472 0)
(1.15535 -0.0100387 0)
(1.22177 -0.139306 0)
(1.14637 -0.281385 0)
(1.09203 -0.287236 0)
(0.998041 -0.416003 0)
(0.846332 -0.0238713 0)
(0.82132 0.247439 0)
(1.22021 0.0622793 0)
(1.22321 0.0513864 0)
(1.22442 0.0401975 0)
(1.22418 0.0325454 0)
(1.2288 0.0231462 0)
(1.2338 0.0147704 0)
(1.24359 -0.000469555 0)
(1.25173 -0.0171219 0)
(1.25965 -0.0482515 0)
(1.25755 -0.0807537 0)
(1.24612 -0.123545 0)
(1.21185 -0.16559 0)
(1.17307 -0.176875 0)
(1.12651 -0.221552 0)
(1.0624 -0.197562 0)
(1.02345 -0.197482 0)
(0.966233 -0.17985 0)
(0.936978 -0.211463 0)
(0.811945 -0.166343 0)
(0.753532 0.114442 0)
(0.752128 0.440622 0)
(0.888882 0.512513 0)
(1.14618 0.124245 0)
(1.17791 -0.0232342 0)
(1.22929 -0.137088 0)
(1.14504 -0.267496 0)
(1.08829 -0.274227 0)
(0.985932 -0.393822 0)
(0.822271 -0.00690172 0)
(0.812921 0.248205 0)
(1.21069 0.0599811 0)
(1.21456 0.0497944 0)
(1.21685 0.0387222 0)
(1.21738 0.0306952 0)
(1.22197 0.0203285 0)
(1.22596 0.0112585 0)
(1.23396 -0.00437843 0)
(1.23928 -0.0204667 0)
(1.2447 -0.0488389 0)
(1.23995 -0.0774701 0)
(1.22987 -0.114008 0)
(1.19775 -0.152112 0)
(1.16351 -0.160986 0)
(1.12192 -0.203032 0)
(1.05926 -0.180324 0)
(1.02829 -0.18148 0)
(0.967724 -0.166391 0)
(0.940069 -0.18889 0)
(0.815343 -0.13712 0)
(0.731962 0.124327 0)
(0.747098 0.41706 0)
(0.936334 0.460832 0)
(1.18867 0.0940366 0)
(1.19529 -0.0324412 0)
(1.23293 -0.132592 0)
(1.14146 -0.251951 0)
(1.08294 -0.259368 0)
(0.973366 -0.368833 0)
(0.796437 0.0106971 0)
(0.806247 0.247459 0)
(1.20131 0.0570947 0)
(1.20572 0.0476115 0)
(1.20882 0.0367997 0)
(1.20989 0.0286191 0)
(1.21438 0.0176916 0)
(1.21743 0.00828872 0)
(1.22401 -0.00737081 0)
(1.22688 -0.0226954 0)
(1.23052 -0.0484056 0)
(1.22365 -0.0738077 0)
(1.21458 -0.104813 0)
(1.18474 -0.139221 0)
(1.15392 -0.146126 0)
(1.11731 -0.184844 0)
(1.05654 -0.163777 0)
(1.03175 -0.165801 0)
(0.970935 -0.151812 0)
(0.941412 -0.165607 0)
(0.824252 -0.10491 0)
(0.729494 0.134054 0)
(0.765242 0.382685 0)
(0.993021 0.401621 0)
(1.22577 0.0667443 0)
(1.20586 -0.0370273 0)
(1.23225 -0.125996 0)
(1.13564 -0.234964 0)
(1.07608 -0.242617 0)
(0.960943 -0.34089 0)
(0.769779 0.0286825 0)
(0.802375 0.244737 0)
(1.19205 0.0537467 0)
(1.19678 0.044958 0)
(1.20043 0.034538 0)
(1.20185 0.0263909 0)
(1.20619 0.0152571 0)
(1.20838 0.00580856 0)
(1.21383 -0.00954246 0)
(1.21467 -0.0239669 0)
(1.21699 -0.0471441 0)
(1.20862 -0.0697531 0)
(1.20014 -0.0959695 0)
(1.1728 -0.126826 0)
(1.1445 -0.132203 0)
(1.11256 -0.16715 0)
(1.05459 -0.1478 0)
(1.03383 -0.150627 0)
(0.975577 -0.136248 0)
(0.943225 -0.141992 0)
(0.837396 -0.0732355 0)
(0.754862 0.139941 0)
(0.816049 0.339031 0)
(1.05474 0.339788 0)
(1.25288 0.0447563 0)
(1.20819 -0.0367555 0)
(1.22719 -0.117689 0)
(1.12771 -0.216836 0)
(1.06793 -0.22399 0)
(0.949466 -0.309985 0)
(0.743913 0.0467136 0)
(0.802675 0.239518 0)
(1.18296 0.0500519 0)
(1.1878 0.0419452 0)
(1.19179 0.0320337 0)
(1.19343 0.0240748 0)
(1.19756 0.0130374 0)
(1.19902 0.00377261 0)
(1.20351 -0.0110047 0)
(1.20276 -0.0244195 0)
(1.20405 -0.0452287 0)
(1.19475 -0.0653159 0)
(1.18656 -0.0874802 0)
(1.16179 -0.114879 0)
(1.1355 -0.119104 0)
(1.10764 -0.150108 0)
(1.05339 -0.132341 0)
(1.03517 -0.135967 0)
(0.980621 -0.120185 0)
(0.947825 -0.118556 0)
(0.853886 -0.0459654 0)
(0.8027 0.138293 0)
(0.888037 0.290394 0)
(1.10828 0.281584 0)
(1.26488 0.0296522 0)
(1.20181 -0.0321981 0)
(1.21822 -0.108315 0)
(1.11801 -0.197921 0)
(1.05889 -0.203633 0)
(0.939922 -0.276302 0)
(0.721387 0.0643086 0)
(0.808792 0.231281 0)
(1.17405 0.0461133 0)
(1.17888 0.0386762 0)
(1.183 0.0293696 0)
(1.18478 0.0217283 0)
(1.18863 0.0110337 0)
(1.18952 0.00214021 0)
(1.19318 -0.0118617 0)
(1.19126 -0.024178 0)
(1.19171 -0.0428024 0)
(1.18194 -0.0605374 0)
(1.17392 -0.0793264 0)
(1.15156 -0.103362 0)
(1.12713 -0.106729 0)
(1.10263 -0.133811 0)
(1.05273 -0.117474 0)
(1.03647 -0.121713 0)
(0.985337 -0.104284 0)
(0.955828 -0.0962243 0)
(0.873928 -0.0254626 0)
(0.857362 0.127596 0)
(0.9547 0.241723 0)
(1.13982 0.231274 0)
(1.25978 0.0209247 0)
(1.18823 -0.024839 0)
(1.20635 -0.0986285 0)
(1.10701 -0.178558 0)
(1.04949 -0.181944 0)
(0.933328 -0.240264 0)
(0.705917 0.0807811 0)
(0.822558 0.219603 0)
(1.16538 0.0420192 0)
(1.1701 0.0352423 0)
(1.1742 0.0266149 0)
(1.17606 0.0194003 0)
(1.17958 0.00924172 0)
(1.18005 0.000872727 0)
(1.18296 -0.0122072 0)
(1.18024 -0.0233621 0)
(1.18 -0.0399752 0)
(1.17008 -0.0554868 0)
(1.16227 -0.0714753 0)
(1.142 -0.092276 0)
(1.1195 -0.0950124 0)
(1.09765 -0.118296 0)
(1.05244 -0.103334 0)
(1.03803 -0.107803 0)
(0.989771 -0.0891155 0)
(0.966321 -0.076264 0)
(0.897113 -0.0115288 0)
(0.905424 0.110362 0)
(0.99835 0.197044 0)
(1.14699 0.189638 0)
(1.24097 0.0164362 0)
(1.17066 -0.0165323 0)
(1.19275 -0.0891945 0)
(1.09531 -0.159024 0)
(1.04036 -0.159539 0)
(0.930497 -0.202758 0)
(0.702302 0.0951701 0)
(0.845763 0.204365 0)
(1.157 0.0378449 0)
(1.16155 0.0317205 0)
(1.16551 0.0238271 0)
(1.16742 0.0171276 0)
(1.17057 0.00765406 0)
(1.17076 -8.05416e-05 0)
(1.17298 -0.0121222 0)
(1.16976 -0.0220854 0)
(1.16898 -0.0368303 0)
(1.15911 -0.0502472 0)
(1.15162 -0.0638892 0)
(1.13308 -0.0816307 0)
(1.11266 -0.0839114 0)
(1.09284 -0.103572 0)
(1.05244 -0.0900434 0)
(1.0397 -0.0942938 0)
(0.994421 -0.0750448 0)
(0.977734 -0.0595828 0)
(0.921242 -0.00273923 0)
(0.942373 0.0910754 0)
(1.01977 0.158468 0)
(1.13882 0.155129 0)
(1.21478 0.0137985 0)
(1.15252 -0.00882132 0)
(1.17833 -0.0801937 0)
(1.08358 -0.139515 0)
(1.03222 -0.137076 0)
(0.931629 -0.16537 0)
(0.715588 0.106139 0)
(0.879662 0.185908 0)
(1.14899 0.03365 0)
(1.15333 0.0281732 0)
(1.15706 0.0210525 0)
(1.159 0.0149359 0)
(1.16175 0.00626242 0)
(1.16177 -0.000761442 0)
(1.16339 -0.0116743 0)
(1.15989 -0.020449 0)
(1.15869 -0.0334333 0)
(1.14902 -0.0449001 0)
(1.14194 -0.0565357 0)
(1.12484 -0.071438 0)
(1.10657 -0.073389 0)
(1.0883 -0.0896598 0)
(1.05274 -0.077646 0)
(1.04127 -0.0813489 0)
(0.999615 -0.0622655 0)
(0.988833 -0.0463387 0)
(0.943752 0.00265958 0)
(0.969755 0.0730068 0)
(1.0282 0.126158 0)
(1.12574 0.125981 0)
(1.18659 0.0115908 0)
(1.13613 -0.00261802 0)
(1.16352 -0.0715197 0)
(1.07256 -0.120212 0)
(1.02581 -0.115159 0)
(0.935915 -0.130136 0)
(0.748829 0.112341 0)
(0.923819 0.165075 0)
(1.14142 0.0294819 0)
(1.14553 0.0246487 0)
(1.14898 0.0183258 0)
(1.15094 0.0128426 0)
(1.1533 0.00505569 0)
(1.15321 -0.0012034 0)
(1.15431 -0.0109229 0)
(1.15071 -0.0185396 0)
(1.14918 -0.0298408 0)
(1.13984 -0.0395153 0)
(1.13321 -0.0493902 0)
(1.11735 -0.0617085 0)
(1.10117 -0.063403 0)
(1.08412 -0.07659 0)
(1.05327 -0.0661185 0)
(1.04261 -0.0691452 0)
(1.0053 -0.0508579 0)
(0.998946 -0.0360769 0)
(0.963125 0.00574548 0)
(0.990341 0.0574789 0)
(1.03112 0.099333 0)
(1.11344 0.101155 0)
(1.15961 0.0095362 0)
(1.12236 0.00175473 0)
(1.14853 -0.0629774 0)
(1.06287 -0.101435 0)
(1.02179 -0.0942499 0)
(0.942059 -0.099269 0)
(0.799147 0.112639 0)
(0.973988 0.143046 0)
(1.13439 0.0253724 0)
(1.13826 0.021179 0)
(1.1414 0.0156704 0)
(1.14335 0.0108567 0)
(1.14536 0.0040182 0)
(1.14523 -0.00144872 0)
(1.14588 -0.0099236 0)
(1.14229 -0.0164276 0)
(1.1405 -0.0261026 0)
(1.1316 -0.0341463 0)
(1.12538 -0.0424343 0)
(1.11067 -0.0524438 0)
(1.0964 -0.0539092 0)
(1.0804 -0.0643755 0)
(1.05394 -0.055412 0)
(1.04374 -0.0577887 0)
(1.01111 -0.0408295 0)
(1.00781 -0.0281175 0)
(0.978999 0.00710554 0)
(1.00604 0.0446835 0)
(1.03215 0.0770659 0)
(1.10326 0.080093 0)
(1.13558 0.00764556 0)
(1.1111 0.00429948 0)
(1.13366 -0.0544072 0)
(1.05493 -0.083632 0)
(1.02035 -0.0747544 0)
(0.949591 -0.0743806 0)
(0.855993 0.106188 0)
(1.02147 0.120944 0)
(1.12798 0.0213412 0)
(1.1316 0.0177846 0)
(1.13446 0.0131001 0)
(1.13639 0.0089797 0)
(1.13807 0.00313387 0)
(1.13794 -0.00152562 0)
(1.1382 -0.00872339 0)
(1.13473 -0.0141645 0)
(1.13272 -0.0222601 0)
(1.12433 -0.0288265 0)
(1.11845 -0.0356526 0)
(1.10484 -0.0436275 0)
(1.09222 -0.0448626 0)
(1.07719 -0.0529918 0)
(1.0546 -0.0454696 0)
(1.04474 -0.0472949 0)
(1.01662 -0.0321332 0)
(1.01538 -0.0217959 0)
(0.991625 0.00720221 0)
(1.0179 0.0343152 0)
(1.03274 0.0586022 0)
(1.09475 0.0623212 0)
(1.11539 0.0059562 0)
(1.10177 0.00529706 0)
(1.11947 -0.0457429 0)
(1.04882 -0.0672175 0)
(1.02089 -0.0571508 0)
(0.95915 -0.0554674 0)
(0.90621 0.0935306 0)
(1.05718 0.0995842 0)
(1.1223 0.0173898 0)
(1.12569 0.0144682 0)
(1.12829 0.0106137 0)
(1.13018 0.00720478 0)
(1.13159 0.00238066 0)
(1.13147 -0.00146248 0)
(1.13142 -0.00736631 0)
(1.12812 -0.0117884 0)
(1.12592 -0.0183469 0)
(1.11808 -0.0235704 0)
(1.11246 -0.0290279 0)
(1.0999 -0.0352212 0)
(1.08861 -0.0362141 0)
(1.07455 -0.0423708 0)
(1.05515 -0.0362237 0)
(1.04569 -0.0376049 0)
(1.02147 -0.0246395 0)
(1.02169 -0.0166226 0)
(1.00146 0.00643767 0)
(1.02659 0.0258843 0)
(1.03337 0.0433534 0)
(1.0874 0.0473324 0)
(1.09935 0.00451627 0)
(1.09381 0.00520083 0)
(1.10664 -0.0370198 0)
(1.04446 -0.0524116 0)
(1.02235 -0.0419133 0)
(0.9707 -0.0412114 0)
(0.942321 0.076955 0)
(1.07773 0.0794344 0)
(1.11748 0.013514 0)
(1.12065 0.0112273 0)
(1.12304 0.00820682 0)
(1.12487 0.00552405 0)
(1.12607 0.00173907 0)
(1.12596 -0.00128035 0)
(1.12568 -0.0058849 0)
(1.12256 -0.00932041 0)
(1.1202 -0.0143823 0)
(1.1129 -0.0183694 0)
(1.10746 -0.0225335 0)
(1.09586 -0.0271583 0)
(1.08558 -0.0279035 0)
(1.07248 -0.0323976 0)
(1.05554 -0.0275853 0)
(1.04661 -0.0286061 0)
(1.02546 -0.0181631 0)
(1.02674 -0.0122454 0)
(1.00893 0.00518245 0)
(1.0327 0.0188936 0)
(1.03415 0.0308064 0)
(1.08105 0.0345954 0)
(1.08729 0.00330105 0)
(1.08696 0.00441256 0)
(1.09575 -0.0283685 0)
(1.04162 -0.039163 0)
(1.02386 -0.0292946 0)
(0.982604 -0.0299325 0)
(0.965037 0.0590883 0)
(1.0864 0.0605765 0)
(1.11362 0.00967926 0)
(1.11661 0.00803166 0)
(1.11883 0.00585324 0)
(1.12061 0.00391202 0)
(1.12166 0.00118285 0)
(1.12156 -0.0009995 0)
(1.12111 -0.00430401 0)
(1.11815 -0.00676946 0)
(1.11568 -0.0103709 0)
(1.10885 -0.013194 0)
(1.10352 -0.0161273 0)
(1.09276 -0.0193424 0)
(1.08317 -0.01985 0)
(1.07096 -0.0229144 0)
(1.05576 -0.0194352 0)
(1.04743 -0.0201413 0)
(1.0285 -0.0124763 0)
(1.03056 -0.00841486 0)
(1.01438 0.00372469 0)
(1.03674 0.0129039 0)
(1.03495 0.0204357 0)
(1.07584 0.0235733 0)
(1.07877 0.00225199 0)
(1.08131 0.00325651 0)
(1.0872 -0.0199561 0)
(1.03995 -0.0271884 0)
(1.02501 -0.0190947 0)
(0.992806 -0.0203877 0)
(0.978775 0.0415173 0)
(1.08874 0.0427615 0)
(1.11088 0.00584943 0)
(1.11373 0.00484832 0)
(1.11584 0.00352381 0)
(1.11757 0.00234146 0)
(1.11853 0.000683343 0)
(1.11843 -0.000644731 0)
(1.11787 -0.00264305 0)
(1.11503 -0.00413635 0)
(1.11249 -0.00630009 0)
(1.10601 -0.00799486 0)
(1.10074 -0.00974336 0)
(1.09062 -0.0116473 0)
(1.08146 -0.0119384 0)
(1.06996 -0.0137257 0)
(1.05586 -0.0116072 0)
(1.04806 -0.0120187 0)
(1.03058 -0.0073226 0)
(1.03314 -0.00493317 0)
(1.018 0.00222811 0)
(1.03918 0.0075509 0)
(1.03561 0.0116497 0)
(1.07207 0.0137365 0)
(1.07331 0.00130555 0)
(1.07717 0.0019637 0)
(1.08126 -0.0118515 0)
(1.03907 -0.0160618 0)
(1.02574 -0.0107459 0)
(1.00005 -0.0118876 0)
(0.986988 0.0246691 0)
(1.08879 0.0255752 0)
(1.10941 0.00197961 0)
(1.11218 0.00164066 0)
(1.11424 0.00119232 0)
(1.11594 0.000792021 0)
(1.11686 0.000230799 0)
(1.11676 -0.00021898 0)
(1.11614 -0.000891304 0)
(1.11337 -0.00139462 0)
(1.11079 -0.00211964 0)
(1.10451 -0.0026879 0)
(1.09927 -0.00327113 0)
(1.08949 -0.00390402 0)
(1.08055 -0.00399917 0)
(1.06944 -0.00458731 0)
(1.05589 -0.00387369 0)
(1.04841 -0.004007 0)
(1.03166 -0.00242179 0)
(1.03447 -0.00162688 0)
(1.01985 0.000741476 0)
(1.04034 0.00249603 0)
(1.03598 0.00378553 0)
(1.07003 0.00452209 0)
(1.07059 0.000424028 0)
(1.07491 0.000652025 0)
(1.07814 -0.00393631 0)
(1.0387 -0.00532365 0)
(1.02608 -0.00347124 0)
(1.00383 -0.00391806 0)
(0.991054 0.00820704 0)
(1.08849 0.00853894 0)
(1.32223 0.146432 -3.78625e-21)
(1.32326 0.134808 8.69906e-21)
(1.32216 0.122748 1.49615e-20)
(1.31823 0.110126 -4.20929e-22)
(1.31051 0.096779 7.91726e-21)
(1.2978 0.0825743 8.1522e-21)
(1.27863 0.0672804 -3.44335e-21)
(1.25104 0.0510481 1.24801e-21)
(1.21422 0.0333382 -4.82875e-21)
(1.16255 0.0157822 1.97015e-20)
(1.10962 -0.00371376 -5.19495e-21)
(1.00769 -0.0195235 6.23203e-21)
(1.31137 0.144944 7.45127e-21)
(1.31425 0.13476 2.28267e-21)
(1.3158 0.124283 -9.83371e-21)
(1.31563 0.113455 1.63254e-20)
(1.31323 0.102135 -1.77417e-20)
(1.3077 0.0903051 -6.17493e-21)
(1.29858 0.0776259 4.60899e-21)
(1.28323 0.0643762 -3.21103e-21)
(1.26426 0.0496964 -2.58451e-20)
(1.22937 0.0344723 -2.44188e-20)
(1.20361 0.0182165 8.36652e-21)
(1.12214 -0.00282592 -9.04357e-21)
(1.29852 0.14277 1.00916e-21)
(1.30255 0.133978 -1.11956e-20)
(1.3058 0.125 6.57774e-22)
(1.30799 0.115825 -2.10646e-20)
(1.30905 0.106327 -1.32272e-20)
(1.30803 0.096518 -7.49475e-21)
(1.30558 0.086068 -5.76505e-22)
(1.29782 0.075001 -6.45411e-21)
(1.29033 0.0629712 2.04925e-20)
(1.26693 0.0489692 5.19209e-21)
(1.25644 0.0361625 -1.24279e-20)
(1.19987 0.0141676 -4.47783e-21)
(1.28494 0.139953 -9.40485e-21)
(1.28955 0.13236 6.6246e-21)
(1.29372 0.124626 -1.39091e-20)
(1.29718 0.116742 6.50632e-21)
(1.30013 0.10861 2.18155e-20)
(1.30144 0.100179 6.61925e-21)
(1.30253 0.0913381 8.84028e-21)
(1.29903 0.0817222 -2.16308e-21)
(1.29777 0.0719899 -7.51809e-22)
(1.28373 0.0596824 -8.11439e-21)
(1.28187 0.0502659 1.68569e-20)
(1.24809 0.0313723 -8.76406e-21)
(1.27142 0.136333 3.63916e-21)
(1.2761 0.129698 5.51765e-22)
(1.28055 0.12295 1.56589e-20)
(1.28445 0.116061 1.45925e-20)
(1.28818 0.109012 -1.28058e-20)
(1.29063 0.101682 5.68445e-21)
(1.29347 0.0942485 -3.78069e-21)
(1.29296 0.0860754 2.90829e-21)
(1.29512 0.0784259 -5.25556e-21)
(1.28856 0.0683284 5.36711e-21)
(1.29072 0.0612035 -1.20906e-20)
(1.27318 0.0463002 1.47032e-20)
(1.25852 0.132151 2.44642e-22)
(1.26301 0.126323 1.469e-21)
(1.26737 0.120423 6.7989e-21)
(1.27134 0.114417 -7.40141e-22)
(1.27532 0.108359 -7.47207e-21)
(1.27845 0.102084 -1.05176e-20)
(1.28214 0.0958991 2.91378e-21)
(1.28366 0.0890773 2.59045e-22)
(1.28716 0.0828681 9.92551e-21)
(1.28527 0.0746693 2.8347e-21)
(1.28858 0.0687341 1.07989e-20)
(1.28128 0.0573754 4.58576e-22)
(1.24652 0.127672 8.33738e-22)
(1.25078 0.122573 -4.8831e-21)
(1.25496 0.11744 -9.3875e-21)
(1.25887 0.112234 -6.75484e-21)
(1.26283 0.107029 1.71066e-20)
(1.26625 0.10165 -6.53113e-21)
(1.27006 0.0963784 -1.46835e-20)
(1.27254 0.0906035 -1.04123e-20)
(1.27614 0.0852927 4.33684e-21)
(1.27685 0.078645 2.23153e-21)
(1.28044 0.0735294 -8.81029e-21)
(1.27911 0.0650452 -7.49692e-21)
(1.2354 0.122971 -3.30042e-21)
(1.23945 0.118525 3.33838e-21)
(1.24343 0.114057 1.43597e-21)
(1.2472 0.109531 -1.21316e-21)
(1.25097 0.105007 1.75782e-21)
(1.25439 0.100351 5.44178e-21)
(1.25798 0.0957716 1.80638e-20)
(1.26085 0.090877 1.59061e-20)
(1.26432 0.0863011 -9.95174e-21)
(1.26645 0.0809617 7.06924e-21)
(1.27005 0.0765362 1.17392e-21)
(1.27168 0.0701595 8.25084e-21)
(1.22499 0.118036 -9.65977e-22)
(1.22885 0.114161 4.09804e-23)
(1.23262 0.110268 -1.23555e-21)
(1.23623 0.106332 -1.10419e-21)
(1.2398 0.102396 -4.68576e-21)
(1.24315 0.0983838 5.31589e-21)
(1.24656 0.094427 -1.24354e-20)
(1.24963 0.0903068 -6.96418e-21)
(1.25295 0.0863677 3.75566e-21)
(1.25565 0.0820227 -8.8319e-21)
(1.25906 0.0781475 -8.23935e-21)
(1.26189 0.0732347 -1.157e-20)
(1.21517 0.112881 2.53144e-21)
(1.21884 0.109512 -5.85075e-22)
(1.22244 0.106132 6.54501e-22)
(1.22592 0.102728 6.27334e-22)
(1.22935 0.0993253 -5.33936e-21)
(1.23264 0.0958861 -8.429e-21)
(1.23591 0.092475 5.39883e-21)
(1.239 0.0889827 1.39501e-21)
(1.24214 0.0855696 -4.42972e-21)
(1.245 0.0819661 8.86395e-21)
(1.24824 0.0785748 4.09672e-21)
(1.25146 0.0747162 -2.38812e-21)
(1.20584 0.107544 1.14933e-21)
(1.20936 0.104624 1.89601e-22)
(1.2128 0.101696 -1.48769e-21)
(1.21616 0.0987576 -2.26516e-21)
(1.21946 0.0958192 -1.73163e-21)
(1.22266 0.0928637 8.19428e-22)
(1.22582 0.0899179 3.86057e-21)
(1.22885 0.0869402 -2.6182e-21)
(1.23189 0.0839933 -2.40058e-21)
(1.23478 0.0809866 -8.26575e-21)
(1.23791 0.0780423 2.18785e-21)
(1.24121 0.0749722 8.93342e-21)
(1.19697 0.102053 -8.48928e-23)
(1.20032 0.0995202 5.98573e-22)
(1.20361 0.0969841 -1.64567e-22)
(1.20684 0.0944436 1.52731e-21)
(1.21002 0.0919038 4.1441e-21)
(1.21312 0.0893606 4.55185e-21)
(1.21618 0.086823 -6.36836e-21)
(1.21916 0.0842843 7.5687e-22)
(1.22213 0.0817528 3.43763e-21)
(1.22501 0.0792309 7.84438e-21)
(1.22806 0.0766773 -1.29339e-21)
(1.23131 0.0742102 2.05789e-21)
(1.18848 0.096432 7.74163e-22)
(1.19167 0.0942324 7.39952e-22)
(1.19481 0.0920326 1.01117e-21)
(1.19791 0.0898339 -1.17125e-21)
(1.20096 0.0876385 -2.78268e-21)
(1.20397 0.0854482 2.17775e-21)
(1.20693 0.0832628 3.68666e-23)
(1.20985 0.0810907 6.30521e-21)
(1.21274 0.078912 9.87258e-22)
(1.21558 0.0767806 -3.38207e-21)
(1.21854 0.0745615 6.66714e-22)
(1.22173 0.0725685 -1.08926e-21)
(1.18035 0.0907145 -1.3688e-21)
(1.18337 0.0888009 -7.16765e-22)
(1.18636 0.0868893 -9.51596e-22)
(1.18932 0.0849817 5.37062e-22)
(1.19225 0.0830789 2.38291e-21)
(1.19514 0.0811848 -1.00236e-21)
(1.198 0.0792949 -5.62652e-22)
(1.20083 0.0774251 -4.07334e-21)
(1.20364 0.0755424 -6.63039e-22)
(1.20642 0.0737293 3.27284e-21)
(1.20929 0.0717952 -4.05395e-22)
(1.21241 0.0701761 -3.52343e-21)
(1.17255 0.0849307 -1.48469e-21)
(1.17541 0.0832617 8.4149e-22)
(1.17824 0.0815955 1.34906e-21)
(1.18105 0.0799342 4.60438e-22)
(1.18384 0.078278 -1.39219e-22)
(1.18661 0.0766315 -8.43603e-22)
(1.18935 0.0749889 2.008e-21)
(1.19208 0.0733694 -1.19783e-21)
(1.19478 0.0717341 1.85943e-21)
(1.19749 0.0701784 -1.10188e-21)
(1.20025 0.0684827 1.98286e-21)
(1.20327 0.0671529 1.77905e-21)
(1.16774 0.0776461 -3.20553e-22)
(1.17042 0.0761884 -1.80891e-23)
(1.17308 0.0747354 -2.62667e-22)
(1.17572 0.0732871 7.77885e-22)
(1.17835 0.0718481 9.15704e-22)
(1.18097 0.0704123 -8.7167e-22)
(1.18357 0.0689991 1.42708e-21)
(1.18616 0.0675681 -6.10323e-22)
(1.18877 0.0662185 -2.85242e-22)
(1.1914 0.0647207 -3.17006e-21)
(1.19431 0.0636107 -3.82872e-22)
(1.16036 0.0719938 4.3027e-22)
(1.16288 0.0707132 5.4429e-22)
(1.16538 0.0694362 -6.80792e-22)
(1.16788 0.0681628 -5.39144e-22)
(1.17036 0.0668971 8.468e-23)
(1.17284 0.0656331 8.97511e-23)
(1.17531 0.0643894 -4.91737e-22)
(1.17777 0.0631268 -2.35481e-21)
(1.18026 0.0619418 -2.1599e-21)
(1.18274 0.0606088 2.38709e-21)
(1.18551 0.0596625 -1.0128e-22)
(1.15326 0.0663308 -8.71499e-22)
(1.15562 0.0652017 -3.14443e-22)
(1.15796 0.0640747 7.87896e-22)
(1.1603 0.0629495 2.55717e-22)
(1.16264 0.0618297 -9.19604e-23)
(1.16497 0.0607099 -1.6473e-21)
(1.16729 0.0596068 -4.60198e-22)
(1.16961 0.0584842 1.38602e-21)
(1.17195 0.0574319 5.88428e-22)
(1.17429 0.0562372 -2.07822e-22)
(1.17689 0.0554114 -1.61751e-21)
(1.14643 0.0606881 3.8672e-22)
(1.14863 0.0596895 -2.04259e-22)
(1.15082 0.0586912 -2.65364e-22)
(1.153 0.0576927 -1.00823e-21)
(1.15518 0.0566972 -3.53213e-22)
(1.15735 0.0556997 4.76584e-22)
(1.15953 0.0547145 1.15848e-21)
(1.16169 0.0537099 4.99235e-22)
(1.16388 0.0527658 -3.83022e-23)
(1.16605 0.051689 -3.3368e-22)
(1.16848 0.050952 1.07252e-21)
(1.13989 0.0550893 6.59839e-23)
(1.14193 0.0542047 -4.47285e-22)
(1.14396 0.0533184 -6.92446e-22)
(1.14599 0.0524301 -3.25252e-22)
(1.14801 0.0515422 3.93201e-22)
(1.15002 0.0506504 6.78885e-22)
(1.15204 0.0497666 -1.78807e-22)
(1.15404 0.0488635 -4.79083e-22)
(1.15607 0.0480105 -3.00372e-22)
(1.15808 0.0470366 9.99348e-23)
(1.16031 0.0463665 -1.32236e-22)
(1.13365 0.0495551 -1.46901e-22)
(1.13554 0.0487718 -8.36813e-23)
(1.13741 0.0479851 8.30038e-22)
(1.13928 0.0471947 2.35361e-22)
(1.14114 0.0464021 5.17932e-24)
(1.143 0.045604 -7.72977e-22)
(1.14486 0.0448099 1.37589e-22)
(1.1467 0.0439968 2.1859e-22)
(1.14857 0.0432234 1.29244e-22)
(1.1504 0.0423419 3.4746e-22)
(1.15243 0.0417257 -9.90194e-23)
(1.12774 0.0440996 -1.69424e-23)
(1.12947 0.0434083 -2.39424e-22)
(1.1312 0.0427123 -5.26723e-22)
(1.13292 0.0420109 2.16974e-22)
(1.13463 0.0413054 2.47293e-23)
(1.13633 0.0405929 3.05643e-22)
(1.13802 0.0398809 -7.78869e-23)
(1.1397 0.0391503 3.13661e-22)
(1.1414 0.0384501 -5.01159e-22)
(1.14307 0.0376546 -8.98307e-22)
(1.14491 0.0370856 5.36205e-23)
(1.12219 0.0387338 2.77308e-22)
(1.12378 0.0381279 3.04636e-22)
(1.12537 0.0375161 9.80207e-23)
(1.12694 0.036898 -3.0722e-23)
(1.1285 0.0362742 3.22178e-22)
(1.13005 0.0356422 -5.40869e-23)
(1.13159 0.035008 1.47745e-22)
(1.13311 0.034356 -1.87073e-22)
(1.13465 0.033726 4.14007e-22)
(1.13615 0.0330133 4.08798e-22)
(1.1378 0.0324901 2.58752e-22)
(1.11705 0.0334583 -4.13129e-23)
(1.11851 0.0329337 -1.10695e-22)
(1.11996 0.0324026 2.60153e-22)
(1.1214 0.0318643 -6.63333e-24)
(1.12282 0.0313194 1.74313e-22)
(1.12422 0.0307658 -6.94337e-25)
(1.12562 0.0302078 -3.92861e-22)
(1.127 0.0296329 -5.02257e-23)
(1.12838 0.0290733 -5.4904e-22)
(1.12972 0.0284428 -8.97756e-23)
(1.13118 0.0279676 1.15859e-22)
(1.11238 0.0282677 -7.6061e-23)
(1.11372 0.0278223 -1.7708e-22)
(1.11505 0.02737 7.7064e-23)
(1.11636 0.0269105 -1.41998e-22)
(1.11765 0.0264438 -3.55295e-22)
(1.11892 0.0259682 1.32694e-22)
(1.12019 0.0254871 -1.03221e-22)
(1.12143 0.0249903 2.75733e-22)
(1.12267 0.0245032 1.68681e-22)
(1.12386 0.0239565 -2.94108e-22)
(1.12515 0.0235344 -1.49773e-22)
(1.10825 0.0231472 -1.28374e-22)
(1.10948 0.0227798 1.39694e-22)
(1.1107 0.0224059 -1.35048e-22)
(1.11189 0.022025 8.10068e-23)
(1.11307 0.021637 2.04278e-22)
(1.11423 0.0212406 7.06794e-23)
(1.11537 0.0208381 -6.51872e-23)
(1.11649 0.0204216 -8.22225e-23)
(1.1176 0.0200108 1.3543e-22)
(1.11867 0.019551 2.44908e-22)
(1.11981 0.0191882 -1.08491e-22)
(1.10472 0.018076 4.13964e-23)
(1.10586 0.0177872 -6.79137e-23)
(1.10699 0.0174927 -1.14203e-22)
(1.10809 0.0171918 1.82545e-22)
(1.10917 0.0168845 -3.34309e-23)
(1.11023 0.0165696 -1.11614e-22)
(1.11127 0.0162488 -4.97336e-23)
(1.11228 0.0159162 -1.44969e-22)
(1.11328 0.0155863 1.86264e-22)
(1.11425 0.0152178 -5.73038e-23)
(1.11525 0.0149217 6.98681e-23)
(1.1019 0.0130013 8.04388e-23)
(1.10297 0.0127927 1.43341e-23)
(1.10401 0.0125794 -1.64352e-23)
(1.10504 0.0123612 -2.15782e-22)
(1.10604 0.0121377 3.09391e-22)
(1.10702 0.0119081 2.87162e-23)
(1.10798 0.0116736 -6.45185e-23)
(1.10891 0.0114298 -2.03541e-23)
(1.10983 0.011187 -1.24112e-22)
(1.1107 0.0109157 -1.79038e-23)
(1.1116 0.0106948 5.25182e-23)
(1.09988 0.00790114 6.5622e-23)
(1.10089 0.00777314 -8.55445e-24)
(1.10189 0.00764195 3.30575e-24)
(1.10286 0.00750729 -5.26036e-23)
(1.10381 0.00736909 -5.60877e-23)
(1.10473 0.00722679 8.3311e-23)
(1.10563 0.00708105 1.11789e-22)
(1.10651 0.00692929 -3.33527e-23)
(1.10736 0.00677768 1.62438e-24)
(1.10818 0.00660844 -4.33456e-23)
(1.10901 0.0064691 2.22819e-24)
(1.09876 0.00266318 3.62094e-23)
(1.09975 0.00262346 -1.14904e-22)
(1.10071 0.00258226 1.28833e-22)
(1.10165 0.00253943 -1.44379e-22)
(1.10257 0.00249489 -1.00854e-23)
(1.10347 0.00244841 -5.87792e-24)
(1.10434 0.00240016 4.01254e-23)
(1.10519 0.00234925 9.45529e-23)
(1.10602 0.00229773 -4.76863e-23)
(1.10681 0.00223962 4.2792e-23)
(1.1076 0.00219076 -2.02092e-23)
(0.971699 -0.57392 -3.94182e-23)
(0.968044 -0.192717 -2.35054e-24)
(0.966331 0.190674 8.66846e-24)
)
;

boundaryField
{
    inlet
    {
        type            uniformFixedValue;
        uniformValue    constant (1 0 0);
        value           nonuniform 0();
    }
    outlet
    {
        type            pressureInletOutletVelocity;
        value           nonuniform List<vector> 
51
(
(0.913999 0.208499 0)
(0.909102 0.21142 0)
(0.903689 0.214563 0)
(0.897734 0.217837 0)
(0.891212 0.221282 0)
(0.8841 0.224892 0)
(0.876387 0.228618 0)
(0.868085 0.232387 0)
(0.859234 0.236107 0)
(0.849921 0.239656 0)
(0.840304 0.242873 0)
(0.830639 0.245554 0)
(0.82132 0.247439 0)
(0.812921 0.248205 0)
(0.806247 0.247459 0)
(0.802375 0.244737 0)
(0.802675 0.239518 0)
(0.808792 0.231281 0)
(0.822558 0.219603 0)
(0.845763 0.204365 0)
(0.879662 0.185908 0)
(0.923819 0.165075 0)
(0.973988 0.143046 0)
(1.02147 0.120944 0)
(1.05718 0.0995842 0)
(1.07773 0.0794344 0)
(1.0864 0.0605765 0)
(1.08874 0.0427615 0)
(1.08879 0.0255752 0)
(1.08849 0.00853894 0)
(0.964429 0.190924 -8.70041e-24)
(0.962505 0.191228 5.04759e-23)
(0.960553 0.191591 -3.54616e-23)
(0.958567 0.192013 -1.10961e-23)
(0.956543 0.192498 9.10955e-23)
(0.954473 0.193046 -1.46853e-22)
(0.952354 0.193657 1.47596e-22)
(0.950178 0.194334 -1.24134e-22)
(0.94794 0.195073 1.14822e-24)
(0.945633 0.195876 9.74671e-24)
(0.943252 0.196738 -2.03687e-22)
(0.94079 0.197659 3.69285e-22)
(0.938242 0.198634 -3.15952e-22)
(0.935603 0.199661 7.42261e-23)
(0.93287 0.200733 1.50642e-22)
(0.930039 0.201848 3.29276e-23)
(0.927112 0.203001 -6.95166e-23)
(0.924093 0.204183 -2.8807e-23)
(0.920995 0.205381 5.80741e-23)
(0.917848 0.20664 -2.0187e-23)
(0.966331 0.190674 8.66846e-24)
)
;
    }
    cylinder
    {
        type            fixedValue;
        value           uniform (0 0 0);
    }
    top
    {
        type            symmetryPlane;
    }
    bottom
    {
        type            symmetryPlane;
    }
    defaultFaces
    {
        type            empty;
    }
    procBoundary3to1
    {
        type            processor;
        value           nonuniform List<vector> 
41
(
(-0.00153511 -0.0608348 1.35537e-21)
(-0.00635972 -0.146742 -3.38849e-21)
(-0.015985 -0.204989 -2.7219e-21)
(-0.0289701 -0.239794 1.91144e-21)
(-0.0439355 -0.258183 -2.63657e-21)
(-0.0591808 -0.267565 -1.2575e-21)
(-0.0732262 -0.273412 1.3344e-21)
(-0.0851646 -0.27824 6.67352e-21)
(-0.0942342 -0.281822 -2.37876e-21)
(-0.0995167 -0.281637 2.48914e-21)
(-0.110381 -0.272354 1.75351e-22)
(-0.101806 -0.212605 5.02434e-25)
(-0.064415 -0.0791835 -4.89998e-22)
(-0.00518494 0.134624 8.99111e-23)
(0.0755314 0.384253 1.3866e-22)
(0.15138 0.582507 -2.99246e-22)
(0.198023 0.687476 1.39926e-22)
(0.18637 0.733975 9.75947e-23)
(0.125962 0.694034 -1.36407e-22)
(0.207568 0.465761 1.88016e-22)
(0.427733 0.0625539 -2.83003e-22)
(0.603793 -0.282491 6.84755e-23)
(0.724752 -0.499556 4.09686e-23)
(0.790098 -0.580674 2.92368e-23)
(0.800038 -0.564624 -5.66803e-23)
(0.707077 -0.633223 2.54035e-23)
(0.614106 -0.513144 5.3634e-23)
(0.641202 -0.232961 1.81844e-23)
(0.801586 0.134393 5.94103e-23)
(0.908 0.328941 5.87724e-23)
(0.92322 0.375453 -6.09629e-24)
(0.882734 0.549473 -3.05868e-23)
(0.860486 0.409113 1.04096e-23)
(0.87206 0.323482 -2.73578e-23)
(0.927969 0.0232825 -1.80014e-23)
(0.95497 -0.329545 -1.26621e-23)
(0.976202 -0.338881 1.19716e-23)
(0.965526 -0.574392 -8.59334e-23)
(0.96732 -0.192574 3.34931e-24)
(0.968217 0.190477 5.05291e-23)
(0.976202 -0.338881 1.19716e-23)
)
;
    }
    procBoundary3to2
    {
        type            processor;
        value           nonuniform List<vector> 
50
(
(-0.0130372 0.0105822 -8.61833e-20)
(-0.0130372 0.0105822 -8.61833e-20)
(0.00582822 0.00912093 3.35953e-20)
(0.00582822 0.00912093 3.35953e-20)
(0.0178078 0.00417317 -1.57044e-20)
(0.121572 -0.00625696 -7.3119e-21)
(0.121572 -0.00625696 -7.3119e-21)
(0.320266 -0.0093399 3.46341e-20)
(0.320266 -0.0093399 3.46341e-20)
(0.610794 0.0113504 1.18409e-20)
(0.845127 0.038648 -7.23802e-20)
(0.845127 0.038648 -7.23802e-20)
(1.11149 0.0872665 7.53849e-21)
(1.11149 0.0872665 7.53849e-21)
(1.26824 0.126654 7.59994e-21)
(1.26824 0.126654 7.59994e-21)
(1.32695 0.150348 3.94537e-22)
(1.33069 0.145107 1.177e-20)
(1.33069 0.145107 1.177e-20)
(1.31956 0.157724 1.29079e-20)
(1.30743 0.154895 -6.09454e-21)
(1.29382 0.151416 9.96493e-22)
(1.27991 0.147441 5.05103e-22)
(1.26643 0.14288 -1.99429e-21)
(1.25379 0.137908 -1.27268e-21)
(1.24207 0.132719 2.88924e-21)
(1.23119 0.127379 9.8256e-22)
(1.22101 0.121879 -1.78527e-21)
(1.21138 0.116227 1.50772e-21)
(1.20225 0.110453 -1.4105e-21)
(1.19356 0.10458 1.09801e-21)
(1.18525 0.0986292 -1.55786e-21)
(1.17729 0.0926286 8.84272e-22)
(1.16966 0.0866011 1.74297e-22)
(1.16505 0.0791064 -1.70104e-21)
(1.16505 0.0791064 -1.70104e-21)
(1.15783 0.0732762 2.60958e-22)
(1.15089 0.0674606 -2.17324e-22)
(1.14423 0.0616859 6.04067e-22)
(1.13785 0.0559715 -3.84092e-23)
(1.13176 0.0503347 2.24397e-22)
(1.126 0.0447859 -3.50009e-22)
(1.12059 0.0393338 2.79059e-22)
(1.11558 0.0339766 -1.87535e-22)
(1.11103 0.0287067 -1.15774e-22)
(1.107 0.0235084 -9.89235e-24)
(1.10356 0.0183592 -4.7836e-23)
(1.10081 0.0132055 1.08321e-22)
(1.09884 0.00802612 -2.50489e-23)
(1.09775 0.00270156 -9.54294e-24)
)
;
    }
}


// ************************************************************************* //
