/*--------------------------------*- C++ -*----------------------------------*\
  =========                 |
  \\      /  F ield         | OpenFOAM: The Open Source CFD Toolbox
   \\    /   O peration     | Website:  https://openfoam.org
    \\  /    A nd           | Version:  7
     \\/     M anipulation  |
\*---------------------------------------------------------------------------*/
FoamFile
{
    version     2.0;
    format      ascii;
    class       surfaceScalarField;
    location    "150";
    object      phi;
}
// * * * * * * * * * * * * * * * * * * * * * * * * * * * * * * * * * * * * * //

dimensions      [0 3 -1 0 0 0 0];

internalField   nonuniform List<scalar> 
4147
(
-0.000118318
-0.00208519
-0.000429461
-0.00459499
-0.000908381
-0.00594895
-0.00152887
-0.00640831
-0.00226902
-0.00627389
-0.00311249
-0.00578747
-0.00404712
-0.00505957
-0.00506526
-0.00405288
-0.00616478
-0.00260805
-0.000424155
-0.00735676
-0.000133044
-0.00195215
-0.000470098
-0.00425794
-0.000975728
-0.00544332
-0.00161906
-0.00576498
-0.00237787
-0.00551508
-0.00323794
-0.0049274
-0.00418987
-0.00410764
-0.00522852
-0.00301424
-0.00635385
-0.00148272
0.000788702
-0.0075667
-0.000143971
-0.00180818
-0.000498581
-0.00390333
-0.00101887
-0.00492303
-0.00166898
-0.00511488
-0.00242501
-0.00475905
-0.0032726
-0.00407982
-0.00420184
-0.0031784
-0.00520571
-0.00201036
-0.00628015
-0.000408283
0.0019226
-0.00741405
-0.000151457
-0.00165672
-0.000516256
-0.00353853
-0.00104073
-0.00439855
-0.00168363
-0.00447198
-0.0024179
-0.00402477
-0.00322672
-0.003271
-0.00409657
-0.00230855
-0.00501425
-0.00109268
-0.00596732
0.000544784
0.0028821
-0.00692682
-0.000156077
-0.00150064
-0.000525061
-0.00316955
-0.00104532
-0.00387829
-0.00166977
-0.00384753
-0.00236684
-0.00332771
-0.00311511
-0.00252272
-0.00389459
-0.00152908
-0.004682
-0.000305268
-0.00545303
0.00131581
0.00358477
-0.0061557
-0.00015855
-0.00134209
-0.000527302
-0.00280079
-0.00103731
-0.00336828
-0.00163533
-0.00324952
-0.00228408
-0.00267896
-0.00295581
-0.00185099
-0.0036218
-0.000863096
-0.00424554
0.000318472
-0.00478735
0.00185762
0.00396636
-0.00516894
-0.000159639
-0.00118245
-0.000525372
-0.00243506
-0.00102152
-0.00287213
-0.00158848
-0.00268256
-0.00218248
-0.00208495
-0.00276827
-0.00126519
-0.00330689
-0.000324484
-0.00374624
0.000757825
-0.00402845
0.00213983
0.00398371
-0.00404579
-0.000160053
-0.0010224
-0.000521443
-0.00207367
-0.00100228
-0.00239129
-0.00153667
-0.00214817
-0.002074
-0.00154762
-0.00257093
-0.000768257
-0.00297774
8.23204e-05
-0.00322541
0.0010055
-0.0032355
0.00214991
0.0036159
-0.00286769
-0.000160339
-0.000862061
-0.000517161
-0.00171685
-0.000982878
-0.00192557
-0.00148556
-0.0016455
-0.00196781
-0.00106537
-0.00237832
-0.000357745
-0.0026569
0.000360894
-0.0027175
0.0010661
-0.00245893
0.00189134
0.00286462
-0.00170765
-0.000160795
-0.000701266
-0.00051337
-0.00136427
-0.000964936
-0.00147401
-0.00143795
-0.00117248
-0.0018686
-0.000634722
-0.00219799
-2.83526e-05
-0.00235636
0.000519268
-0.0022414
0.000951136
-0.00172635
0.0013763
0.00176246
-0.000624198
-0.000161406
-0.00053986
-0.000509931
-0.00101575
-0.000948047
-0.00103589
-0.00139304
-0.000727491
-0.00177499
-0.00025277
-0.0020278
0.000224457
-0.00207282
0.000564287
-0.00179226
0.000670577
-0.00102653
0.000610574
0.000279326
0.000456602
-0.000161824
-0.000378037
-0.000505645
-0.000671927
-0.000929592
-0.000611943
-0.001346
-0.000311086
-0.0016788
8.00331e-05
-0.00185444
0.000400099
-0.00178533
0.000495171
-0.00133756
0.000222814
-0.000281563
-0.000445426
-0.0015981
0.00159586
-0.000161399
-0.000216638
-0.000498355
-0.000334971
-0.000904893
-0.000205405
-0.00128818
7.22007e-05
-0.0015652
0.000357055
-0.00165346
0.000488352
-0.00145461
0.000296328
-0.000823943
-0.000407855
0.000497504
-0.00176687
-0.00393425
0.00283365
-0.000159273
-5.73642e-05
-0.000485216
-9.02841e-06
-0.000867764
0.000177144
-0.00120807
0.000412503
-0.00141416
0.000563144
-0.00139114
0.000465335
-0.00102702
-6.7787e-05
-0.000180865
-0.00125401
0.00149955
-0.00344729
-0.0067622
0.00432751
-0.000154519
9.71546e-05
-0.000463127
0.00029958
-0.000811399
0.000525415
-0.00109292
0.000694028
-0.00120363
0.000673854
-0.0010308
0.000292505
-0.000438302
-0.000660288
0.00074672
-0.00243904
0.00287034
-0.00557091
-0.0101056
0.00621378
-0.000146318
0.000243473
-0.000429253
0.000582515
-0.000729467
0.000825629
-0.000930914
0.000895475
-0.000913638
0.000656578
-0.000541744
-7.93876e-05
0.000350029
-0.00155206
0.00196275
-0.00405176
0.00467797
-0.00828613
-0.0139736
0.00854594
-0.000134123
0.000377596
-0.000381532
0.000829924
-0.000617163
0.00106126
-0.000712977
0.000991289
-0.000529217
0.000472818
9.76305e-05
-0.000706235
0.00136655
-0.00282098
0.00350354
-0.00618875
0.00691294
-0.0116955
-0.0183235
0.0112628
-0.000117778
0.000495374
-0.00031905
0.0010312
-0.000471988
0.0012142
-0.000434229
0.00095353
-4.31313e-05
8.172e-05
0.000896022
-0.00164539
0.00261619
-0.00454114
0.00536044
-0.00893301
0.00948251
-0.0158176
-0.0230478
0.0142069
-9.75609e-05
0.000592935
-0.000242172
0.00117581
-0.000294043
0.00126607
-9.44161e-05
0.000753902
0.000544391
-0.000557087
0.00184818
-0.00294917
0.00407762
-0.00677059
0.00748986
-0.0123452
0.0122453
-0.020573
-0.0279775
0.0171749
-7.41194e-05
0.000667054
-0.000152397
0.00125408
-8.57543e-05
0.00119943
0.000302527
0.000365621
0.00122574
-0.0014803
0.0029374
-0.00466083
0.00571049
-0.00954367
0.00980103
-0.0164358
0.0150658
-0.0258378
-0.0330029
0.0200912
-4.83272e-05
0.000715381
-5.18773e-05
0.00125763
0.000148933
0.000998616
0.000750004
-0.000235449
0.00198893
-0.00271923
0.00413921
-0.00681111
0.0074611
-0.0128656
0.0121396
-0.0211143
0.0177333
-0.0314315
-0.0407916
0.025522
-2.1119e-05
0.0007365
5.67333e-05
0.00117978
0.000405632
0.000649717
0.00124055
-0.00107037
0.00282017
-0.00429885
0.00542467
-0.00941561
0.00927013
-0.016711
0.0143924
-0.0262366
0.0202828
-0.0373219
-0.0479459
0.0274371
7.0976e-06
0.000171776
0.0010151
0.00068066
0.000140834
0.00176738
-0.00215708
0.00370559
-0.00623706
0.00676183
-0.0124718
0.0110689
-0.0210181
0.0164668
-0.0316345
0.0223979
-0.043253
-0.0543367
0.0287887
0.000292178
0.00097167
-0.000538658
0.00232511
-0.00351052
0.0046313
-0.00854325
0.00811495
-0.0159555
0.0127823
-0.0256854
0.0182785
-0.0371307
0.0239805
-0.048955
-0.059989
0.0296328
0.00127774
-0.00139858
0.00290936
-0.00514214
0.00558161
-0.0112155
0.00944249
-0.0198164
0.0143369
-0.0305798
0.0197461
-0.0425399
0.0250453
-0.0542543
-0.0649002
0.0299565
0.00159891
0.00351545
-0.00705868
0.00653677
-0.0142368
0.0106969
-0.0239765
0.0156671
-0.03555
0.0208266
-0.0476994
0.0256141
-0.0590418
-0.0691033
0.0298172
0.00413646
0.0074713
-0.0175717
0.0118285
-0.0283337
0.0167237
-0.0404453
0.0215099
-0.0524856
0.0257394
-0.0632712
-0.072666
0.0293021
0.00835437
0.0127915
0.0174794
-0.0451331
0.0218144
-0.0568206
0.0254863
-0.0669431
-0.0756663
0.0284866
0.017929
0.0217771
-0.0606688
0.0249225
-0.0700885
-0.078186
0.0274422
0.0214449
0.0241123
-0.0727559
-0.0803006
0.0262269
0.0231118
0.024887
-0.00873813
0.00699542
-0.00920209
0.0269416
-0.00880929
0.0529585
-0.0075012
0.0830319
-0.00525334
0.106192
-0.000998269
0.111018
0.00573127
0.0852094
0.0129351
0.0270209
0.0193678
-0.0437753
0.0239393
-0.100371
0.0262737
-0.138394
0.0269186
-0.14651
0.0245207
-0.153545
0.0209559
-0.160221
0.0215424
-0.131246
0.0262189
-0.0449643
0.0308754
0.0687164
0.0338729
0.113421
0.0333071
0.157964
0.0303931
0.171485
0.0292084
0.180394
0.031194
0.126339
0.0333369
-0.00156189
0.0345734
-0.0528864
0.0349327
-0.20242
0.0346229
-0.207753
0.0342985
-0.164239
0.0348325
-0.117513
0.116979
0.0350045
0.192324
-0.192496
0.189649
-0.189067
-0.00893153
0.00836025
-0.00927735
0.0272874
-0.00862938
0.0523105
-0.00679667
0.0811992
-0.00372872
0.103124
0.00134297
0.105946
0.00810888
0.0784434
0.0147971
0.0203327
0.0206348
-0.049613
0.0246183
-0.104355
0.0264234
-0.1402
0.0268227
-0.146909
0.024413
-0.151135
0.0206399
-0.156448
0.0208933
-0.1315
0.0256387
-0.0497097
0.0306277
0.0637275
0.0338651
0.110183
0.0334103
0.158419
0.0304519
0.174443
0.0292174
0.181628
0.0312487
0.124307
0.033403
-0.0037162
0.0346076
-0.054091
0.034929
-0.202741
0.0346264
-0.207451
0.0343142
-0.163927
0.034794
-0.117993
0.0349151
0.192203
0.190228
-0.00867901
0.0096252
-0.00885668
0.0274651
-0.00791441
0.0513683
-0.00555852
0.0788433
-0.00173529
0.0993008
0.00394013
0.100271
0.0105321
0.0718515
0.0166474
0.0142174
0.0218581
-0.0548238
0.0252613
-0.107758
0.026556
-0.141494
0.0267112
-0.147064
0.0243184
-0.148742
0.0203927
-0.152522
0.0203007
-0.131408
0.0250567
-0.0544658
0.0303607
0.0584235
0.0338415
0.106702
0.0335041
0.158756
0.0305093
0.177438
0.0292305
0.182907
0.0313001
0.122238
0.0334609
-0.00587702
0.034629
-0.0552592
0.0349061
-0.203018
0.0346122
-0.207157
0.0343208
-0.163636
0.0347516
-0.118424
0.034821
0.192134
0.190805
-0.00800877
0.0107072
-0.00796889
0.0274252
-0.00671464
0.050114
-0.00386229
0.075991
0.000638174
0.0948003
0.00668511
0.0942238
0.0129621
0.0655745
0.0184618
0.00871776
0.0230284
-0.0593904
0.0258616
-0.110591
0.0266686
-0.142301
0.0265824
-0.146978
0.0242321
-0.146392
0.0202138
-0.148504
0.0197747
-0.130968
0.0244795
-0.0591706
0.0300763
0.0528268
0.0338025
0.102976
0.033589
0.15897
0.0305676
0.180459
0.0292499
0.184225
0.0313476
0.12014
0.0335098
-0.0080392
0.0346369
-0.0563864
0.0348639
-0.203245
0.0345802
-0.206873
0.0343178
-0.163373
0.0347049
-0.118811
0.0347224
0.192116
0.191376
-0.0069788
0.0115303
-0.0066747
0.0271211
-0.00509952
0.0485388
-0.00180692
0.0726984
0.00328759
0.0897058
0.00948789
0.0880235
0.0153525
0.0597099
0.0202182
0.0038521
0.0241362
-0.0633084
0.0264129
-0.112868
0.0267575
-0.142646
0.0264342
-0.146655
0.0241484
-0.144106
0.0200989
-0.144454
0.0193225
-0.130192
0.0239139
-0.063762
0.0297763
0.0469643
0.0337485
0.0990039
0.0336654
0.159053
0.0306294
0.183495
0.0292769
0.185577
0.0313906
0.118026
0.0335488
-0.0101975
0.0346306
-0.0574682
0.0348023
-0.203417
0.0345305
-0.206602
0.0343045
-0.163147
0.0346535
-0.11916
0.0346193
0.19215
0.191942
-0.00566993
0.0120312
-0.00506177
0.026513
-0.00316561
0.0466427
0.00052816
0.0690046
0.0060592
0.0841748
0.0122591
0.0818236
0.017658
0.054311
0.0218938
-0.000383767
0.0251723
-0.0665868
0.0269093
-0.114605
0.0268191
-0.142556
0.0262645
-0.146101
0.0240614
-0.141903
0.0200402
-0.140433
0.0189477
-0.1291
0.0233687
-0.068183
0.029463
0.04087
0.0336791
0.0947878
0.0337336
0.158998
0.0306964
0.186533
0.0293125
0.186961
0.0314283
0.115911
0.0335773
-0.0123465
0.0346095
-0.0585004
0.0347215
-0.203529
0.0344636
-0.206344
0.0342806
-0.162964
0.0345968
-0.119476
0.0345116
0.192235
0.192499
-0.00417724
0.0121627
-0.00323847
0.0255742
-0.00104108
0.0444453
0.00307574
0.0648878
0.00884815
0.0784024
0.0149221
0.0757497
0.0198361
0.049397
0.0234694
-0.00401708
0.0261285
-0.0692459
0.0273455
-0.115822
0.0268496
-0.14206
0.026071
-0.145322
0.0239649
-0.139797
0.0200266
-0.136494
0.0186495
-0.127723
0.0228528
-0.0723863
0.0291385
0.0345843
0.0335939
0.0903325
0.0337938
0.158798
0.0307701
0.189556
0.029357
0.188375
0.0314598
0.113808
0.0335944
-0.014481
0.0345729
-0.0594789
0.0346217
-0.203578
0.0343798
-0.206102
0.0342458
-0.16283
0.0345342
-0.119764
0.0343993
0.19237
0.193047
-0.00259986
0.0118949
-0.00133392
0.0243083
0.00126446
0.0418469
0.00563842
0.0605139
0.0115529
0.0724879
0.0174119
0.0698906
0.0218497
0.0449593
0.0249276
-0.00709501
0.0269976
-0.0713159
0.0277165
-0.116541
0.0268455
-0.141189
0.0258513
-0.144328
0.0238531
-0.137798
0.0200448
-0.132686
0.0184227
-0.1261
0.0223737
-0.0763373
0.0288055
0.0281525
0.0334918
0.0856462
0.0338458
0.158444
0.0308515
0.19255
0.0294101
0.189816
0.0314842
0.111734
0.0335994
-0.0165962
0.0345204
-0.0603999
0.0345034
-0.203561
0.0342801
-0.205878
0.0341998
-0.16275
0.0344653
-0.12003
0.0342825
0.192553
0.193582
-0.00103562
0.0112228
0.000615367
0.0226573
0.00355437
0.0389079
0.00812255
0.0559457
0.0140855
0.066525
0.0196751
0.064301
0.023668
0.0409663
0.0262559
-0.00968289
0.0277743
-0.0728343
0.0280182
-0.116784
0.0268032
-0.139974
0.0256035
-0.143128
0.02372
-0.135915
0.0200804
-0.129047
0.0182577
-0.124278
0.0219362
-0.0800158
0.028466
0.0216227
0.0333717
0.0807404
0.0338893
0.157927
0.030941
0.195499
0.0294714
0.191286
0.0315005
0.109704
0.0335915
-0.0186871
0.0344516
-0.0612601
0.0343669
-0.203476
0.0341652
-0.205677
0.0341424
-0.162727
0.0343893
-0.120277
0.0341609
0.192782
0.194104
0.000497517
0.0101011
0.00255231
0.0206025
0.00571071
0.0357495
0.0104316
0.0512248
0.0163709
0.0605857
0.0216693
0.0590026
0.0252702
0.0373655
0.0274467
-0.0118595
0.0284546
-0.0738422
0.0282469
-0.116577
0.0267196
-0.138446
0.0253256
-0.141734
0.0235602
-0.13415
0.0201192
-0.125606
0.0181411
-0.1223
0.0215408
-0.0834155
0.0281213
0.0150422
0.0332319
0.0756298
0.0339238
0.157235
0.0310383
0.198384
0.0295395
0.192784
0.0315076
0.107736
0.0335699
-0.0207494
0.0343662
-0.0620564
0.0342133
-0.203323
0.0340361
-0.205499
0.0340736
-0.162765
0.0343058
-0.120509
0.0340348
0.193053
0.194608
0.00194167
0.00861606
0.00428522
0.0182589
0.00766151
0.0323732
0.0124871
0.0463992
0.0183502
0.0547226
0.0233641
0.0539887
0.0266461
0.0340834
0.0284972
-0.0137105
0.0290359
-0.074381
0.0283997
-0.115941
0.0265918
-0.136638
0.0250162
-0.140159
0.0233689
-0.132502
0.0201484
-0.122385
0.0180572
-0.120208
0.021183
-0.0865413
0.0277715
0.00845364
0.0330702
0.0703311
0.0339483
0.156357
0.0311427
0.20119
0.029613
0.194314
0.0315044
0.105845
0.0335339
-0.0227788
0.0342641
-0.0627866
0.0340432
-0.203102
0.033894
-0.20535
0.0339933
-0.162864
0.0342141
-0.12073
0.0339039
0.193363
0.195092
0.00326404
0.00694788
0.00582029
0.0157027
0.00936255
0.0288309
0.0142379
0.0415238
0.0199847
0.0489758
0.0247441
0.0492293
0.0277974
0.0310301
0.0294048
-0.0153179
0.0295166
-0.0744928
0.0284736
-0.114898
0.026417
-0.134582
0.0246738
-0.138415
0.0231413
-0.13097
0.0201569
-0.119401
0.0179894
-0.118041
0.0208535
-0.0894054
0.0274147
0.00189242
0.032884
0.0648619
0.0339613
0.155279
0.0312529
0.203898
0.0296901
0.195877
0.0314898
0.104045
0.0334827
-0.0247718
0.0341452
-0.0634491
0.0338575
-0.202814
0.0337396
-0.205232
0.0339013
-0.163026
0.0341137
-0.120942
0.0337685
0.193708
0.195554
0.00454557
0.00523597
0.00719099
0.0130573
0.0108143
0.0252076
0.0156709
0.0366673
0.0212635
0.0433832
0.0258137
0.0446791
0.028738
0.0281059
0.0301698
-0.0167497
0.0298948
-0.0742178
0.0284664
-0.113469
0.0261927
-0.132308
0.0242972
-0.13652
0.0228736
-0.129546
0.0201365
-0.116664
0.0179217
-0.115826
0.0205392
-0.0920229
0.0270468
-0.00461524
0.03267
0.0592387
0.0339611
0.153988
0.0313672
0.206492
0.0297687
0.197475
0.0314627
0.102351
0.0334155
-0.0267246
0.0340097
-0.0640433
0.0336572
-0.202462
0.0335736
-0.205149
0.0337975
-0.16325
0.0340039
-0.121148
0.0336284
0.194083
0.195989
0.00589897
0.00366451
0.00848077
0.0104754
0.0120697
0.0216187
0.0168193
0.0319176
0.0222116
0.0379909
0.026603
0.0402877
0.0294946
0.0252143
0.0308007
-0.0180558
0.0301657
-0.0735827
0.0283773
-0.111681
0.025918
-0.129849
0.0238869
-0.134489
0.022563
-0.128222
0.0200813
-0.114182
0.0178409
-0.113586
0.020225
-0.094407
0.0266609
-0.0110511
0.0324243
0.0534754
0.0339452
0.152467
0.0314832
0.208954
0.0298465
0.199112
0.0314224
0.100775
0.0333319
-0.028634
0.0338577
-0.0645691
0.0334431
-0.202047
0.0333964
-0.205102
0.0336814
-0.163535
0.0338841
-0.121351
0.0334838
0.194484
0.196395
0.0074619
0.00241639
0.0098124
0.00812495
0.0132308
0.0182003
0.017766
0.0273824
0.0228971
0.0328598
0.027171
0.0360137
0.0301052
0.0222802
0.0313084
-0.0192591
0.0303288
-0.0726031
0.0282078
-0.10956
0.0255941
-0.127235
0.0234448
-0.132339
0.0222089
-0.126986
0.0199872
-0.11196
0.0177369
-0.111335
0.0198958
-0.0965659
0.0262489
-0.0174043
0.032142
0.0475823
0.033911
0.150698
0.0315982
0.211267
0.0299215
0.200789
0.0313683
0.0993285
0.0332311
-0.0304968
0.0336895
-0.0650275
0.0332159
-0.201574
0.033208
-0.205094
0.0335526
-0.163879
0.0337537
-0.121552
0.0333346
0.194903
0.196767
0.00933374
0.00162859
0.0113212
0.00613754
0.0144335
0.015088
0.0186356
0.0231803
0.0234295
0.0280659
0.0276038
0.0318395
0.0306147
0.0192692
0.0317016
-0.020346
0.0303823
-0.0712838
0.0279568
-0.107134
0.0252184
-0.124497
0.0229685
-0.13009
0.021808
-0.125826
0.01985
-0.110002
0.0176019
-0.109087
0.0195386
-0.0985026
0.0258007
-0.0236663
0.0318178
0.0415652
0.0338551
0.148661
0.0317091
0.213413
0.0299915
0.202506
0.0313003
0.0980197
0.033113
-0.0323095
0.0335053
-0.0654198
0.032976
-0.201045
0.0330079
-0.205126
0.0334102
-0.164282
0.0336122
-0.121754
0.0331811
0.195334
0.197101
0.0115636
0.0013278
0.0131241
0.00457705
0.0158201
0.0123919
0.0195751
0.0194253
0.0239476
0.0236934
0.0280034
0.0277837
0.0310687
0.016204
0.0319864
-0.0212636
0.0303182
-0.0696157
0.0276106
-0.104427
0.0247729
-0.121659
0.0224429
-0.127759
0.0213491
-0.124732
0.019661
-0.108314
0.0174288
-0.106855
0.0191422
-0.100216
0.0253057
-0.0298299
0.0314455
0.0354255
0.0337735
0.146333
0.0318125
0.215374
0.0300553
0.204264
0.0312194
0.0968556
0.0329775
-0.0340676
0.0333055
-0.0657479
0.0327238
-0.200463
0.0327955
-0.205198
0.0332534
-0.16474
0.0334589
-0.12196
0.0330232
0.19577
0.197392
0.0141512
0.00138345
0.0152938
0.00343443
0.0175048
0.0101809
0.0207243
0.0162058
0.0245996
0.019818
0.0284773
0.023906
0.0315082
0.0131731
0.0321779
-0.0219333
0.0301386
-0.0675763
0.0271624
-0.101451
0.0242476
-0.118744
0.0218612
-0.125373
0.0208281
-0.123699
0.0194161
-0.106902
0.0172172
-0.104656
0.0186999
-0.101699
0.0247513
-0.0358813
0.0310163
0.0291605
0.0336621
0.143687
0.0319048
0.217131
0.0301131
0.206055
0.0311293
0.0958394
0.0328258
-0.0357641
0.0330905
-0.0660125
0.0324598
-0.199832
0.0325701
-0.205308
0.0330816
-0.165251
0.0332933
-0.122172
0.0328611
0.196202
0.197637
0.0170582
0.00150019
0.0178347
0.00265796
0.0195353
0.0084803
0.0221662
0.013575
0.0254969
0.0164873
0.0291241
0.0202789
0.0319642
0.0103329
0.0322837
-0.0222528
0.0298886
-0.0651812
0.0266945
-0.0982564
0.0237331
-0.115783
0.0213017
-0.122942
0.0202994
-0.122697
0.0191412
-0.105744
0.0169899
-0.102505
0.0182284
-0.102937
0.0241325
-0.0417854
0.0305208
0.0227722
0.0335144
0.140693
0.0319815
0.218664
0.0301663
0.207871
0.0310347
0.0949709
0.0326573
-0.0373867
0.0328596
-0.0662148
0.0321848
-0.199157
0.0323322
-0.205455
0.0328951
-0.165814
0.0331158
-0.122392
0.0326948
0.196623
0.197829
0.0204536
0.00113786
0.0207615
0.00235003
0.021903
0.00733875
0.0238869
0.011591
0.0266111
0.0137632
0.0298482
0.0170418
0.0323339
0.0078472
0.0322167
-0.0221356
0.0296058
-0.0625703
0.0263278
-0.0949784
0.0233608
-0.112816
0.020873
-0.120454
0.0198464
-0.12167
0.0188905
-0.104788
0.0167843
-0.100399
0.0177707
-0.103924
0.0234926
-0.0475072
0.0299807
0.0162841
0.033325
0.137349
0.0320419
0.219947
0.0302189
0.209694
0.0309261
0.0942637
0.0324653
-0.0389259
0.0326175
-0.066367
0.0318908
-0.198431
0.0320856
-0.20565
0.0327046
-0.166433
0.0329285
-0.122616
0.0325225
0.197029
0.197963
0.044886
0.00457902
-0.0483272
0.042747
0.00448904
0.0424322
0.00765352
0.0439976
0.0100257
0.0471588
0.010602
0.0525948
0.0116058
0.0596479
0.000794047
0.0647194
-0.027207
0.0655878
-0.0634387
0.0629101
-0.0923007
0.0583493
-0.108255
0.0530133
-0.115118
0.048503
-0.11716
0.0442976
-0.100583
0.0392858
-0.0953866
0.036749
-0.101387
0.0395438
-0.050302
0.0422888
0.0135391
0.0410674
0.13857
0.0381527
0.222862
0.0400625
0.207784
0.0474327
0.0868935
0.0525563
-0.0440495
0.0542349
-0.0680456
0.0534241
-0.19762
0.0517496
-0.203976
0.0505061
-0.165189
0.0477212
-0.119831
0.0458028
0.198947
0.19774
0.0556857
0.00718125
-0.0582879
0.0534353
0.00673943
0.0527103
0.0083786
0.0536215
0.0091144
0.0561269
0.00809664
0.060783
0.0069496
0.0666692
-0.00509212
0.0703678
-0.0309056
0.0701279
-0.0631989
0.0665981
-0.0887709
0.06153
-0.103187
0.0559437
-0.109531
0.0512259
-0.112442
0.0470281
-0.0963849
0.0420752
-0.0904338
0.0393204
-0.098632
0.0417386
-0.0527202
0.0442592
0.0110186
0.0429961
0.139834
0.0403018
0.225556
0.0428334
0.205252
0.0506851
0.0790419
0.0558745
-0.0492389
0.0574272
-0.0695983
0.0563232
-0.196516
0.0544234
-0.202076
0.0530001
-0.163766
0.0498477
-0.116679
0.0476824
0.201113
0.197388
0.0648144
0.00917704
-0.0668102
0.063152
0.00840188
0.06257
0.00896059
0.0632226
0.00846176
0.0652274
0.0060919
0.0690663
0.00311069
0.0736195
-0.00964531
0.075874
-0.0331602
0.0744874
-0.0618122
0.070249
-0.0845326
0.0648507
-0.0977888
0.0591016
-0.103782
0.0541576
-0.107498
0.0499239
-0.0921512
0.0450515
-0.0855613
0.0420666
-0.0956472
0.0440036
-0.0546572
0.0462956
0.00872651
0.0449929
0.141136
0.0426349
0.227914
0.0459607
0.201927
0.054285
0.0707175
0.0594619
-0.0544158
0.0608243
-0.0709607
0.0593691
-0.195061
0.0572113
-0.199918
0.0555701
-0.162125
0.0520284
-0.113137
0.0496417
0.203499
0.196906
0.0724145
0.0105396
-0.0737771
0.0714228
0.00939365
0.0712197
0.00916367
0.0718951
0.00778637
0.0735919
0.0043951
0.0766824
2.01744e-05
0.0799384
-0.0129014
0.0808429
-0.0340647
0.0785016
-0.0594709
0.0737548
-0.0797858
0.0681484
-0.0921824
0.0623252
-0.0979592
0.0572075
-0.10238
0.0529424
-0.0878861
0.0481915
-0.0808104
0.0449817
-0.0924374
0.0463441
-0.0560195
0.0483787
0.00669191
0.0470812
0.142434
0.0452089
0.229787
0.0494933
0.197642
0.0582558
0.061955
0.0633201
-0.0594801
0.0644195
-0.07206
0.0625639
-0.193205
0.0601085
-0.197463
0.0582104
-0.160227
0.054248
-0.109175
0.0516549
0.206092
0.196263
0.0787135
0.011375
-0.079549
0.0782526
0.00985459
0.0784265
0.0089898
0.0792221
0.00699079
0.0807211
0.00289608
0.0831631
-0.00242188
0.0853112
-0.0150495
0.0851537
-0.0339071
0.0821707
-0.0564879
0.0771535
-0.0747685
0.0714709
-0.0864998
0.0656524
-0.0921407
0.0604015
-0.0971295
0.0560914
-0.0835761
0.0514893
-0.0762082
0.0480757
-0.0890238
0.0487726
-0.0567164
0.050492
0.00497253
0.0492653
0.14366
0.0480804
0.230971
0.0534848
0.192238
0.0626257
0.0528141
0.0674521
-0.0643066
0.0682135
-0.0728213
0.0659078
-0.190899
0.0631098
-0.194665
0.0609091
-0.158026
0.056491
-0.104757
0.0537213
0.208862
0.195418
0.0839744
0.0117963
-0.0843957
0.0839039
0.00992509
0.0843569
0.00853679
0.0852506
0.00609704
0.0865862
0.00156052
0.0884667
-0.0043024
0.089765
-0.0163477
0.0888927
-0.0330348
0.0855734
-0.0531686
0.0804913
-0.0696865
0.0748374
-0.0808458
0.0690854
-0.0863887
0.0637461
-0.0917903
0.0593775
-0.0792074
0.0549375
-0.0717683
0.0513519
-0.0854382
0.0513041
-0.0566686
0.0526179
0.00365871
0.0515392
0.144739
0.0513054
0.231205
0.0579941
0.185549
0.0674152
0.043393
0.0718582
-0.0687496
0.072203
-0.0731662
0.0693985
-0.188095
0.0662074
-0.191474
0.0636507
-0.155469
0.0587393
-0.0998452
0.0558389
0.211762
0.194317
0.088531
0.0118762
-0.0886109
0.0887262
0.00972991
0.0893457
0.00791728
0.0902749
0.0051678
0.0914462
0.000389268
0.0928535
-0.00570974
0.09354
-0.0170342
0.0922483
-0.0317431
0.0888239
-0.0497443
0.0838266
-0.0646892
0.0782773
-0.0752965
0.0726334
-0.0807448
0.0672501
-0.086407
0.0628114
-0.0747687
0.0585301
-0.0674871
0.0548076
-0.0817157
0.0539412
-0.0558021
0.0547268
0.00287306
0.0538853
0.145581
0.0549348
0.230156
0.063071
0.177413
0.0726339
0.0338301
0.0765306
-0.0726464
0.076381
-0.0730165
0.0730316
-0.184745
0.0693904
-0.187832
0.0664166
-0.152496
0.0609711
-0.0943997
0.0580057
0.214728
0.192889
0.0926886
0.0116991
-0.0925115
0.0930474
0.00937109
0.0937418
0.00722292
0.0946478
0.00426176
0.0956528
-0.000615634
0.0966698
-0.00672675
0.0969257
-0.0172902
0.0954193
-0.0302366
0.0920331
-0.0463581
0.087211
-0.059867
0.0818172
-0.0699027
0.0763039
-0.0752315
0.0709201
-0.0810232
0.0664077
-0.0702563
0.0622641
-0.0633435
0.0584335
-0.077885
0.0566659
-0.0540346
0.0567674
0.00277159
0.056281
0.146067
0.0590174
0.227419
0.0687473
0.167683
0.0782767
0.0243007
0.0814512
-0.0758209
0.0807351
-0.0723004
0.0768002
-0.180811
0.0726453
-0.183678
0.0691843
-0.149035
0.0631607
-0.0883761
0.0602222
0.217666
0.191045
0.0966701
0.011342
-0.0963131
0.0971271
0.00891414
0.0978347
0.00651528
0.0986798
0.00341669
0.0995149
-0.00145073
0.100217
-0.00742891
0.100165
-0.0172377
0.0985648
-0.0286369
0.0952892
-0.0430825
0.090685
-0.0552628
0.0854806
-0.0646983
0.080105
-0.0698559
0.0747607
-0.0756789
0.0701849
-0.0656805
0.0661406
-0.0592993
0.0622129
-0.0739574
0.0594418
-0.0512635
0.0586693
0.00354412
0.0587129
0.146023
0.0636071
0.222525
0.0750358
0.156254
0.0843204
0.0150161
0.0865891
-0.0780896
0.0852478
-0.0709592
0.0806953
-0.176258
0.0759557
-0.178938
0.0719284
-0.145007
0.0652809
-0.0817286
0.0624925
0.220455
0.188676
0.100628
0.0108569
-0.100142
0.101143
0.0083984
0.101828
0.00583064
0.102587
0.00265744
0.103262
-0.00212578
0.103707
-0.00787367
0.103423
-0.0169537
0.101792
-0.0270054
0.0986538
-0.0399448
0.0942773
-0.0508863
0.0892864
-0.0597074
0.0840462
-0.0646157
0.0787737
-0.0704064
0.0741651
-0.0610718
0.0701659
-0.0553002
0.0661241
-0.0699155
0.0622286
-0.047368
0.0603666
0.00540609
0.0612
0.14519
0.0687718
0.214953
0.0819277
0.143098
0.0907203
0.00622356
0.0918995
-0.0792688
0.0898964
-0.068956
0.0847055
-0.171067
0.079303
-0.173535
0.0746218
-0.140326
0.0673049
-0.0744117
0.0648274
0.222932
0.185652
0.104651
0.0102817
-0.104076
0.1052
0.00784908
0.105844
0.00518675
0.106507
0.00199492
0.107033
-0.00265215
0.107266
-0.00810667
0.1068
-0.0164872
0.105162
-0.0253678
0.102167
-0.0369494
0.0980083
-0.046728
0.0932486
-0.0549478
0.0881408
-0.0595079
0.0829589
-0.0652245
0.0783723
-0.0564851
0.0743536
-0.0512815
0.0701453
-0.0657073
0.0650128
-0.0422355
0.0618478
0.00857115
0.063821
0.143217
0.0746001
0.204174
0.0893948
0.128304
0.097399
-0.00178065
0.0973234
-0.0791932
0.0946531
-0.0662858
0.0888169
-0.165231
0.0826677
-0.167386
0.0772371
-0.134896
0.06921
-0.0663846
0.0672476
0.224895
0.18182
0.108782
0.00964608
-0.108146
0.10935
0.00728113
0.109947
0.00458912
0.110511
0.00143116
0.110901
-0.00304203
0.110959
-0.00816458
0.110345
-0.015873
0.108709
-0.023732
0.105852
-0.0340926
0.101895
-0.0427707
0.0973759
-0.0504289
0.092406
-0.054538
0.0873158
-0.0601342
0.0828269
-0.0519963
0.0787283
-0.0471829
0.0742583
-0.0612373
0.0678704
-0.0358476
0.0632546
0.013187
0.0667764
0.139695
0.0812203
0.18973
0.0973766
0.112147
0.104252
-0.00865623
0.102788
-0.0777295
0.0994876
-0.0629849
0.0930125
-0.158756
0.0860315
-0.160405
0.0797508
-0.128615
0.0709827
-0.0576165
0.0697888
0.226088
0.177007
0.113038
0.00897158
-0.112363
0.113615
0.00670437
0.114165
0.00403827
0.114635
0.000961275
0.114902
-0.00330819
0.114814
-0.0080775
0.114082
-0.0151402
0.112449
-0.0220997
0.109725
-0.0313679
0.105954
-0.0389999
0.101673
-0.0461483
0.0968616
-0.0497263
0.0918494
-0.055122
0.0875372
-0.0476841
0.0833257
-0.0429713
0.0784699
-0.0563815
0.0710346
-0.0284122
0.0651005
0.0191211
0.0706115
0.134184
0.0888615
0.17148
0.10578
0.0952291
0.111139
-0.0140154
0.108214
-0.074804
0.104368
-0.0591395
0.0972743
-0.151662
0.0893801
-0.152511
0.0821476
-0.121382
0.0726276
-0.0480965
0.0725102
0.226206
0.171025
0.117431
0.00827553
-0.116735
0.118008
0.00612742
0.118513
0.00353331
0.118898
0.0005763
0.119054
-0.00346378
0.118847
-0.00787088
0.118022
-0.014315
0.116395
-0.0204731
0.113794
-0.028767
0.110204
-0.0354093
0.106145
-0.0420899
0.101525
-0.0451056
0.0965767
-0.0501741
0.0924936
-0.043601
0.0881884
-0.0386662
0.0828367
-0.0510297
0.0749054
-0.020481
0.0684621
0.0255644
0.0764362
0.12621
0.0978286
0.150088
0.114425
0.0786328
0.117876
-0.0174668
0.113516
-0.0704441
0.109269
-0.0548917
0.101591
-0.143984
0.0927081
-0.143628
0.0844283
-0.113103
0.074183
-0.0378512
0.0755051
0.224884
0.16369
0.121973
0.00757293
-0.121271
0.122543
0.00555803
0.123003
0.00307271
0.123313
0.000266914
0.123372
-0.00352269
0.123068
-0.00756693
0.122173
-0.0134205
0.120558
-0.0188581
0.118071
-0.0262797
0.114663
-0.032001
0.110802
-0.0382294
0.106405
-0.0407087
0.101529
-0.0452984
0.0976746
-0.0397462
0.0933547
-0.0343463
0.0874947
-0.0451697
0.0798752
-0.0128615
0.0745401
0.0308994
0.0853335
0.115417
0.108087
0.127334
0.122936
0.0637839
0.124244
-0.018775
0.118631
-0.0648307
0.114173
-0.0504341
0.105958
-0.135769
0.0960242
-0.133694
0.086623
-0.103701
0.0757383
-0.0269665
0.0789123
0.22171
0.154847
0.126678
0.0068762
-0.125981
0.127233
0.00500315
0.127651
0.00265472
0.127893
2.44809e-05
0.127869
-0.00349892
0.127488
-0.00718559
0.126544
-0.0124765
0.12495
-0.0172638
0.122566
-0.0238956
0.119345
-0.0287806
0.115661
-0.0345451
0.111506
-0.0365534
0.106747
-0.0405401
0.103065
-0.0360642
0.098851
-0.0301319
0.0926313
-0.0389501
0.0861037
-0.00633383
0.0835203
0.0334829
0.0969414
0.101995
0.118737
0.105539
0.130722
0.0517992
0.130044
-0.0180975
0.123534
-0.0583205
0.11908
-0.0459804
0.110383
-0.127072
0.0993605
-0.122672
0.0887995
-0.0931404
0.0774636
-0.0156306
0.0829254
0.216248
0.14441
0.131562
0.00619539
-0.130881
0.132096
0.00446897
0.132473
0.00227813
0.132657
-0.000160236
0.132564
-0.00340549
0.132123
-0.00674472
0.131146
-0.0114997
0.129583
-0.0157007
0.127294
-0.021607
0.124264
-0.0257503
0.120746
-0.031027
0.11683
-0.0326373
0.112262
-0.0359721
0.108678
-0.0324806
0.10469
-0.0261432
0.0984407
-0.032701
0.0934435
-0.00133671
0.0941394
0.032787
0.109118
0.0870171
0.128277
0.086379
0.137249
0.0428278
0.135211
-0.0160598
0.12827
-0.05138
0.124005
-0.0417151
0.114881
-0.117947
0.102782
-0.110573
0.0911059
-0.0814644
0.0796294
-0.00415417
0.0877907
0.208087
0.1324
0.136644
0.0055385
-0.135987
0.137152
0.00396042
0.137489
0.00194173
0.137625
-0.000295985
0.137474
-0.00325459
0.136989
-0.0062599
0.135994
-0.0105048
0.134471
-0.0141778
0.132276
-0.0194114
0.129431
-0.0229061
0.126082
-0.0276774
0.122391
-0.0289467
0.118085
-0.0316662
0.114554
-0.0289498
0.11088
-0.0224685
0.104994
-0.0268152
0.10158
0.00207695
0.104744
0.0296232
0.11967
0.0720911
0.135744
0.0703053
0.14245
0.0361216
0.139882
-0.0134918
0.132951
-0.0444492
0.128979
-0.037743
0.119481
-0.108449
0.106404
-0.0974958
0.0938205
-0.0688813
0.0826545
0.00701177
0.0937873
0.196954
0.118976
0.141945
0.00491132
-0.141318
0.142425
0.00348131
0.142723
0.00164319
0.142817
-0.000389523
0.14262
-0.00305818
0.142105
-0.00574437
0.141105
-0.00950533
0.13963
-0.0127022
0.137528
-0.0173103
0.134862
-0.0202398
0.131689
-0.0245042
0.128213
-0.0254705
0.124213
-0.0276665
0.120743
-0.0254793
0.117427
-0.0191529
0.1122
-0.0215882
0.110176
0.00410147
0.114474
0.0253249
0.128012
0.0585529
0.141378
0.0569399
0.146767
0.0307326
0.144318
-0.0110433
0.137714
-0.0378452
0.134045
-0.0340738
0.12422
-0.0986241
0.110404
-0.0836796
0.0973264
-0.055804
0.0870716
0.0172665
0.101214
0.182812
0.104477
0.14749
0.00431774
-0.146896
0.147937
0.00303363
0.1482
0.00138054
0.148257
-0.000447047
0.148027
-0.0028272
0.147491
-0.00520914
0.146499
-0.00851325
0.145076
-0.0112792
0.143073
-0.0153067
0.140576
-0.0177431
0.137585
-0.0215136
0.134322
-0.0222068
0.13064
-0.0239845
0.127281
-0.0221204
0.124334
-0.0162058
0.119897
-0.0171514
0.118943
0.00505513
0.123366
0.0209022
0.134908
0.0470103
0.146116
0.0457328
0.150795
0.0260535
0.148763
-0.00901193
0.142685
-0.0317669
0.139251
-0.0306397
0.129146
-0.088519
0.115025
-0.0695586
0.102089
-0.0428679
0.093508
0.0258472
0.110383
0.165936
0.0894916
0.153302
0.00375978
-0.152745
0.153717
0.00261866
0.153947
0.00115069
0.153974
-0.00047379
0.153718
-0.00257148
0.153173
-0.00466343
0.152198
-0.00753871
0.150832
-0.00991304
0.148928
-0.0134031
0.146595
-0.0154095
0.143788
-0.0187069
0.140742
-0.0191609
0.137367
-0.020609
0.134184
-0.0189374
0.13159
-0.0136123
0.12793
-0.0134916
0.127734
0.00525136
0.131786
0.0168503
0.141317
0.037479
0.150771
0.0362794
0.154975
0.0218496
0.153378
-0.00741549
0.147956
-0.0263452
0.144648
-0.0273317
0.134328
-0.0781982
0.120552
-0.0557825
0.1086
-0.0309164
0.102525
0.0319225
0.12147
0.146992
0.0748362
0.159413
0.00323793
-0.158891
0.159795
0.00223611
0.159995
0.000950551
0.159996
-0.000474616
0.159724
-0.00229926
0.159175
-0.00411497
0.158226
-0.0065896
0.15692
-0.00860705
0.155117
-0.0116001
0.152941
-0.0132336
0.150315
-0.0160806
0.147492
-0.016338
0.144403
-0.0175201
0.141449
-0.0159828
0.139177
-0.0113404
0.136212
-0.0105265
0.136505
0.00495798
0.140028
0.0133273
0.147807
0.0296999
0.155752
0.0283339
0.159537
0.0180655
0.158262
-0.00614129
0.153574
-0.0216566
0.150292
-0.0240501
0.139868
-0.0677743
0.127217
-0.0431313
0.117131
-0.0208302
0.114281
0.0347725
0.134286
0.126987
0.0614193
0.165852
0.00275124
-0.165366
0.166203
0.00188487
0.166377
0.000776504
0.166357
-0.000453908
0.166075
-0.00201732
0.16553
-0.00357007
0.164612
-0.00567133
0.163368
-0.00736338
0.161664
-0.00989616
0.15964
-0.0112097
0.157188
-0.0136282
0.154587
-0.0137377
0.151763
-0.0146961
0.149065
-0.0132845
0.147077
-0.00935192
0.1447
-0.00814978
0.145272
0.00438647
0.148258
0.0103406
0.154599
0.0233591
0.161199
0.0217344
0.164586
0.0146784
0.163502
-0.00505725
0.159547
-0.0177017
0.156245
-0.020748
0.145902
-0.057432
0.135017
-0.0322459
0.127403
-0.0132161
0.128025
0.0341506
0.147976
0.107035
0.0499228
0.172658
0.00229744
-0.172204
0.17298
0.00156246
0.173131
0.000625379
0.173093
-0.000415961
0.172807
-0.00173074
0.17227
-0.00303347
0.171386
-0.00478694
0.170204
-0.00618209
0.168596
-0.0082877
0.166715
-0.00932909
0.164428
-0.0113409
0.162041
-0.011351
0.15946
-0.0121152
0.157023
-0.0108473
0.155276
-0.00760441
0.153383
-0.00625708
0.154077
0.00369294
0.156568
0.00784937
0.161761
0.0181663
0.167154
0.016341
0.170164
0.0116685
0.169187
-0.00408073
0.165876
-0.0143906
0.16257
-0.0174412
0.152546
-0.0474089
0.143728
-0.0234274
0.138602
-0.00808967
0.142127
0.0306252
0.161136
0.0880255
0.0404638
0.17987
0.0018732
-0.179446
0.180166
0.0012659
0.180298
0.000493395
0.180247
-0.000364541
0.179959
-0.00144312
0.179434
-0.00250818
0.178584
-0.00393692
0.177462
-0.00506054
0.175944
-0.00676879
0.174194
-0.00757919
0.17206
-0.00920707
0.169869
-0.00916068
0.167507
-0.00975319
0.165316
-0.00865617
0.163769
-0.00605683
0.162259
-0.00474709
0.162975
0.00297694
0.165022
0.00580176
0.16931
0.0138782
0.173645
0.0120066
0.176297
0.00901601
0.175404
-0.00318711
0.17258
-0.011567
0.169333
-0.0141943
0.159859
-0.0379348
0.153071
-0.0166396
0.149867
-0.00488561
0.15507
0.0254223
0.172668
0.0704279
0.0325926
0.187536
0.00147409
-0.187137
0.187811
0.000990968
0.187927
0.000377414
0.187865
-0.000303093
0.187578
-0.00115641
0.187065
-0.00199524
0.186248
-0.00311902
0.18518
-0.00399292
0.183741
-0.00533008
0.182105
-0.00594296
0.180108
-0.00721029
0.178089
-0.00714162
0.175918
-0.00758188
0.173943
-0.00668155
0.172556
-0.00467006
0.171335
-0.00352606
0.172021
0.00229162
0.17368
0.00414245
0.177258
0.0103003
0.180704
0.00856099
0.183014
0.00670607
0.182211
-0.00238458
0.179708
-0.00906428
0.176592
-0.0110782
0.167814
-0.0291563
0.162753
-0.0115791
0.160764
-0.00289658
0.166421
0.0197657
0.18252
0.0543292
0.0256593
0.195709
0.00109474
-0.19533
0.195967
0.000733002
0.196071
0.000273643
0.196002
-0.000234302
0.195717
-0.00087098
0.195215
-0.00149342
0.194424
-0.00232776
0.1934
-0.00296973
0.192028
-0.00395758
0.190483
-0.00439846
0.188601
-0.00532792
0.18672
-0.00526086
0.184706
-0.0055679
0.182907
-0.00488218
0.181645
-0.00340859
0.180628
-0.00250825
0.181262
0.00165772
0.182594
0.00280976
0.185625
0.00726971
0.188361
0.00582453
0.190356
0.00471146
0.189652
-0.00168073
0.187331
-0.00674373
0.184387
-0.00813387
0.176341
-0.0211105
0.172564
-0.00780146
0.171291
-0.00162398
0.1767
0.0143571
0.191446
0.0395829
0.019163
0.204453
0.000728466
-0.204087
0.2047
0.000486399
0.204795
0.000178611
0.204721
-0.000160263
0.204435
-0.000585572
0.203941
-0.000998916
0.203167
-0.00155402
0.202174
-0.00197716
0.200848
-0.0026315
0.199368
-0.00291793
0.197569
-0.00352899
0.195786
-0.00347791
0.193888
-0.00366999
0.192214
-0.00320838
0.191043
-0.00223698
0.190154
-0.00162022
0.190737
0.00107553
0.191814
0.00173273
0.194441
0.00464275
0.196654
0.00361078
0.198381
0.00298537
0.197768
-0.00106817
0.19553
-0.0045054
0.192746
-0.00535045
0.185357
-0.0137212
0.182406
-0.00485102
0.181599
-0.000816038
0.186593
0.00936259
0.200266
0.0259098
0.0128236
0.213843
0.000367086
-0.213481
0.214084
0.000244737
0.214174
8.90069e-05
0.214096
-8.20343e-05
0.213807
-0.000296989
0.213313
-0.000504651
0.212543
-0.000784437
0.211562
-0.000995948
0.210255
-0.00132469
0.208804
-0.00146652
0.207047
-0.00177167
0.205313
-0.00174396
0.203479
-0.00183622
0.201873
-0.00160276
0.200752
-0.00111585
0.199933
-0.000801402
0.200477
0.000531808
0.201381
0.000828863
0.20375
0.00227322
0.205627
0.00173462
0.207162
0.00145021
0.206614
-0.000520818
0.204387
-0.00227857
0.201705
-0.00266805
0.194777
-0.00679273
0.192274
-0.00234813
0.191785
-0.000327531
0.196496
0.00465222
0.209498
0.0129073
0.00648092
0.223964
-0.223597
0.224209
0.224298
0.224216
0.223919
0.223414
0.22263
0.221634
0.220309
0.218843
0.217071
0.215327
0.213491
0.211888
0.210772
0.209971
0.210503
0.211332
0.213605
0.215339
0.21679
0.216269
0.21399
0.211322
0.20453
0.202181
0.201854
0.206506
0.219413
0.0626291
0.0230678
0.0629506
0.0245654
0.0631688
0.0260086
0.0632358
0.0273753
0.0630878
0.0286346
0.0626419
0.029748
0.0617968
0.0306623
0.0604382
0.0313151
0.0584259
0.0316451
0.0557239
0.0314908
0.0521104
0.0310506
0.0293052
0.0652997
0.0225716
0.0657629
0.0241023
0.0661723
0.0255992
0.0664985
0.0270491
0.0667003
0.0284327
0.0667251
0.0297231
0.0664984
0.0308891
0.065954
0.0318594
0.0649526
0.0326465
0.0634885
0.0329548
0.0612298
0.0333094
0.0322471
0.0679614
0.0219943
0.0685315
0.0235322
0.0690836
0.0250471
0.0696029
0.0265298
0.0700657
0.02797
0.0704448
0.0293439
0.0706847
0.0306492
0.0707435
0.0318006
0.0704891
0.0329009
0.0698672
0.0335767
0.0687019
0.0344747
0.0341387
0.0706524
0.0213585
0.0713
0.0228846
0.0719535
0.0243936
0.0726053
0.025878
0.0732391
0.0273362
0.0738381
0.0287449
0.0743605
0.0301269
0.0747727
0.0313884
0.075003
0.0326705
0.0749759
0.0336038
0.074689
0.0347616
0.0350507
0.0734157
0.0206877
0.0741094
0.0221908
0.074822
0.023681
0.0755484
0.0251516
0.076278
0.0266066
0.077
0.0280229
0.0776961
0.0294308
0.0783422
0.0307424
0.0789268
0.0320859
0.079352
0.0331786
0.0796805
0.0344331
0.0351822
0.0762885
0.0199986
0.0770066
0.0214728
0.0777517
0.0229359
0.0785219
0.0243814
0.0793138
0.0258146
0.0801221
0.0272146
0.0809449
0.028608
0.081757
0.0299303
0.082568
0.0312748
0.0832817
0.0324649
0.0839756
0.0337393
0.0347621
0.079302
0.0192962
0.080038
0.0207368
0.0808079
0.022166
0.0816111
0.0235782
0.0824484
0.0249774
0.083314
0.0263491
0.0842101
0.0277119
0.0851132
0.0290272
0.0860403
0.0303478
0.0869266
0.0315786
0.0878356
0.0328302
0.0339868
0.0824698
0.0185798
0.0832229
0.0199837
0.0840134
0.0213755
0.0848404
0.0227511
0.0857049
0.0241129
0.0866018
0.0254521
0.0875356
0.0267781
0.0884923
0.0280704
0.0894886
0.0293515
0.0904869
0.0305803
0.0915231
0.031794
0.0329985
0.0857898
0.0178501
0.0865583
0.0192151
0.0873661
0.0205677
0.0882123
0.021905
0.0890982
0.023227
0.0900215
0.0245288
0.0909867
0.025813
0.0919864
0.0270707
0.0930296
0.0283083
0.0940959
0.029514
0.0952027
0.0306872
0.0318881
0.0892617
0.0171077
0.0900453
0.0184315
0.0908705
0.0197425
0.0917371
0.0210383
0.0926462
0.0223179
0.0935966
0.0235784
0.0945901
0.0248195
0.0956226
0.0260382
0.096698
0.0272329
0.0978081
0.0284039
0.0989603
0.029535
0.0307059
0.0928896
0.0163531
0.0936882
0.0176329
0.0945311
0.0188996
0.0954181
0.0201514
0.0963493
0.0213867
0.0973239
0.0226038
0.0983425
0.0238009
0.0994036
0.0249771
0.100509
0.0261277
0.101655
0.0272574
0.102845
0.0283454
0.0294751
0.0966779
0.015587
0.0974905
0.0168203
0.0983496
0.0180405
0.099255
0.019246
0.100207
0.020435
0.101205
0.0216061
0.102248
0.022757
0.103338
0.0238877
0.104473
0.0249926
0.105652
0.0260778
0.106876
0.027122
0.0282049
0.100632
0.0148107
0.101457
0.015995
0.102331
0.0171663
0.103254
0.0183231
0.104226
0.0194634
0.105246
0.0205861
0.106314
0.0216889
0.10743
0.0227717
0.108593
0.0238294
0.109803
0.0248679
0.111058
0.0258666
0.0268996
0.104758
0.0140251
0.105595
0.0151581
0.106483
0.0162782
0.107423
0.0173839
0.108412
0.0184735
0.109453
0.0195457
0.110543
0.0205983
0.111684
0.0216314
0.112873
0.02264
0.114112
0.0236294
0.115397
0.024581
0.0255617
0.109066
0.109914
0.0143104
0.110815
0.0153772
0.111769
0.0164298
0.112776
0.0174666
0.113835
0.0184862
0.114947
0.0194868
0.11611
0.0204681
0.117324
0.0214257
0.118589
0.0223644
0.119903
0.0232673
0.0241938
0.114421
0.0134528
0.115334
0.0144642
0.116302
0.0154617
0.117325
0.0164437
0.118403
0.0174089
0.119534
0.0183556
0.120719
0.0192834
0.121956
0.0201885
0.123246
0.0210747
0.124586
0.0219273
0.0227981
0.119129
0.0125857
0.120054
0.0135397
0.121035
0.0144801
0.122073
0.0154055
0.123168
0.0163146
0.124318
0.0172057
0.125523
0.0180784
0.126782
0.0189294
0.128095
0.0197617
0.12946
0.0205627
0.0213767
0.12405
0.0117094
0.124985
0.012604
0.12598
0.0134854
0.127033
0.0143524
0.128144
0.0152036
0.129312
0.0160376
0.130537
0.0168537
0.131817
0.0176491
0.133153
0.0184262
0.134541
0.0191743
0.0199307
0.129196
0.0108237
0.130144
0.0116569
0.131151
0.0124776
0.132219
0.0132843
0.133347
0.014076
0.134533
0.0148513
0.135778
0.0156094
0.137079
0.0163479
0.138437
0.0170686
0.139848
0.0177625
0.0184607
0.134586
0.00992811
0.135545
0.0106981
0.136566
0.0114561
0.13765
0.0122008
0.138794
0.0129314
0.139999
0.0136463
0.141264
0.014345
0.142586
0.0150252
0.143966
0.0156884
0.145402
0.0163271
0.0169665
0.140236
0.00902195
0.141207
0.00972658
0.142243
0.01042
0.143343
0.011101
0.144506
0.0117686
0.14573
0.0124217
0.147016
0.0130595
0.148361
0.0136802
0.149765
0.0142846
0.151225
0.0148668
0.015447
0.146167
0.00810393
0.147153
0.00874113
0.148205
0.00936793
0.149322
0.0099833
0.150505
0.0105863
0.151751
0.0111758
0.153059
0.0117512
0.154428
0.0123109
0.155857
0.0128554
0.157344
0.0133799
0.0139005
0.152404
0.00717234
0.153406
0.0077399
0.154476
0.008298
0.155613
0.00884571
0.156817
0.00938217
0.158087
0.00990643
0.15942
0.0104178
0.160816
0.010915
0.162273
0.0113983
0.163789
0.0118638
0.0123241
0.158975
0.00622501
0.159995
0.00672056
0.161085
0.00720771
0.162245
0.00768562
0.163474
0.00815353
0.164769
0.0086106
0.166131
0.00905621
0.167557
0.00948926
0.169045
0.00990987
0.170594
0.010315
0.0107142
0.165911
0.00525913
0.166952
0.00568013
0.168066
0.00609387
0.169251
0.00649965
0.170508
0.0068968
0.171834
0.0072846
0.173228
0.0076625
0.174688
0.00802959
0.176212
0.00838589
0.177798
0.00872903
0.00906615
0.173249
0.00427126
0.174315
0.00461492
0.175456
0.00495259
0.176672
0.00528367
0.177961
0.00560761
0.179322
0.00592383
0.180752
0.00623184
0.182251
0.00653093
0.183816
0.00682104
0.185445
0.0071004
0.0073742
0.181032
0.00325714
0.182126
0.00352041
0.1833
0.00377904
0.184551
0.00403258
0.185878
0.00428059
0.187279
0.00452261
0.188753
0.00475828
0.190297
0.00498704
0.191909
0.00520882
0.193587
0.00542234
0.00563122
0.189308
0.00221167
0.190437
0.00239116
0.191649
0.00256746
0.192941
0.00274026
0.194312
0.00290927
0.195761
0.00307416
0.197284
0.00323467
0.198881
0.00339043
0.200548
0.00354138
0.202284
0.00368666
0.00382858
0.198135
0.00112839
0.199306
0.0012203
0.200563
0.00131058
0.201904
0.00139906
0.203328
0.00148559
0.204832
0.00157001
0.206415
0.00165217
0.208073
0.00173188
0.209806
0.00180911
0.211609
0.00188343
0.00195601
0.207579
0.208799
0.21011
0.211509
0.212995
0.214565
0.216217
0.217949
0.219758
0.221641
0.0348676
0.0350894
)
;

boundaryField
{
    inlet
    {
        type            calculated;
        value           nonuniform 0();
    }
    outlet
    {
        type            calculated;
        value           nonuniform List<scalar> 
51
(
0.046025
0.0480352
0.0501237
0.0522975
0.0545659
0.0569401
0.0594341
0.0620663
0.0648611
0.0678513
0.0710796
0.0746024
0.0784923
0.08284
0.0877549
0.0933626
0.0998009
0.107211
0.115713
0.125369
0.136125
0.147703
0.159473
0.170595
0.180539
0.189453
0.197942
0.206606
0.215841
0.225894
0.034423
0.0343354
0.0342446
0.0341507
0.0340539
0.0339542
0.0338518
0.0337469
0.0336398
0.0335305
0.0334195
0.0333069
0.033193
0.0330782
0.0329628
0.0328472
0.0327316
0.0326165
0.0325022
0.0323893
0.0345073
)
;
    }
    cylinder
    {
        type            calculated;
        value           uniform 0;
    }
    top
    {
        type            symmetryPlane;
        value           uniform 0;
    }
    bottom
    {
        type            symmetryPlane;
        value           nonuniform 0();
    }
    defaultFaces
    {
        type            empty;
        value           nonuniform 0();
    }
    procBoundary3to1
    {
        type            processor;
        value           nonuniform List<scalar> 
41
(
0.00220351
0.00490613
0.00642787
0.0070288
0.00701404
0.00663094
0.0059942
0.00507102
0.00370757
0.00161614
-0.00561405
-0.0264777
-0.0533513
-0.08434
-0.10844
-0.115273
-0.0919389
-0.0342247
0.0373426
0.0957996
0.13606
0.145865
0.155942
0.163785
0.13066
0.0402879
-0.073373
-0.116418
-0.157398
-0.168571
-0.179209
-0.128324
-0.00058101
0.0516499
0.20206
0.208063
0.164564
0.116386
-0.192718
-0.188485
-0.0342742
)
;
    }
    procBoundary3to2
    {
        type            processor;
        value           nonuniform List<scalar> 
50
(
0.000729403
-3.55239e-05
0.00075845
-0.000417822
-0.000549504
-0.00244798
-0.00193516
-0.00925998
-0.00476169
-0.0211643
-0.0327708
-0.0135509
-0.0495112
-0.018086
-0.0640277
-0.0208675
-0.0750002
-0.0820757
-0.0234581
-0.0622387
-0.0648036
-0.0673841
-0.0700165
-0.0727449
-0.0755995
-0.0785995
-0.0817535
-0.08506
-0.0885194
-0.0921349
-0.0959118
-0.0998554
-0.103973
-0.108272
0.0132309
-0.113564
-0.118262
-0.123173
-0.128311
-0.13369
-0.139329
-0.145249
-0.151473
-0.158028
-0.164945
-0.172262
-0.180018
-0.188262
-0.197052
-0.206451
)
;
    }
}


// ************************************************************************* //
