/*--------------------------------*- C++ -*----------------------------------*\
  =========                 |
  \\      /  F ield         | OpenFOAM: The Open Source CFD Toolbox
   \\    /   O peration     | Website:  https://openfoam.org
    \\  /    A nd           | Version:  7
     \\/     M anipulation  |
\*---------------------------------------------------------------------------*/
FoamFile
{
    version     2.0;
    format      ascii;
    class       volVectorField;
    location    "260";
    object      U;
}
// * * * * * * * * * * * * * * * * * * * * * * * * * * * * * * * * * * * * * //

dimensions      [0 1 -1 0 0 0 0];

internalField   nonuniform List<vector> 
2125
(
(-0.0164339 0.0122358 -1.08665e-19)
(-0.0143796 0.0102476 3.92919e-20)
(0.00738311 0.00992991 4.23969e-20)
(-0.0113948 0.00805237 -2.65993e-20)
(0.0226934 0.00387925 -1.9737e-20)
(-0.00731539 0.00565276 5.55774e-20)
(0.0412781 -0.00206674 -1.5521e-20)
(0.156447 -0.0104888 -9.27578e-21)
(-0.00199561 0.00309309 -2.04768e-20)
(0.063385 -0.00775634 -1.21787e-19)
(0.201312 -0.0155231 1.27138e-20)
(0.406479 -0.0171365 4.39911e-20)
(0.00469254 0.000453015 -2.24192e-20)
(0.0891929 -0.0129546 4.32377e-20)
(0.251501 -0.0188295 5.64972e-20)
(0.481184 -0.0150616 -4.06459e-20)
(0.748988 0.00115961 1.51267e-20)
(1.00385 0.0239241 -9.24847e-20)
(0.0128557 -0.00215713 -2.89339e-20)
(0.118797 -0.017357 -9.77977e-21)
(0.306668 -0.0199792 -1.02376e-19)
(0.559235 -0.00954027 -1.6076e-20)
(0.836148 0.0137878 -1.77296e-21)
(1.08139 0.0408769 5.48466e-21)
(1.25755 0.062058 9.68196e-21)
(0.0225755 -0.00460447 -7.53186e-21)
(0.152191 -0.0206105 3.54629e-20)
(0.366248 -0.0185296 5.00197e-20)
(0.639032 -0.000398789 3.13362e-20)
(0.919424 0.0296944 -9.32988e-21)
(1.15045 0.0599715 -7.65411e-21)
(1.30398 0.081156 7.59895e-20)
(1.38464 0.0905084 1.00195e-20)
(0.0339071 -0.00673964 7.19443e-20)
(0.189253 -0.0223341 4.67946e-20)
(0.429456 -0.0140735 -4.74821e-20)
(0.718894 0.0124037 -9.47285e-21)
(0.997291 0.0485416 4.90171e-21)
(1.2107 0.0808011 -1.79424e-20)
(1.34154 0.101046 -3.88828e-20)
(1.40277 0.1085 -6.51585e-21)
(1.41822 0.106667 5.34161e-22)
(1.41001 0.0954666 1.58045e-20)
(0.0468724 -0.00840088 8.7629e-21)
(0.229736 -0.0221406 -2.54952e-20)
(0.49531 -0.00628073 6.04088e-20)
(0.797193 0.0287834 3.94225e-20)
(1.06866 0.0699686 1.12035e-21)
(1.26223 0.10301 2.79239e-20)
(1.37114 0.1215 4.14305e-21)
(1.4152 0.126636 -2.93316e-20)
(1.42007 0.122529 2.48176e-20)
(1.40658 0.110809 -3.77736e-23)
(0.061454 -0.00941881 -5.90969e-20)
(0.273261 -0.0196585 -1.74685e-20)
(0.562686 0.00507261 -1.58607e-20)
(0.872466 0.0485558 -2.76078e-20)
(1.13284 0.0936144 6.40905e-21)
(1.30539 0.126296 1.49174e-22)
(1.3937 0.142349 2.1361e-20)
(1.42289 0.144866 -3.3869e-21)
(1.41924 0.138458 -2.55152e-20)
(1.40178 0.126144 -2.37874e-20)
(0.077591 -0.00962118 4.77911e-21)
(0.319321 -0.0145534 2.8204e-20)
(0.630381 0.0200918 1.36634e-20)
(0.94348 0.0714633 -4.28124e-20)
(1.1895 0.119131 -2.1865e-21)
(1.34071 0.150405 -1.83508e-20)
(1.41011 0.16347 4.78361e-22)
(1.42664 0.16316 8.65373e-21)
(1.41627 0.15446 -9.61189e-21)
(1.39585 0.14148 2.68615e-20)
(0.0951759 -0.00883834 1.11706e-20)
(0.367298 -0.00654747 -2.75339e-20)
(0.69719 0.0387658 -6.51633e-20)
(1.00927 0.0972005 6.00714e-20)
(1.23855 0.146191 -4.48922e-21)
(1.3688 0.175121 1.32884e-20)
(1.42119 0.184769 -1.83708e-21)
(1.42711 0.181499 1.27769e-20)
(1.41152 0.170534 -9.46143e-22)
(1.38894 0.156813 -2.08205e-20)
(0.114054 -0.00690929 -2.27165e-20)
(0.416479 0.00456497 3.57383e-20)
(0.761965 0.0609781 2.96325e-20)
(1.06912 0.125432 -4.27192e-20)
(1.28012 0.174489 -7.05532e-21)
(1.39029 0.200266 2.70455e-21)
(1.42763 0.206173 2.7122e-20)
(1.42483 0.199863 1.38637e-21)
(1.40525 0.186668 5.32573e-21)
(1.38113 0.172122 -1.14843e-20)
(0.134023 -0.00368839 1.72329e-20)
(0.466089 0.0189057 -1.55697e-20)
(0.823669 0.0865233 -1.32464e-20)
(1.12256 0.155807 2.27624e-20)
(1.31446 0.203742 7.8764e-21)
(1.40581 0.225684 5.95038e-21)
(1.43006 0.227617 -2.7605e-20)
(1.42018 0.218229 -9.50996e-21)
(1.39766 0.202838 -8.55446e-21)
(1.37247 0.187373 3.77322e-21)
(0.154841 0.000947825 -8.54154e-21)
(0.515322 0.0365071 -2.01824e-22)
(0.881406 0.115124 2.50582e-20)
(1.16931 0.187966 -9.21047e-21)
(1.3419 0.233686 -4.05317e-21)
(1.41593 0.251234 -2.67493e-21)
(1.42896 0.249042 6.67986e-21)
(1.41347 0.236564 1.15942e-20)
(1.38883 0.219007 -3.69327e-22)
(1.36298 0.202521 4.2805e-21)
(0.176227 0.00709436 6.01476e-21)
(0.563372 0.0573113 -1.68989e-21)
(0.934434 0.146446 -4.4768e-21)
(1.20926 0.22155 -4.05587e-21)
(1.36284 0.264074 3.65881e-21)
(1.42118 0.27679 2.862e-21)
(1.42476 0.270382 -2.64408e-21)
(1.40491 0.254822 9.691e-22)
(1.37886 0.23512 1.36754e-21)
(1.35266 0.217507 -1.82905e-21)
(0.197874 0.0148124 3.20163e-21)
(0.609462 0.0811739 9.16699e-22)
(0.98217 0.180114 -5.51529e-21)
(1.24239 0.2562 -4.40491e-21)
(1.37765 0.294671 4.60112e-21)
(1.42202 0.302224 9.01382e-22)
(1.41778 0.291564 -2.13026e-21)
(1.39466 0.272944 2.00976e-21)
(1.36777 0.251107 1.13372e-21)
(1.34152 0.232266 -1.31875e-21)
(0.219454 0.0241255 -1.2579e-21)
(0.65287 0.107871 2.56923e-21)
(1.02418 0.215723 1.69459e-20)
(1.26883 0.291564 -7.53468e-21)
(1.38676 0.325254 -3.71771e-21)
(1.41886 0.327413 -4.21329e-21)
(1.40828 0.312506 8.67574e-21)
(1.38283 0.290854 5.8805e-21)
(1.35558 0.266884 4.74421e-21)
(1.32955 0.246728 2.61334e-21)
(0.240628 0.0350174 2.55558e-20)
(0.692949 0.13711 -1.41263e-20)
(1.06015 0.252844 -1.61473e-20)
(1.28874 0.327295 2.19334e-20)
(1.39053 0.355606 1.15837e-20)
(1.41205 0.352229 -7.84924e-22)
(1.39645 0.333116 -1.4537e-20)
(1.36948 0.308462 -1.05477e-20)
(1.3423 0.282352 -1.11907e-20)
(1.31674 0.260817 6.75423e-21)
(0.261059 0.0474313 -3.45402e-20)
(0.72914 0.168539 3.26015e-20)
(1.08993 0.29104 3.75198e-20)
(1.30233 0.363054 -3.70822e-20)
(1.38934 0.385512 -1.29017e-20)
(1.40189 0.37654 8.36402e-21)
(1.38248 0.353293 1.53313e-20)
(1.35466 0.325673 2.46426e-21)
(1.3279 0.297406 -4.86386e-22)
(1.30299 0.274456 -9.33221e-21)
(0.280417 0.0612716 -4.91639e-21)
(0.760976 0.201756 -4.57555e-20)
(1.11341 0.329864 -4.90806e-20)
(1.30988 0.398512 5.52177e-20)
(1.38354 0.414765 -6.29258e-21)
(1.38863 0.400209 1.17533e-20)
(1.36648 0.372927 2.37722e-21)
(1.33841 0.342391 -6.64516e-21)
(1.31236 0.311966 3.58044e-21)
(1.28812 0.287565 -5.93238e-22)
(0.298387 0.0764058 1.00332e-20)
(0.788095 0.236327 2.82969e-20)
(1.13063 0.368871 1.60857e-20)
(1.31166 0.433349 -1.26527e-20)
(1.37346 0.443158 -1.98355e-20)
(1.37251 0.423093 -1.87037e-20)
(1.34856 0.3919 -3.84705e-21)
(1.32079 0.358522 1.0509e-20)
(1.2957 0.326018 -2.23092e-21)
(1.27203 0.300057 5.1825e-21)
(0.314684 0.0926676 -3.78413e-20)
(0.810235 0.271794 -3.54873e-20)
(1.14167 0.40762 -5.64101e-21)
(1.30798 0.467255 -6.37753e-21)
(1.35939 0.470487 -1.47247e-20)
(1.35373 0.445041 9.15524e-21)
(1.32883 0.410077 -1.62684e-21)
(1.30182 0.37394 -9.25174e-21)
(1.27799 0.339564 8.43877e-21)
(1.25504 0.31187 -1.28428e-20)
(0.329053 0.10986 9.0127e-21)
(0.827228 0.30769 3.00814e-20)
(1.14667 0.445683 2.62689e-20)
(1.29914 0.499929 2.8719e-20)
(1.34163 0.496551 4.63697e-22)
(1.33247 0.465905 2.59836e-20)
(1.30736 0.427322 1.9213e-21)
(1.28157 0.388489 -3.20916e-20)
(1.25914 0.352382 2.35244e-20)
(1.23741 0.322977 8.78184e-21)
(0.341277 0.127762 2.44775e-20)
(0.838993 0.343545 5.49626e-20)
(1.14583 0.482644 -7.28932e-21)
(1.28547 0.531083 -3.62373e-20)
(1.32045 0.521155 1.6488e-20)
(1.30889 0.48553 -1.74855e-20)
(1.28428 0.443499 -2.42307e-20)
(1.26008 0.402111 -2.5921e-21)
(1.23914 0.364301 -2.01233e-20)
(1.21906 0.333258 8.07159e-21)
(0.351182 0.146135 1.15809e-20)
(0.845526 0.378896 8.71307e-21)
(1.13942 0.518106 6.92708e-20)
(1.26731 0.560441 1.3236e-20)
(1.29612 0.544105 -1.17688e-20)
(1.28319 0.503754 -6.08343e-21)
(1.25971 0.458467 3.78508e-20)
(1.23739 0.414684 3.20583e-20)
(1.21813 0.375239 1.64236e-20)
(1.19992 0.342586 -2.42399e-21)
(0.358634 0.164725 2.51187e-21)
(0.846899 0.413293 -5.62833e-20)
(1.12772 0.551695 -8.16445e-20)
(1.24498 0.587748 2.80564e-21)
(1.26888 0.565205 1.68633e-20)
(1.25553 0.520417 -2.36232e-20)
(1.2337 0.472093 -5.66889e-20)
(1.21352 0.426089 -1.74818e-20)
(1.19616 0.38509 -1.13666e-21)
(1.18001 0.350878 1.01294e-20)
(0.363545 0.183275 -2.01943e-20)
(0.843257 0.446302 5.13447e-20)
(1.1111 0.583063 4.93335e-20)
(1.21882 0.612764 -4.66576e-20)
(1.23898 0.58427 7.04143e-21)
(1.22606 0.535357 5.95518e-20)
(1.20636 0.484244 -1.48276e-20)
(1.18859 0.436208 1.22737e-20)
(1.17331 0.393758 -7.0327e-21)
(1.15937 0.358061 -9.64749e-21)
(0.365876 0.201521 -4.58141e-20)
(0.834826 0.477501 -8.08706e-20)
(1.08992 0.611906 -1.5999e-20)
(1.18904 0.635228 2.66492e-20)
(1.20669 0.60114 2.76473e-20)
(1.19496 0.548418 -6.03775e-20)
(1.17781 0.49479 3.48092e-20)
(1.16268 0.444933 -2.07968e-20)
(1.14964 0.401147 1.83105e-20)
(1.13811 0.36407 -3.26746e-23)
(0.36564 0.219204 3.48808e-20)
(0.821902 0.506506 2.15845e-21)
(1.06444 0.637944 -7.87718e-21)
(1.15597 0.654935 -3.41874e-20)
(1.1723 0.615597 2.40359e-20)
(1.16241 0.559476 4.13076e-21)
(1.14818 0.503613 -2.22527e-20)
(1.1359 0.452159 2.24455e-21)
(1.12525 0.407161 -6.21241e-21)
(1.1163 0.368828 5.43442e-21)
(0.362909 0.236061 -9.85123e-21)
(0.804805 0.533031 -1.43512e-20)
(1.03475 0.660774 3.58138e-20)
(1.12014 0.67176 1.68984e-20)
(1.13608 0.627487 -2.39639e-20)
(1.1286 0.568392 3.88638e-20)
(1.1176 0.5106 1.83523e-21)
(1.10835 0.45779 1.16246e-21)
(1.10021 0.411697 -6.52442e-21)
(1.09405 0.372239 -7.48123e-22)
(0.357769 0.251795 6.4613e-20)
(0.78373 0.556876 5.00341e-20)
(1.00133 0.68018 -2.5131e-21)
(1.08196 0.685391 -8.79032e-21)
(1.09827 0.636737 -1.0245e-20)
(1.0937 0.575057 -5.4041e-21)
(1.08622 0.515653 7.57812e-22)
(1.08015 0.461744 3.38045e-21)
(1.07465 0.414661 6.76922e-21)
(1.07144 0.374199 1.85628e-21)
(0.350272 0.26609 6.69221e-21)
(0.758821 0.577595 9.52574e-21)
(0.964925 0.696169 -5.00712e-20)
(1.04174 0.695666 2.35579e-20)
(1.05914 0.643207 1.03919e-20)
(1.05791 0.579368 -2.4604e-20)
(1.0542 0.518681 7.25752e-21)
(1.0514 0.463947 1.00526e-21)
(1.04868 0.415986 -7.89087e-22)
(1.0487 0.374666 -1.45202e-21)
(0.340504 0.278722 -2.44195e-20)
(0.730443 0.594759 -1.89676e-20)
(0.925964 0.708472 1.82373e-20)
(0.999793 0.702548 6.99934e-21)
(1.01893 0.646798 -8.50334e-21)
(1.02142 0.581229 1.05525e-20)
(1.02165 0.519593 2.54289e-22)
(1.02221 0.464304 3.41033e-21)
(1.02256 0.415601 3.3769e-21)
(1.02659 0.373694 2.94252e-21)
(0.328698 0.28955 -2.00723e-20)
(0.699141 0.608203 5.599e-20)
(0.88478 0.716872 -3.80221e-20)
(0.956451 0.705949 -3.86426e-21)
(0.977917 0.647429 -1.01686e-20)
(0.984427 0.580566 6.4807e-21)
(0.988696 0.518309 -3.15117e-22)
(0.992687 0.462674 5.98776e-22)
(0.996748 0.413282 2.55403e-21)
(1.00593 0.371294 -3.66611e-22)
(0.315058 0.298459 -1.5433e-22)
(0.665355 0.617788 -1.62608e-20)
(0.841783 0.721211 1.21175e-20)
(0.91206 0.705791 -8.85406e-21)
(0.936352 0.645043 -2.32777e-21)
(0.947104 0.577334 1.91178e-21)
(0.955451 0.514793 4.04956e-21)
(0.963027 0.458966 -4.95501e-21)
(0.971603 0.408626 -1.03615e-20)
(0.985932 0.366647 6.1464e-21)
(0.29977 0.305277 3.15486e-21)
(0.62953 0.623387 3.07323e-22)
(0.797397 0.721401 3.60024e-22)
(0.866968 0.702015 -4.42977e-21)
(0.894504 0.639603 -1.09611e-21)
(0.909654 0.57151 -8.51651e-21)
(0.922119 0.509053 -2.11938e-21)
(0.933533 0.453333 -2.3916e-21)
(0.947084 0.401909 1.78864e-20)
(0.963302 0.355899 -2.57934e-21)
(0.283065 0.309871 -1.08217e-20)
(0.592104 0.624902 -5.94963e-21)
(0.752049 0.717399 3.37151e-21)
(0.821522 0.694592 1.72968e-21)
(0.852638 0.631087 -5.64612e-21)
(0.872297 0.563072 2.00843e-20)
(0.888975 0.501059 -1.64849e-20)
(0.904439 0.445861 2.03918e-20)
(0.921953 0.395202 -1.41957e-20)
(0.937795 0.350745 -2.00299e-20)
(0.265195 0.312139 3.87806e-21)
(0.553508 0.622268 -4.15776e-21)
(0.706161 0.70919 1.85447e-21)
(0.776066 0.683519 8.1845e-21)
(0.811021 0.619493 -5.11505e-21)
(0.835265 0.552003 7.56764e-21)
(0.856232 0.490758 9.28107e-21)
(0.875766 0.436239 -4.96127e-21)
(0.896698 0.386092 -1.58206e-20)
(0.913549 0.341816 2.12947e-20)
(0.246418 0.312008 4.79084e-21)
(0.514174 0.615461 5.59138e-21)
(0.660148 0.696796 -7.33511e-21)
(0.730935 0.668821 -6.13935e-21)
(0.769919 0.60484 2.99271e-20)
(0.798778 0.538325 -3.15319e-20)
(0.824036 0.47821 3.97693e-20)
(0.847503 0.424742 -9.72776e-21)
(0.871502 0.375725 1.05647e-20)
(0.890049 0.332692 2.10134e-20)
(0.226999 0.309437 -7.52265e-22)
(0.474529 0.604492 -7.13737e-21)
(0.614416 0.680266 -7.19382e-21)
(0.686462 0.650547 -3.04413e-21)
(0.729595 0.587166 5.67935e-21)
(0.763059 0.522064 -9.58154e-21)
(0.792562 0.46342 -1.17369e-20)
(0.819826 0.411284 -2.7603e-20)
(0.846763 0.363638 2.77187e-20)
(0.867456 0.322052 -8.50622e-21)
(0.207201 0.304409 1.96459e-20)
(0.434993 0.589409 -3.28613e-21)
(0.569359 0.659679 -1.02721e-20)
(0.642966 0.628772 1.20219e-20)
(0.690309 0.566532 -2.12118e-20)
(0.728319 0.50327 6.01377e-20)
(0.761976 0.446446 -3.24171e-20)
(0.7929 0.395964 2.9691e-20)
(0.822708 0.350012 -5.4363e-20)
(0.845787 0.310064 -1.46119e-20)
(0.187286 0.296937 -4.42154e-21)
(0.395973 0.570298 2.10872e-20)
(0.525356 0.635145 4.40239e-21)
(0.600759 0.603594 -1.17376e-20)
(0.652309 0.543019 -2.05783e-20)
(0.694765 0.482009 -2.45761e-23)
(0.73245 0.427339 1.08056e-20)
(0.766894 0.378811 -2.72471e-20)
(0.7995 0.334812 1.30599e-20)
(0.825075 0.296641 1.67074e-21)
(0.167514 0.28706 -3.67864e-20)
(0.357866 0.547278 -8.75172e-21)
(0.482773 0.606801 -2.70562e-21)
(0.560137 0.575135 3.15021e-20)
(0.615838 0.516727 -2.98102e-20)
(0.662597 0.458365 -7.36893e-21)
(0.704157 0.406176 -4.77686e-21)
(0.74197 0.359892 8.48221e-21)
(0.77728 0.318084 -1.12401e-20)
(0.805382 0.281825 -1.73613e-20)
(0.148136 0.274844 3.42121e-20)
(0.321047 0.520499 -1.97916e-20)
(0.441957 0.574812 7.10411e-22)
(0.521384 0.543539 -4.83914e-20)
(0.581125 0.487775 5.28703e-20)
(0.632007 0.432439 -1.6759e-20)
(0.677262 0.383041 1.00214e-20)
(0.718275 0.339274 8.80785e-21)
(0.756172 0.299871 2.55213e-20)
(0.786778 0.265662 -1.07495e-20)
(0.129393 0.260378 -1.37599e-20)
(0.285877 0.490143 4.14335e-20)
(0.403235 0.539368 2.35609e-20)
(0.484769 0.508972 3.9292e-20)
(0.54839 0.456301 -8.94313e-21)
(0.603179 0.404347 3.69548e-21)
(0.651922 0.358035 2.96878e-20)
(0.695949 0.31704 6.76742e-21)
(0.736291 0.280238 6.57603e-22)
(0.769337 0.248222 -1.29781e-20)
(0.111516 0.243777 -3.36052e-20)
(0.252691 0.456423 -2.31985e-21)
(0.366913 0.500684 -1.41287e-20)
(0.450542 0.471619 -6.40857e-20)
(0.517838 0.422461 -6.2188e-20)
(0.576287 0.37422 1.03006e-20)
(0.628288 0.33127 -2.55615e-20)
(0.67512 0.293283 1.65678e-20)
(0.717747 0.259264 8.9588e-21)
(0.753135 0.229587 1.83608e-20)
(0.0947203 0.225175 5.05588e-20)
(0.221801 0.419576 -4.14294e-20)
(0.333276 0.458997 -2.12137e-20)
(0.418936 0.431685 3.71581e-20)
(0.48966 0.386426 4.26845e-20)
(0.551492 0.342206 -1.43683e-20)
(0.606497 0.302872 -1.963e-21)
(0.65591 0.268109 -5.13066e-20)
(0.700641 0.237039 -2.89749e-20)
(0.738241 0.209848 1.10988e-20)
(0.0792057 0.204729 -2.89434e-20)
(0.193495 0.379864 1.21507e-20)
(0.302582 0.414565 4.51709e-20)
(0.390163 0.389392 -2.06049e-20)
(0.464032 0.348383 1.77795e-21)
(0.528943 0.308463 5.77339e-20)
(0.586677 0.272978 2.54476e-21)
(0.638429 0.241635 4.9547e-20)
(0.68507 0.213666 2.06239e-20)
(0.724725 0.189104 -3.28188e-20)
(0.0651542 0.18261 4.09222e-20)
(0.16803 0.337571 4.67503e-21)
(0.275065 0.367666 3.04632e-21)
(0.364416 0.344977 4.16378e-20)
(0.441111 0.308533 -5.44407e-21)
(0.508775 0.273162 -3.63646e-20)
(0.568944 0.241736 1.78203e-20)
(0.622778 0.213988 -2.85564e-20)
(0.671122 0.189256 -1.18588e-20)
(0.712646 0.167459 1.19857e-20)
(0.0527279 0.159011 -2.54785e-20)
(0.145636 0.293004 -4.92708e-20)
(0.250931 0.318593 1.15013e-20)
(0.341864 0.298693 -2.24565e-20)
(0.42104 0.267089 -1.34507e-20)
(0.491107 0.236486 3.28257e-20)
(0.553401 0.209301 -7.93363e-21)
(0.609047 0.185301 7.22653e-21)
(0.658874 0.163926 -8.85891e-21)
(0.702061 0.145022 1.76769e-20)
(0.0420682 0.134134 9.3984e-21)
(0.126512 0.246483 3.338e-20)
(0.23036 0.267656 -4.65619e-20)
(0.322655 0.250803 2.19315e-20)
(0.403941 0.224274 -1.00207e-20)
(0.476044 0.198628 -2.81928e-20)
(0.540137 0.17584 2.30755e-20)
(0.597315 0.155719 4.78258e-21)
(0.648398 0.137804 -7.386e-22)
(0.693018 0.121906 -2.05442e-20)
(0.0332943 0.108198 3.12403e-21)
(0.110823 0.198345 1.09032e-20)
(0.213501 0.215175 4.23374e-20)
(0.306912 0.201584 -8.16344e-21)
(0.389915 0.180322 -6.43491e-21)
(0.463673 0.159786 2.35132e-21)
(0.529228 0.141524 1.13111e-21)
(0.58765 0.125389 8.62461e-21)
(0.639753 0.11102 -1.13529e-20)
(0.685558 0.0982263 -7.20692e-21)
(0.026502 0.0814301 -7.7495e-21)
(0.0987045 0.148939 -1.32607e-20)
(0.200474 0.161483 -3.31317e-20)
(0.294734 0.151318 1.66855e-20)
(0.379046 0.135473 1.35774e-20)
(0.454064 0.120168 5.79958e-22)
(0.520735 0.106533 -2.26859e-20)
(0.580106 0.094467 -1.01033e-20)
(0.632987 0.0837101 7.95352e-21)
(0.679713 0.0741002 8.53627e-21)
(0.0217635 0.0540641 1.3632e-21)
(0.0902549 0.0986233 -2.8134e-21)
(0.191368 0.106919 6.2787e-21)
(0.286196 0.100297 -4.24736e-21)
(0.371395 0.0899744 -3.7845e-21)
(0.447272 0.0799842 -2.55993e-21)
(0.514704 0.071048 4.68819e-21)
(0.574724 0.0631102 1.78637e-20)
(0.628138 0.0560125 2.57501e-21)
(0.675507 0.0496426 -4.56136e-21)
(0.281346 0.0488152 -3.63876e-21)
(0.367004 0.0440766 3.46256e-21)
(0.44333 0.0394513 1.56134e-21)
(0.511166 0.0352553 -1.55351e-21)
(0.571531 0.0314798 -7.08442e-21)
(0.625228 0.0280674 2.33165e-21)
(0.672954 0.0249672 -2.17763e-21)
(1.33188 0.200548 -2.16159e-22)
(1.3418 0.187938 -2.10142e-21)
(1.35109 0.175092 -4.51625e-22)
(1.35978 0.162049 -1.22118e-21)
(1.36785 0.148848 7.09834e-21)
(1.37533 0.135524 -6.73044e-21)
(1.38219 0.122104 4.21084e-21)
(1.38839 0.108609 1.75565e-20)
(1.31483 0.18804 -5.64877e-23)
(1.32431 0.176641 1.79796e-21)
(1.3333 0.165016 1.54674e-21)
(1.3418 0.15319 -7.68611e-21)
(1.34984 0.141187 2.48999e-21)
(1.35742 0.129031 -1.54056e-21)
(1.36456 0.116742 4.26718e-21)
(1.37124 0.104337 -8.373e-21)
(1.29872 0.175525 5.82509e-22)
(1.30744 0.165216 1.32985e-21)
(1.3158 0.154698 7.49176e-22)
(1.32382 0.143991 3.81114e-21)
(1.33151 0.133113 5.08393e-21)
(1.33889 0.122076 7.4025e-21)
(1.34596 0.11089 -2.28705e-22)
(1.35274 0.099564 1.38699e-21)
(1.28386 0.163531 -1.93658e-22)
(1.29178 0.15418 -2.29337e-21)
(1.29942 0.14465 -2.12667e-21)
(1.3068 0.134956 1.55326e-21)
(1.31394 0.125105 -5.75778e-21)
(1.32087 0.115104 -1.33989e-20)
(1.32759 0.104954 5.92136e-21)
(1.33413 0.0946586 7.24282e-22)
(1.27008 0.15211 2.67437e-23)
(1.27726 0.143632 1.14418e-21)
(1.2842 0.134991 2.88574e-21)
(1.29093 0.126195 1.12306e-21)
(1.29747 0.11725 -2.42817e-22)
(1.30383 0.108159 3.26002e-21)
(1.31004 0.0989212 2.56371e-21)
(1.31612 0.0895367 -2.85463e-21)
(1.25706 0.141249 2.53633e-24)
(1.26357 0.133556 1.24543e-21)
(1.26988 0.125713 -2.11893e-21)
(1.276 0.117722 -1.58345e-21)
(1.28195 0.109587 1.00977e-21)
(1.28775 0.10131 2.21803e-21)
(1.29342 0.0928884 -3.84983e-21)
(1.29896 0.0843195 -1.87394e-21)
(1.24461 0.130908 1.2367e-22)
(1.25052 0.123926 -1.29491e-21)
(1.25624 0.116808 1.91847e-21)
(1.2618 0.109553 1.23388e-21)
(1.26722 0.102163 2.3622e-21)
(1.27249 0.0946361 -9.67238e-22)
(1.27764 0.086972 -6.40908e-21)
(1.28267 0.0791644 4.2325e-21)
(1.23265 0.12107 -2.92612e-22)
(1.23799 0.114742 -5.9401e-22)
(1.24318 0.108291 -6.42875e-22)
(1.24822 0.101716 -7.04951e-22)
(1.25313 0.0950166 4.48657e-22)
(1.25792 0.0881906 2.67897e-21)
(1.26259 0.0812367 7.08479e-21)
(1.26715 0.0741481 1.4906e-21)
(1.22115 0.111721 1.43333e-22)
(1.22597 0.106 -5.4358e-23)
(1.23065 0.100168 -2.66057e-22)
(1.23521 0.0942244 -1.21663e-21)
(1.23965 0.0881681 -2.1324e-21)
(1.24397 0.0819964 -2.79339e-21)
(1.2482 0.0757074 -1.86774e-21)
(1.25233 0.0692951 -2.68512e-21)
(1.21009 0.102898 9.43671e-23)
(1.21442 0.0977315 1.08855e-21)
(1.21863 0.0924676 9.29826e-23)
(1.22273 0.0871051 9.17199e-22)
(1.22672 0.0816428 5.95658e-23)
(1.23062 0.0760778 -4.0469e-21)
(1.23443 0.0704078 -2.70002e-22)
(1.23815 0.0646279 2.32592e-21)
(1.19943 0.0945891 -2.26574e-22)
(1.20331 0.089934 2.94427e-22)
(1.20708 0.0851938 -3.09424e-22)
(1.21076 0.0803681 -5.96402e-22)
(1.21435 0.0754554 -8.82913e-22)
(1.21785 0.0704532 2.72245e-21)
(1.22127 0.065359 1.31501e-21)
(1.2246 0.060169 -2.19865e-21)
(1.18917 0.0867726 7.37272e-23)
(1.19263 0.0825911 -9.66266e-22)
(1.19601 0.0783367 5.22082e-22)
(1.1993 0.0740089 3.68579e-23)
(1.20251 0.0696062 9.68399e-22)
(1.20564 0.0651267 -1.02132e-21)
(1.2087 0.0605681 1.35636e-21)
(1.21168 0.0559273 1.7451e-21)
(1.17931 0.0794589 4.84067e-23)
(1.1824 0.0757102 3.94167e-22)
(1.18541 0.0719018 -9.48327e-22)
(1.18834 0.0680322 -1.7559e-22)
(1.19121 0.0640999 -1.04913e-21)
(1.194 0.0601031 1.11426e-21)
(1.19673 0.05604 -4.21594e-21)
(1.19939 0.0519081 -2.54851e-21)
(1.16982 0.0726055 -1.22639e-22)
(1.17258 0.0692607 1.31241e-22)
(1.17527 0.0658666 7.88248e-22)
(1.17789 0.0624217 -4.4499e-22)
(1.18044 0.0589248 1.7248e-21)
(1.18293 0.0553747 -6.10728e-22)
(1.18536 0.0517698 8.40931e-22)
(1.18773 0.0481082 1.43653e-21)
(1.16077 0.0661819 1.20979e-22)
(1.16322 0.0632148 -4.75083e-23)
(1.16561 0.060206 -6.57207e-22)
(1.16794 0.0571551 1.47664e-21)
(1.17022 0.0540616 -8.31678e-22)
(1.17243 0.0509247 7.07494e-22)
(1.17459 0.0477431 7.34864e-22)
(1.17669 0.0445157 2.91432e-22)
(1.15213 0.0601959 6.98646e-23)
(1.15431 0.0575722 1.12451e-22)
(1.15644 0.0549148 3.12351e-22)
(1.15851 0.0522241 -1.12604e-21)
(1.16053 0.0494996 -7.1731e-22)
(1.1625 0.0467408 1.29708e-22)
(1.16442 0.0439469 -6.67357e-22)
(1.16628 0.041117 7.706e-22)
(1.1681 0.03825 -2.89767e-21)
(1.1439 0.0546029 -1.01579e-22)
(1.14584 0.0522951 -3.18039e-23)
(1.14774 0.0499611 -8.94205e-25)
(1.14958 0.047601 8.13597e-22)
(1.15138 0.0452147 5.37241e-22)
(1.15313 0.042802 -3.52425e-22)
(1.15484 0.0403624 -6.36576e-22)
(1.1565 0.0378954 1.63843e-22)
(1.15811 0.0354002 4.48086e-22)
(1.1361 0.0493719 7.89741e-23)
(1.13783 0.0473533 -1.59336e-23)
(1.13952 0.0453148 2.90236e-22)
(1.14117 0.0432566 -2.76766e-22)
(1.14277 0.0411788 -3.63879e-23)
(1.14433 0.0390814 7.17901e-22)
(1.14585 0.0369641 3.01942e-22)
(1.14733 0.0348266 -8.94815e-22)
(1.14877 0.0326687 -4.12522e-22)
(1.12874 0.0444697 -8.06685e-23)
(1.13029 0.0427152 -1.00895e-22)
(1.1318 0.0409461 -5.11168e-23)
(1.13327 0.0391627 -4.30331e-23)
(1.1347 0.0373652 -4.62053e-22)
(1.1361 0.0355537 5.13931e-22)
(1.13746 0.0337282 -3.46285e-22)
(1.13877 0.0318886 -7.86412e-22)
(1.14006 0.0300349 1.11788e-21)
(1.12182 0.0398611 -4.16729e-23)
(1.12321 0.038347 1.08048e-22)
(1.12456 0.0368225 -2.78891e-23)
(1.12588 0.0352882 -1.22653e-22)
(1.12717 0.0337442 1.48593e-22)
(1.12842 0.0321909 -3.57845e-22)
(1.12964 0.0306283 6.1016e-22)
(1.13082 0.0290566 5.45911e-22)
(1.13197 0.0274758 -7.12082e-23)
(1.11535 0.0355101 6.42227e-23)
(1.11661 0.0342138 -7.14406e-23)
(1.11783 0.0329108 -3.15076e-23)
(1.11902 0.0316013 -1.5364e-22)
(1.12019 0.0302858 6.00923e-23)
(1.12131 0.0289646 1.51445e-22)
(1.12241 0.0276379 -5.15354e-23)
(1.12348 0.0263059 -6.62283e-22)
(1.12451 0.0249689 4.70505e-22)
(1.10936 0.0313802 4.5692e-24)
(1.1105 0.0302809 -7.26435e-23)
(1.11162 0.0291775 -8.6677e-23)
(1.1127 0.0280705 5.6209e-23)
(1.11375 0.0269601 2.3656e-22)
(1.11477 0.0258468 -2.22049e-22)
(1.11577 0.0247308 -4.54254e-22)
(1.11673 0.0236125 5.26193e-22)
(1.11767 0.0224921 -7.59652e-22)
(1.10387 0.0274351 -4.75607e-24)
(1.10491 0.0265135 -2.57293e-23)
(1.10593 0.0255898 1.07724e-22)
(1.10692 0.0246644 -3.30186e-23)
(1.10788 0.0237377 -2.21069e-22)
(1.10881 0.0228101 2.95646e-22)
(1.10972 0.0218819 -3.65266e-22)
(1.1106 0.0209533 -2.06911e-22)
(1.11145 0.0200248 6.30719e-22)
(1.09889 0.0236384 -2.74572e-23)
(1.09985 0.0228769 6.65824e-23)
(1.10079 0.0221147 6.45796e-23)
(1.1017 0.0213522 -8.30963e-23)
(1.10258 0.0205898 -1.0545e-23)
(1.10344 0.0198278 -2.82713e-22)
(1.10427 0.0190665 -2.11625e-23)
(1.10508 0.0183063 2.93214e-22)
(1.10586 0.0175473 -4.62888e-22)
(1.09446 0.0199552 -1.01475e-25)
(1.09536 0.0193377 1.25843e-23)
(1.09622 0.0187207 7.43444e-25)
(1.09707 0.0181042 5.62197e-23)
(1.09789 0.0174888 2.97602e-22)
(1.09868 0.0168745 -2.22097e-22)
(1.09945 0.0162618 1.28539e-22)
(1.1002 0.0156509 -3.43729e-24)
(1.10092 0.015042 -3.22472e-22)
(1.09061 0.0163458 1.95489e-23)
(1.09145 0.015859 -4.63928e-23)
(1.09226 0.0153731 1.24316e-23)
(1.09305 0.0148884 -1.13726e-22)
(1.09382 0.014405 4.60042e-23)
(1.09457 0.0139232 7.53868e-23)
(1.09529 0.0134432 1.78362e-22)
(1.09598 0.0129652 2.34612e-23)
(1.09665 0.0124895 -4.32332e-23)
(1.08739 0.0127753 1.81945e-23)
(1.08818 0.0124086 -9.21976e-24)
(1.08895 0.0120428 -3.40001e-23)
(1.0897 0.0116782 9.17663e-23)
(1.09043 0.0113149 -1.57499e-22)
(1.09113 0.0109532 1.17827e-22)
(1.09181 0.0105931 6.5607e-23)
(1.09246 0.0102349 -2.37581e-22)
(1.0931 0.00987872 -1.48343e-22)
(1.08485 0.00919709 2.18742e-24)
(1.08561 0.00894077 -4.51444e-23)
(1.08635 0.00868538 1.52171e-23)
(1.08706 0.00843105 -1.21373e-22)
(1.08775 0.00817791 1.28629e-22)
(1.08842 0.00792606 2.06325e-23)
(1.08907 0.0076756 7.03563e-23)
(1.0897 0.00742663 -2.4126e-22)
(1.0903 0.00717926 4.01089e-22)
(1.08306 0.00559732 3.84664e-25)
(1.08379 0.00544586 1.0511e-23)
(1.08451 0.00529491 1.32603e-23)
(1.0852 0.00514452 -4.79265e-23)
(1.08587 0.00499474 9.01631e-23)
(1.08651 0.00484563 -1.02151e-22)
(1.08714 0.00469725 1.16347e-22)
(1.08775 0.00454966 -4.6394e-23)
(1.08833 0.00440293 -1.02629e-22)
(1.08211 0.0018567 9.99472e-25)
(1.08283 0.00180928 -3.17571e-23)
(1.08353 0.00176226 6.75728e-23)
(1.0842 0.00171558 6.68086e-23)
(1.08486 0.00166918 -4.1569e-23)
(1.08549 0.001623 6.73629e-23)
(1.0861 0.00157699 -7.21752e-23)
(1.08669 0.0015311 -2.02821e-23)
(1.08726 0.00148531 -3.8959e-23)
(1.00569 0.336509 8.55608e-22)
(1.02665 0.334538 -5.22258e-22)
(1.04546 0.333344 6.40367e-22)
(1.06452 0.331874 1.91485e-23)
(1.08433 0.329788 -1.27986e-22)
(1.10399 0.327125 3.31666e-22)
(1.12311 0.323806 -1.99993e-21)
(1.14177 0.319715 -2.25567e-21)
(1.16001 0.314807 3.87322e-22)
(1.17776 0.309088 -6.92902e-21)
(1.19495 0.302576 -4.58602e-21)
(1.21156 0.295299 4.24349e-21)
(1.22757 0.2873 -9.02453e-21)
(1.24297 0.278597 -2.19994e-21)
(1.25777 0.269182 4.11087e-21)
(1.27208 0.258852 -5.30844e-21)
(1.28563 0.247925 8.17466e-22)
(1.29828 0.236595 4.10533e-22)
(1.31014 0.224909 1.95142e-21)
(1.32133 0.212884 3.22149e-22)
(1.019 0.318 -1.60956e-21)
(1.0397 0.315703 6.1033e-22)
(1.05814 0.314291 -3.29234e-22)
(1.07505 0.312814 1.46463e-21)
(1.09244 0.310587 1.28091e-22)
(1.10994 0.307628 -5.7826e-22)
(1.12691 0.304011 1.37734e-21)
(1.1434 0.299681 5.70087e-21)
(1.15953 0.294606 -6.49113e-21)
(1.17527 0.288816 4.28147e-21)
(1.19056 0.282355 -1.01876e-21)
(1.20539 0.275258 -4.76457e-21)
(1.2197 0.267559 3.5977e-21)
(1.23353 0.25927 -2.32335e-21)
(1.24664 0.250427 6.02528e-22)
(1.25923 0.240922 -1.35233e-21)
(1.27154 0.230961 5.62705e-21)
(1.28327 0.220662 -1.04878e-21)
(1.29434 0.210067 -1.64433e-21)
(1.30485 0.199188 2.32754e-23)
(1.03243 0.298011 -7.13507e-22)
(1.05174 0.296419 -7.39013e-22)
(1.06951 0.294892 1.55446e-22)
(1.08487 0.293135 -1.22752e-21)
(1.1002 0.290636 8.50196e-22)
(1.11587 0.28735 7.25284e-23)
(1.13117 0.283436 2.02667e-21)
(1.14593 0.278935 4.84456e-21)
(1.16029 0.273827 8.84792e-21)
(1.17428 0.268123 -4.05625e-22)
(1.18787 0.261862 6.69477e-21)
(1.201 0.255079 -1.01676e-21)
(1.21365 0.247786 -9.37808e-22)
(1.22582 0.240027 3.66477e-22)
(1.23742 0.231786 -5.5803e-21)
(1.24863 0.223263 -3.41781e-21)
(1.25965 0.214319 -2.4378e-21)
(1.27015 0.205018 -5.97458e-22)
(1.28012 0.195437 -1.31376e-21)
(1.28962 0.185604 -6.17091e-22)
(1.04484 0.279804 -8.74467e-22)
(1.06244 0.278354 4.68703e-22)
(1.07904 0.276467 6.69662e-22)
(1.09301 0.274225 -6.6681e-23)
(1.10653 0.271401 6.58771e-22)
(1.12043 0.267901 -2.2957e-21)
(1.13417 0.263842 -1.76426e-21)
(1.1474 0.259305 -8.41089e-21)
(1.1602 0.254284 -2.63754e-21)
(1.17266 0.248775 7.39603e-21)
(1.18476 0.242801 -3.60407e-21)
(1.19646 0.236398 5.85456e-21)
(1.20774 0.229586 -4.14398e-22)
(1.21859 0.222411 -3.35331e-21)
(1.22902 0.21488 8.60414e-21)
(1.23898 0.207119 3.56099e-21)
(1.24864 0.198929 -1.01125e-21)
(1.25804 0.190406 1.34804e-21)
(1.26704 0.18165 2.09603e-21)
(1.27563 0.172691 2.37732e-22)
(1.05603 0.262378 1.26056e-21)
(1.07186 0.260689 -2.07923e-22)
(1.08706 0.258407 -6.55637e-23)
(1.09975 0.255753 7.71068e-22)
(1.11171 0.25268 -6.90653e-22)
(1.12399 0.249084 9.85412e-22)
(1.13625 0.245008 -1.40173e-21)
(1.14808 0.240528 4.33418e-21)
(1.15948 0.235661 -6.24385e-21)
(1.17055 0.230399 -8.76801e-21)
(1.18131 0.224754 -1.5783e-22)
(1.19172 0.218753 -2.41735e-21)
(1.20178 0.212419 1.27652e-21)
(1.21147 0.205773 -1.38007e-21)
(1.22081 0.198834 -2.5451e-21)
(1.22972 0.191628 1.30811e-22)
(1.23831 0.184168 -7.25581e-22)
(1.24674 0.176462 -2.3193e-21)
(1.25486 0.168537 -8.18554e-22)
(1.26263 0.160415 -9.72841e-23)
(1.06593 0.245219 -2.02262e-22)
(1.08004 0.243282 -3.4658e-22)
(1.09371 0.240747 -1.86381e-22)
(1.10516 0.23785 -1.58427e-21)
(1.11577 0.234645 4.52918e-23)
(1.12659 0.231045 -7.75848e-22)
(1.13746 0.227041 3.57769e-21)
(1.14801 0.222687 2.69284e-21)
(1.15814 0.218015 5.36309e-21)
(1.16796 0.213025 2.95408e-21)
(1.17751 0.207721 2.04133e-21)
(1.18677 0.202121 -1.35543e-22)
(1.19573 0.196246 7.19889e-22)
(1.20436 0.190111 2.72976e-21)
(1.21269 0.183734 -2.17786e-21)
(1.22068 0.177119 -6.1224e-22)
(1.22841 0.170319 1.60418e-21)
(1.23598 0.163335 1.80234e-21)
(1.24329 0.156152 -1.27363e-21)
(1.25031 0.148784 4.76348e-23)
(1.07454 0.228394 -2.1757e-22)
(1.08701 0.226286 2.93887e-22)
(1.09911 0.223626 -1.62708e-22)
(1.10936 0.220619 -8.56432e-22)
(1.11878 0.217368 2.26885e-21)
(1.1283 0.21382 4.48986e-21)
(1.1379 0.20994 2.89095e-21)
(1.14725 0.205759 -7.54355e-21)
(1.15625 0.201312 -1.9959e-21)
(1.16495 0.196608 -2.47907e-22)
(1.17341 0.19165 6.2949e-22)
(1.18163 0.186449 -1.25692e-21)
(1.18959 0.181023 -1.92252e-21)
(1.19728 0.175383 3.7893e-21)
(1.20471 0.169551 7.82184e-22)
(1.21185 0.163528 -1.51555e-21)
(1.2188 0.157357 -1.38625e-21)
(1.22561 0.150996 5.97514e-22)
(1.23219 0.144453 1.33565e-21)
(1.23851 0.137752 -1.78209e-22)
(1.08181 0.212072 -2.5525e-22)
(1.09277 0.209853 -1.35885e-22)
(1.10335 0.207147 -1.08256e-21)
(1.11244 0.204118 1.98567e-21)
(1.12079 0.200888 -3.98696e-21)
(1.12916 0.197431 -5.89537e-21)
(1.13761 0.193708 -2.3677e-21)
(1.14587 0.189732 -8.81323e-22)
(1.15384 0.185532 4.51774e-22)
(1.16154 0.181123 -1.1546e-21)
(1.16903 0.176508 -1.67166e-21)
(1.17632 0.171696 2.56105e-21)
(1.18339 0.166698 -1.03287e-21)
(1.19025 0.161525 -3.72204e-21)
(1.19688 0.156195 -2.34693e-21)
(1.2033 0.150711 -3.19109e-22)
(1.2095 0.145105 7.62132e-22)
(1.21553 0.139315 -1.48125e-21)
(1.22142 0.133362 6.10539e-22)
(1.22713 0.127277 2.8402e-22)
(1.08773 0.196343 -7.74424e-23)
(1.09733 0.194055 -1.03186e-22)
(1.10649 0.191353 1.45503e-21)
(1.11447 0.188366 -8.55844e-22)
(1.12186 0.185208 1.99278e-21)
(1.12923 0.181875 4.2845e-21)
(1.13665 0.178333 -1.89419e-21)
(1.14392 0.174582 1.43963e-21)
(1.15096 0.170643 8.51514e-22)
(1.15777 0.166533 5.40275e-22)
(1.1644 0.162255 8.63871e-22)
(1.17085 0.157816 1.49722e-22)
(1.17713 0.153223 1.87548e-21)
(1.18322 0.148484 1.66606e-21)
(1.18913 0.143608 1.01274e-21)
(1.19488 0.138601 1.78328e-21)
(1.20041 0.133467 1.1733e-21)
(1.20577 0.128211 -3.04902e-22)
(1.21104 0.122831 3.18369e-22)
(1.21618 0.117332 -1.8407e-22)
(1.09235 0.181237 9.83792e-22)
(1.10072 0.178922 6.23919e-22)
(1.10859 0.176266 -1.61735e-21)
(1.11556 0.173368 1.00959e-21)
(1.12208 0.170326 -1.47509e-22)
(1.12857 0.167146 -2.47054e-21)
(1.13506 0.163802 4.14593e-21)
(1.14146 0.160288 2.548e-21)
(1.14766 0.156618 -4.3355e-22)
(1.15367 0.152805 -8.75304e-22)
(1.15953 0.148856 4.01717e-22)
(1.16524 0.144775 -1.53575e-21)
(1.1708 0.140566 -8.23707e-22)
(1.17621 0.136234 -2.99349e-22)
(1.18146 0.131785 2.79723e-21)
(1.18657 0.127225 -2.37795e-22)
(1.19151 0.122552 -5.5959e-22)
(1.19632 0.11779 -3.12035e-22)
(1.20103 0.11293 -8.56634e-22)
(1.20563 0.107965 -8.65829e-23)
(1.09574 0.166776 -9.7737e-22)
(1.103 0.164477 -3.69566e-22)
(1.10973 0.161903 1.85537e-21)
(1.11578 0.15913 5.94936e-22)
(1.12152 0.156237 1.28657e-21)
(1.12723 0.153232 -1.76236e-21)
(1.13293 0.150099 -2.66404e-21)
(1.13853 0.146827 8.05485e-22)
(1.14399 0.143427 8.60743e-22)
(1.14929 0.139909 1.50061e-21)
(1.15446 0.136279 -7.07139e-22)
(1.1595 0.13254 -5.51233e-22)
(1.16442 0.128695 1.16421e-21)
(1.16922 0.124749 -7.71986e-22)
(1.17388 0.120704 -1.96744e-21)
(1.17842 0.116567 7.94011e-22)
(1.18283 0.112338 6.61214e-22)
(1.18713 0.108029 1.37899e-22)
(1.19133 0.103637 -2.53715e-22)
(1.19544 0.0991577 1.64538e-22)
(1.09799 0.152981 -3.69326e-22)
(1.10428 0.150738 2.64233e-22)
(1.11001 0.148276 -1.93632e-21)
(1.11524 0.145654 -1.11869e-21)
(1.12029 0.142932 -3.38148e-22)
(1.1253 0.140119 2.98465e-21)
(1.1303 0.137203 2.46044e-22)
(1.13521 0.134176 -2.33469e-21)
(1.14 0.131043 -1.0488e-21)
(1.14467 0.127813 2.33997e-22)
(1.14922 0.124491 2.14331e-23)
(1.15368 0.121079 -2.28249e-22)
(1.15803 0.11758 -3.56943e-22)
(1.16227 0.113997 5.59175e-22)
(1.16641 0.110332 4.55138e-22)
(1.17044 0.106589 -3.19298e-22)
(1.17437 0.102768 3.23581e-23)
(1.1782 0.0988728 -3.41214e-22)
(1.18195 0.0949127 2.99397e-23)
(1.18561 0.0908802 1.75864e-24)
(1.09921 0.139873 2.63978e-23)
(1.10465 0.137717 -1.02616e-22)
(1.10952 0.135389 7.88082e-22)
(1.11404 0.132936 -1.25346e-22)
(1.11846 0.130399 -2.46778e-21)
(1.12287 0.127787 -3.98065e-22)
(1.12724 0.125091 -6.26463e-22)
(1.13154 0.122307 4.8472e-22)
(1.13574 0.119436 -9.74092e-22)
(1.13985 0.116485 -9.84876e-22)
(1.14387 0.113458 -3.28304e-22)
(1.1478 0.110358 -4.60216e-22)
(1.15164 0.107186 1.89975e-21)
(1.15539 0.103945 -1.00083e-21)
(1.15906 0.100637 -7.26898e-22)
(1.16263 0.0972654 2.84876e-22)
(1.16611 0.0938313 5.28072e-22)
(1.16952 0.0903411 6.73925e-22)
(1.17288 0.0867785 4.37128e-22)
(1.17614 0.0831489 -3.75139e-23)
(1.09952 0.127461 7.24976e-22)
(1.10421 0.125416 -3.77981e-23)
(1.10835 0.12324 -9.72883e-22)
(1.11225 0.120965 2.26726e-22)
(1.11612 0.118621 1.72928e-21)
(1.11999 0.116214 -1.34132e-22)
(1.12382 0.113738 6.53502e-22)
(1.12759 0.111191 -1.93294e-22)
(1.13128 0.108574 1.37922e-21)
(1.13489 0.105891 -9.14481e-22)
(1.13843 0.103146 1.17781e-21)
(1.1419 0.100339 7.75523e-22)
(1.14529 0.0974744 -1.17779e-21)
(1.14862 0.0945525 6.50403e-22)
(1.15187 0.0915755 6.90093e-22)
(1.15505 0.0885464 -1.36058e-21)
(1.15816 0.0854657 3.09218e-22)
(1.16117 0.082339 -5.21501e-22)
(1.16411 0.0791492 -2.11592e-22)
(1.16699 0.0759023 8.60942e-23)
(1.09904 0.115746 -4.0567e-22)
(1.10308 0.113831 -5.01608e-22)
(1.1066 0.111815 3.74964e-22)
(1.10996 0.109723 -6.77956e-22)
(1.11334 0.107574 3.67762e-22)
(1.11675 0.105372 -1.43639e-21)
(1.12011 0.103113 1.0049e-21)
(1.12341 0.100797 2.70141e-22)
(1.12665 0.0984242 -4.99872e-22)
(1.12982 0.0959969 1.68311e-22)
(1.13294 0.0935179 -6.23901e-22)
(1.136 0.090989 1.12926e-21)
(1.13901 0.0884115 -9.59742e-22)
(1.14195 0.0857866 -1.47597e-23)
(1.14482 0.0831156 -4.45112e-22)
(1.14764 0.0803989 3.34562e-22)
(1.15039 0.0776383 -6.90412e-22)
(1.15307 0.0748312 2.27803e-22)
(1.15569 0.071989 1.62338e-22)
(1.15826 0.0691068 -7.52406e-23)
(1.09786 0.10472 1.27903e-22)
(1.10136 0.102947 7.9425e-22)
(1.10435 0.101096 1.77396e-22)
(1.10725 0.0991876 1.90327e-22)
(1.11022 0.0972321 -6.11798e-22)
(1.11321 0.0952314 3.6741e-22)
(1.11616 0.0931845 -6.84205e-22)
(1.11906 0.0910906 4.34375e-22)
(1.1219 0.0889505 -8.83728e-23)
(1.1247 0.0867662 2.85585e-22)
(1.12745 0.0845393 3.92831e-22)
(1.13015 0.0822715 -5.16691e-22)
(1.13281 0.0799638 -5.68879e-22)
(1.13541 0.0776172 -2.87516e-22)
(1.13796 0.0752329 2.19947e-22)
(1.14046 0.0728117 4.95678e-22)
(1.1429 0.0703552 6.23611e-22)
(1.14528 0.0678632 -1.03328e-22)
(1.14761 0.0653406 -1.87061e-22)
(1.14989 0.0627853 -6.67212e-23)
(1.09611 0.0943683 -2.91008e-23)
(1.09913 0.0927419 -7.48669e-22)
(1.10169 0.0910577 8.5265e-22)
(1.10421 0.08933 7.35763e-22)
(1.10681 0.0875637 4.70984e-22)
(1.10944 0.0857591 8.49714e-23)
(1.11204 0.083916 -2.22316e-23)
(1.11459 0.0820347 -4.29485e-22)
(1.11709 0.0801162 6.63025e-23)
(1.11956 0.0781616 -4.03924e-22)
(1.12199 0.0761723 -2.03484e-22)
(1.12438 0.0741496 -4.71574e-22)
(1.12673 0.0720945 -8.36035e-23)
(1.12904 0.070008 2.67301e-23)
(1.1313 0.0678911 4.74792e-22)
(1.13351 0.0657446 -5.0687e-22)
(1.13569 0.0635698 -5.45506e-22)
(1.13781 0.061367 -1.77309e-22)
(1.13988 0.0591386 2.63076e-22)
(1.14192 0.0568841 7.59566e-23)
(1.09388 0.0846663 4.71968e-22)
(1.0965 0.0831896 9.96917e-23)
(1.09871 0.0816699 -4.38342e-22)
(1.1009 0.0801178 -2.18823e-22)
(1.10319 0.0785341 1.33442e-22)
(1.10551 0.076918 6.00923e-22)
(1.1078 0.0752699 3.50573e-22)
(1.11005 0.0735907 -3.19033e-22)
(1.11226 0.0718814 -3.34863e-22)
(1.11444 0.0701431 -1.72862e-22)
(1.1166 0.0683766 1.06367e-21)
(1.11872 0.0665831 6.3152e-22)
(1.12081 0.0647635 3.05238e-22)
(1.12285 0.0629187 -2.77021e-22)
(1.12487 0.0610497 -9.72263e-23)
(1.12684 0.0591573 -2.69904e-22)
(1.12877 0.0572423 -1.46324e-22)
(1.13067 0.0553054 2.13898e-23)
(1.13252 0.053348 -1.01478e-22)
(1.13433 0.0513702 -4.42553e-23)
(1.09127 0.0755846 -3.50714e-22)
(1.09355 0.0742569 1.78784e-22)
(1.09548 0.0728973 -1.78283e-23)
(1.0974 0.0715138 -1.8528e-22)
(1.09942 0.0701046 -5.57962e-22)
(1.10147 0.0686682 -4.55461e-22)
(1.10351 0.0672052 3.21202e-22)
(1.1055 0.0657169 3.99983e-22)
(1.10746 0.0642044 8.17898e-22)
(1.1094 0.0626686 1.96453e-23)
(1.11132 0.0611102 -5.48483e-22)
(1.11321 0.0595301 -4.95023e-22)
(1.11507 0.0579292 6.34129e-22)
(1.11689 0.0563084 1.87842e-22)
(1.11869 0.0546685 -9.73243e-23)
(1.12045 0.0530102 -7.3856e-23)
(1.12218 0.0513345 2.63118e-22)
(1.12387 0.0496418 -1.67243e-23)
(1.12553 0.0479332 -1.72369e-23)
(1.12715 0.0462091 4.32224e-23)
(1.08838 0.0670876 -1.82934e-22)
(1.09038 0.0659056 -1.09287e-22)
(1.09208 0.0647001 1.02814e-22)
(1.09378 0.063477 2.32819e-22)
(1.09558 0.0622333 4.60146e-23)
(1.0974 0.0609669 -4.02906e-22)
(1.09922 0.0596785 -2.95916e-22)
(1.10099 0.0583695 5.24296e-22)
(1.10275 0.0570411 9.35191e-25)
(1.10448 0.0556942 7.66629e-22)
(1.10619 0.0543293 5.5214e-23)
(1.10788 0.0529472 -1.44603e-22)
(1.10955 0.0515487 -4.76053e-22)
(1.11118 0.0501347 -5.95815e-23)
(1.11279 0.0487058 -9.35082e-23)
(1.11438 0.0472629 3.89331e-22)
(1.11593 0.0458067 -3.1849e-22)
(1.11745 0.0443377 1.51755e-22)
(1.11893 0.0428569 -4.85589e-23)
(1.12039 0.0413646 -2.15477e-23)
(1.0853 0.0591346 3.21843e-22)
(1.08707 0.0580931 -1.83794e-22)
(1.08859 0.0570345 -1.40555e-22)
(1.09011 0.0559631 -8.72024e-23)
(1.09172 0.0548752 1.62053e-22)
(1.09336 0.0537685 1.64288e-22)
(1.09499 0.0526437 3.97715e-22)
(1.09658 0.0515023 -7.93252e-22)
(1.09816 0.0503455 -6.46521e-22)
(1.09972 0.049174 -9.39094e-23)
(1.10126 0.0479884 2.13042e-22)
(1.10278 0.0467894 2.50426e-22)
(1.10428 0.0455776 2.34137e-23)
(1.10576 0.044354 1.38349e-22)
(1.10721 0.0431191 -1.94983e-22)
(1.10864 0.0418736 -7.06778e-23)
(1.11004 0.0406182 1.31909e-22)
(1.11141 0.0393536 -2.42644e-23)
(1.11275 0.0380804 -1.55981e-23)
(1.11407 0.0367991 2.24106e-23)
(1.08213 0.0516799 -2.30316e-22)
(1.08371 0.0507726 3.11293e-22)
(1.08508 0.049853 1.69775e-22)
(1.08647 0.048924 1.43335e-23)
(1.08793 0.047982 -2.04531e-22)
(1.08941 0.0470247 3.57677e-23)
(1.09088 0.0460526 6.93191e-23)
(1.09232 0.0450672 2.43182e-22)
(1.09375 0.0440696 5.38491e-22)
(1.09517 0.0430606 -1.16709e-23)
(1.09656 0.0420407 -1.12213e-22)
(1.09794 0.0410105 8.13596e-23)
(1.09931 0.0399706 9.39568e-23)
(1.10065 0.0389217 -1.62248e-22)
(1.10197 0.0378645 1.61133e-23)
(1.10326 0.0367996 1.82676e-22)
(1.10453 0.0357276 -1.2598e-22)
(1.10578 0.0346491 4.45346e-24)
(1.107 0.0335647 7.95981e-23)
(1.1082 0.0324749 2.74241e-24)
(1.07895 0.0446732 1.17701e-22)
(1.08039 0.0438933 -2.11623e-22)
(1.08165 0.0431044 -1.78338e-22)
(1.08293 0.0423088 1.27433e-22)
(1.08426 0.0415029 -2.60004e-22)
(1.08561 0.0406847 7.81125e-23)
(1.08695 0.0398547 -5.11853e-23)
(1.08827 0.0390141 1.57667e-22)
(1.08958 0.038164 -1.71791e-22)
(1.09087 0.0373052 -1.53336e-22)
(1.09215 0.036438 -3.00565e-22)
(1.09342 0.0355631 -4.3381e-23)
(1.09466 0.034681 2.33173e-22)
(1.09589 0.0337923 -1.80924e-22)
(1.0971 0.0328977 1.2244e-22)
(1.09829 0.0319976 -4.50799e-23)
(1.09945 0.0310927 7.23296e-23)
(1.10059 0.0301835 1.74565e-22)
(1.10171 0.0292705 -9.25306e-23)
(1.1028 0.0283543 -2.83583e-24)
(1.07586 0.0380602 -1.79335e-23)
(1.07718 0.0374004 -4.20896e-24)
(1.07836 0.036734 1.03195e-22)
(1.07955 0.0360629 2.85564e-22)
(1.08078 0.0353839 1.70443e-22)
(1.08203 0.0346952 -7.20834e-23)
(1.08327 0.033997 -1.94234e-22)
(1.08449 0.0332907 2.06215e-23)
(1.0857 0.0325771 -2.91351e-22)
(1.08689 0.031857 9.76549e-23)
(1.08808 0.0311306 2.55848e-22)
(1.08924 0.0303986 -6.54832e-23)
(1.0904 0.0296613 1.01443e-22)
(1.09153 0.0289195 -7.22154e-23)
(1.09265 0.0281735 1.80947e-24)
(1.09374 0.0274239 5.81597e-23)
(1.09482 0.0266711 -2.02777e-23)
(1.09587 0.0259157 9.58865e-24)
(1.0969 0.0251578 -4.58531e-23)
(1.09791 0.0243988 4.28092e-24)
(1.07294 0.0317817 3.77506e-23)
(1.07416 0.031235 1.26315e-22)
(1.07529 0.0306835 2.48846e-23)
(1.07641 0.0301287 -1.84725e-22)
(1.07757 0.029568 -6.40145e-23)
(1.07873 0.0289997 1.47247e-22)
(1.07989 0.0284242 -2.17647e-23)
(1.08103 0.0278425 -7.51699e-24)
(1.08216 0.0272554 2.21211e-22)
(1.08328 0.0266634 -1.36968e-22)
(1.08438 0.0260671 3.30772e-22)
(1.08547 0.0254667 -5.2075e-23)
(1.08655 0.0248627 5.56448e-24)
(1.08761 0.0242557 1.41972e-23)
(1.08865 0.0236461 -1.74312e-22)
(1.08967 0.0230343 8.07405e-24)
(1.09067 0.0224208 -3.5392e-23)
(1.09165 0.0218058 -2.11365e-23)
(1.09261 0.02119 4.42744e-23)
(1.09355 0.0205728 -3.85127e-24)
(1.07029 0.0257734 5.44006e-23)
(1.07144 0.0253333 -1.20254e-22)
(1.07252 0.0248899 2.49846e-23)
(1.07359 0.0244442 -7.02586e-23)
(1.07469 0.0239942 -2.3966e-24)
(1.07579 0.0235385 -1.18544e-22)
(1.07688 0.0230775 -8.63005e-23)
(1.07796 0.0226119 2.58474e-23)
(1.07903 0.0221424 4.53124e-23)
(1.08009 0.0216695 -3.07296e-23)
(1.08113 0.0211935 -2.74959e-23)
(1.08216 0.0207149 -3.06711e-22)
(1.08317 0.020234 -4.76909e-23)
(1.08417 0.0197511 1.91473e-22)
(1.08515 0.0192668 8.94327e-24)
(1.08611 0.0187812 9.29153e-23)
(1.08705 0.0182948 -8.28629e-23)
(1.08798 0.0178079 2.47137e-23)
(1.08888 0.0173209 -2.50788e-23)
(1.08975 0.0168333 9.07117e-24)
(1.06797 0.0199647 -2.93585e-23)
(1.06907 0.019626 2.24052e-23)
(1.07012 0.0192849 -2.98038e-23)
(1.07117 0.0189424 -2.41818e-24)
(1.07222 0.0185968 -8.48209e-24)
(1.07328 0.0182473 1.49803e-22)
(1.07432 0.0178939 1.12487e-22)
(1.07535 0.0175374 7.9194e-23)
(1.07637 0.0171782 -1.91564e-22)
(1.07738 0.0168168 -2.4414e-23)
(1.07838 0.0164535 2.59215e-22)
(1.07936 0.0160885 -1.33921e-23)
(1.08032 0.0157222 -1.78212e-22)
(1.08127 0.0153548 7.38924e-23)
(1.0822 0.0149866 1.79439e-23)
(1.08312 0.0146179 6.06949e-25)
(1.08401 0.0142488 8.83365e-23)
(1.08489 0.0138798 -3.01532e-23)
(1.08574 0.0135108 -3.29259e-23)
(1.08658 0.0131427 6.82235e-24)
(1.0661 0.014277 1.05679e-25)
(1.06716 0.0140358 4.02384e-24)
(1.06819 0.0137929 2.32909e-23)
(1.06922 0.0135493 -3.1195e-23)
(1.07024 0.0133036 -6.31573e-23)
(1.07126 0.0130554 -7.31296e-23)
(1.07227 0.0128045 2.05735e-22)
(1.07327 0.0125516 -2.01248e-22)
(1.07426 0.0122971 -1.93602e-23)
(1.07523 0.0120411 -1.69285e-23)
(1.07619 0.0117841 8.46718e-23)
(1.07714 0.0115261 1.45379e-22)
(1.07807 0.0112675 -1.55871e-22)
(1.07898 0.0110083 -3.16409e-23)
(1.07988 0.0107489 1.39906e-23)
(1.08075 0.0104894 4.27633e-23)
(1.08161 0.01023 -1.09156e-22)
(1.08245 0.00997092 2.77677e-23)
(1.08327 0.00971224 -1.79596e-23)
(1.08407 0.00945426 5.18842e-24)
(1.06475 0.00862145 1.72716e-23)
(1.06579 0.00847544 1.27925e-23)
(1.06682 0.00832871 -1.28258e-23)
(1.06783 0.00818177 -6.31865e-23)
(1.06884 0.008034 1.86493e-23)
(1.06984 0.00788498 2.20925e-23)
(1.07082 0.00773478 -2.16594e-23)
(1.0718 0.00758365 -9.13843e-23)
(1.07276 0.00743183 -4.97085e-23)
(1.07371 0.00727949 1.17649e-23)
(1.07465 0.00712675 2.50172e-23)
(1.07557 0.0069737 -7.4016e-24)
(1.07647 0.00682044 -4.65405e-24)
(1.07736 0.00666708 7.73637e-23)
(1.07823 0.0065137 -1.73109e-23)
(1.07908 0.00636039 6.97703e-23)
(1.07992 0.00620721 -4.58192e-23)
(1.08073 0.00605425 -2.36977e-23)
(1.08153 0.00590156 3.4916e-24)
(1.0823 0.00574923 6.16998e-24)
(1.06402 0.00289419 -9.55143e-24)
(1.06506 0.00284297 1.33142e-23)
(1.06609 0.00279072 -3.92869e-23)
(1.0671 0.00273792 6.7877e-23)
(1.06811 0.00268456 5.58091e-23)
(1.0691 0.00263071 1.08251e-23)
(1.07008 0.00257652 2.67389e-24)
(1.07105 0.00252222 -1.90961e-22)
(1.072 0.00246804 2.02059e-22)
(1.07294 0.00241411 -2.22192e-22)
(1.07386 0.00236057 1.22558e-22)
(1.07477 0.0023075 -2.70582e-23)
(1.07566 0.00225498 -3.37854e-23)
(1.07653 0.00220306 -4.89602e-23)
(1.07739 0.00215177 3.70929e-23)
(1.07822 0.00210112 -3.36835e-23)
(1.07904 0.00205111 3.69913e-23)
(1.07984 0.00200171 6.69602e-23)
(1.08062 0.0019529 -3.2006e-23)
(1.08138 0.00190457 -8.69652e-25)
(0.998537 0.00463021 0)
(0.999034 0.0113203 0)
(0.993103 0.0203261 0)
(0.990594 0.0268759 0)
(0.981608 0.037727 0)
(0.977105 0.0463473 0)
(0.965649 0.0620705 0)
(0.960517 0.0754108 0)
(0.947989 0.0992484 0)
(0.944996 0.11941 0)
(0.934158 0.154726 0)
(0.938287 0.181706 0)
(0.934016 0.232754 0)
(0.95375 0.260302 0)
(0.967081 0.340999 0)
(0.998474 0.00478852 0)
(0.999257 0.0116367 0)
(0.993369 0.020977 0)
(0.991411 0.0276756 0)
(0.982659 0.0389132 0)
(0.979084 0.0476352 0)
(0.968191 0.0637512 0)
(0.9646 0.0769236 0)
(0.953188 0.101036 0)
(0.952637 0.120264 0)
(0.943789 0.155623 0)
(0.951382 0.179952 0)
(0.950369 0.230676 0)
(0.973818 0.25188 0)
(0.987281 0.322685 0)
(0.998429 0.00495139 0)
(0.999472 0.0119583 0)
(0.993706 0.0216751 0)
(0.992288 0.0285385 0)
(0.983903 0.0402239 0)
(0.981223 0.0490543 0)
(0.971098 0.0656262 0)
(0.968909 0.0785593 0)
(0.958908 0.102953 0)
(0.960337 0.120927 0)
(0.953857 0.156026 0)
(0.963672 0.176911 0)
(0.965919 0.22554 0)
(0.990011 0.24049 0)
(1.00473 0.300697 0)
(0.998413 0.00511189 0)
(0.999665 0.0122693 0)
(0.994119 0.022354 0)
(0.993189 0.0293593 0)
(0.985332 0.0414618 0)
(0.983452 0.0503503 0)
(0.974346 0.0673158 0)
(0.973342 0.079917 0)
(0.965093 0.104476 0)
(0.968003 0.121102 0)
(0.964183 0.155612 0)
(0.975236 0.173348 0)
(0.980415 0.218878 0)
(1.00398 0.229933 0)
(1.02022 0.281695 0)
(0.998436 0.00526733 0)
(0.999824 0.0125561 0)
(0.99461 0.0229961 0)
(0.994085 0.0301037 0)
(0.98693 0.0425874 0)
(0.985721 0.0514572 0)
(0.977878 0.0687366 0)
(0.977829 0.0808808 0)
(0.971593 0.105433 0)
(0.975601 0.120641 0)
(0.974474 0.15415 0)
(0.986268 0.169223 0)
(0.993844 0.211113 0)
(1.01667 0.219825 0)
(1.03389 0.26465 0)
(0.998502 0.00541668 0)
(0.999944 0.012812 0)
(0.995182 0.0235973 0)
(0.994968 0.0307629 0)
(0.988677 0.0435974 0)
(0.988013 0.0523696 0)
(0.981614 0.0698801 0)
(0.982345 0.0814613 0)
(0.978217 0.105795 0)
(0.983117 0.119593 0)
(0.984444 0.151641 0)
(0.9968 0.164533 0)
(1.0062 0.20245 0)
(1.02823 0.20945 0)
(1.04588 0.248166 0)
(0.998613 0.0055585 0)
(1.00003 0.0130321 0)
(0.995826 0.02415 0)
(0.995842 0.0313282 0)
(0.99054 0.0444747 0)
(0.990333 0.0530803 0)
(0.985465 0.0707146 0)
(0.986891 0.0816754 0)
(0.984791 0.105529 0)
(0.990507 0.118023 0)
(0.993914 0.148162 0)
(1.00671 0.159309 0)
(1.01746 0.193093 0)
(1.03854 0.198652 0)
(1.05626 0.231895 0)
(0.998763 0.00569052 0)
(1.00008 0.0132123 0)
(0.996527 0.0246421 0)
(0.996721 0.0317903 0)
(0.992477 0.0451912 0)
(0.992695 0.0535812 0)
(0.989346 0.0711933 0)
(0.991452 0.0815304 0)
(0.991192 0.104604 0)
(0.997677 0.115957 0)
(1.0028 0.143821 0)
(1.01586 0.153562 0)
(1.02759 0.183252 0)
(1.04754 0.187555 0)
(1.06512 0.215955 0)
(0.998941 0.00580939 0)
(1.00013 0.0133496 0)
(0.997266 0.0250578 0)
(0.997622 0.0321427 0)
(0.99445 0.0457155 0)
(0.995104 0.0538665 0)
(0.993194 0.0712751 0)
(0.995987 0.0810277 0)
(0.99735 0.103021 0)
(1.00452 0.113399 0)
(1.01104 0.138747 0)
(1.02414 0.147304 0)
(1.03656 0.173113 0)
(1.05528 0.176317 0)
(1.07253 0.200473 0)
(0.999132 0.00591064 0)
(1.00018 0.0134427 0)
(0.998021 0.0253795 0)
(0.998558 0.0323812 0)
(0.996425 0.0460173 0)
(0.997548 0.0539309 0)
(0.996964 0.0709335 0)
(1.00044 0.080162 0)
(1.00321 0.100811 0)
(1.01094 0.110347 0)
(1.0186 0.133078 0)
(1.03154 0.140582 0)
(1.04436 0.16282 0)
(1.06181 0.165066 0)
(1.07854 0.185503 0)
(0.999322 0.00598877 0)
(1.00025 0.0134916 0)
(0.998777 0.0255879 0)
(0.999529 0.0325015 0)
(0.998381 0.0460702 0)
(1 0.0537657 0)
(1.00062 0.0701589 0)
(1.00474 0.0789223 0)
(1.00874 0.0980308 0)
(1.01688 0.106807 0)
(1.02542 0.126939 0)
(1.03804 0.133471 0)
(1.05101 0.152481 0)
(1.06718 0.153904 0)
(1.08324 0.171077 0)
(0.9995 0.00603767 0)
(1.00035 0.0134972 0)
(0.99952 0.0256643 0)
(1.00053 0.0324976 0)
(1.0003 0.0458548 0)
(1.00244 0.0533577 0)
(1.00414 0.0689573 0)
(1.00884 0.0772962 0)
(1.01388 0.0947444 0)
(1.02229 0.102801 0)
(1.03146 0.120441 0)
(1.04366 0.126061 0)
(1.05653 0.142182 0)
(1.07146 0.142915 0)
(1.08673 0.157227 0)
(0.999656 0.00605119 0)
(1.00048 0.0134597 0)
(1.00024 0.0255921 0)
(1.00155 0.0323604 0)
(1.00217 0.04536 0)
(1.00481 0.0526904 0)
(1.00749 0.0673468 0)
(1.0127 0.0752758 0)
(1.01859 0.0910177 0)
(1.02715 0.0983672 0)
(1.03673 0.113674 0)
(1.04843 0.118442 0)
(1.061 0.131999 0)
(1.07473 0.132171 0)
(1.08912 0.143988 0)
(0.999788 0.00602368 0)
(1.00064 0.0133782 0)
(1.00094 0.0253586 0)
(1.00256 0.0320774 0)
(1.00396 0.0445827 0)
(1.0071 0.0517463 0)
(1.01063 0.0653532 0)
(1.01627 0.0728619 0)
(1.02283 0.0869135 0)
(1.03145 0.0935563 0)
(1.0412 0.106719 0)
(1.05236 0.110702 0)
(1.06448 0.121997 0)
(1.07706 0.121728 0)
(1.0905 0.131388 0)
(0.999893 0.00595066 0)
(1.00081 0.0132492 0)
(1.00161 0.024956 0)
(1.00356 0.0316332 0)
(1.00567 0.0435272 0)
(1.00927 0.05051 0)
(1.01353 0.0630063 0)
(1.01951 0.0700663 0)
(1.02658 0.0824895 0)
(1.03516 0.0884275 0)
(1.04492 0.0996457 0)
(1.0555 0.102918 0)
(1.06705 0.112237 0)
(1.07853 0.111633 0)
(1.091 0.119442 0)
(0.999975 0.00582929 0)
(1.00098 0.0130668 0)
(1.00225 0.0243817 0)
(1.00452 0.031011 0)
(1.00727 0.0422031 0)
(1.01129 0.0489715 0)
(1.01617 0.0603362 0)
(1.02242 0.0669111 0)
(1.02982 0.0777983 0)
(1.03829 0.083043 0)
(1.0479 0.0925191 0)
(1.05788 0.0951586 0)
(1.06879 0.102767 0)
(1.07924 0.101918 0)
(1.09072 0.108158 0)
(1.00003 0.00565872 0)
(1.00116 0.0128223 0)
(1.00284 0.0236385 0)
(1.00544 0.0301943 0)
(1.00874 0.0406224 0)
(1.01314 0.0471281 0)
(1.01851 0.0573722 0)
(1.02496 0.0634275 0)
(1.03254 0.0728888 0)
(1.04084 0.077464 0)
(1.05018 0.0853954 0)
(1.05956 0.0874808 0)
(1.06977 0.093624 0)
(1.07927 0.0926078 0)
(1.08977 0.0975285 0)
(1.00008 0.0054401 0)
(1.00133 0.0125049 0)
(1.00339 0.0227324 0)
(1.00628 0.0291698 0)
(1.01007 0.0387983 0)
(1.01479 0.0449853 0)
(1.02054 0.0541424 0)
(1.02712 0.0596525 0)
(1.03477 0.0678067 0)
(1.04284 0.0717479 0)
(1.05182 0.0783239 0)
(1.06059 0.0799322 0)
(1.07009 0.0848338 0)
(1.07871 0.0837157 0)
(1.08826 0.0875406 0)
(1.0001 0.00517637 0)
(1.00149 0.0121029 0)
(1.00388 0.0216717 0)
(1.00706 0.0279288 0)
(1.01125 0.0367428 0)
(1.01625 0.0425557 0)
(1.02227 0.0506742 0)
(1.02891 0.055626 0)
(1.03651 0.0625942 0)
(1.04431 0.0659465 0)
(1.05288 0.0713455 0)
(1.06105 0.0725502 0)
(1.06984 0.0764116 0)
(1.07764 0.0752463 0)
(1.08629 0.0781714 0)
(1.00011 0.00487171 0)
(1.00163 0.0116051 0)
(1.00431 0.0204646 0)
(1.00775 0.0264692 0)
(1.01227 0.0344677 0)
(1.01749 0.0398578 0)
(1.02368 0.0469941 0)
(1.03032 0.0513878 0)
(1.03779 0.0572901 0)
(1.04529 0.0601048 0)
(1.05341 0.0644923 0)
(1.06101 0.0653621 0)
(1.06909 0.0683624 0)
(1.07617 0.0671951 0)
(1.08396 0.0693911 0)
(1.00012 0.00453081 0)
(1.00175 0.0110025 0)
(1.00468 0.0191177 0)
(1.00836 0.0247947 0)
(1.01313 0.0319845 0)
(1.01851 0.036913 0)
(1.02479 0.0431279 0)
(1.03139 0.0469759 0)
(1.03867 0.051928 0)
(1.04585 0.0542601 0)
(1.05348 0.0577872 0)
(1.06055 0.0583857 0)
(1.06796 0.0606818 0)
(1.07437 0.0595492 0)
(1.08137 0.0611629 0)
(1.00012 0.00415823 0)
(1.00185 0.0102891 0)
(1.00499 0.0176363 0)
(1.00887 0.0229137 0)
(1.01383 0.0293054 0)
(1.01933 0.0337446 0)
(1.02563 0.0391001 0)
(1.03213 0.0424242 0)
(1.03917 0.0465358 0)
(1.04602 0.0484412 0)
(1.05318 0.0512438 0)
(1.05974 0.0516284 0)
(1.06652 0.0533565 0)
(1.07235 0.0522878 0)
(1.07862 0.0534443 0)
(1.00011 0.0037578 0)
(1.00193 0.00946242 0)
(1.00523 0.016024 0)
(1.00929 0.0208373 0)
(1.01438 0.0264431 0)
(1.01995 0.030375 0)
(1.02621 0.034933 0)
(1.03259 0.0377615 0)
(1.03936 0.0411345 0)
(1.04589 0.042668 0)
(1.05258 0.0448663 0)
(1.05868 0.0450882 0)
(1.06487 0.0463646 0)
(1.07019 0.0453827 0)
(1.07581 0.0461869 0)
(1.0001 0.00333233 0)
(1.002 0.00852328 0)
(1.00541 0.0142834 0)
(1.00962 0.0185771 0)
(1.01479 0.0234103 0)
(1.02039 0.026825 0)
(1.02657 0.0306446 0)
(1.0328 0.03301 0)
(1.0393 0.0357372 0)
(1.04551 0.0369506 0)
(1.05177 0.0386493 0)
(1.05745 0.0387531 0)
(1.06311 0.0396759 0)
(1.06798 0.0387981 0)
(1.07302 0.0393371 0)
(1.00008 0.00288352 0)
(1.00205 0.00747501 0)
(1.00555 0.0124171 0)
(1.00987 0.0161447 0)
(1.01508 0.0202184 0)
(1.02068 0.023112 0)
(1.02675 0.0262482 0)
(1.03283 0.028184 0)
(1.03905 0.0303481 0)
(1.04497 0.0312887 0)
(1.05082 0.0325773 0)
(1.05613 0.0326011 0)
(1.06133 0.0332518 0)
(1.06582 0.032491 0)
(1.07035 0.0328359 0)
(1.00007 0.00241205 0)
(1.00209 0.00632249 0)
(1.00564 0.0104274 0)
(1.01005 0.0135498 0)
(1.01527 0.0168765 0)
(1.02085 0.0192485 0)
(1.02679 0.0217503 0)
(1.03272 0.0232885 0)
(1.03868 0.0249611 0)
(1.04433 0.0256711 0)
(1.04983 0.0266244 0)
(1.05482 0.0266 0)
(1.05962 0.0270447 0)
(1.0638 0.0264103 0)
(1.06789 0.026618 0)
(1.00006 0.0019178 0)
(1.00212 0.00507106 0)
(1.00569 0.00831628 0)
(1.01017 0.0107997 0)
(1.01537 0.0133898 0)
(1.02092 0.0152412 0)
(1.02674 0.0171498 0)
(1.03252 0.0183186 0)
(1.03826 0.0195593 0)
(1.04368 0.0200739 0)
(1.04888 0.0207528 0)
(1.05361 0.020706 0)
(1.05807 0.0209976 0)
(1.062 0.020496 0)
(1.06573 0.0206114 0)
(1.00005 0.00140014 0)
(1.00215 0.00372578 0)
(1.00573 0.00608509 0)
(1.01024 0.00789809 0)
(1.01542 0.00975773 0)
(1.02094 0.0110888 0)
(1.02665 0.0124361 0)
(1.03231 0.0132579 0)
(1.03785 0.014113 0)
(1.04309 0.0144605 0)
(1.04805 0.014912 0)
(1.05258 0.0148629 0)
(1.05677 0.0150417 0)
(1.06051 0.0146778 0)
(1.06397 0.0147347 0)
(1.00004 0.000858361 0)
(1.00216 0.0022917 0)
(1.00574 0.00373432 0)
(1.01028 0.00484513 0)
(1.01544 0.00597298 0)
(1.02092 0.00678001 0)
(1.02655 0.00758657 0)
(1.03212 0.0080762 0)
(1.03752 0.00857849 0)
(1.04263 0.0087788 0)
(1.04742 0.00903665 0)
(1.0518 0.009 0)
(1.05582 0.00909519 0)
(1.05942 0.00887321 0)
(1.0627 0.0088963 0)
(1.00003 0.000290701 0)
(1.00217 0.000776537 0)
(1.00575 0.00126458 0)
(1.0103 0.00164024 0)
(1.01545 0.00202055 0)
(1.02091 0.0022921 0)
(1.02649 0.00256217 0)
(1.032 0.00272507 0)
(1.03733 0.00289143 0)
(1.04237 0.00295646 0)
(1.04707 0.00304069 0)
(1.05138 0.0030265 0)
(1.0553 0.00305677 0)
(1.05883 0.00298094 0)
(1.06201 0.00298769 0)
(0.999155 0.00139006 -6.69079e-23)
(0.997458 0.00405636 4.70302e-23)
(0.992132 0.00596128 -1.13978e-22)
(0.985606 0.00723578 -7.68276e-23)
(0.976384 0.00815904 8.47811e-23)
(0.965429 0.00849985 1.57824e-22)
(0.951706 0.00910221 1.08547e-22)
(0.935743 0.00929484 1.26231e-22)
(0.91648 0.0101184 1.88987e-22)
(0.894422 0.0107985 1.67476e-22)
(0.868241 0.0122516 1.18865e-22)
(0.838558 0.0136862 9.24536e-23)
(0.803844 0.0160926 -4.13162e-22)
(0.764754 0.0184612 4.72717e-22)
(0.720047 0.0221479 -4.24162e-23)
(0.999156 0.00157086 4.04021e-22)
(0.99747 0.0044185 -6.42031e-23)
(0.992156 0.00675967 6.81762e-23)
(0.98568 0.00826872 5.48906e-22)
(0.976472 0.00982549 -3.493e-22)
(0.965598 0.0105558 -5.38003e-22)
(0.951906 0.0121033 2.10038e-22)
(0.936048 0.0129864 1.09543e-22)
(0.916854 0.0152344 -3.65016e-22)
(0.894945 0.0170869 -5.52333e-22)
(0.868892 0.0206817 6.9279e-22)
(0.839455 0.0240582 -9.23222e-22)
(0.804968 0.0297805 1.12243e-21)
(0.766261 0.0349642 -6.37626e-22)
(0.72194 0.0439334 -1.80194e-22)
(0.999152 0.00175115 -7.71026e-22)
(0.997491 0.00477935 2.94905e-23)
(0.992178 0.00755272 -5.57905e-22)
(0.985774 0.00929551 -1.55936e-22)
(0.976572 0.0114769 4.87475e-22)
(0.965809 0.0125921 9.12914e-24)
(0.952149 0.0150749 -2.22186e-22)
(0.936446 0.0166367 -3.29232e-22)
(0.917348 0.0202978 3.86994e-22)
(0.895673 0.023324 -1.75857e-22)
(0.869826 0.0290714 -1.99589e-21)
(0.840782 0.0343565 -4.85055e-22)
(0.806685 0.0433714 1.81851e-21)
(0.76863 0.0513289 1.97151e-22)
(0.725017 0.065544 2.13946e-21)
(0.999142 0.00193061 1.02222e-21)
(0.997521 0.00513688 -2.18033e-22)
(0.992198 0.00833934 9.7713e-22)
(0.985886 0.0103172 -2.7544e-22)
(0.976683 0.0131144 -8.98506e-22)
(0.966062 0.0146141 -2.36956e-22)
(0.952437 0.0180243 2.52615e-22)
(0.936937 0.0202594 -3.62374e-23)
(0.917962 0.0253267 1.46482e-21)
(0.896604 0.0295104 -3.75867e-22)
(0.87104 0.0373927 -1.21906e-21)
(0.842539 0.0445523 2.09686e-21)
(0.808994 0.0568369 -1.3229e-21)
(0.77186 0.0675142 3.75445e-21)
(0.729276 0.0869208 -5.96654e-21)
(0.999128 0.00210868 -3.42922e-22)
(0.997559 0.00549648 -5.15298e-22)
(0.992217 0.00911936 1.67883e-22)
(0.986017 0.011335 2.66093e-22)
(0.976806 0.0147387 1.01342e-21)
(0.966356 0.0166249 4.79893e-22)
(0.952768 0.0209532 2.69525e-22)
(0.937519 0.0238575 -1.24502e-22)
(0.918693 0.0303223 -7.5036e-23)
(0.897735 0.0356433 1.32514e-21)
(0.872529 0.0456452 -7.04195e-22)
(0.844721 0.0546367 2.02797e-21)
(0.81189 0.0701541 -3.36681e-21)
(0.775947 0.0834771 1.81362e-21)
(0.734711 0.107993 4.31229e-21)
(0.999109 0.00228497 -5.514e-22)
(0.997604 0.00586312 1.66256e-21)
(0.992235 0.00989256 -1.25051e-21)
(0.986166 0.0123498 1.58368e-21)
(0.976942 0.016349 -9.34003e-22)
(0.966692 0.0186251 1.20689e-21)
(0.953143 0.0238594 -2.70136e-22)
(0.938193 0.027429 -6.05856e-22)
(0.919539 0.0352791 3.51405e-23)
(0.899065 0.041715 1.43186e-21)
(0.874291 0.0538178 -2.93834e-21)
(0.847326 0.0645878 2.61922e-21)
(0.815367 0.0832891 -5.98062e-21)
(0.780885 0.0991636 2.3815e-21)
(0.741311 0.128679 1.91432e-21)
(0.999086 0.00245953 7.1095e-22)
(0.997656 0.00623159 -1.39014e-21)
(0.992254 0.0106583 5.00539e-22)
(0.986333 0.0133624 -1.49112e-21)
(0.977092 0.0179444 8.87282e-22)
(0.967067 0.0206151 -6.74985e-22)
(0.953562 0.0267404 2.68908e-23)
(0.938957 0.030972 7.7414e-22)
(0.9205 0.0401921 1.79242e-21)
(0.900593 0.0477176 -5.0932e-21)
(0.876319 0.0618973 2.3037e-21)
(0.850348 0.0743833 1.71487e-21)
(0.819417 0.0962088 -1.27177e-21)
(0.786664 0.11452 -1.27813e-21)
(0.749061 0.148896 2.40986e-23)
(0.99906 0.0026321 1.08884e-21)
(0.997715 0.00659904 5.97834e-22)
(0.992274 0.0114166 -2.31046e-22)
(0.986515 0.0143733 2.87098e-22)
(0.977255 0.0195239 -1.4757e-21)
(0.967481 0.0225951 1.73365e-22)
(0.954024 0.029594 6.46376e-22)
(0.93981 0.0344855 -2.43183e-21)
(0.921571 0.0450561 -9.37746e-24)
(0.902316 0.0536445 1.60712e-21)
(0.87861 0.0698721 -3.07611e-21)
(0.853781 0.0840024 1.54761e-21)
(0.824033 0.108882 2.68587e-21)
(0.793272 0.129496 1.23213e-21)
(0.757942 0.168559 1.13689e-21)
(0.999031 0.0028024 -9.75914e-22)
(0.997779 0.0069668 -2.00814e-22)
(0.992296 0.0121675 -1.42913e-21)
(0.986714 0.0153828 -2.66031e-21)
(0.977434 0.0210865 9.2444e-22)
(0.967933 0.0245652 1.45848e-21)
(0.95453 0.0324176 -4.58132e-22)
(0.940752 0.0379686 1.34246e-21)
(0.922753 0.0498658 3.36399e-21)
(0.904232 0.0594899 -4.72861e-21)
(0.881158 0.0777305 2.28125e-22)
(0.85762 0.0934253 3.27595e-21)
(0.829204 0.121277 5.41489e-22)
(0.800696 0.144037 -5.72102e-21)
(0.767932 0.187588 2.70062e-21)
(0.999 0.00297028 -1.04276e-21)
(0.997848 0.00733496 -6.14587e-24)
(0.992322 0.012911 4.75782e-23)
(0.986927 0.0163911 2.28632e-21)
(0.97763 0.0226314 1.75742e-22)
(0.968422 0.0265255 -1.18277e-21)
(0.955081 0.0352088 -8.36997e-22)
(0.94178 0.0414208 -9.93894e-22)
(0.924043 0.0546155 -1.23059e-21)
(0.90634 0.0652495 1.93454e-21)
(0.883957 0.085461 4.63518e-21)
(0.861858 0.102633 -4.61902e-21)
(0.834921 0.133366 -5.97734e-21)
(0.80892 0.158095 2.83867e-21)
(0.779006 0.205899 8.98499e-21)
(0.998967 0.00313558 1.05218e-21)
(0.997922 0.0077034 -2.15687e-21)
(0.992352 0.0136467 6.92583e-22)
(0.987154 0.017398 -1.73197e-21)
(0.977844 0.0241576 -3.47346e-22)
(0.968947 0.0284755 2.93999e-22)
(0.955677 0.0379653 8.6015e-22)
(0.942891 0.0448419 5.73516e-22)
(0.925439 0.0592997 -9.2354e-22)
(0.908635 0.0709197 3.21323e-22)
(0.887001 0.0930518 -1.01521e-21)
(0.86649 0.111607 6.47328e-21)
(0.841173 0.14512 -9.38545e-21)
(0.817923 0.171614 4.74869e-21)
(0.791132 0.223411 3.16244e-21)
(0.998932 0.00329801 -3.88265e-22)
(0.998002 0.00807188 4.05992e-21)
(0.992387 0.0143743 1.41351e-21)
(0.987395 0.0184029 -1.18018e-21)
(0.978076 0.0256643 2.68605e-21)
(0.969505 0.0304151 1.43603e-21)
(0.95632 0.0406848 -3.43237e-22)
(0.944085 0.0482316 -1.06238e-21)
(0.926944 0.0639127 -7.38912e-22)
(0.911117 0.0764984 2.8816e-22)
(0.890286 0.100491 -5.82301e-21)
(0.871512 0.120331 2.23221e-21)
(0.847948 0.15651 6.45251e-21)
(0.827686 0.184543 -3.95716e-21)
(0.80428 0.240046 1.20317e-21)
(0.998896 0.00345764 7.18574e-23)
(0.998086 0.00843534 3.57893e-24)
(0.992428 0.0150931 -3.21867e-22)
(0.987648 0.0194051 1.00689e-21)
(0.978329 0.0271508 -1.32972e-21)
(0.970096 0.0323434 -9.02796e-22)
(0.957012 0.0433656 -2.86078e-21)
(0.945359 0.0515898 6.55381e-22)
(0.928557 0.0684489 5.65223e-21)
(0.913782 0.0819844 -6.93403e-21)
(0.893808 0.107764 4.35613e-21)
(0.87692 0.128789 3.57899e-21)
(0.855233 0.167509 8.40809e-22)
(0.838188 0.196823 -4.92982e-21)
(0.818416 0.255725 7.64005e-21)
(0.998858 0.00361518 4.59075e-22)
(0.998175 0.00878485 -1.8371e-21)
(0.992476 0.0158017 -2.32356e-22)
(0.987916 0.0204039 -3.25348e-22)
(0.978603 0.0286166 1.31841e-21)
(0.970722 0.0342597 -5.44498e-22)
(0.957756 0.0460062 1.79613e-21)
(0.946714 0.0549163 2.42208e-22)
(0.930284 0.0729032 -4.26423e-21)
(0.916631 0.0873776 6.78492e-21)
(0.897567 0.114858 -5.5794e-21)
(0.882713 0.136968 -6.10296e-21)
(0.863014 0.178088 7.34701e-21)
(0.849411 0.208392 -1.0294e-21)
(0.833509 0.270378 6.53509e-21)
(0.998818 0.00376917 4.50796e-22)
(0.99827 0.00915678 -6.00845e-22)
(0.992532 0.0165012 9.35218e-22)
(0.988198 0.0213982 -8.99998e-22)
(0.978899 0.0300614 1.38168e-21)
(0.971383 0.0361631 -9.64133e-22)
(0.958556 0.048606 -4.27524e-23)
(0.948152 0.0582112 -5.24278e-21)
(0.932131 0.0772719 6.92914e-21)
(0.919664 0.0926794 -7.28594e-21)
(0.901569 0.121756 5.93387e-21)
(0.888892 0.144859 -1.32898e-21)
(0.87128 0.188214 -6.55444e-21)
(0.86134 0.21918 1.31891e-21)
(0.849534 0.283935 7.68975e-21)
(0.998778 0.00391931 -1.29155e-21)
(0.99837 0.00954821 -1.90008e-22)
(0.992592 0.0171909 5.32112e-22)
(0.988496 0.0223859 7.92304e-22)
(0.97922 0.031483 -9.21785e-22)
(0.972085 0.0380504 9.32305e-22)
(0.959417 0.0511617 5.8671e-22)
(0.949681 0.0614706 1.3643e-21)
(0.934112 0.0815484 -6.87793e-21)
(0.922892 0.0978874 9.32173e-22)
(0.905827 0.12844 4.12723e-21)
(0.895469 0.152453 -3.9279e-21)
(0.88002 0.197845 -2.19909e-21)
(0.873973 0.229101 3.18006e-21)
(0.866479 0.296325 -1.36283e-21)
(0.998736 0.00406592 2.27385e-22)
(0.998476 0.00992241 -1.51043e-21)
(0.992659 0.0178672 -1.15542e-21)
(0.988815 0.0233637 -1.28855e-21)
(0.979569 0.0328773 8.76274e-22)
(0.972837 0.0399136 -4.38741e-22)
(0.96035 0.053664 -1.73248e-21)
(0.951318 0.0646806 3.20781e-21)
(0.936245 0.0857166 -9.91497e-22)
(0.926336 0.102986 6.09416e-21)
(0.910371 0.134881 -2.13252e-21)
(0.902464 0.15974 -1.06352e-21)
(0.889236 0.206935 -2.14809e-21)
(0.887334 0.23806 8.73138e-21)
(0.884361 0.307535 7.29959e-22)
(0.998692 0.00420661 1.09324e-21)
(0.998589 0.0102924 5.73375e-22)
(0.992734 0.0185369 1.28905e-21)
(0.98916 0.0243412 -4.73599e-22)
(0.97995 0.0342584 -1.96785e-22)
(0.973654 0.0417709 -4.38634e-22)
(0.961368 0.0561364 1.8095e-21)
(0.953094 0.0678678 -3.45824e-21)
(0.938565 0.0898081 3.10796e-21)
(0.930047 0.108011 1.07769e-21)
(0.915259 0.14111 1.65965e-21)
(0.909943 0.166782 -1.81939e-21)
(0.898969 0.215489 -5.90413e-21)
(0.901524 0.246045 1.05788e-20)
(0.903269 0.317832 -1.15185e-20)
(0.998647 0.00435005 -9.04995e-22)
(0.998712 0.0106688 1.26457e-22)
(0.992822 0.0192144 4.65594e-22)
(0.989541 0.0253483 -1.03383e-21)
(0.980378 0.0356746 1.77678e-21)
(0.974564 0.0437003 -9.95324e-22)
(0.962502 0.0586845 -1.5639e-21)
(0.95507 0.0711778 1.81729e-21)
(0.941133 0.0939886 -3.28122e-21)
(0.934137 0.113157 3.98319e-21)
(0.920613 0.147266 -5.69955e-21)
(0.918062 0.173705 5.76947e-21)
(0.909372 0.223306 1.69181e-21)
(0.916873 0.25302 -6.93238e-21)
(0.923448 0.327346 1.60441e-21)
(0.9986 0.00449133 1.33336e-22)
(0.998847 0.0110246 -4.03158e-23)
(0.992932 0.0198457 2.62922e-22)
(0.989976 0.0262864 2.03956e-22)
(0.980879 0.0369832 -4.18333e-22)
(0.975616 0.0454921 1.20621e-21)
(0.963814 0.0610293 1.84684e-21)
(0.957359 0.0742324 -4.15539e-21)
(0.944076 0.0977718 2.55347e-21)
(0.938827 0.117775 -1.77216e-21)
(0.926664 0.152508 -3.69198e-21)
(0.927185 0.179421 1.28904e-21)
(0.920931 0.228882 5.11242e-21)
(0.934391 0.257597 1.35871e-21)
(0.946154 0.332328 -3.28183e-21)
)
;

boundaryField
{
    inlet
    {
        type            uniformFixedValue;
        uniformValue    constant (1 0 0);
        value           uniform (1 0 0);
    }
    outlet
    {
        type            pressureInletOutletVelocity;
        value           nonuniform 0();
    }
    cylinder
    {
        type            fixedValue;
        value           uniform (0 0 0);
    }
    top
    {
        type            symmetryPlane;
    }
    bottom
    {
        type            symmetryPlane;
    }
    defaultFaces
    {
        type            empty;
    }
    procBoundary2to0
    {
        type            processor;
        value           nonuniform List<vector> 
26
(
(0.0191261 0.0263412 1.68254e-21)
(0.0855401 0.0477635 -4.62798e-21)
(0.186244 0.0518292 -5.24747e-21)
(0.186244 0.0518292 -5.24747e-21)
(0.280207 -0.00282849 -5.05532e-21)
(0.365891 -0.00196728 4.44925e-21)
(0.442255 -0.00121372 2.22626e-21)
(0.510134 -0.000657211 -3.55136e-21)
(0.570541 -0.000260138 -4.13092e-21)
(0.624269 2.292e-05 6.10186e-22)
(0.67205 0.000220702 -1.71638e-21)
(0.999149 0.001209 -6.65181e-23)
(0.997455 0.00369436 6.53546e-23)
(0.992107 0.00515971 -8.47344e-23)
(0.985553 0.00619848 -1.21266e-22)
(0.976307 0.00648248 1.14461e-22)
(0.965304 0.00643039 1.83537e-22)
(0.951553 0.00608349 1.28546e-22)
(0.935533 0.00558108 -7.83219e-23)
(0.916226 0.00499891 3.14209e-22)
(0.894094 0.00450773 5.83329e-23)
(0.867871 0.00391071 1.51009e-22)
(0.838099 0.00344706 2.13302e-22)
(0.803322 0.00247675 -3.2648e-24)
(0.764117 0.00200211 -1.56758e-22)
(0.719332 0.000382747 -2.65922e-23)
)
;
    }
    procBoundary2to3
    {
        type            processor;
        value           nonuniform List<vector> 
50
(
(-0.0177365 0.0140584 -3.16975e-20)
(-0.00495609 0.016024 2.18888e-20)
(-0.00495609 0.016024 2.18888e-20)
(0.0830957 0.00337773 -2.42393e-21)
(0.11705 -0.004096 8.48375e-20)
(0.11705 -0.004096 8.48375e-20)
(0.336519 -0.0160515 -3.52809e-20)
(0.336519 -0.0160515 -3.52809e-20)
(0.659871 -0.00790669 3.15282e-20)
(0.659871 -0.00790669 3.15282e-20)
(0.91867 0.00956476 -1.051e-19)
(1.20149 0.0440504 -1.74926e-20)
(1.20149 0.0440504 -1.74926e-20)
(1.3597 0.0727515 -4.51795e-20)
(1.3597 0.0727515 -4.51795e-20)
(1.41302 0.0908689 3.39467e-20)
(1.41302 0.0908689 3.39467e-20)
(1.41169 0.0800908 -1.46254e-20)
(1.39384 0.0950477 -5.22319e-21)
(1.39384 0.0950477 -5.22319e-21)
(1.37744 0.0918245 1.02788e-20)
(1.35922 0.0880969 1.47272e-21)
(1.34051 0.0842097 -1.32928e-20)
(1.32211 0.0799984 5.16604e-21)
(1.30444 0.0756015 3.51858e-22)
(1.28764 0.0712148 1.23392e-21)
(1.27164 0.0669256 -4.91738e-21)
(1.25637 0.0627586 -1.50983e-21)
(1.24179 0.0587359 3.82856e-21)
(1.22786 0.0548805 1.78007e-21)
(1.2146 0.0512017 -1.24309e-22)
(1.20199 0.0477048 1.25913e-21)
(1.19003 0.044388 -2.2355e-21)
(1.17874 0.0412408 -2.5132e-21)
(1.17874 0.0412408 -2.5132e-21)
(1.16987 0.0353445 -5.41241e-22)
(1.15968 0.0328759 7.56123e-22)
(1.15016 0.0304898 -1.55576e-21)
(1.1413 0.0281668 7.00954e-22)
(1.13308 0.025886 1.23578e-22)
(1.12551 0.023627 -3.01099e-22)
(1.11857 0.0213699 -5.69958e-23)
(1.11227 0.0190966 6.27152e-22)
(1.10661 0.0167901 -8.72745e-23)
(1.10162 0.0144354 -1.91893e-22)
(1.0973 0.0120162 -3.55433e-22)
(1.09371 0.00952471 1.10837e-22)
(1.09088 0.00693361 2.61463e-22)
(1.08889 0.00425713 2.34225e-22)
(1.08781 0.00143957 1.30224e-22)
)
;
    }
}


// ************************************************************************* //
