/*--------------------------------*- C++ -*----------------------------------*\
  =========                 |
  \\      /  F ield         | OpenFOAM: The Open Source CFD Toolbox
   \\    /   O peration     | Website:  https://openfoam.org
    \\  /    A nd           | Version:  7
     \\/     M anipulation  |
\*---------------------------------------------------------------------------*/
FoamFile
{
    version     2.0;
    format      ascii;
    class       surfaceScalarField;
    location    "15";
    object      phi;
}
// * * * * * * * * * * * * * * * * * * * * * * * * * * * * * * * * * * * * * //

dimensions      [0 3 -1 0 0 0 0];

internalField   nonuniform List<scalar> 
4137
(
-0.000439491
0.000130594
-0.000570085
-0.00226149
0.000141145
-0.00071123
-0.00269714
0.000151483
-0.000862713
0.000615366
-0.00316102
-0.00622617
0.00016157
-0.00102428
0.000652445
-0.0036519
0.00150847
-0.00708219
-0.0113905
0.000171357
-0.00119564
0.000687787
-0.00416833
0.001582
-0.0079764
0.00288501
-0.0126935
0.00462084
-0.0183792
-0.0250676
0.000180773
-0.00137641
0.000721102
-0.00470866
0.00164989
-0.00890519
0.00299251
-0.0140362
0.00476483
-0.0201515
0.0069659
-0.0272687
-0.0353627
0.000189733
-0.00156615
0.000752041
-0.00527096
0.00171136
-0.0098645
0.00308668
-0.0154115
0.00488514
-0.02195
0.00709459
-0.0294781
0.00967644
-0.0379446
-0.0472397
0.000198132
-0.00176428
0.000780207
-0.00585304
0.00176553
-0.0108498
0.00316606
-0.016812
0.00497961
-0.0237635
0.00718275
-0.0316812
0.0097247
-0.0404865
0.0125243
-0.0500393
0.0154717
-0.060144
-0.0705798
0.000205849
-0.00197013
0.000805165
-0.00645236
0.00181148
-0.0118561
0.00322911
-0.0182297
0.00504612
-0.0255805
0.00722778
-0.0338629
0.00971189
-0.0429706
0.0124083
-0.0527357
0.0152035
-0.0629392
-0.0733439
0.0179676
0.000212756
-0.00218288
0.000826457
-0.00706606
0.00184828
-0.012878
0.00327432
-0.0196557
0.00508264
-0.0273888
0.0072274
-0.0360077
0.0096359
-0.0453792
0.0122106
-0.0553103
0.0148368
-0.0655654
-0.0758986
0.0173915
0.000218719
-0.0024016
0.000843621
-0.00769096
0.00187499
-0.0139093
0.0033003
-0.021081
0.00508742
-0.029176
0.00717983
-0.0381001
0.00949547
-0.0476948
0.0119312
-0.0577461
0.0143731
-0.0680073
-0.0782326
0.0167071
0.000223601
-0.0026252
0.000856206
-0.00832356
0.00189075
-0.0149439
0.00330577
-0.022496
0.00505899
-0.0309292
0.00708384
-0.0401249
0.0092902
-0.0499012
0.0115713
-0.0600272
0.0138158
-0.0702518
-0.0803369
0.0159201
0.000227273
-0.00285248
0.00086379
-0.00896008
0.00189479
-0.0159749
0.00328968
-0.0238909
0.00499631
-0.0326358
0.00693885
-0.0420675
0.00902064
-0.0519829
0.0111331
-0.0621397
0.0131696
-0.0722884
-0.082205
0.0150378
0.00022961
-0.00308209
0.000865991
-0.00959646
0.00188644
-0.0169953
0.00325123
-0.0252557
0.00489875
-0.0342833
0.00674494
-0.0439137
0.00868819
-0.0539262
0.0106201
-0.0640716
0.0124402
-0.0741085
-0.0838331
0.0140683
0.000230501
-0.00331259
0.00086248
-0.0102284
0.00186517
-0.017998
0.00318987
-0.0265804
0.00476612
-0.0358596
0.00650284
-0.0456504
0.00829511
-0.0557185
0.0100365
-0.065813
0.0116342
-0.0757062
-0.0852193
0.0130205
0.000229849
-0.00354244
0.00085299
-0.0108516
0.00183062
-0.0189757
0.00310537
-0.0278551
0.00459873
-0.037353
0.0062139
-0.0472655
0.00784437
-0.0573489
0.00938737
-0.067356
0.0107588
-0.0770776
-0.086364
0.0119035
0.000227573
-0.00377001
0.000837327
-0.0114613
0.00178258
-0.0199209
0.00299778
-0.0290703
0.00439732
-0.0387525
0.00588007
-0.0487483
0.00733959
-0.0588085
0.00867825
-0.0686946
0.00982153
-0.0782209
-0.0872692
0.0107267
0.000223612
-0.00399362
0.000815369
-0.0120531
0.00172101
-0.0208265
0.00286744
-0.0302168
0.00416303
-0.0400481
0.00550379
-0.0500891
0.0067849
-0.0600896
0.00791512
-0.0698249
0.00883011
-0.0791359
-0.0879381
0.00949909
0.000217924
-0.00421155
0.000787074
-0.0126222
0.00164604
-0.0216855
0.00271499
-0.0312857
0.00389742
-0.0412305
0.00508796
-0.0512796
0.00618481
-0.0611864
0.00710419
-0.0707442
0.00779223
-0.0798239
-0.0883755
0.00822958
0.000210491
-0.00442204
0.00075248
-0.0131642
0.00155799
-0.022491
0.00254133
-0.0322691
0.0036024
-0.0422916
0.00463583
-0.052313
0.00554415
-0.0620947
0.00625181
-0.0714519
0.00671547
-0.0802876
-0.0885865
0.00692651
0.000201313
-0.00462335
0.000711704
-0.0136746
0.00145732
-0.0232366
0.00234762
-0.0331594
0.00328018
-0.0432241
0.00415097
-0.0531838
0.00486795
-0.0628117
0.0053643
-0.0719483
0.0056071
-0.0805304
-0.0885772
0.00559774
0.000190416
-0.00481377
0.000664938
-0.0141491
0.00134463
-0.0239163
0.00213522
-0.03395
0.00293321
-0.0440221
0.00363717
-0.0538878
0.00416132
-0.0633358
0.00444791
-0.0722349
0.00447413
-0.0805566
-0.0883535
0.0042505
0.000177845
-0.00499161
0.000612452
-0.0145838
0.0012207
-0.0245246
0.00190571
-0.034635
0.00256418
-0.0446806
0.00309837
-0.054422
0.00342943
-0.0636669
0.0035087
-0.0723141
0.00332312
-0.080371
-0.087922
0.00289153
0.000163668
-0.00515528
0.000554578
-0.0149747
0.0010864
-0.0250564
0.0016608
-0.0352094
0.00217592
-0.0451957
0.00253864
-0.0547847
0.00267748
-0.0638057
0.00255262
-0.0721893
0.00215977
-0.0799782
-0.0872893
0.00152709
0.000147971
-0.00530325
0.000491712
-0.0153184
0.000942711
-0.0255074
0.00140237
-0.035669
0.00177138
-0.0455647
0.0019621
-0.0549754
0.00191067
-0.0637543
0.0015859
-0.0718645
0.000989537
-0.0793818
-0.0864421
0.000142339
0.000130859
-0.00543411
0.000424303
-0.0156118
0.000790698
-0.0258738
0.00113235
-0.0360107
0.00135357
-0.0457859
0.00137283
-0.0549947
0.00113396
-0.0635155
0.000614185
-0.0713447
-0.000172469
-0.0785952
-0.085417
-0.00119755
0.000112453
-0.00554656
0.00035284
-0.0158522
0.000631493
-0.0261525
0.000852763
-0.0362319
0.000925519
-0.0458587
0.00077486
-0.054844
0.000352182
-0.0630928
-0.000358458
-0.0706341
-0.00134038
-0.0776132
-0.0842122
-0.00254521
9.28866e-05
-0.00563945
0.000277848
-0.0160372
0.000466269
-0.0263409
0.000565631
-0.0363313
0.000490227
-0.0457833
0.000172209
-0.054526
-0.000429909
-0.0624907
-0.00132576
-0.0697382
-0.00249307
-0.0764459
-0.0828261
-0.00387918
7.23071e-05
-0.00571175
0.000199875
-0.0161648
0.000296219
-0.0264372
0.00027297
-0.0363081
5.07476e-05
-0.0455611
-0.000431387
-0.0540439
-0.00120769
-0.0617144
-0.00228283
-0.0686631
-0.00363083
-0.0750979
-0.0812624
-0.00519453
5.08752e-05
-0.00576263
0.000119478
-0.0162334
0.000122535
-0.0264403
-2.30802e-05
-0.0361624
-0.000390443
-0.0451937
-0.00103223
-0.0534021
-0.00197673
-0.0607699
-0.00322475
-0.0674151
-0.00474881
-0.0735739
-0.0795238
-0.00648739
2.88055e-05
-0.00579144
3.72038e-05
-0.0162418
-5.36605e-05
-0.0263494
-0.000321186
-0.0358949
-0.000830416
-0.0446845
-0.0016269
-0.0526056
-0.00273282
-0.0596639
-0.00414656
-0.0660013
-0.00584198
-0.0718784
-0.0776117
-0.00775404
5.79134e-06
-0.00579723
-4.64322e-05
-0.0161895
-0.000231267
-0.0261646
-0.000619015
-0.0355072
-0.00126681
-0.0440367
-0.00221233
-0.0516601
-0.00347208
-0.0584042
-0.0050433
-0.0644301
-0.00690491
-0.0700168
-0.0755255
-0.00899113
-1.73517e-05
-0.00577987
-0.000130846
-0.016076
-0.000409166
-0.0258863
-0.000915142
-0.0350012
-0.00169747
-0.0432543
-0.00278581
-0.0505717
-0.00419102
-0.056999
-0.00591017
-0.0627109
-0.00793176
-0.0679953
-0.0732616
-0.0101956
-4.06681e-05
-0.00573921
-0.000215526
-0.0159012
-0.000586396
-0.0255154
-0.00120809
-0.0343795
-0.00212054
-0.0423419
-0.00334514
-0.0493471
-0.00488678
-0.0554574
-0.00674263
-0.0608551
-0.00891545
-0.0658224
-0.0708159
-0.0113612
-6.41908e-05
-0.00567502
-0.000300013
-0.0156654
-0.000762039
-0.0250534
-0.00149655
-0.033645
-0.00253446
-0.041304
-0.00388866
-0.0479929
-0.00555735
-0.0537887
-0.00753633
-0.0588761
-0.00984337
-0.0635154
-0.0681774
-0.0124819
-8.76991e-05
-0.00558732
-0.000383835
-0.0153692
-0.000935236
-0.024502
-0.00177934
-0.0328009
-0.00293797
-0.0401454
-0.00441547
-0.0465154
-0.00620246
-0.0520017
-0.00828871
-0.0567899
-0.0107012
-0.061103
-0.0653065
-0.013572
-0.000111043
-0.00547627
-0.000466538
-0.0150137
-0.00110517
-0.0238633
-0.00205537
-0.0318507
-0.00332999
-0.0388707
-0.00492531
-0.0449201
-0.00682481
-0.0501022
-0.00900621
-0.0546085
-0.01143
-0.0586792
-0.0626025
-0.014134
-0.000134081
-0.00534219
-0.000547681
-0.0146001
-0.00127105
-0.02314
-0.00232355
-0.0307982
-0.00370939
-0.0374849
-0.0054176
-0.0432119
-0.0074263
-0.0480935
-0.00970921
-0.0523256
-0.0122378
-0.0561506
-0.0598069
-0.0150334
-0.000156678
-0.00518552
-0.000626838
-0.01413
-0.00143209
-0.0223347
-0.00258277
-0.0296475
-0.00407473
-0.0359929
-0.00589038
-0.0413963
-0.00800348
-0.0459804
-0.0103859
-0.0499432
-0.0130136
-0.0535229
-0.0569336
-0.0158869
-0.000178701
-0.00500681
-0.0007036
-0.0136051
-0.00158757
-0.0214507
-0.00283197
-0.0284031
-0.00442461
-0.0344003
-0.00634165
-0.0394792
-0.00855281
-0.0437692
-0.0110279
-0.0474681
-0.0137431
-0.0508077
-0.053987
-0.0166897
-0.000200028
-0.00480679
-0.000777587
-0.0130275
-0.00173679
-0.0204915
-0.0030702
-0.0270697
-0.00475783
-0.0327127
-0.00676996
-0.0374671
-0.00907248
-0.0414667
-0.0116331
-0.0449074
-0.0144273
-0.0480136
-0.0509727
-0.0174417
-0.000220541
-0.00458625
-0.000848448
-0.0123996
-0.00187915
-0.0194608
-0.00329663
-0.0256522
-0.00507345
-0.0309358
-0.00717432
-0.0353662
-0.00956161
-0.0390794
-0.0122013
-0.0422677
-0.0150679
-0.045147
-0.0478946
-0.018146
-0.000240136
-0.00434611
-0.00091587
-0.0117239
-0.00201412
-0.0183626
-0.00351055
-0.0241558
-0.00537069
-0.0290757
-0.00755403
-0.0331829
-0.0100198
-0.0366136
-0.0127324
-0.0395551
-0.0156661
-0.0422133
-0.0447559
-0.0188048
-0.000258717
-0.00408739
-0.000979568
-0.011003
-0.00214121
-0.0172009
-0.00371138
-0.0225856
-0.00564893
-0.0271382
-0.00790859
-0.0309232
-0.0104468
-0.0340755
-0.0132269
-0.036775
-0.016223
-0.0392171
-0.0415594
-0.0194195
-0.000276195
-0.0038112
-0.00103929
-0.0102399
-0.00226001
-0.0159802
-0.00389858
-0.0209471
-0.00590765
-0.0251291
-0.0082376
-0.0285932
-0.0108424
-0.0314706
-0.0136847
-0.0339327
-0.016739
-0.0361629
-0.0383078
-0.0199905
-0.000292492
-0.00351871
-0.00109481
-0.00943761
-0.00237016
-0.0147049
-0.00407171
-0.0192455
-0.0061464
-0.0230544
-0.0085407
-0.0261989
-0.0112065
-0.0288048
-0.014106
-0.0310333
-0.0172142
-0.0330546
-0.0350044
-0.0205177
-0.000307537
-0.00321117
-0.00114592
-0.00859923
-0.00247132
-0.0133795
-0.00423037
-0.0174865
-0.0063648
-0.02092
-0.00881758
-0.0237462
-0.0115389
-0.0260835
-0.0144905
-0.0280816
-0.0176485
-0.0298967
-0.0316522
-0.0210007
-0.000321265
-0.0028899
-0.00119244
-0.00772805
-0.0025632
-0.0120087
-0.00437421
-0.0156754
-0.00656247
-0.0187317
-0.0090679
-0.0212407
-0.0118392
-0.0233122
-0.0148382
-0.0250826
-0.0180416
-0.0266932
-0.028255
-0.0214388
-0.000333617
-0.00255629
-0.00123421
-0.00682746
-0.00264554
-0.0105974
-0.00450289
-0.0138181
-0.0067391
-0.0164955
-0.00929137
-0.0186885
-0.0121073
-0.0204963
-0.0151486
-0.0220413
-0.018393
-0.0234488
-0.0248168
-0.0218312
-0.000344542
-0.00221175
-0.00127108
-0.00590092
-0.00271811
-0.00915034
-0.00461615
-0.0119201
-0.00689436
-0.0142173
-0.00948769
-0.0160951
-0.0123427
-0.0176413
-0.0154213
-0.0189627
-0.0187021
-0.020168
-0.0213419
-0.0221769
-0.000353994
-0.00185775
-0.00130293
-0.00495198
-0.0027807
-0.00767257
-0.00471371
-0.00998705
-0.007028
-0.011903
-0.00965656
-0.0134666
-0.0125452
-0.0147527
-0.015656
-0.0158519
-0.0189683
-0.0168557
-0.017835
-0.0224751
-0.000361933
-0.00149582
-0.00132964
-0.00398427
-0.00283314
-0.00616908
-0.00479537
-0.00802481
-0.00713977
-0.00955859
-0.00979772
-0.0108086
-0.0127144
-0.011836
-0.0158522
-0.0127142
-0.0191911
-0.0135168
-0.0143011
-0.022725
-0.000368325
-0.00112749
-0.00135113
-0.00300147
-0.00287527
-0.00464494
-0.00486093
-0.00603915
-0.00722944
-0.00719008
-0.00991096
-0.00812711
-0.0128502
-0.0088968
-0.0160097
-0.00955469
-0.0193699
-0.0101565
-0.0107452
-0.0229258
-0.000373143
-0.000754349
-0.0013673
-0.00200731
-0.00290697
-0.00310527
-0.00491023
-0.00403589
-0.00729686
-0.00480346
-0.00999606
-0.00542791
-0.0129522
-0.00594062
-0.016128
-0.0063789
-0.0195045
-0.00678004
-0.00717275
-0.0230769
-0.000376367
-0.00137812
-0.00292816
-0.00494317
-0.00202089
-0.00734187
-0.00240475
-0.0100529
-0.00271691
-0.0130204
-0.00297314
-0.0162071
-0.00319218
-0.0195944
-0.00339274
-0.00358917
-0.023178
-0.00495966
-0.00736441
-0.0100813
-0.0130545
-0.0162466
-0.0196394
-0.0232286
0.0583528
0.0119335
-0.0583828
0.058216
0.0131573
0.0579632
0.0143211
0.0575857
0.0154153
0.0570751
0.0164306
0.0564242
0.0173579
0.0556268
0.0181889
0.0189161
0.0617597
0.0118391
-0.0616653
0.0617633
0.0131537
0.0616666
0.0144178
0.06146
0.0156219
0.0611341
0.0167565
0.06068
0.0178121
0.0600896
0.0187793
0.0196497
0.0650831
0.0116287
-0.0648727
0.0652214
0.0130154
0.0652779
0.0143613
0.0652425
0.0156573
0.0651051
0.0168939
0.0648555
0.0180617
0.0644838
0.019151
0.0201526
0.0683388
0.011319
-0.0680291
0.0685959
0.0127583
0.0687911
0.0141661
0.0689145
0.0155339
0.0689554
0.016853
0.068903
0.0181141
0.0687462
0.0193078
0.0204245
0.0715599
0.0109311
-0.071172
0.0719148
0.0124034
0.0722282
0.0138527
0.0724907
0.0152714
0.0726921
0.0166517
0.0728213
0.0179849
0.0728671
0.019262
0.0204739
0.074786
0.0104864
-0.0743413
0.075216
0.0119734
0.0756239
0.0134447
0.0760015
0.0148938
0.0763395
0.0163136
0.0766278
0.0176966
0.0768552
0.0190346
0.0203189
0.0780564
0.0100043
-0.0775744
0.0785396
0.0114903
0.079018
0.0129663
0.0794851
0.0144268
0.0799329
0.0158658
0.0803526
0.017277
0.0807341
0.018653
0.0199864
0.0814068
0.0095012
-0.0809036
0.0819241
0.010973
0.0824515
0.0124389
0.0829836
0.0138946
0.0835145
0.015335
0.0840368
0.0167547
0.0845422
0.0181477
0.0195074
0.0848661
0.00898901
-0.0843539
0.0854028
0.0104363
0.0859612
0.0118805
0.0865377
0.0133181
0.0871278
0.0147449
0.087726
0.0161565
0.0883257
0.0175479
0.0189138
0.0884574
0.00847621
-0.0879446
0.0890026
0.00989102
0.0895786
0.0113045
0.090183
0.0127137
0.0908128
0.0141151
0.091464
0.0155052
0.092132
0.01688
0.0182349
0.0921982
0.00796825
-0.0916903
0.0927447
0.00934455
0.0933288
0.0107205
0.0939491
0.0120934
0.0946037
0.0134605
0.0952902
0.0148188
0.0960051
0.016165
0.0174956
0.0961026
0.0074686
-0.0956029
0.0966455
0.00880159
0.0972314
0.0101346
0.0978594
0.0114653
0.0985285
0.0127914
0.0992372
0.0141102
0.0999832
0.015419
0.0167148
0.100182
0.00697926
-0.0996926
0.100719
0.008265
0.101302
0.00955088
0.101933
0.0108348
0.10261
0.0121146
0.103332
0.0133881
0.104098
0.0146529
0.0159065
0.104447
0.00650127
-0.103969
0.104975
0.00773636
0.105555
0.00897155
0.106184
0.0102049
0.106865
0.0114345
0.107595
0.0126582
0.108373
0.0138741
0.0150798
0.108906
0.00603508
-0.10844
0.109426
0.0072164
0.11
0.00839773
0.110628
0.00957727
0.111309
0.0107532
0.112044
0.0119236
0.112831
0.0130866
0.0142402
0.113571
0.00558074
-0.113117
0.114082
0.00670533
0.11465
0.00782984
0.115275
0.00895257
0.115956
0.0100718
0.116694
0.0111857
0.117488
0.0122927
0.118337
0.0133907
0.0144781
0.118451
0.00513779
-0.118008
0.118953
0.00620281
0.119515
0.00726767
0.120137
0.00833075
0.120818
0.00939043
0.121559
0.0104451
0.122359
0.011493
0.123217
0.0125325
0.0135619
0.123558
0.00470595
-0.123126
0.124052
0.00570852
0.124609
0.00671088
0.125228
0.0077115
0.12591
0.00870884
0.126653
0.00970136
0.127459
0.0106875
0.128326
0.0116657
0.0126343
0.128904
0.00428453
-0.128483
0.129391
0.00522177
0.129943
0.00615877
0.13056
0.00709409
0.131243
0.0080263
0.13199
0.00895393
0.132802
0.00987553
0.133678
0.0107896
0.0116948
0.134504
0.00387273
-0.134093
0.134984
0.00474171
0.135533
0.00561045
0.136149
0.0064776
0.136834
0.00734183
0.137586
0.00820178
0.138405
0.00905609
0.139292
0.0099034
0.0107423
0.140375
0.00346966
-0.139972
0.140849
0.00426739
0.141395
0.00506489
0.142012
0.00586094
0.142699
0.00665428
0.143457
0.00744367
0.144285
0.00822785
0.145183
0.00900556
0.00977554
0.146534
0.00307428
-0.146139
0.147004
0.00379769
0.147548
0.00452091
0.148166
0.00524282
0.148858
0.00596227
0.149624
0.00667813
0.150462
0.00738925
0.151373
0.00809447
0.00879267
0.153004
0.00268544
-0.152615
0.15347
0.00333135
0.154014
0.00397713
0.154635
0.00462175
0.155333
0.0052642
0.156108
0.00590344
0.156959
0.00653846
0.157885
0.0071682
0.00779166
0.159809
0.00230178
-0.159425
0.160273
0.00286691
0.160818
0.00343195
0.161444
0.00399602
0.16215
0.00455822
0.162936
0.00511763
0.163801
0.00567335
0.164745
0.00622446
0.00677007
0.166976
0.00192178
-0.166596
0.167441
0.00240268
0.167989
0.00288355
0.168621
0.00336363
0.169337
0.00384215
0.170137
0.00431833
0.171019
0.00479139
0.171983
0.00526056
0.00572505
0.17454
0.00154363
-0.174162
0.175006
0.00193666
0.17556
0.00232972
0.176201
0.00272219
0.17693
0.00311342
0.177746
0.00350277
0.178648
0.0038896
0.179635
0.00427328
0.00465315
0.182538
0.0011652
-0.18216
0.183008
0.00146651
0.18357
0.00176791
0.184224
0.00206889
0.184968
0.00236896
0.185803
0.00266763
0.186728
0.0029644
0.187743
0.00325879
0.00355028
0.191014
0.000783999
-0.190633
0.191491
0.000989481
0.192064
0.00119505
0.192733
0.00140038
0.193497
0.00160513
0.194355
0.00180895
0.195308
0.0020115
0.196355
0.00221246
0.00241147
0.200021
0.000396843
-0.199633
0.200508
0.000502048
0.201096
0.000607324
0.201784
0.000712498
0.202571
0.000817393
0.203459
0.000921838
0.204444
0.00102565
0.205528
0.00112866
0.00123069
0.209611
-0.209215
0.210113
0.210721
0.211433
0.212251
0.213173
0.214198
0.215327
0.0483572
-0.0142449
-0.0476843
0.0490695
-0.0131942
0.0498027
-0.0120945
0.0505341
-0.010927
0.0512565
-0.00971352
0.0519673
-0.00846481
0.0526632
-0.0071833
0.0533409
-0.00587224
0.0539971
-0.00453541
0.0546286
-0.00317665
0.0552314
-0.0018004
0.0557891
-0.000415325
0.0563208
0.000995347
0.0568046
0.00240777
0.0572368
0.00381831
0.0576112
0.00522332
0.0579208
0.00661688
0.0581581
0.0079923
0.0583149
0.00934225
0.0106588
0.0519432
-0.0148891
-0.051299
0.0525696
-0.0138206
0.0531992
-0.0127241
0.0538308
-0.0115586
0.0544608
-0.0103435
0.0550882
-0.00909225
0.0557115
-0.00780653
0.0563277
-0.00648851
0.056934
-0.00514163
0.0575266
-0.00376931
0.0581014
-0.00237514
0.0586503
-0.000964222
0.059183
0.000462616
0.0596804
0.00191032
0.0601411
0.0033576
0.0605594
0.00480511
0.0609284
0.00624784
0.0612411
0.00767965
0.0614895
0.00909381
0.010483
0.055605
-0.0154249
-0.0550692
0.0561395
-0.0143552
0.0566739
-0.0132585
0.0572125
-0.0120972
0.0577549
-0.0108859
0.0583004
-0.00963777
0.0588483
-0.00835442
0.059397
-0.00703713
0.0599441
-0.00568875
0.060487
-0.00431227
0.0610225
-0.00291056
0.0615445
-0.0014863
0.0620667
-5.95636e-05
0.0625612
0.0014158
0.0630353
0.00288351
0.0634824
0.00435803
0.0638965
0.00583373
0.0642712
0.007305
0.0645992
0.00876581
0.0102095
0.0593803
-0.0158633
-0.0589419
0.0598246
-0.0147994
0.0602698
-0.0137038
0.0607205
-0.0125478
0.0611777
-0.0113431
0.0616415
-0.0101015
0.0621117
-0.00882467
0.0625881
-0.00751346
0.0630696
-0.00617025
0.063555
-0.00479771
0.064043
-0.00339854
0.0645325
-0.00197586
0.0650082
-0.000535248
0.0654923
0.000931752
0.065965
0.00241075
0.0664247
0.00389834
0.0668668
0.00539167
0.0672858
0.00688601
0.0676755
0.00837603
0.00985587
0.0632599
-0.0162125
-0.0629107
0.0636171
-0.0151567
0.0639773
-0.014064
0.0643442
-0.0129148
0.0647199
-0.0117188
0.0651047
-0.0104863
0.0654991
-0.00921911
0.0659036
-0.0079179
0.066318
-0.0065847
0.0667422
-0.00522185
0.0671753
-0.00383169
0.0676162
-0.00241674
0.0680612
-0.000980302
0.068517
0.000476028
0.0689735
0.00195426
0.0694296
0.00344223
0.0698821
0.00493913
0.0703268
0.00644128
0.0707587
0.00794412
0.00944261
0.0672449
-0.0164741
-0.0669833
0.0675166
-0.0154284
0.0677937
-0.014341
0.0680796
-0.0132007
0.0683767
-0.0120159
0.0686858
-0.0107954
0.0690075
-0.00954088
0.0693428
-0.00825315
0.069692
-0.00693396
0.0700556
-0.0055854
0.0704334
-0.00420951
0.0708251
-0.00280838
0.0712289
-0.00138413
0.0716548
5.01225e-05
0.0720853
0.00152377
0.072527
0.00300048
0.0729769
0.00448928
0.0734318
0.00598636
0.0738881
0.00748782
0.00898942
0.0713408
-0.0166489
-0.0711661
0.0715278
-0.0156154
0.0717232
-0.0145365
0.0719304
-0.0134079
0.0721517
-0.0122371
0.072388
-0.0110317
0.0726403
-0.00979316
0.0729095
-0.00852239
0.0731966
-0.00722104
0.0735022
-0.00589104
0.0738271
-0.00453434
0.0741716
-0.00315293
0.0745366
-0.0017491
0.0749139
-0.000327231
0.0753183
0.00111942
0.0757398
0.00257901
0.0761782
0.00405088
0.0766318
0.00553274
0.0770982
0.00702139
0.00851324
0.0755543
-0.0167376
-0.0754656
0.0756577
-0.0157187
0.0757731
-0.0146519
0.0759036
-0.0135384
0.0760514
-0.0123849
0.0762175
-0.0111978
0.076403
-0.00997869
0.076609
-0.00872838
0.0768365
-0.00744851
0.0770863
-0.0061409
0.0773594
-0.00480737
0.0776562
-0.0034498
0.0779773
-0.0020702
0.0783213
-0.000671163
0.0786928
0.000747851
0.0790889
0.002183
0.079509
0.00363074
0.0799525
0.00508925
0.080418
0.00655587
0.00802762
0.079894
-0.0167417
-0.0798899
0.0799152
-0.01574
0.0799523
-0.014689
0.0800079
-0.013594
0.0800843
-0.0124612
0.0801824
-0.011296
0.0803034
-0.0100997
0.0804485
-0.00887342
0.0806186
-0.00761864
0.0808148
-0.00633711
0.081038
-0.00503056
0.081289
-0.00370078
0.0815684
-0.00234961
0.0818765
-0.000979226
0.0822156
0.000408684
0.0825842
0.00181444
0.0829827
0.00323223
0.0834109
0.00466099
0.0838684
0.00609845
0.00754206
0.084369
-0.0166626
-0.0844481
0.0843099
-0.0156808
0.0842703
-0.0146494
0.0842529
-0.0135765
0.0842596
-0.0124679
0.0842916
-0.011328
0.0843501
-0.0101582
0.0844361
-0.00895947
0.0845508
-0.00773336
0.0846953
-0.00648153
0.0848703
-0.00520564
0.0850769
-0.00390737
0.0853158
-0.00258848
0.0855874
-0.00125082
0.0858953
0.000100803
0.0862355
0.00147421
0.0866106
0.0028571
0.0870207
0.00425098
0.0874654
0.00565367
0.00706289
0.0889888
-0.0165019
-0.0891494
0.0888509
-0.015543
0.0887364
-0.0145349
0.0886476
-0.0134878
0.0885865
-0.0124068
0.0885541
-0.0112957
0.0885518
-0.0101558
0.0885805
-0.0089882
0.0886415
-0.00779433
0.0887357
-0.00657577
0.0888642
-0.00533415
0.0890279
-0.00407109
0.0892277
-0.00278829
0.0894644
-0.00148753
0.0897375
-0.000172247
0.0900502
0.0011615
0.0904014
0.00250586
0.0907918
0.00386067
0.0912214
0.00522407
0.00659399
0.0937621
-0.0162613
-0.0940028
0.0935474
-0.0153282
0.0933596
-0.0143472
0.0932012
-0.0133293
0.0930738
-0.0122794
0.0929787
-0.0112006
0.092917
-0.0100941
0.0928899
-0.00896108
0.0928985
-0.0078029
0.0929438
-0.00662108
0.0930268
-0.00541719
0.0931485
-0.0041928
0.0933098
-0.00294954
0.0935113
-0.00168912
0.0937528
-0.000413728
0.0940375
0.000876866
0.0943643
0.002179
0.094734
0.00349104
0.0951467
0.00481128
0.0061378
0.0986978
-0.0159424
-0.0990168
0.098408
-0.0150383
0.0981487
-0.0140879
0.0979222
-0.0131028
0.0977302
-0.0120873
0.0975738
-0.0110442
0.0974541
-0.0099745
0.0973725
-0.00887941
0.0973298
-0.00776027
0.0973273
-0.00661854
0.0973658
-0.00545571
0.0974463
-0.00427331
0.0975697
-0.0030729
0.0977367
-0.00185611
0.0979477
-0.00062477
0.0982044
0.000620186
0.0985068
0.00187666
0.0988553
0.0031425
0.0992505
0.0044161
0.00569564
0.103805
-0.015547
-0.1042
0.103441
-0.0146751
0.103112
-0.0137588
0.102819
-0.0128099
0.102564
-0.0118321
0.102348
-0.0108279
0.102171
-0.00979825
0.102036
-0.00874437
0.101944
-0.00766754
0.101894
-0.00656915
0.101889
-0.00545064
0.101929
-0.00431347
0.102016
-0.00315913
0.102149
-0.0019892
0.102329
-0.000805345
0.102558
0.000390995
0.102836
0.00159867
0.103164
0.00281509
0.103541
0.00403883
0.00526815
0.109091
-0.0150769
-0.109561
0.108656
-0.0142403
0.108259
-0.0133614
0.107901
-0.0124519
0.107584
-0.011515
0.107309
-0.0105529
0.107077
-0.00956656
0.10689
-0.00855708
0.106748
-0.00752573
0.106653
-0.00647385
0.106605
-0.00540281
0.106606
-0.00431401
0.106655
-0.00320889
0.106755
-0.00208895
0.106906
-0.00095578
0.107108
0.000188725
0.107362
0.00134479
0.107668
0.00250874
0.108027
0.00367953
0.00485554
0.114567
-0.0145338
-0.11511
0.114063
-0.0137355
0.113598
-0.0128973
0.113177
-0.0120303
0.112799
-0.0111374
0.112467
-0.0102205
0.112181
-0.00928053
0.111942
-0.00831853
0.111752
-0.00733574
0.111612
-0.00633345
0.111522
-0.00531294
0.111484
-0.00427556
0.111497
-0.00322268
0.111564
-0.00215572
0.111685
-0.0010761
0.111862
1.13808e-05
0.112092
0.00111493
0.112377
0.00222319
0.112719
0.00333802
0.00445775
0.120243
-0.0139195
-0.120857
0.11967
-0.0131625
0.119141
-0.012368
0.118657
-0.0115465
0.11822
-0.0107006
0.117831
-0.00983186
0.117492
-0.00894123
0.117203
-0.00802974
0.116966
-0.00709855
0.116781
-0.00614889
0.11665
-0.00518198
0.116574
-0.00419911
0.116553
-0.0032016
0.116588
-0.0021908
0.11668
-0.00116811
0.116827
-0.000135411
0.117034
0.000907604
0.1173
0.00195762
0.117624
0.00301363
0.0040742
0.126129
-0.0132356
-0.126813
0.12549
-0.0125227
0.124896
-0.0117748
0.124352
-0.0110017
0.123857
-0.0102056
0.123413
-0.00938796
0.123021
-0.00854959
0.122683
-0.00769153
0.122399
-0.00681487
0.122171
-0.00592078
0.122
-0.00501042
0.121885
-0.004085
0.12183
-0.00314577
0.121833
-0.00219402
0.121896
-0.00123105
0.122019
-0.00025836
0.122203
0.000723284
0.122449
0.0017119
0.122756
0.00270617
0.00370467
0.13224
-0.0124837
-0.132992
0.131535
-0.0118175
0.130879
-0.0111191
0.130274
-0.0103971
0.129722
-0.0096536
0.129224
-0.00888977
0.128781
-0.00810649
0.128394
-0.00730471
0.128065
-0.00648548
0.127794
-0.00564986
0.127582
-0.00479896
0.127431
-0.00393393
0.127341
-0.00305594
0.127314
-0.00216619
0.127349
-0.00126592
0.127447
-0.000356467
0.127609
0.000561174
0.127835
0.00148543
0.128126
0.00241497
0.00334846
0.138589
-0.0116652
-0.139407
0.13782
-0.0110483
0.137102
-0.0104019
0.136439
-0.00973369
0.135831
-0.00904542
0.135279
-0.00833815
0.134785
-0.00761273
0.134351
-0.00687004
0.133976
-0.00611106
0.133663
-0.00533678
0.133412
-0.00454825
0.133225
-0.00374653
0.133102
-0.00293273
0.133044
-0.00210795
0.133051
-0.00127336
0.133125
-0.000430173
0.133265
0.00042054
0.133473
0.00127748
0.133749
0.00213932
0.00300483
0.145193
-0.0107813
-0.146077
0.144361
-0.0102162
0.143583
-0.00962431
0.142862
-0.00901241
0.142198
-0.00838195
0.141594
-0.0077339
0.14105
-0.00706903
0.140569
-0.00638818
0.14015
-0.00569225
0.139795
-0.00498216
0.139506
-0.00425888
0.139283
-0.0035234
0.139127
-0.00277672
0.139039
-0.00201989
0.139019
-0.00125398
0.139069
-0.000480099
0.139189
0.000300694
0.139379
0.00108728
0.13964
0.00187841
0.00267293
0.152071
-0.00983303
-0.153019
0.151177
-0.0093222
0.15034
-0.00878721
0.149562
-0.00823405
0.148844
-0.00766392
0.148187
-0.00707767
0.147594
-0.00647602
0.147066
-0.00585973
0.146603
-0.00522963
0.146208
-0.00458657
0.14588
-0.00393142
0.145622
-0.0032651
0.145434
-0.00258852
0.145316
-0.00190264
0.145271
-0.00120844
0.145298
-0.000506932
0.145398
0.000200879
0.145571
0.000914049
0.145818
0.00163137
0.00235181
0.159246
-0.00882141
-0.160257
0.158291
-0.00836706
0.157395
-0.00789131
0.15656
-0.00739927
0.155788
-0.00689193
0.15508
-0.00637002
0.154438
-0.00583421
0.153864
-0.00528519
0.153358
-0.0047237
0.152922
-0.00415051
0.152557
-0.0035664
0.152264
-0.00297219
0.152044
-0.00236872
0.151898
-0.00175684
0.151827
-0.00113744
0.151832
-0.000511418
0.151912
0.000120271
0.15207
0.000756867
0.152304
0.00139721
0.00204039
0.166741
-0.00774706
-0.167816
0.165726
-0.00735142
0.164772
-0.00693715
0.163881
-0.00650856
0.163055
-0.00606642
0.162297
-0.00561139
0.161607
-0.00514404
0.160986
-0.00466499
0.160438
-0.0041749
0.159962
-0.00367444
0.159559
-0.00316431
0.159232
-0.00264522
0.158982
-0.00211791
0.158808
-0.00158315
0.158712
-0.00104169
0.158695
-0.000494365
0.158757
5.7959e-05
0.1589
0.000614745
0.159122
0.00117483
0.00173746
0.174587
-0.00661048
-0.175724
0.173511
-0.00627568
0.172499
-0.00592511
0.171553
-0.00556225
0.170674
-0.00518773
0.169865
-0.00480208
0.169127
-0.00440582
0.168461
-0.00399947
0.16787
-0.0035836
0.167354
-0.00315878
0.166915
-0.0027256
0.166555
-0.0022847
0.166274
-0.00183669
0.166073
-0.00138223
0.165953
-0.000921992
0.165915
-0.00045665
0.16596
1.28446e-05
0.166089
0.000486556
0.166301
0.000962975
0.00144163
0.182815
-0.00541193
-0.184014
0.181679
-0.00514008
0.18061
-0.00485537
0.179608
-0.00456052
0.178676
-0.00425601
0.177816
-0.00394229
0.17703
-0.00361977
0.17632
-0.00328889
0.175686
-0.0029501
0.175131
-0.00260389
0.174657
-0.00225075
0.174263
-0.00189119
0.173952
-0.00152572
0.173725
-0.00115488
0.173582
-0.000779224
0.173525
-0.000399315
0.173553
-1.58648e-05
0.173669
0.000370979
0.173872
0.000760175
0.00115126
0.191462
-0.00415152
-0.192723
0.190267
-0.0039447
0.18914
-0.00372799
0.188082
-0.00350343
0.187098
-0.00327137
0.186188
-0.00303213
0.185354
-0.00278605
0.184598
-0.00253345
0.183923
-0.0022747
0.183329
-0.00201017
0.182819
-0.00174022
0.182393
-0.00146527
0.182053
-0.00118569
0.1818
-0.000901924
0.181635
-0.000614382
0.181559
-0.0003235
0.181573
-2.97721e-05
0.181678
0.000266507
0.181873
0.000564717
0.000864437
0.200572
-0.00282928
-0.201894
0.199316
-0.0026895
0.198131
-0.00254294
0.197019
-0.00239096
0.195981
-0.00223379
0.195021
-0.00207164
0.194139
-0.00190475
0.193339
-0.00173334
0.192622
-0.00155766
0.19199
-0.00137796
0.191444
-0.00119449
0.190987
-0.00100754
0.190618
-0.000817383
0.190341
-0.000624291
0.190155
-0.000428564
0.190062
-0.000230502
0.190063
-3.04257e-05
0.190158
0.000171416
0.190348
0.000374638
0.000578941
0.210189
-0.0014452
-0.211573
0.208874
-0.00137446
0.207631
-0.0013002
0.206463
-0.00122312
0.205372
-0.00114334
0.204362
-0.00106096
0.203433
-0.0009761
0.202589
-0.000888882
0.20183
-0.000799428
0.20116
-0.000707868
0.20058
-0.000614337
0.200092
-0.000518974
0.199696
-0.000421923
0.199395
-0.00032333
0.19919
-0.000223348
0.199082
-0.00012213
0.199071
-1.98526e-05
0.199159
8.33756e-05
0.199346
0.000187338
0.000291884
0.22037
-0.221815
0.218996
0.217696
0.216472
0.215329
0.214268
0.213292
0.212403
0.211604
0.210896
0.210282
0.209763
0.209341
0.209017
0.208794
0.208672
0.208652
0.208735
0.208923
0.0503662
0.00161091
-0.00152619
0.0501431
0.00435506
-0.00413191
0.0498051
0.00683248
-0.00649451
0.0493684
0.00921882
-0.00878214
0.0488475
0.0116719
-0.0111509
0.0482589
0.0142569
-0.0136683
0.0476263
0.0170159
-0.0163833
0.0469821
0.0199623
-0.0193181
0.0463728
0.0230776
-0.0224683
0.0458577
0.0263155
-0.0258004
0.0455153
0.0295902
-0.0292478
0.0454282
0.0327658
-0.0326787
0.0456878
0.0356827
-0.0359424
0.0463326
0.0380091
-0.0386539
0.039387
-0.0407387
0.0528369
0.0016953
0.0526135
0.00457844
0.0522769
0.0071691
0.0518448
0.00965084
0.051335
0.0121817
0.0507679
0.014824
0.0501718
0.017612
0.0495851
0.020549
0.04906
0.0236027
0.0486612
0.0267143
0.0484704
0.029781
0.0485685
0.0326677
0.049054
0.0351972
0.0499416
0.0371215
0.0380297
0.0554291
0.00177869
0.0552078
0.00479976
0.0548759
0.007501
0.0544533
0.0100734
0.0539607
0.0126743
0.0534225
0.0153622
0.0528718
0.0181628
0.0523516
0.0210691
0.0519192
0.0240351
0.051642
0.0269915
0.0516016
0.0298214
0.0518736
0.0323957
0.0525455
0.0345254
0.0536012
0.0360659
0.0365616
0.0581491
0.00186021
0.0579322
0.00501664
0.0576088
0.00782438
0.0572009
0.0104814
0.0567323
0.0131429
0.0562312
0.0158634
0.0557349
0.0186591
0.0552908
0.0215132
0.0549591
0.0243669
0.0548083
0.0271424
0.0549163
0.0297134
0.0553505
0.0319615
0.0561797
0.0336962
0.0573904
0.0348551
0.0350102
0.0610031
0.00193895
0.0607932
0.00522653
0.0604825
0.00813514
0.0600948
0.010869
0.0596573
0.0135804
0.0592018
0.0163189
0.0587692
0.0190916
0.0584104
0.021872
0.058187
0.0245903
0.0581661
0.0271633
0.0584193
0.0294602
0.059004
0.0313768
0.059968
0.0327321
0.0613011
0.033522
0.0334006
0.0639977
0.00201396
0.0637975
0.00542668
0.0635038
0.00842891
0.0631423
0.0112305
0.0627433
0.0139794
0.0623418
0.0167204
0.061982
0.0194514
0.0617169
0.0221371
0.0616077
0.0246995
0.0617185
0.0270525
0.0621118
0.0290669
0.062834
0.0306546
0.0639113
0.0316548
0.0653325
0.0321008
0.0317499
0.0671397
0.0020842
0.0669522
0.00561417
0.06668
0.0087011
0.066351
0.0115595
0.0659979
0.0143325
0.0656588
0.0170595
0.0653803
0.0197299
0.0652162
0.0223012
0.0652257
0.0246899
0.0654678
0.0268104
0.0659942
0.0285404
0.0668397
0.0298092
0.0680105
0.0304839
0.0694917
0.0306197
0.0300755
0.0704364
0.00214861
0.0702647
0.00578594
0.0700189
0.00894688
0.0697285
0.0118499
0.0694289
0.0146321
0.0691604
0.0173279
0.0689709
0.0199194
0.0689138
0.0223583
0.0690447
0.024559
0.0694157
0.0264394
0.070067
0.0278891
0.0710211
0.0288551
0.0722676
0.0292374
0.0737859
0.0291014
0.0283959
0.0738955
0.00220601
0.0737426
0.00593875
0.0735282
0.0091613
0.073283
0.0120951
0.0730442
0.014871
0.0728538
0.0175183
0.0727601
0.0200131
0.0728146
0.0223038
0.0730678
0.0243058
0.0735637
0.0259435
0.0743303
0.0271225
0.0753784
0.027807
0.0766846
0.0279312
0.0782214
0.0275645
0.0267275
0.0775247
0.00225521
0.0773942
0.00606925
0.0772162
0.00933929
0.0770225
0.0122889
0.0768516
0.0150419
0.0767464
0.0176235
0.076754
0.0200055
0.0769232
0.0221347
0.0772977
0.0239313
0.0779127
0.0253285
0.0787843
0.0262509
0.0799122
0.0266792
0.0812634
0.0265799
0.0828041
0.0260239
0.0250834
0.0813325
0.00229494
0.0812278
0.00617397
0.0810913
0.00947574
0.0809554
0.0124248
0.080859
0.0151383
0.080845
0.0176375
0.0809585
0.019892
0.0812435
0.0218497
0.0817367
0.023438
0.0824635
0.0246016
0.0834293
0.0252851
0.0846233
0.0254852
0.0860065
0.0251967
0.0875396
0.0244908
0.0234736
0.0853276
0.00232391
0.0852522
0.00624943
0.0851623
0.00956561
0.0850901
0.0124971
0.0850743
0.015154
0.0851566
0.0175552
0.0853787
0.0196699
0.0857793
0.0214491
0.0863869
0.0228305
0.0872173
0.0237713
0.0882658
0.0242366
0.0895133
0.0242377
0.0909169
0.0237931
0.092434
0.0229737
0.0219048
0.0895191
0.00234083
0.0894764
0.00629213
0.089438
0.00960399
0.0894351
0.0124999
0.0895053
0.0150838
0.0896878
0.0173728
0.0900201
0.0193375
0.0905343
0.0209348
0.0912506
0.0221142
0.0921752
0.0228466
0.0932953
0.0231165
0.0945845
0.0229485
0.0959984
0.0223792
0.0974932
0.0214789
0.0203812
0.0939165
0.00234443
0.0939099
0.00629866
0.0939277
0.00958622
0.0939992
0.0124284
0.0941598
0.0149233
0.0944452
0.0170873
0.0948877
0.0188951
0.0955121
0.0203104
0.0963301
0.0212963
0.0973393
0.0218374
0.0985198
0.0219361
0.0998402
0.021628
0.101256
0.0209634
0.102724
0.0200112
0.018905
0.0985298
0.00233347
0.0985627
0.00626576
0.0986409
0.009508
0.0987912
0.0122781
0.0990456
0.0146689
0.0994354
0.0166975
0.0999866
0.0183438
0.100716
0.0195806
0.101628
0.0203843
0.102712
0.0207535
0.103943
0.0207056
0.105285
0.0202858
0.106696
0.0195527
0.108133
0.0185736
0.0174768
0.103369
0.00230681
0.103445
0.00619041
0.103587
0.00936549
0.10382
0.0120453
0.104171
0.0143182
0.104665
0.0162032
0.105322
0.0176866
0.106152
0.0187511
0.107149
0.0193867
0.108298
0.0196046
0.109569
0.0194351
0.110924
0.01893
0.112324
0.0181528
0.11373
0.0171683
0.0160961
0.108446
0.00226339
0.108567
0.00606992
0.108777
0.00915541
0.109095
0.0117272
0.109543
0.01387
0.110141
0.0156054
0.1109
0.0169273
0.111823
0.0178286
0.112897
0.0183121
0.114102
0.0184003
0.115403
0.0181333
0.116766
0.0175674
0.118151
0.016768
0.119523
0.0157964
0.0147616
0.113772
0.0022023
0.11394
0.00590196
0.11422
0.00887514
0.114625
0.0113219
0.115171
0.0133241
0.11587
0.0149064
0.116727
0.0160708
0.117735
0.0168203
0.118878
0.0171692
0.120129
0.0171493
0.121455
0.0168079
0.122818
0.0162037
0.124185
0.0154014
0.125523
0.0144581
0.0134714
0.119358
0.0021228
0.119575
0.00568468
0.119928
0.00852276
0.120421
0.0108286
0.121064
0.0126813
0.121861
0.0141093
0.122809
0.0151225
0.123896
0.0157334
0.125099
0.015966
0.126389
0.0158595
0.127731
0.0154655
0.129092
0.0148434
0.130438
0.014055
0.131743
0.0131528
0.0122231
0.125217
0.00202429
0.125485
0.00541673
0.125911
0.00809713
0.126492
0.010247
0.12723
0.0119434
0.128121
0.0132181
0.129156
0.0140884
0.130314
0.0145752
0.13157
0.0147102
0.132891
0.0145377
0.134245
0.0141115
0.135599
0.0134894
0.136925
0.0127296
0.138198
0.0118794
0.0110139
0.131363
0.0019064
0.131682
0.00509728
0.132182
0.00759785
0.132851
0.00957827
0.133681
0.0111131
0.134662
0.0122373
0.135776
0.0129745
0.136998
0.0133525
0.1383
0.0134085
0.139648
0.0131897
0.14101
0.0127498
0.142355
0.0121438
0.14366
0.0114251
0.144903
0.0106358
0.00984047
0.137809
0.00176893
0.13818
0.00472605
0.138753
0.00702524
0.139507
0.00882382
0.140427
0.0101935
0.141492
0.0111716
0.14268
0.0117868
0.143961
0.0120716
0.145303
0.0120666
0.146673
0.0118198
0.14804
0.0113829
0.149377
0.0108071
0.150661
0.0101402
0.151878
0.00941939
0.00869905
0.144569
0.00161187
0.144992
0.00430327
0.145637
0.00638027
0.146475
0.00798591
0.14748
0.00918831
0.148626
0.0100259
0.149882
0.0105305
0.151216
0.0107375
0.152594
0.0106887
0.153984
0.0104306
0.155355
0.0100119
0.156683
0.00947852
0.157951
0.00887272
0.159143
0.00822653
0.00758527
0.15166
0.00143542
0.152134
0.00382961
0.152849
0.00566446
0.153768
0.00706717
0.154855
0.00810111
0.156077
0.00880439
0.157397
0.00921009
0.158781
0.00935421
0.160192
0.00927744
0.161599
0.00902347
0.162975
0.00863611
0.164297
0.00815594
0.165551
0.00761915
0.166725
0.00705285
0.00649408
0.159096
0.00123991
0.15962
0.00330618
0.160404
0.00487971
0.161401
0.00607038
0.162567
0.00693538
0.163861
0.0075108
0.165242
0.00782883
0.166672
0.00792395
0.168116
0.00783382
0.169542
0.00759756
0.170924
0.00725332
0.172245
0.00683565
0.173489
0.00637473
0.174649
0.00589285
0.00541963
0.166895
0.00102583
0.167467
0.00273438
0.168319
0.00402819
0.169391
0.0049983
0.170632
0.00569407
0.171995
0.00614773
0.173435
0.00638847
0.174912
0.00644717
0.176389
0.00635665
0.177837
0.00615013
0.179231
0.00585928
0.180554
0.00551225
0.181796
0.00513321
0.182949
0.00473983
0.00435496
0.175075
0.000793788
0.175693
0.00211587
0.176609
0.00311217
0.177754
0.00385339
0.179069
0.00437933
0.1805
0.00471643
0.182
0.00488891
0.183525
0.00492211
0.185039
0.00484244
0.186513
0.00467607
0.187925
0.00444754
0.189259
0.00417831
0.190505
0.00388658
0.19166
0.00358556
0.00329192
0.183653
0.000544518
0.184316
0.00145256
0.185294
0.00213395
0.18651
0.00263772
0.187897
0.00299227
0.189397
0.00321652
0.190958
0.00332788
0.192536
0.0033445
0.194093
0.00328501
0.195602
0.0031676
0.19704
0.00300908
0.198394
0.00282404
0.199656
0.00262466
0.200822
0.00241976
0.00222026
0.19265
0.000278874
0.193355
0.000746679
0.194394
0.00109587
0.195678
0.00135285
0.197138
0.00153291
0.198708
0.00164582
0.200336
0.00170072
0.201973
0.00170724
0.203583
0.00167512
0.205137
0.00161377
0.206614
0.00153183
0.208001
0.00143673
0.209291
0.00133465
0.210481
0.00123005
0.00112848
0.202083
0.202829
0.203925
0.205278
0.206811
0.208457
0.210158
0.211865
0.21354
0.215154
0.216686
0.218122
0.219457
0.220687
0.0357613
-0.000405924
0.0359984
-0.000237116
0.0360803
-8.19414e-05
0.036014
6.63428e-05
0.035799
0.000214938
0.0354316
0.000367411
0.034904
0.000527578
0.0342064
0.000697644
0.0333247
0.000881703
0.032244
0.00108075
0.0309441
0.00129987
0.0294055
0.00153862
0.0276062
0.00179926
0.0255371
0.00206904
0.0023086
0.0357538
-0.000804352
0.035984
-0.000467311
0.0360595
-0.000157515
0.0359873
0.00013854
0.035767
0.000435274
0.0353946
0.000739816
0.0348624
0.00105977
0.0341605
0.00139954
0.033275
0.00176725
0.0321909
0.00216484
0.0308883
0.00260241
0.0293481
0.00307887
0.0275486
0.00359869
0.0254817
0.00413602
0.0046123
0.0357388
-0.0011878
0.0359552
-0.000683675
0.036018
-0.000220365
0.0359341
0.000222435
0.035703
0.000666393
0.0353206
0.0011222
0.0347792
0.00160119
0.0340688
0.00210994
0.0331756
0.00266048
0.0320848
0.00325559
0.030777
0.00391027
0.0292335
0.00462235
0.0274337
0.00539846
0.0253709
0.00619886
0.00690622
0.0357163
-0.00154881
0.035912
-0.000879323
0.0359558
-0.000264161
0.0358544
0.000323846
0.0356071
0.000913657
0.0352098
0.00151951
0.0346546
0.0021564
0.0339315
0.00283307
0.0330267
0.00356521
0.031926
0.00435632
0.0306102
0.00522606
0.0290619
0.00617065
0.0272617
0.00719871
0.0252051
0.00825546
0.00918548
0.0356865
-0.00187996
0.0358546
-0.00104741
0.035873
-0.000282612
0.0357483
0.000448554
0.0354796
0.00118239
0.0350624
0.00193669
0.0344888
0.00272997
0.0337488
0.00357312
0.0328288
0.00448522
0.0317148
0.00547029
0.0303885
0.0065524
0.0288338
0.00772531
0.027033
0.00899953
0.0249848
0.0103037
0.0114452
0.0356493
-0.00217388
0.035783
-0.00118113
0.0357698
-0.000269475
0.0356161
0.000602291
0.0353206
0.00147787
0.0348787
0.00237861
0.0342823
0.00332641
0.0335212
0.00433424
0.0325821
0.00542425
0.0314516
0.00660077
0.0301122
0.00789181
0.0285497
0.00928781
0.0267483
0.010801
0.0247107
0.0123413
0.0136808
0.0356047
-0.00242325
0.0356973
-0.00127376
0.0356464
-0.000218569
0.035458
0.000790729
0.0351306
0.00180532
0.0346591
0.00285008
0.0340353
0.00395015
0.033249
0.00512054
0.0322873
0.006386
0.0311371
0.00775095
0.0297821
0.00924678
0.0282104
0.0108596
0.0264083
0.0126031
0.0243835
0.0143661
0.0158873
0.0355529
-0.00262083
0.0355978
-0.00131866
0.035503
-0.000123779
0.0352743
0.00101946
0.0349097
0.00216988
0.034404
0.00335585
0.0337485
0.00460558
0.032933
0.00593605
0.0319449
0.00737408
0.0307719
0.00892397
0.029399
0.0106197
0.0278166
0.0124419
0.026014
0.0144057
0.0240043
0.0163757
0.0180605
0.035494
-0.00275948
0.0354846
-0.00130924
0.0353399
2.09099e-05
0.0350654
0.00129398
0.0346586
0.00257662
0.0341139
0.00390058
0.0334224
0.00529702
0.0325738
0.00678473
0.0315558
0.00839207
0.0303569
0.0101229
0.0289636
0.0120129
0.0273694
0.0140362
0.0255663
0.0162087
0.0235743
0.0183678
0.0201959
0.035428
-0.00283212
0.0353577
-0.00123897
0.0351574
0.000221273
0.0348316
0.00161977
0.0343777
0.00303048
0.0337894
0.00448885
0.0330578
0.00602867
0.0321721
0.00767045
0.0311207
0.00944342
0.0298929
0.0113507
0.0284772
0.0134286
0.0268699
0.0156435
0.0250667
0.0180119
0.0230946
0.0203399
0.0222898
0.035355
-0.00283183
0.0352176
-0.00110156
0.0349557
0.000483251
0.0345734
0.00200204
0.0340676
0.00353632
0.0334313
0.00512509
0.0326553
0.00680463
0.0317288
0.00859697
0.0306407
0.0105315
0.0293811
0.0126104
0.0279408
0.0148689
0.0263193
0.0172651
0.0245163
0.0198149
0.0225666
0.0222896
0.0243387
0.0352753
-0.00275178
0.0350645
-0.000890768
0.0347352
0.000812511
0.0342913
0.00244595
0.0337288
0.00409884
0.0330403
0.00581364
0.032216
0.00762888
0.031245
0.00956793
0.0301169
0.0116596
0.0288227
0.0139046
0.0273558
0.0163358
0.025719
0.0189018
0.0239167
0.0216172
0.0219917
0.0242147
0.0263399
0.0351889
-0.00258531
0.0348986
-0.000600488
0.0344965
0.00121456
0.0339859
0.00295653
0.0333622
0.00472263
0.0326171
0.00655868
0.0317407
0.00850527
0.0307218
0.0105868
0.0295506
0.0128308
0.028219
0.0152362
0.0267236
0.0178312
0.0250706
0.0205549
0.0232696
0.0234182
0.0213713
0.026113
0.0282916
0.0350959
-0.00232587
0.0347202
-0.000224794
0.03424
0.00169478
0.0336579
0.00353865
0.0329684
0.0054121
0.0321628
0.00736424
0.0312306
0.00943749
0.0301604
0.0116571
0.028943
0.0140482
0.0275715
0.0166076
0.0260458
0.0193568
0.0243756
0.0222252
0.0225765
0.0252172
0.0207066
0.027983
0.0301934
0.0349966
-0.00196709
0.0345297
0.000242073
0.0339661
0.00225835
0.0333078
0.00419701
0.0325484
0.0061715
0.0316784
0.00823417
0.0306869
0.010429
0.0295622
0.0127818
0.0282957
0.0153147
0.026882
0.0180214
0.0253242
0.0209146
0.0236356
0.0239137
0.0218393
0.0270136
0.0199986
0.0298237
0.032046
0.034891
-0.00150279
0.0343274
0.000805694
0.0336755
0.0029103
0.0329364
0.00493611
0.032103
0.00700487
0.0311651
0.0091721
0.0301109
0.0114832
0.0289287
0.013964
0.0276106
0.0166328
0.0261523
0.0194797
0.0245608
0.0225062
0.0228528
0.0256217
0.0210598
0.0288066
0.0192481
0.0316355
0.0338524
0.0347795
-0.000926959
0.0341137
0.00147146
0.0333686
0.00365545
0.0325444
0.00576027
0.0316332
0.00791611
0.0306238
0.0101815
0.0295038
0.0126032
0.0282613
0.0152065
0.0268889
0.0180052
0.0253836
0.0209849
0.0237564
0.0241334
0.0220277
0.0273504
0.0202386
0.0305957
0.0184542
0.0334199
0.0356168
0.0346622
-0.000233807
0.0338891
0.00224458
0.0330461
0.00449847
0.0321326
0.00667369
0.0311397
0.008909
0.0300553
0.011266
0.0288663
0.0137922
0.0275604
0.0165124
0.0261306
0.019435
0.0245756
0.0225399
0.02291
0.0257991
0.0211582
0.0291021
0.0193726
0.0323813
0.0176117
0.0351808
0.0373416
0.0345393
0.000582212
0.033654
0.00312994
0.0327087
0.00544368
0.0317023
0.00768016
0.0306244
0.00998685
0.0294622
0.0124282
0.0282016
0.0150527
0.0268301
0.0178839
0.025341
0.0209241
0.0237342
0.0241468
0.0220279
0.0275054
0.0202509
0.0308791
0.0184684
0.0341638
0.016724
0.0369253
0.0390322
0.0344114
0.0334094
0.0323586
0.0312566
0.0300925
0.0288524
0.0275218
0.0260876
0.0245433
0.0228897
0.0211473
0.0193476
0.0175691
0.0158405
)
;

boundaryField
{
    inlet
    {
        type            calculated;
        value           nonuniform List<scalar> 
50
(
-0.050451
-0.0529213
-0.0555125
-0.0582306
-0.0610819
-0.0640727
-0.06721
-0.0705008
-0.0739529
-0.0775739
-0.0813723
-0.0853566
-0.089536
-0.0939201
-0.0985188
-0.103343
-0.108403
-0.113711
-0.119278
-0.125119
-0.131245
-0.137671
-0.144412
-0.151483
-0.158901
-0.166681
-0.174843
-0.183404
-0.192384
-0.201804
-0.0353553
-0.0353553
-0.0353553
-0.0353553
-0.0353553
-0.0353553
-0.0353553
-0.0353553
-0.0353553
-0.0353553
-0.0353553
-0.0353553
-0.0353553
-0.0353553
-0.0353553
-0.0353553
-0.0353553
-0.0353553
-0.0353553
-0.0353553
)
;
    }
    outlet
    {
        type            calculated;
        value           nonuniform 0();
    }
    cylinder
    {
        type            calculated;
        value           uniform 0;
    }
    top
    {
        type            symmetryPlane;
        value           uniform 0;
    }
    bottom
    {
        type            symmetryPlane;
        value           nonuniform 0();
    }
    defaultFaces
    {
        type            empty;
        value           nonuniform 0();
    }
    procBoundary2to0
    {
        type            processor;
        value           nonuniform List<scalar> 
26
(
-0.000377982
-0.00100556
-0.00155523
0.00293877
1.11901e-10
1.71758e-10
2.20078e-10
2.54141e-10
2.76286e-10
2.8874e-10
2.93695e-10
7.80032e-12
-9.14118e-12
-9.33908e-12
9.60044e-12
3.00962e-11
9.13676e-11
1.41064e-10
1.90437e-10
2.34238e-10
2.72191e-10
3.03519e-10
3.2831e-10
3.45338e-10
3.56942e-10
3.57806e-10
)
;
    }
    procBoundary2to3
    {
        type            processor;
        value           nonuniform List<scalar> 
50
(
0.000319629
0.000119861
0.00185517
0.00053692
0.000576792
0.00541156
0.00142997
0.0101334
0.00276557
0.0166434
0.022889
0.00679943
0.0327588
0.00956984
0.044356
0.0125601
0.0571966
0.0676199
0.0184316
0.0546784
0.0593559
0.0639809
0.0684743
0.0728178
0.0770101
0.0810666
0.0850212
0.0889193
0.0928109
0.0967445
0.100764
0.104906
0.1092
0.113671
-0.0153825
0.119242
0.124133
0.129253
0.134618
0.140244
0.14615
0.152356
0.158886
0.165766
0.173028
0.180707
0.188846
0.197493
0.206709
0.216558
)
;
    }
}


// ************************************************************************* //
