/*--------------------------------*- C++ -*----------------------------------*\
  =========                 |
  \\      /  F ield         | OpenFOAM: The Open Source CFD Toolbox
   \\    /   O peration     | Website:  https://openfoam.org
    \\  /    A nd           | Version:  7
     \\/     M anipulation  |
\*---------------------------------------------------------------------------*/
FoamFile
{
    version     2.0;
    format      ascii;
    class       surfaceScalarField;
    location    "340";
    object      phi;
}
// * * * * * * * * * * * * * * * * * * * * * * * * * * * * * * * * * * * * * //

dimensions      [0 3 -1 0 0 0 0];

internalField   nonuniform List<scalar> 
4137
(
0.000536716
0.000100505
0.000436211
-0.000183589
0.00012421
0.000312001
-0.000707181
0.00015105
0.000160952
0.00077227
-0.0013284
-0.00491676
0.000181744
-2.07922e-05
0.000908361
-0.00205502
0.00242181
-0.0064302
-0.0135272
0.000216612
-0.000237405
0.00105584
-0.00289424
0.0027627
-0.00813707
0.00551666
-0.0162812
0.0092364
-0.0270692
-0.0393379
0.00025557
-0.000492975
0.00121303
-0.0038517
0.00310942
-0.0100335
0.0060599
-0.0192317
0.00984892
-0.0308582
0.0139154
-0.0434044
-0.0552115
0.000298176
-0.000791151
0.00137703
-0.00493056
0.00345185
-0.0121083
0.00655099
-0.0223308
0.0103237
-0.0346309
0.0141494
-0.0472302
0.0175071
-0.0585691
-0.0680156
0.000343702
-0.00113485
0.00154392
-0.00613077
0.00377835
-0.0143427
0.0069698
-0.0255223
0.0106465
-0.0383076
0.0141755
-0.0507592
0.0171293
-0.0615229
0.0194015
-0.0702878
0.0211308
-0.0774689
-0.0838698
0.000391206
-0.00152606
0.00170906
-0.00744863
0.00407686
-0.0167105
0.00730001
-0.0287454
0.0108125
-0.0418201
0.0140103
-0.053957
0.0165699
-0.0640825
0.0184784
-0.0721964
0.0199163
-0.0789067
-0.0850298
0.0210763
0.000439595
-0.00196565
0.00186745
-0.00887649
0.00433594
-0.019179
0.00753048
-0.03194
0.0108252
-0.0451148
0.0136756
-0.0568074
0.0158615
-0.0662684
0.0174452
-0.07378
0.01863
-0.0800915
-0.0859965
0.0195967
0.000487672
-0.00245333
0.00201393
-0.0104027
0.00454577
-0.0217108
0.00765576
-0.03505
0.010694
-0.048153
0.0131951
-0.0593086
0.0150341
-0.0681073
0.0163296
-0.0750756
0.017293
-0.0810549
-0.0867901
0.0180866
0.000534177
-0.0029875
0.00214358
-0.0120122
0.00469889
-0.0242661
0.00767562
-0.0380267
0.0104326
-0.0509099
0.0125928
-0.0614688
0.014114
-0.0696286
0.0151545
-0.076116
0.0159215
-0.0818219
-0.0874249
0.0165563
0.000577835
-0.00356534
0.00225193
-0.0136862
0.00479054
-0.0268047
0.00759416
-0.0408303
0.0100568
-0.0533726
0.0118912
-0.0633032
0.013124
-0.0708614
0.0139376
-0.0769297
0.0145278
-0.0824121
-0.0879106
0.0150135
0.000617397
-0.00418273
0.00233523
-0.0154041
0.00481876
-0.0292883
0.00741866
-0.0434302
0.00958335
-0.0555373
0.0111109
-0.0648307
0.0120827
-0.0718332
0.0126933
-0.0775403
0.0131212
-0.08284
-0.0882537
0.0134643
0.000651693
-0.00483443
0.00239068
-0.0171431
0.00478415
-0.0316818
0.00715848
-0.0458045
0.0090285
-0.0574073
0.01027
-0.0660722
0.0110058
-0.072569
0.0114324
-0.0779668
0.0117086
-0.0831161
-0.0884585
0.0119133
0.000679676
-0.0055141
0.00241647
-0.0188799
0.00468943
-0.0339547
0.00682407
-0.0479392
0.00840765
-0.0589909
0.00938426
-0.0670489
0.0099058
-0.0730906
0.0101635
-0.0782245
0.0102955
-0.0832481
-0.0885278
0.0103648
0.000700462
-0.00621457
0.00241186
-0.0205913
0.00453893
-0.0360818
0.00642624
-0.0498265
0.00773482
-0.0602995
0.00846673
-0.0677808
0.00879263
-0.0734165
0.00889314
-0.078325
0.00888622
-0.0832412
-0.0884634
0.00882183
0.000713364
-0.00692793
0.0023771
-0.022255
0.00433803
-0.0380427
0.00597559
-0.0514641
0.00702246
-0.0613463
0.00752847
-0.0682868
0.00767425
-0.0735623
0.00762647
-0.0782772
0.00748417
-0.0830989
-0.0882657
0.0072865
0.000717906
-0.00764584
0.00231328
-0.0238504
0.00409277
-0.0398222
0.00548215
-0.0528534
0.00628144
-0.0621456
0.00657854
-0.0685839
0.00655696
-0.0735407
0.00636742
-0.0780877
0.00609205
-0.0828235
-0.0879345
0.00576082
0.000713826
-0.00835966
0.00222217
-0.0253587
0.00380939
-0.0414094
0.00495516
-0.0539992
0.00552112
-0.0627116
0.00562441
-0.0686872
0.00544577
-0.073362
0.00511909
-0.077761
0.00471194
-0.0824164
-0.0874688
0.00424626
0.000701074
-0.00906073
0.00210609
-0.0267637
0.00349407
-0.0427974
0.00440291
-0.054908
0.00474943
-0.0630581
0.00467218
-0.0686099
0.00434493
-0.0730348
0.00388446
-0.0773005
0.00334527
-0.0818772
-0.086867
0.00274344
0.000679801
-0.00974054
0.00196761
-0.0280515
0.00315272
-0.0439825
0.00383276
-0.0555881
0.00397305
-0.0631984
0.00372682
-0.0683637
0.00325807
-0.072566
0.00266728
-0.0767098
0.00199364
-0.0812036
-0.086122
0.00124867
0.000650365
-0.0103909
0.00180975
-0.0292109
0.00279091
-0.0449637
0.00325112
-0.0560483
0.00319749
-0.0631448
0.00279221
-0.0679584
0.00218786
-0.0719617
0.00147067
-0.0759926
0.000667142
-0.0804
-0.0852026
-0.000252306
0.000613292
-0.0110042
0.00163554
-0.0302332
0.00241375
-0.0457419
0.00266354
-0.0562981
0.00242734
-0.0629086
0.0018715
-0.0674026
0.00113629
-0.0712265
0.000288568
-0.0751448
-0.000634787
-0.0794767
-0.0841829
-0.00165448
0.000569234
-0.0115734
0.00144786
-0.0311118
0.00202589
-0.0463199
0.0020748
-0.056347
0.00166634
-0.0625001
0.000967296
-0.0667035
0.000100017
-0.0703592
-0.000861826
-0.074183
-0.00192261
-0.0784159
-0.0830462
-0.00305931
0.000518948
-0.0120924
0.00124946
-0.0318423
0.00163154
-0.046702
0.00148891
-0.0562044
0.000917392
-0.0619286
7.92634e-05
-0.0658654
-0.000902422
-0.0693775
-0.00199033
-0.0730951
-0.00317772
-0.0772285
-0.08178
-0.00444388
0.000463285
-0.0125557
0.00104306
-0.0324221
0.00123436
-0.0468933
0.000909185
-0.0558792
0.000183774
-0.0612032
-0.000781281
-0.0649004
-0.00188595
-0.0682729
-0.00309471
-0.0718863
-0.00440544
-0.0759178
-0.0803841
-0.00580134
0.000403144
-0.0129588
0.000831395
-0.0328503
0.000837387
-0.0468993
0.000339559
-0.0553814
-0.000532569
-0.060331
-0.00162339
-0.0638095
-0.00284553
-0.0670507
-0.00417228
-0.0705596
-0.00560525
-0.0744848
-0.0788602
-0.00712916
0.000339352
-0.0132982
0.000617208
-0.0331282
0.000443946
-0.046726
-0.000218918
-0.0547185
-0.00123077
-0.0593192
-0.00244314
-0.0625972
-0.0037796
-0.0657142
-0.00522183
-0.0691174
-0.00677558
-0.072931
-0.0772107
-0.00842508
0.000272861
-0.013571
0.000402217
-0.0332575
6.81229e-05
-0.0463919
-0.000764982
-0.0538854
-0.00191034
-0.0581738
-0.00323944
-0.0612681
-0.00468728
-0.0642664
-0.00624252
-0.0675621
-0.00791498
-0.0712586
-0.0754393
-0.00968634
0.000205684
-0.0137767
0.00018829
-0.0332402
-0.000328629
-0.045875
-0.0012984
-0.0529156
-0.00256957
-0.0569027
-0.00401143
-0.0598262
-0.00556781
-0.06271
-0.0072336
-0.0658963
-0.00902198
-0.0694702
-0.0735523
-0.010909
0.000137192
-0.0139139
-4.3027e-06
-0.0330987
-0.000704268
-0.045175
-0.00181738
-0.0518025
-0.00320789
-0.0555122
-0.00475839
-0.0582757
-0.00642052
-0.0610479
-0.00819427
-0.0641226
-0.0100953
-0.0675692
-0.0715543
-0.0120932
6.22831e-05
-0.0139762
-0.000244923
-0.0327915
-0.00107203
-0.0443479
-0.0023191
-0.0505554
-0.00382444
-0.0540068
-0.00547985
-0.0566203
-0.00724498
-0.0592828
-0.00912397
-0.0622436
-0.0111349
-0.0655582
-0.0694427
-0.0132466
-1.58194e-05
-0.0139604
-0.000460421
-0.0323469
-0.00142926
-0.0433791
-0.00280273
-0.049182
-0.00441822
-0.0523913
-0.00617539
-0.0548631
-0.00804154
-0.0574166
-0.0100237
-0.0602615
-0.0121399
-0.0634421
-0.0672165
-0.014366
-8.5515e-05
-0.0138748
-0.000667134
-0.0317652
-0.00177418
-0.0422721
-0.00326794
-0.0476882
-0.0049886
-0.0506707
-0.00684449
-0.0530072
-0.00881084
-0.0554503
-0.0108968
-0.0581755
-0.0131051
-0.0612337
-0.0648912
-0.0154305
-0.000157253
-0.0137176
-0.000867076
-0.0310554
-0.00210593
-0.0410332
-0.00371399
-0.0460802
-0.0055349
-0.0488497
-0.00748615
-0.051056
-0.0095509
-0.0533855
-0.0117419
-0.0559845
-0.0140693
-0.0589064
-0.0626104
-0.01635
-0.000227981
-0.0134896
-0.00106035
-0.030223
-0.00242398
-0.0396696
-0.00414032
-0.0443638
-0.00605664
-0.0469334
-0.00809934
-0.0490133
-0.0102569
-0.051228
-0.0125303
-0.0537111
-0.0148836
-0.056553
-0.059817
-0.017677
-0.000296996
-0.0131926
-0.0012465
-0.0292735
-0.00272789
-0.0381882
-0.00454654
-0.0425452
-0.00655365
-0.0449263
-0.00868345
-0.0468835
-0.0109253
-0.0489861
-0.0132755
-0.0513609
-0.0157526
-0.0540759
-0.0570431
-0.0185265
-0.00036391
-0.0128287
-0.001425
-0.0282124
-0.00301728
-0.0365959
-0.00493235
-0.0406301
-0.00702563
-0.042833
-0.00923841
-0.0446707
-0.0115629
-0.0466617
-0.0140038
-0.0489199
-0.0165955
-0.0514842
-0.0542458
-0.0193928
-0.000428416
-0.0124003
-0.00159535
-0.0270455
-0.00329181
-0.0348994
-0.00529748
-0.0386244
-0.00747215
-0.0406584
-0.00976342
-0.0423794
-0.0121665
-0.0442586
-0.0146915
-0.0463949
-0.017369
-0.0488067
-0.0513972
-0.0202176
-0.000490245
-0.01191
-0.00175713
-0.0257786
-0.00355116
-0.0331054
-0.00564174
-0.0365338
-0.00789311
-0.038407
-0.0102587
-0.0400138
-0.0127371
-0.0417802
-0.0153414
-0.0437906
-0.018096
-0.0460522
-0.0484859
-0.0210073
-0.000549158
-0.0113609
-0.00190998
-0.0244178
-0.00379509
-0.0312203
-0.00596497
-0.034364
-0.00828834
-0.0360836
-0.0107241
-0.037578
-0.0132737
-0.0392306
-0.0159514
-0.0411129
-0.0187774
-0.0432263
-0.0455073
-0.0217559
-0.000604939
-0.0107559
-0.00205362
-0.0229691
-0.0040234
-0.0292505
-0.00626705
-0.0321203
-0.00865774
-0.0336929
-0.0111594
-0.0350764
-0.0137759
-0.0366141
-0.016522
-0.0383668
-0.0194155
-0.0403327
-0.0424615
-0.0224613
-0.000657397
-0.0100985
-0.00218778
-0.0214387
-0.00423591
-0.0272024
-0.00654789
-0.0298083
-0.00900124
-0.0312396
-0.0115645
-0.0325131
-0.0142434
-0.0339352
-0.0170531
-0.0355571
-0.0200105
-0.0373754
-0.0393503
-0.0231216
-0.000706365
-0.00939218
-0.00231227
-0.0198328
-0.00443249
-0.0250822
-0.00680743
-0.0274334
-0.00931877
-0.0287283
-0.0119391
-0.0298928
-0.014676
-0.0311983
-0.0175448
-0.0326883
-0.020562
-0.0343582
-0.036177
-0.0237353
-0.000751699
-0.00864048
-0.0024269
-0.0181576
-0.00461304
-0.022896
-0.00704562
-0.0250008
-0.00961025
-0.0261636
-0.0122832
-0.0272198
-0.0150735
-0.028408
-0.0179969
-0.0297649
-0.0210696
-0.0312854
-0.0329457
-0.024301
-0.000793273
-0.00784721
-0.00253154
-0.0164194
-0.00477748
-0.0206501
-0.00726241
-0.0225159
-0.00987563
-0.0235504
-0.0125967
-0.0244987
-0.0154358
-0.0255689
-0.0184091
-0.0267917
-0.0215329
-0.0281616
-0.0296608
-0.0248178
-0.000830978
-0.00701623
-0.00262606
-0.0146243
-0.00492574
-0.0183504
-0.00745777
-0.0199838
-0.0101149
-0.0208933
-0.0128794
-0.0217342
-0.0157627
-0.0226856
-0.0187812
-0.0237732
-0.0219513
-0.0249914
-0.0263273
-0.0252848
-0.000864722
-0.00615151
-0.00271037
-0.0127786
-0.00505777
-0.016003
-0.0076317
-0.0174099
-0.0103279
-0.0181971
-0.0131313
-0.0189307
-0.0160541
-0.0197628
-0.019113
-0.0207143
-0.0223245
-0.0217799
-0.0229503
-0.0257014
-0.000894426
-0.00525708
-0.00278438
-0.0108887
-0.00517353
-0.0136138
-0.00778416
-0.0147993
-0.0105147
-0.0154666
-0.0133523
-0.0160931
-0.0163098
-0.0168053
-0.0194042
-0.01762
-0.0226521
-0.018532
-0.0195353
-0.0260672
-0.000920025
-0.00433706
-0.00284802
-0.0089607
-0.00527301
-0.0111889
-0.00791515
-0.0121571
-0.0106753
-0.0127064
-0.0135423
-0.0132261
-0.0165297
-0.0138179
-0.0196547
-0.014495
-0.0229339
-0.0152528
-0.0160875
-0.0263817
-0.000941463
-0.00339559
-0.00290125
-0.00700091
-0.00535616
-0.00873395
-0.00802467
-0.00948861
-0.0108096
-0.0099215
-0.0137013
-0.0103344
-0.0167138
-0.0108054
-0.0198643
-0.0113444
-0.0231696
-0.0119475
-0.0126123
-0.0266448
-0.000958697
-0.0024369
-0.00294402
-0.00501558
-0.00542298
-0.006255
-0.00811272
-0.00679887
-0.0109176
-0.0071166
-0.0138292
-0.00742283
-0.0168619
-0.00777277
-0.020033
-0.00817327
-0.0233593
-0.00862122
-0.00911529
-0.0268564
-0.000971692
-0.00146521
-0.0029763
-0.00301097
-0.00547345
-0.00375785
-0.00817928
-0.00409304
-0.0109993
-0.00429653
-0.013926
-0.00449613
-0.016974
-0.00472478
-0.0201608
-0.0049865
-0.0235029
-0.00527908
-0.00560143
-0.0270168
-0.000980423
-0.00299807
-0.00550758
-0.00822438
-0.00137625
-0.0110548
-0.00146612
-0.0139918
-0.00155916
-0.0170501
-0.00166641
-0.0202474
-0.00178921
-0.0235999
-0.0019266
-0.00207483
-0.0271265
-0.00824801
-0.0110839
-0.0140264
-0.0170901
-0.0202927
-0.0236504
-0.0271755
0.0587274
0.00987435
-0.058237
0.0592162
0.0114245
0.0597023
0.0129783
0.060184
0.0145318
0.0606591
0.0160812
0.0611238
0.017622
0.0615717
0.0191487
0.0206548
0.0609431
0.0093835
-0.0604523
0.0614386
0.0109291
0.0619382
0.0124786
0.062441
0.014029
0.0629454
0.0155768
0.0634491
0.0171183
0.0639483
0.0186495
0.0201656
0.0632647
0.00890522
-0.0627865
0.0637549
0.0104389
0.0642566
0.0119769
0.0647695
0.0135162
0.0652924
0.0150539
0.0658238
0.0165869
0.0663613
0.0181119
0.0196253
0.0657316
0.00844505
-0.0652715
0.0662086
0.009962
0.0667027
0.0114827
0.0672142
0.0130047
0.0677429
0.0145252
0.0682883
0.0160416
0.0688492
0.017551
0.0190504
0.0683554
0.00800223
-0.0679126
0.0688185
0.00949892
0.0693026
0.0109987
0.0698081
0.0124991
0.0703357
0.0139976
0.0708854
0.0154918
0.0714573
0.0169791
0.0184569
0.0711302
0.0075741
-0.0707021
0.0715817
0.00904743
0.0720572
0.0105232
0.0725572
0.0119991
0.0730822
0.0134726
0.0736327
0.0149413
0.0742088
0.016403
0.0178552
0.0740546
0.00715912
-0.0736396
0.0744961
0.0086059
0.0749647
0.0100547
0.0754605
0.0115032
0.0759841
0.012949
0.0765355
0.0143898
0.0771151
0.0158234
0.0172475
0.0771281
0.00675521
-0.0767242
0.0775615
0.00817259
0.0780246
0.00959158
0.0785179
0.0110099
0.0790416
0.0124253
0.079596
0.0138355
0.080181
0.0152384
0.0166316
0.0803589
0.00636297
-0.0799666
0.0807838
0.00774761
0.0812419
0.00913354
0.0817332
0.0105185
0.082258
0.0119005
0.0828164
0.0132771
0.0834084
0.0146464
0.0160061
0.0837493
0.00598145
-0.0833678
0.0841668
0.00733019
0.0846203
0.00867994
0.0851103
0.0100286
0.0856368
0.011374
0.0861997
0.0127142
0.0867992
0.014047
0.0153704
0.0873058
0.00561016
-0.0869345
0.087716
0.00691992
0.0881655
0.00823044
0.0886544
0.00953968
0.0891828
0.0108456
0.0897506
0.0121463
0.0903579
0.0134398
0.0147239
0.0910343
0.00524871
-0.0906728
0.0914377
0.00651645
0.0918835
0.00778472
0.0923716
0.00905157
0.0929021
0.0103151
0.0934751
0.0115733
0.0940905
0.0128244
0.0140664
0.094942
0.00489672
-0.09459
0.095339
0.00611948
0.0957812
0.00734254
0.0962687
0.00856404
0.0968016
0.00978216
0.0973799
0.010995
0.0980034
0.0122009
0.0133978
0.099035
0.00455335
-0.0986916
0.0994261
0.00572831
0.0998653
0.00690335
0.100353
0.0080767
0.100888
0.00924661
0.101472
0.0104113
0.102104
0.0115691
0.0127182
0.103323
0.00421895
-0.102989
0.103709
0.00534314
0.104145
0.00646726
0.104632
0.00758959
0.10517
0.00870844
0.105759
0.00982215
0.106399
0.010929
0.0120275
0.107815
0.00389308
-0.107489
0.108194
0.00496367
0.108628
0.00603401
0.109115
0.00710249
0.109656
0.0081675
0.11025
0.00922744
0.110899
0.0102807
0.1116
0.0113258
0.012361
0.112519
0.00357556
-0.112202
0.112893
0.0045897
0.113324
0.00560346
0.113811
0.0066153
0.114355
0.00762369
0.114955
0.00862712
0.115612
0.00962408
0.116324
0.010613
0.0115925
0.117446
0.00326618
-0.117137
0.117815
0.00422103
0.118243
0.00517538
0.11873
0.00612779
0.119277
0.00707681
0.119883
0.00802102
0.120548
0.00895896
0.121272
0.00988921
0.0108104
0.122607
0.00296468
-0.122306
0.122971
0.0038574
0.123397
0.00474954
0.123885
0.00563974
0.124435
0.00652665
0.125047
0.0074089
0.125721
0.00828516
0.126456
0.00915407
0.0100143
0.128016
0.00267082
-0.127722
0.128375
0.00349855
0.128799
0.00432564
0.129288
0.00515083
0.129841
0.00597286
0.13046
0.00679045
0.131143
0.00760234
0.131889
0.00840728
0.00920401
0.133687
0.00238427
-0.1334
0.134041
0.00314411
0.134464
0.00390329
0.134954
0.00466064
0.135512
0.00541499
0.136137
0.00616516
0.136829
0.00690998
0.137588
0.0076483
0.00837894
0.139637
0.00210466
-0.139358
0.139988
0.00279365
0.140409
0.00348199
0.140901
0.00416861
0.141464
0.00485242
0.142096
0.00553237
0.142799
0.00620737
0.143571
0.00687636
0.00753827
0.145886
0.00183131
-0.145613
0.146233
0.00244645
0.146654
0.00306098
0.147149
0.00367391
0.147717
0.00428427
0.148359
0.00489112
0.149072
0.00549347
0.149858
0.00609036
0.00668084
0.152456
0.00156366
-0.152188
0.152801
0.00210178
0.153222
0.00263935
0.153721
0.00317551
0.154296
0.00370939
0.154947
0.00424013
0.155673
0.0047669
0.156475
0.00528882
0.00580506
0.159373
0.00130065
-0.15911
0.159716
0.00175852
0.160139
0.00221591
0.160643
0.00267207
0.161226
0.00312628
0.161888
0.0035778
0.162629
0.00402589
0.163448
0.00446983
0.00490886
0.166666
0.00104117
-0.166406
0.167009
0.00141534
0.167436
0.00178911
0.167946
0.00216189
0.168539
0.00253306
0.169215
0.00290202
0.169973
0.00326817
0.170812
0.00363089
0.00398959
0.174369
0.000783641
-0.174112
0.174714
0.00107044
0.175146
0.00135696
0.175665
0.00164272
0.176271
0.00192726
0.176963
0.00221011
0.177741
0.0024908
0.178603
0.00276886
0.00304382
0.182523
0.000526037
-0.182265
0.182872
0.000721574
0.183312
0.000916935
0.183843
0.0011118
0.184464
0.00130585
0.185175
0.00149875
0.185976
0.00169019
0.186865
0.00187984
0.00206737
0.191171
0.000265753
-0.190911
0.191527
0.000365798
0.191978
0.000465773
0.192524
0.000565512
0.193165
0.000664845
0.1939
0.000763609
0.194729
0.000861632
0.19565
0.000958751
0.0010548
0.200369
-0.200103
0.200735
0.201201
0.201766
0.202431
0.203195
0.204056
0.205015
0.0489373
-0.0166134
-0.0486739
0.0493601
-0.0158532
0.0498339
-0.0148398
0.0503192
-0.0137318
0.0508063
-0.0125804
0.0512969
-0.0113995
0.0517895
-0.0101789
0.0522826
-0.00891827
0.0527763
-0.00762279
0.0532707
-0.00629582
0.0537664
-0.00493952
0.0542638
-0.00355675
0.0547628
-0.0021535
0.0552541
-0.000743549
0.0557719
0.000730899
0.0562682
0.00224711
0.0567614
0.00375302
0.0572539
0.00526838
0.0577457
0.00679468
0.00833055
0.052176
-0.0170143
-0.0517751
0.0525398
-0.0162171
0.0529369
-0.0152369
0.0533521
-0.0141471
0.0537613
-0.0129896
0.0541687
-0.011807
0.0545815
-0.0105917
0.0549998
-0.00933663
0.0554232
-0.00804615
0.0558521
-0.0067247
0.0562868
-0.00537429
0.0567273
-0.00399719
0.0571702
-0.00259642
0.0576051
-0.00117847
0.0580771
0.000258965
0.0585424
0.00178177
0.0590115
0.0032839
0.0594862
0.00479367
0.0599666
0.00631434
0.00784483
0.0554858
-0.0173607
-0.0551394
0.0558025
-0.0165338
0.0561257
-0.0155601
0.0564696
-0.014491
0.0568159
-0.0133359
0.0571603
-0.0121513
0.0575096
-0.0109411
0.0578667
-0.00969369
0.0582304
-0.0084099
0.0586006
-0.00709489
0.0589776
-0.00575128
0.0593613
-0.00438086
0.0597503
-0.00298539
0.0601427
-0.00157086
0.0605622
-0.00016056
0.060987
0.00135692
0.0614206
0.00285029
0.0618648
0.00434953
0.0623199
0.00585923
0.00737828
0.0589084
-0.0176277
-0.0586414
0.0591641
-0.0167896
0.0594199
-0.0158159
0.0596926
-0.0147637
0.0599751
-0.0136184
0.0602593
-0.0124356
0.0605488
-0.0112305
0.0608473
-0.00999226
0.0611552
-0.00871772
0.0614717
-0.00741142
0.0617975
-0.00607706
0.0621333
-0.00471667
0.0624802
-0.0033323
0.0628376
-0.00192824
0.0631908
-0.000513766
0.0635847
0.000962973
0.0639855
0.00244955
0.0643989
0.00393605
0.0648274
0.00543075
0.00693423
0.0624428
-0.0178228
-0.0622477
0.0626378
-0.0169845
0.0628305
-0.0160085
0.0630351
-0.0149683
0.0632526
-0.0138359
0.0634764
-0.0126594
0.0637069
-0.011461
0.0639477
-0.010233
0.0642002
-0.00897025
0.0644644
-0.00767561
0.0647406
-0.00635328
0.0650295
-0.0050056
0.0653316
-0.00363442
0.065646
-0.00224261
0.0659695
-0.000837288
0.0663281
0.000604456
0.0666985
0.00207909
0.067085
0.00354958
0.0674894
0.0050264
0.00651096
0.0661049
-0.0179478
-0.0659798
0.0662365
-0.0171162
0.0663655
-0.0161375
0.0665028
-0.0151055
0.0666543
-0.0139874
0.0668166
-0.0128217
0.0669883
-0.0116327
0.0671721
-0.0104168
0.0673702
-0.00916831
0.067583
-0.00788846
0.067811
-0.00658123
0.0680547
-0.00524931
0.0683149
-0.00389464
0.068592
-0.00251972
0.0688841
-0.00112942
0.0692109
0.000277654
0.0695522
0.00173781
0.0699137
0.00318811
0.0702967
0.00464333
0.00610561
0.0699031
-0.0179998
-0.0698511
0.0699667
-0.0171798
0.0700297
-0.0162006
0.0700996
-0.0151755
0.070185
-0.0140727
0.0702851
-0.0129219
0.0703984
-0.011746
0.0705264
-0.0105448
0.0706712
-0.00931315
0.0708341
-0.00805132
0.0710155
-0.0067626
0.0712159
-0.00544975
0.0714359
-0.00411464
0.071675
-0.0027588
0.071932
-0.00138643
0.072236
-2.62935e-05
0.0725479
0.00142591
0.0728867
0.00284924
0.0732506
0.00427944
0.00571658
0.0738393
-0.0179765
-0.0738626
0.073831
-0.0171715
0.0738261
-0.0161957
0.0738291
-0.0151785
0.073849
-0.0140926
0.0738873
-0.0129602
0.0739427
-0.0118014
0.0740159
-0.010618
0.0741089
-0.00940616
0.0742232
-0.00816559
0.0743596
-0.00689897
0.0745189
-0.00560908
0.0747023
-0.00429809
0.0749116
-0.00296808
0.0751476
-0.0016224
0.0753915
-0.000270195
0.0756853
0.00113206
0.0760033
0.00253127
0.0763493
0.00393342
0.00534167
0.0779142
-0.0178777
-0.078013
0.0778325
-0.0170899
0.0777588
-0.0161219
0.0776956
-0.0151152
0.0776512
-0.0140482
0.0776285
-0.0129376
0.0776268
-0.0117997
0.0776464
-0.0106376
0.0776889
-0.00944866
0.0777559
-0.00823256
0.0778484
-0.00699143
0.0779672
-0.00572788
0.0781131
-0.00444401
0.0782868
-0.00314177
0.0784879
-0.00182353
0.0787141
-0.000496385
0.0789813
0.000864867
0.0792786
0.00223394
0.0796067
0.0036053
0.00498179
0.0821307
-0.0177043
-0.0823041
0.0819756
-0.0169348
0.081833
-0.0159794
0.0817045
-0.0149867
0.0815973
-0.013941
0.0815149
-0.0128551
0.0814571
-0.011742
0.0814243
-0.0106047
0.0814175
-0.00944189
0.0814383
-0.00825341
0.0814879
-0.00704102
0.0815671
-0.00580706
0.0816767
-0.00455356
0.0818173
-0.00328242
0.0819896
-0.00199582
0.0821917
-0.000698482
0.0824343
0.000622228
0.0827108
0.00195751
0.0830218
0.00329428
0.00463577
0.086494
-0.0174574
-0.086741
0.0862663
-0.016707
0.0860555
-0.0157686
0.0858627
-0.0147939
0.0856942
-0.0137725
0.0855534
-0.0127143
0.0854407
-0.0116294
0.0853564
-0.0105204
0.0853016
-0.00938702
0.0852775
-0.00822933
0.0852853
-0.00704889
0.0853261
-0.00584777
0.0854004
-0.00462793
0.0855092
-0.00339117
0.0856529
-0.00213952
0.0858308
-0.000876416
0.0860508
0.000402214
0.0863074
0.00170099
0.0866018
0.00299984
0.00430309
0.0910111
-0.0171382
-0.0913303
0.0907118
-0.0164077
0.0904338
-0.0154906
0.0901779
-0.014538
0.0899494
-0.013544
0.0897517
-0.0125166
0.0895853
-0.011463
0.0894507
-0.0103858
0.0893488
-0.00928512
0.0892809
-0.0081614
0.089248
-0.00701607
0.0892513
-0.00585098
0.0892913
-0.00466798
0.0893689
-0.0034688
0.0894848
-0.00225537
0.0896388
-0.00103044
0.0898375
0.00020349
0.0900748
0.00146372
0.0903531
0.00272155
0.00398337
0.0956899
-0.0167479
-0.0960801
0.0953205
-0.0160383
0.0949764
-0.0151465
0.0946586
-0.0142202
0.0943716
-0.0132569
0.0941181
-0.0122631
0.0938991
-0.0112441
0.0937152
-0.0102019
0.0935673
-0.00913722
0.0934566
-0.00805063
0.093384
-0.00694352
0.0933506
-0.00581759
0.0933572
-0.0046745
0.0934043
-0.0035159
0.0934924
-0.00234347
0.0936215
-0.00115958
0.0938018
2.31436e-05
0.0940199
0.00124566
0.0942827
0.00245875
0.00367605
0.100539
-0.0162878
-0.100999
0.100101
-0.0156004
0.0996925
-0.0147377
0.099314
-0.0138417
0.0989695
-0.0129124
0.0986614
-0.011955
0.098391
-0.0109736
0.0981588
-0.00996976
0.0979658
-0.00894422
0.0978131
-0.00789791
0.0977017
-0.00683216
0.0976327
-0.00574853
0.0976068
-0.00464862
0.0976249
-0.00353404
0.0976879
-0.00240645
0.0977963
-0.00126798
0.0979451
-0.000125676
0.0981473
0.00104351
0.0983958
0.00221022
0.00338026
0.105569
-0.0157591
-0.106098
0.105064
-0.0150953
0.104592
-0.0142654
0.104154
-0.0134035
0.103753
-0.0125114
0.103391
-0.0115935
0.10307
-0.0106526
0.10279
-0.0096901
0.102553
-0.00870686
0.102359
-0.0077039
0.102209
-0.00668255
0.102105
-0.00564426
0.102047
-0.00459054
0.102036
-0.00352291
0.102072
-0.00244294
0.102157
-0.00135242
0.102287
-0.000255801
0.102471
0.00085932
0.102705
0.00197633
0.00309632
0.11079
-0.0151629
-0.111386
0.110219
-0.0145245
0.109684
-0.0137308
0.109188
-0.0129066
0.108731
-0.0120549
0.108317
-0.0111793
0.107946
-0.0102818
0.10762
-0.00936367
0.107339
-0.00842575
0.107104
-0.00746915
0.106916
-0.00649516
0.106777
-0.00550517
0.106687
-0.00450057
0.106647
-0.00348279
0.106658
-0.00245332
0.106719
-0.0014138
0.106831
-0.000367396
0.106997
0.000692786
0.107217
0.00175692
0.0028238
0.116213
-0.0145002
-0.116875
0.115577
-0.0138893
0.114982
-0.0131349
0.114427
-0.012352
0.113916
-0.0115437
0.11345
-0.0107131
0.11303
-0.00986191
0.112657
-0.00899103
0.112333
-0.00810138
0.112058
-0.0071941
0.111833
-0.00627042
0.111659
-0.00533164
0.111538
-0.00437909
0.111469
-0.00341412
0.111454
-0.00243813
0.111493
-0.00145262
0.111586
-0.000460015
0.111735
0.000543264
0.11194
0.00155166
0.00256251
0.12185
-0.0137719
-0.122578
0.121151
-0.0131908
0.120495
-0.0124789
0.119884
-0.0117403
0.119318
-0.0109783
0.118801
-0.0101956
0.118332
-0.00939342
0.117914
-0.00857265
0.117547
-0.00773418
0.117232
-0.00687912
0.11697
-0.00600865
0.116762
-0.00512401
0.11661
-0.00422643
0.116513
-0.0033172
0.116472
-0.00239762
0.116489
-0.00146909
0.116562
-0.000533558
0.116695
0.000410459
0.116886
0.00136028
0.00231224
0.127715
-0.0129786
-0.128508
0.126954
-0.0124299
0.126238
-0.0117633
0.12557
-0.0110721
0.124951
-0.0103592
0.124383
-0.00962711
0.123866
-0.00887674
0.123402
-0.00810888
0.122992
-0.00732444
0.122638
-0.00652447
0.122339
-0.0057101
0.122098
-0.00488248
0.121914
-0.00404279
0.121789
-0.0031922
0.121723
-0.00233196
0.121718
-0.00146336
0.121772
-0.000588032
0.121888
0.000294129
0.122066
0.00118254
0.00207271
0.133822
-0.0121209
-0.13468
0.132999
-0.0116075
0.132225
-0.0109889
0.131501
-0.0103478
0.130828
-0.00968686
0.130209
-0.00900798
0.129645
-0.00831211
0.129136
-0.00759994
0.128684
-0.00687234
0.128289
-0.00613031
0.127954
-0.00537491
0.127679
-0.0046072
0.127465
-0.00382829
0.127312
-0.00303927
0.127221
-0.0022413
0.127193
-0.00143558
0.127229
-0.00062351
0.127329
0.000194054
0.127493
0.00101819
0.0018437
0.140188
-0.0111993
-0.14111
0.139304
-0.0107239
0.138471
-0.0101561
0.137691
-0.00956776
0.136966
-0.00896133
0.136296
-0.00833835
0.135684
-0.00769966
0.13513
-0.00704593
0.134635
-0.00637797
0.134202
-0.00569672
0.13383
-0.00500314
0.133521
-0.00429824
0.133276
-0.00358302
0.133095
-0.0028585
0.13298
-0.00212575
0.13293
-0.00138586
0.132946
-0.000640083
0.13303
0.000109981
0.133182
0.000867014
0.00162492
0.146831
-0.0102138
-0.147816
0.145886
-0.0097795
0.144995
-0.00926497
0.14416
-0.00873204
0.143381
-0.0081827
0.142661
-0.00761823
0.142
-0.0070394
0.141401
-0.00644684
0.140865
-0.00584131
0.140392
-0.00522366
0.139983
-0.00459479
0.139641
-0.0039556
0.139365
-0.003307
0.139156
-0.00264996
0.139016
-0.00198541
0.138944
-0.00131437
0.138942
-0.000637922
0.139011
4.15431e-05
0.139149
0.000728731
0.00141607
0.153771
-0.00916453
-0.15482
0.152766
-0.00877435
0.151816
-0.00831559
0.150925
-0.00784056
0.150093
-0.00735083
0.149322
-0.00684748
0.148614
-0.00633118
0.14797
-0.00580254
0.147391
-0.00526224
0.146878
-0.00471105
0.146433
-0.00414978
0.146057
-0.00357924
0.14575
-0.00300024
0.145514
-0.00241365
0.145349
-0.00182032
0.145255
-0.00122114
0.145235
-0.000617096
0.145288
-1.14755e-05
0.145413
0.000602926
0.00121653
0.161031
-0.00805127
-0.162145
0.159965
-0.00770827
0.158957
-0.00730772
0.15801
-0.00689306
0.157125
-0.00646547
0.156303
-0.00602584
0.155547
-0.00557477
0.154857
-0.00511281
0.154235
-0.00464058
0.153683
-0.00415876
0.153201
-0.00366806
0.152791
-0.00316918
0.152454
-0.00266286
0.15219
-0.00214985
0.152001
-0.00163091
0.151886
-0.00110683
0.151848
-0.000578439
0.151884
-4.74495e-05
0.151998
0.00048888
0.0010258
0.168638
-0.00687366
-0.169816
0.167511
-0.00658087
0.166444
-0.00624095
0.16544
-0.0058891
0.164501
-0.00552618
0.163628
-0.0051529
0.162823
-0.00476978
0.162087
-0.00437731
0.161423
-0.00397604
0.16083
-0.00356654
0.160312
-0.0031494
0.159868
-0.00272525
0.1595
-0.00229471
0.159208
-0.00185842
0.158994
-0.00141704
0.158859
-0.000971231
0.158802
-0.000521712
0.158824
-6.96851e-05
0.158927
0.000386215
0.000843007
0.17662
-0.00563117
-0.177862
0.17543
-0.00539156
0.174304
-0.00511469
0.173243
-0.0048281
0.172249
-0.00453241
0.171325
-0.00422815
0.170471
-0.00391576
0.169689
-0.00359566
0.168981
-0.00326829
0.168349
-0.00293414
0.167793
-0.00259369
0.167315
-0.00224744
0.166917
-0.00189592
0.166598
-0.00153965
0.16636
-0.00117916
0.166204
-0.000815022
0.16613
-0.000447798
0.166138
-7.83405e-05
0.166231
0.000293967
0.000667213
0.18501
-0.00432315
-0.186318
0.183758
-0.0041396
0.182571
-0.00392821
0.181452
-0.00370938
0.180403
-0.00348351
0.179426
-0.003251
0.178523
-0.00301219
0.177694
-0.00276741
0.176943
-0.00251701
0.17627
-0.00226134
0.175678
-0.0020008
0.175166
-0.00173576
0.174737
-0.00146662
0.174391
-0.0011938
0.174129
-0.000917704
0.173953
-0.000638758
0.173863
-0.000357415
0.173859
-7.42847e-05
0.173942
0.00021096
0.000497018
0.193844
-0.0029489
-0.195218
0.192529
-0.00282413
0.191281
-0.00268069
0.190104
-0.00253217
0.188999
-0.00237883
0.187969
-0.00222089
0.187015
-0.00205861
0.18614
-0.00189221
0.185345
-0.00172194
0.184632
-0.00154804
0.184002
-0.00137076
0.183456
-0.00119039
0.182997
-0.00100718
0.182625
-0.00082141
0.18234
-0.000633374
0.182145
-0.00044336
0.182039
-0.00025167
0.182024
-5.86789e-05
0.182099
0.000135667
0.000330644
0.203165
-0.00150777
-0.204606
0.201785
-0.00144431
0.200476
-0.0013713
0.199239
-0.00129569
0.198078
-0.0012176
0.196994
-0.00113714
0.19599
-0.00105444
0.195067
-0.00096961
0.194228
-0.000882779
0.193474
-0.000794068
0.192807
-0.000703611
0.192228
-0.000611541
0.191739
-0.000517998
0.191341
-0.000423124
0.191034
-0.000327066
0.190821
-0.000229973
0.190701
-0.000132012
0.190676
-3.34139e-05
0.190746
6.60348e-05
0.000165795
0.213017
-0.214525
0.211573
0.210202
0.208906
0.207688
0.206551
0.205497
0.204527
0.203644
0.20285
0.202147
0.201535
0.201017
0.200594
0.200267
0.200037
0.199905
0.199872
0.199938
0.0503753
0.00109192
-0.00101623
0.0502226
0.00162908
-0.00147645
0.0499378
0.00332945
-0.00304465
0.0496107
0.00404949
-0.00372238
0.0491704
0.00622262
-0.00578226
0.0487145
0.00749736
-0.0070415
0.0481689
0.0102243
-0.00967864
0.0476572
0.011944
-0.0114323
0.0470963
0.0151354
-0.0145745
0.0466753
0.0170519
-0.0166309
0.0462614
0.0206191
-0.0202052
0.0461987
0.0222841
-0.0222214
0.0461776
0.0262256
-0.0262045
0.0469871
0.0266535
-0.0274629
0.0309254
-0.0326123
0.0528452
0.00116797
0.0526938
0.0017805
0.0524051
0.00361813
0.0520825
0.0043721
0.051644
0.0066611
0.051205
0.00793639
0.0506792
0.01075
0.0502129
0.0124104
0.0497086
0.0156396
0.0493816
0.0173788
0.0490899
0.0209109
0.049177
0.022197
0.0494504
0.0259522
0.0503577
0.0257461
0.0295081
0.055437
0.00124347
0.0552872
0.00193033
0.0549993
0.00390603
0.0546832
0.00468816
0.0542542
0.00709007
0.0538367
0.00835391
0.0533417
0.0112451
0.0529267
0.0128254
0.0524919
0.0160744
0.05226
0.0176107
0.052102
0.0210689
0.0523192
0.0219798
0.0528082
0.0254633
0.0536659
0.0248883
0.0280346
0.0581561
0.00131804
0.0580096
0.0020768
0.057725
0.00419059
0.0574196
0.00499358
0.0570054
0.00750433
0.0566162
0.0087431
0.05616
0.0117013
0.0558042
0.0131811
0.0554489
0.0164298
0.0553129
0.0177467
0.0552925
0.0210893
0.0556114
0.0216609
0.0562557
0.024819
0.0571296
0.0240144
0.0265229
0.0610085
0.00139141
0.0608672
0.00221812
0.0605885
0.00446922
0.0602977
0.00528442
0.0599035
0.00789854
0.0595486
0.009098
0.0591399
0.01211
0.0588487
0.0134722
0.0585841
0.0166944
0.0585411
0.0177897
0.0586607
0.0209697
0.0590633
0.0212582
0.0598356
0.0240468
0.0607641
0.0230859
0.0250392
0.0640008
0.00146328
0.0638665
0.00235245
0.0635967
0.00473902
0.063324
0.0055571
0.0629557
0.0082668
0.0626399
0.00941385
0.0622879
0.012462
0.0620641
0.013696
0.0619005
0.016858
0.0619463
0.0177439
0.0622037
0.0207123
0.0626849
0.0207771
0.0635606
0.0231711
0.0645435
0.0221029
0.0236029
0.0671401
0.00153317
0.0670143
0.00247818
0.066757
0.00499641
0.0665054
0.00580866
0.0661699
0.00860225
0.0658964
0.00968743
0.0656109
0.0127475
0.0654554
0.0138515
0.0654006
0.0169128
0.0655317
0.0176128
0.0659187
0.0203254
0.0664777
0.0202181
0.0674302
0.0222186
0.068455
0.021078
0.0222068
0.0704338
0.00160019
0.0703179
0.00259414
0.0700774
0.00523684
0.0698491
0.00603695
0.0695544
0.00889704
0.069325
0.00991677
0.0691156
0.0129568
0.0690286
0.0139386
0.0690864
0.016855
0.0693011
0.0173981
0.0698043
0.0198221
0.0704389
0.0195835
0.0714453
0.0212122
0.0724993
0.0200241
0.0208436
0.0738901
0.00166294
0.0737845
0.00269974
0.0735665
0.00545479
0.0733629
0.00624058
0.0731172
0.00914277
0.0729337
0.0101003
0.0728082
0.0130823
0.0727907
0.0139561
0.0729597
0.0166859
0.0732576
0.0171001
0.073861
0.0192187
0.0745663
0.0188782
0.0756095
0.0201691
0.0766817
0.0189519
0.0195123
0.0775174
0.00171947
0.0774221
0.00279503
0.0772329
0.00564402
0.077055
0.00641849
0.0768664
0.00933132
0.0767309
0.0102358
0.0766942
0.013119
0.0767482
0.0139021
0.0770232
0.016411
0.0774039
0.0167194
0.0780911
0.0185316
0.0788597
0.0181096
0.0799272
0.0191016
0.0810076
0.0178715
0.0182157
0.0813244
0.00176735
0.081239
0.00288038
0.081085
0.00579805
0.0809343
0.00656921
0.0808097
0.00945592
0.0807252
0.0103202
0.0807792
0.013065
0.0809076
0.0137737
0.0812802
0.0160383
0.0817419
0.0162577
0.0824982
0.0177753
0.0833208
0.017287
0.0844027
0.0180196
0.0854824
0.0167918
0.0169571
0.08532
0.00180393
0.0852442
0.0029562
0.0851315
0.0059107
0.0850103
0.00669041
0.0849545
0.00951172
0.0849253
0.0103495
0.0850688
0.0129215
0.0852742
0.0135683
0.0857352
0.0155774
0.086274
0.0157189
0.0870867
0.0169626
0.0879529
0.0164207
0.0890411
0.0169314
0.0901125
0.0157205
0.0157393
0.0895133
0.00182663
0.0894471
0.00302241
0.089381
0.00597676
0.0892929
0.00677856
0.0893085
0.00949612
0.0893393
0.0103187
0.0895691
0.0126916
0.0898532
0.0132843
0.090393
0.0150376
0.0910031
0.0151088
0.0918613
0.0161044
0.0927609
0.0155212
0.093848
0.0158442
0.0949051
0.0146634
0.0145643
0.0939135
0.0018332
0.093858
0.00307795
0.0938421
0.00599261
0.0937917
0.00682894
0.0938792
0.00940864
0.0939752
0.0102227
0.0942865
0.0123803
0.0946494
0.0129214
0.0952589
0.0144281
0.0959328
0.0144349
0.0968271
0.0152101
0.0977505
0.0145978
0.0988302
0.0147645
0.0998685
0.0136251
0.0134334
0.09853
0.00182204
0.0984872
0.00312069
0.0985235
0.00595639
0.0985166
0.00683583
0.0986747
0.00925052
0.0988403
0.010057
0.0992278
0.0119928
0.0996675
0.0124817
0.100338
0.0137572
0.101068
0.0137053
0.10199
0.0142882
0.102929
0.013659
0.103995
0.0136979
0.105012
0.012609
0.0123471
0.103372
0.00179234
0.103346
0.00314726
0.103434
0.00586799
0.103477
0.00679302
0.103703
0.00902415
0.103942
0.00981858
0.1044
0.0115345
0.104913
0.011969
0.105638
0.0130324
0.106414
0.0129288
0.107356
0.0133463
0.108303
0.0127118
0.109352
0.0126486
0.110344
0.0116175
0.011305
0.108451
0.00174418
0.108445
0.00315333
0.108584
0.00572876
0.108683
0.00669454
0.108974
0.0087323
0.109287
0.00950593
0.109811
0.0110103
0.110392
0.0113884
0.111163
0.0122608
0.111979
0.0121135
0.112934
0.0123914
0.113883
0.0117624
0.114911
0.0116202
0.115877
0.0106524
0.0103062
0.113776
0.00167839
0.113796
0.00313385
0.113984
0.00554095
0.114143
0.00653543
0.114497
0.00837768
0.114884
0.00911968
0.115469
0.0104251
0.116111
0.0107463
0.116923
0.0114493
0.117769
0.011267
0.118731
0.0114294
0.119678
0.0108155
0.120683
0.0106149
0.121621
0.00971456
0.00934917
0.11936
0.00159646
0.11941
0.00308372
0.119644
0.00530707
0.119868
0.00631229
0.120283
0.00796262
0.12074
0.00866218
0.121382
0.00978334
0.122079
0.0100492
0.122924
0.0106039
0.123795
0.010396
0.124759
0.0104652
0.1257
0.00987504
0.126681
0.00963408
0.127591
0.00880427
0.00843211
0.125215
0.00150021
0.1253
0.00299828
0.125578
0.00502927
0.125867
0.00602368
0.12634
0.00748922
0.126865
0.00813702
0.127559
0.00908962
0.128305
0.00930345
0.129178
0.0097307
0.130068
0.00950619
0.13103
0.00950286
0.131961
0.00894395
0.132917
0.00867841
0.1338
0.00792113
0.00755271
0.131354
0.00139154
0.131478
0.00287389
0.131798
0.00470904
0.132152
0.00567003
0.132682
0.0069595
0.13327
0.00754852
0.134012
0.00834841
0.1348
0.00851502
0.135696
0.00883463
0.1366
0.00860251
0.137557
0.00854513
0.138477
0.00802403
0.139408
0.00774759
0.140265
0.00706411
0.00670835
0.137791
0.00127208
0.137957
0.00270825
0.138318
0.00434715
0.138735
0.00525325
0.139319
0.00637557
0.139966
0.00690122
0.140751
0.00756401
0.141577
0.00768923
0.142491
0.00791991
0.143405
0.00768863
0.144357
0.00759383
0.145264
0.00711615
0.146171
0.00684059
0.147004
0.00623162
0.00589607
0.144541
0.00114311
0.144749
0.0025005
0.145152
0.00394391
0.145629
0.0047762
0.146265
0.00573975
0.146967
0.00619955
0.147791
0.00674035
0.148649
0.0068305
0.14958
0.00698964
0.150501
0.00676705
0.151445
0.00664959
0.152341
0.00622009
0.153226
0.00595558
0.154037
0.00542142
0.0051125
0.151621
0.00100542
0.151871
0.00225113
0.152315
0.00349941
0.152849
0.00424221
0.153534
0.0050545
0.154286
0.00544754
0.155146
0.00588068
0.156034
0.00594225
0.156978
0.00604571
0.157906
0.00583901
0.158844
0.00571187
0.159729
0.0053346
0.160595
0.00508988
0.161386
0.00463057
0.00435378
0.159047
0.000859368
0.159336
0.00196163
0.159822
0.00301385
0.16041
0.00365451
0.161142
0.00432219
0.161941
0.00464862
0.162834
0.00498733
0.16375
0.00502666
0.164707
0.00508863
0.165642
0.00490429
0.166575
0.00477879
0.167452
0.00445724
0.168302
0.0042398
0.169077
0.00385536
0.00361543
0.166836
0.000704986
0.167163
0.00163415
0.167689
0.00248778
0.168328
0.00301606
0.169105
0.0035449
0.169948
0.0038054
0.170874
0.00406146
0.171816
0.00408443
0.172788
0.00411734
0.173731
0.00396111
0.174662
0.003847
0.175536
0.00358422
0.176375
0.00340055
0.177139
0.00309107
0.0028922
0.175006
0.000542091
0.175368
0.00127121
0.175934
0.00192208
0.176621
0.00232937
0.177442
0.00272405
0.178328
0.00291946
0.179286
0.00310279
0.180256
0.00311464
0.181244
0.00312898
0.1822
0.00300591
0.183135
0.00291148
0.184009
0.00271024
0.184844
0.00256593
0.185603
0.0023318
0.00217774
0.183575
0.000370411
0.183971
0.000875478
0.184575
0.00131793
0.185308
0.00159664
0.186172
0.00186028
0.1871
0.00199109
0.188094
0.0021094
0.189094
0.00211441
0.190104
0.00211864
0.191077
0.00203306
0.192023
0.00196521
0.192905
0.00182818
0.193743
0.00172805
0.194505
0.00157007
0.00146431
0.192565
0.000189704
0.19299
0.000449744
0.193632
0.000676749
0.194408
0.000819692
0.195315
0.000953302
0.196287
0.00101916
0.197319
0.0010775
0.198355
0.00107872
0.199395
0.00107904
0.200393
0.00103453
0.20136
0.000998777
0.202259
0.000928693
0.20311
0.000877042
0.203883
0.000796666
0.000741812
0.201994
0.202443
0.20312
0.20394
0.204893
0.205912
0.20699
0.208068
0.209147
0.210182
0.211181
0.212109
0.212987
0.213783
0.0357654
-0.000665957
0.0360782
-0.00131289
0.0362313
-0.00177162
0.0363077
-0.00211809
0.0362223
-0.00224149
0.0360598
-0.00225345
0.0357241
-0.00211507
0.0352963
-0.00195853
0.0346781
-0.00169253
0.0339416
-0.00147275
0.0329876
-0.00115621
0.0318895
-0.000925621
0.0305331
-0.00057595
0.029025
-0.000357525
6.62686e-05
0.0357582
-0.00106878
0.036065
-0.00161968
0.0362129
-0.00191956
0.0362846
-0.0021898
0.0361951
-0.00215198
0.0360282
-0.00208655
0.0356885
-0.00177537
0.0352566
-0.00152667
0.0346343
-0.00107019
0.0338942
-0.00073265
0.0329369
-0.000198857
0.0318339
0.000177372
0.0304748
0.00078313
0.0289621
0.00115516
0.00190186
0.0357436
-0.00145701
0.0360374
-0.00191355
0.0361742
-0.00205629
0.0362354
-0.00225099
0.0361366
-0.00205328
0.0359605
-0.00191037
0.0356123
-0.00142717
0.0351723
-0.00108675
0.0345439
-0.000441761
0.0337909
2.03669e-05
0.0328319
0.000760116
0.0317293
0.00128
0.030366
0.00214647
0.0288558
0.00266528
0.0037409
0.0357216
-0.00182331
0.0359957
-0.00218758
0.0361151
-0.00217573
0.03616
-0.00229584
0.036047
-0.00194027
0.0358566
-0.00172004
0.0354958
-0.00106635
0.0350433
-0.000634284
0.0343988
0.000202803
0.0336495
0.000769606
0.032677
0.00173264
0.0315678
0.00238926
0.030202
0.00351218
0.0286925
0.00417484
0.00557704
0.0356924
-0.00216041
0.0359398
-0.00243493
0.0360359
-0.00227181
0.0360586
-0.00231854
0.0359262
-0.00180788
0.0357165
-0.0015104
0.0353397
-0.000689543
0.034868
-0.000162566
0.0342171
0.000853731
0.0334499
0.00153679
0.0324682
0.00271435
0.0313522
0.00350527
0.0299831
0.00488127
0.0284751
0.00568277
0.00740742
0.035656
-0.00246107
0.0358698
-0.00264878
0.0359365
-0.0023385
0.0359313
-0.0023133
0.0357744
-0.001651
0.0355409
-0.00127687
0.0351415
-0.000290145
0.0346549
0.000324039
0.0339831
0.0015255
0.0332011
0.0023188
0.0322069
0.00370855
0.031083
0.00462918
0.0297097
0.00625461
0.0282042
0.00718826
0.00922993
0.0356124
-0.0027181
0.035786
-0.00282237
0.0358173
-0.0023698
0.0357784
-0.00227443
0.0355917
-0.00146433
0.0353294
-0.00101453
0.0349062
0.000133033
0.034396
0.000834263
0.0337027
0.00221881
0.0329029
0.00311857
0.0318934
0.00471802
0.03076
0.00576255
0.0293817
0.00763296
0.0278794
0.00869059
0.0110421
0.0355616
-0.00292438
0.0356883
-0.00294903
0.0356782
-0.00235975
0.0356001
-0.00219627
0.0353787
-0.00124298
0.0350819
-0.000717682
0.0346329
0.000581962
0.0340932
0.001374
0.0333759
0.00293615
0.032555
0.00393947
0.0315278
0.00574521
0.0303834
0.00690693
0.0289992
0.00901714
0.0275007
0.0101891
0.0128414
0.0355038
-0.00307285
0.0355769
-0.00302216
0.0355196
-0.00230243
0.0353966
-0.0020732
0.0351362
-0.00098259
0.0348019
-0.000383384
0.034319
0.00106482
0.0337477
0.00194526
0.0330028
0.00368107
0.0321577
0.00478461
0.0311104
0.0067925
0.0299534
0.00806394
0.0285625
0.010408
0.0270685
0.0116831
0.0146251
0.035439
-0.00315655
0.0354522
-0.00303528
0.0353417
-0.00219199
0.0351678
-0.00189925
0.0348649
-0.000679713
0.0344861
-4.6004e-06
0.0339673
0.00158367
0.0333599
0.00255261
0.0325841
0.00445686
0.0317115
0.00565724
0.0306417
0.00786227
0.0294703
0.00923534
0.0280718
0.0118065
0.0265831
0.0131718
0.0163904
0.0353674
-0.00316863
0.0353141
-0.00298198
0.0351448
-0.00202266
0.0349151
-0.00166955
0.0345612
-0.000325801
0.0341407
0.000415909
0.0335774
0.00214693
0.0329302
0.00319977
0.0321204
0.00526674
0.0312169
0.00656073
0.0301224
0.00895677
0.0289347
0.010423
0.0275278
0.0132135
0.0260451
0.0146544
0.0181345
0.035289
-0.00310231
0.035163
-0.00285599
0.0349288
-0.00178845
0.0346384
-0.0013791
0.0342321
8.04605e-05
0.0337582
0.000889842
0.0331504
0.00275468
0.0324592
0.00389097
0.0316123
0.0061137
0.0306745
0.00749854
0.0295531
0.0100782
0.0283472
0.0116288
0.026931
0.0146297
0.0254555
0.01613
0.0198547
0.035204
-0.00295097
0.0349992
-0.00265117
0.0346947
-0.00148392
0.0343371
-0.00102149
0.0338747
0.000542783
0.0333432
0.00142139
0.0326869
0.00341095
0.0319478
0.00463011
0.0310606
0.00700083
0.030085
0.00847423
0.0289348
0.0112284
0.0277086
0.012855
0.0262825
0.0160557
0.0248153
0.0175972
0.0215484
0.0351125
-0.0027081
0.0348228
-0.00236146
0.0344427
-0.00110386
0.0340145
-0.000593332
0.0334885
0.00106886
0.0328968
0.00201301
0.0321877
0.00412011
0.0313968
0.00542103
0.0304664
0.00793115
0.0294493
0.00949134
0.0282686
0.0124091
0.0270197
0.0141038
0.0255835
0.0174919
0.0241262
0.0190545
0.0232133
0.0350146
-0.00236734
0.034634
-0.00198092
0.0341735
-0.000643286
0.0336688
-8.86446e-05
0.0330754
0.0016622
0.0324194
0.00266905
0.0316536
0.00488588
0.0308073
0.00626735
0.0298308
0.00890766
0.0287688
0.0105534
0.0275559
0.013622
0.0262818
0.0153779
0.0248358
0.0189379
0.0233904
0.0205
0.0248477
0.0349104
-0.00192243
0.0344334
-0.00150393
0.0338862
-9.6014e-05
0.0333025
0.000495033
0.0326366
0.00232813
0.0319121
0.00339355
0.031086
0.00571196
0.0301808
0.00717249
0.0291552
0.00993335
0.0280449
0.0116636
0.0267986
0.0148683
0.0254964
0.0166801
0.0240418
0.0203924
0.0226104
0.0219314
0.0264509
0.0348003
-0.00136736
0.0342208
-0.000924445
0.0335836
0.000541142
0.0329142
0.00116448
0.0321726
0.00306977
0.0313759
0.00419023
0.0304861
0.00660178
0.029519
0.00813956
0.0284413
0.0110111
0.0272799
0.012825
0.0259989
0.0161494
0.0246655
0.0180135
0.0232049
0.021853
0.0217902
0.0233461
0.0280234
0.0346842
-0.000696262
0.0339974
-0.0002376
0.0332644
0.00127417
0.0325052
0.00192363
0.0316841
0.00389088
0.0308116
0.00506276
0.0298546
0.00755876
0.0288226
0.00917158
0.02769
0.0121436
0.0264753
0.0140397
0.0251587
0.017466
0.023792
0.0193803
0.0223304
0.0233146
0.0209341
0.0247423
0.0295647
0.0345625
9.65416e-05
0.0337634
0.00056155
0.03293
0.00210757
0.0320775
0.00277611
0.0311735
0.00479493
0.0302221
0.00601407
0.0291956
0.00858535
0.0280966
0.0102705
0.0269077
0.0133325
0.0256388
0.0153085
0.0242868
0.018818
0.0228864
0.0207807
0.0214327
0.0247683
0.0200589
0.0261162
0.0310971
0.0344356
0.0335207
0.0325837
0.0316374
0.0306501
0.0296226
0.0285293
0.0273675
0.0261255
0.0248032
0.0234159
0.0219752
0.0205389
0.0191922
)
;

boundaryField
{
    inlet
    {
        type            calculated;
        value           nonuniform List<scalar> 
50
(
-0.050451
-0.0529213
-0.0555125
-0.0582306
-0.0610819
-0.0640727
-0.06721
-0.0705008
-0.0739529
-0.0775739
-0.0813723
-0.0853566
-0.089536
-0.0939201
-0.0985188
-0.103343
-0.108403
-0.113711
-0.119278
-0.125119
-0.131245
-0.137671
-0.144412
-0.151483
-0.158901
-0.166681
-0.174843
-0.183404
-0.192384
-0.201804
-0.0353553
-0.0353553
-0.0353553
-0.0353553
-0.0353553
-0.0353553
-0.0353553
-0.0353553
-0.0353553
-0.0353553
-0.0353553
-0.0353553
-0.0353553
-0.0353553
-0.0353553
-0.0353553
-0.0353553
-0.0353553
-0.0353553
-0.0353553
)
;
    }
    outlet
    {
        type            calculated;
        value           nonuniform 0();
    }
    cylinder
    {
        type            calculated;
        value           uniform 0;
    }
    top
    {
        type            symmetryPlane;
        value           uniform 0;
    }
    bottom
    {
        type            symmetryPlane;
        value           nonuniform 0();
    }
    defaultFaces
    {
        type            empty;
        value           nonuniform 0();
    }
    procBoundary2to0
    {
        type            processor;
        value           nonuniform List<scalar> 
26
(
-0.000484783
-0.000993318
-0.00124834
0.00552536
0.0013464
0.00136981
0.00138327
0.00139735
0.00141332
0.00143118
0.00145018
0.00025586
0.00100008
0.00161855
0.00204171
0.00232689
0.00241595
0.00245079
0.0023863
0.00231076
0.00220923
0.00211016
0.00202374
0.00193241
0.0018656
0.00178326
)
;
    }
    procBoundary2to3
    {
        type            processor;
        value           nonuniform List<scalar> 
50
(
-0.000615601
7.88851e-05
-0.000249698
0.000533792
0.000647802
0.00359466
0.00209437
0.0110061
0.00494297
0.0233494
0.0351092
0.0134651
0.0514572
0.0176698
0.0653418
0.0201809
0.0757396
0.0824887
0.0225118
0.0619933
0.0644374
0.0669016
0.0694242
0.0720508
0.0748106
0.0777228
0.0807968
0.0840339
0.0874349
0.0910043
0.094748
0.098672
0.102783
0.10709
-0.0131157
0.112355
0.117093
0.122054
0.127252
0.1327
0.138413
0.144412
0.150716
0.15735
0.164345
0.171731
0.179548
0.187842
0.196663
0.20607
)
;
    }
}


// ************************************************************************* //
