/*--------------------------------*- C++ -*----------------------------------*\
  =========                 |
  \\      /  F ield         | OpenFOAM: The Open Source CFD Toolbox
   \\    /   O peration     | Website:  https://openfoam.org
    \\  /    A nd           | Version:  7
     \\/     M anipulation  |
\*---------------------------------------------------------------------------*/
FoamFile
{
    version     2.0;
    format      ascii;
    class       volScalarField;
    location    "40";
    object      p;
}
// * * * * * * * * * * * * * * * * * * * * * * * * * * * * * * * * * * * * * //

dimensions      [0 2 -2 0 0 0 0];

internalField   nonuniform List<scalar> 
8500
(
-0.292817
-0.29833
-0.300176
-0.300474
-0.299459
-0.297207
-0.29389
-0.28968
-0.284688
-0.27889
-0.293582
-0.298969
-0.300733
-0.300956
-0.299871
-0.297555
-0.294178
-0.289917
-0.284877
-0.278959
-0.295106
-0.300243
-0.301843
-0.301916
-0.300691
-0.298245
-0.294747
-0.290385
-0.285252
-0.279089
-0.297378
-0.302143
-0.303498
-0.303347
-0.301911
-0.299271
-0.295591
-0.291074
-0.285805
-0.279253
-0.300384
-0.304657
-0.305688
-0.305238
-0.303521
-0.300621
-0.296695
-0.29197
-0.286516
-0.279347
-0.304104
-0.307769
-0.308398
-0.307575
-0.305507
-0.302282
-0.298045
-0.293052
-0.287366
-0.279238
-0.308516
-0.311463
-0.311612
-0.310343
-0.307855
-0.304237
-0.299624
-0.294285
-0.28834
-0.27966
-0.313595
-0.315718
-0.315313
-0.313526
-0.310548
-0.30647
-0.301418
-0.295706
-0.289318
-0.279863
-0.319318
-0.320514
-0.319481
-0.317107
-0.313571
-0.308968
-0.303408
-0.297248
-0.29038
-0.279878
-0.325659
-0.325829
-0.324098
-0.321068
-0.316909
-0.311717
-0.305582
-0.298901
-0.291502
-0.279717
-0.332593
-0.331641
-0.329144
-0.325394
-0.320549
-0.314708
-0.307933
-0.300661
-0.292659
-0.279343
-0.340097
-0.337929
-0.334601
-0.330069
-0.32448
-0.317934
-0.31046
-0.302528
-0.29384
-0.278716
-0.348144
-0.344671
-0.34045
-0.335079
-0.328695
-0.321395
-0.313169
-0.30451
-0.295047
-0.277803
-0.356711
-0.351844
-0.346673
-0.340413
-0.333188
-0.325094
-0.316073
-0.306629
-0.296295
-0.276585
-0.365771
-0.359424
-0.35325
-0.346057
-0.337956
-0.32904
-0.319199
-0.308926
-0.29762
-0.275084
-0.375292
-0.367386
-0.360162
-0.352
-0.342997
-0.333246
-0.322578
-0.311462
-0.299106
-0.273418
-0.385239
-0.3757
-0.367387
-0.358229
-0.348311
-0.337727
-0.326253
-0.314315
-0.300819
-0.271674
-0.395569
-0.384333
-0.374901
-0.364729
-0.353894
-0.342498
-0.330282
-0.31758
-0.302656
-0.269451
-0.406234
-0.393249
-0.382675
-0.371482
-0.35974
-0.347582
-0.334767
-0.321487
-0.304814
-0.26709
-0.417177
-0.402405
-0.390677
-0.378461
-0.365832
-0.352983
-0.339794
-0.326434
-0.309709
-0.274785
-0.428334
-0.411753
-0.398866
-0.385632
-0.37213
-0.358638
-0.345219
-0.33222
-0.319703
-0.317305
-0.439638
-0.421242
-0.4072
-0.392952
-0.378578
-0.364422
-0.350676
-0.337705
-0.326366
-0.331042
-0.451017
-0.430813
-0.415631
-0.400378
-0.385125
-0.370254
-0.356003
-0.34261
-0.330619
-0.335435
-0.462393
-0.440406
-0.424105
-0.407864
-0.391728
-0.376096
-0.361195
-0.34713
-0.334103
-0.337536
-0.473687
-0.449953
-0.432565
-0.415357
-0.398339
-0.381906
-0.366237
-0.351313
-0.337067
-0.338056
-0.484813
-0.45938
-0.440945
-0.422799
-0.404901
-0.387627
-0.371081
-0.35512
-0.339458
-0.337376
-0.495676
-0.468603
-0.449169
-0.430117
-0.411343
-0.393185
-0.37566
-0.358502
-0.341271
-0.335833
-0.506173
-0.47753
-0.457152
-0.437228
-0.417579
-0.398496
-0.379893
-0.361403
-0.342495
-0.333605
-0.51619
-0.486057
-0.464794
-0.444036
-0.423514
-0.40346
-0.38369
-0.363753
-0.343095
-0.330771
-0.5256
-0.494071
-0.471988
-0.450435
-0.429038
-0.407969
-0.386948
-0.365472
-0.343016
-0.327352
-0.534262
-0.501444
-0.478613
-0.456303
-0.434031
-0.411901
-0.389555
-0.366467
-0.342191
-0.323328
-0.542027
-0.508041
-0.484536
-0.46151
-0.43836
-0.415127
-0.391391
-0.366638
-0.340539
-0.318655
-0.548732
-0.513715
-0.489617
-0.465916
-0.441886
-0.417511
-0.39233
-0.365878
-0.337976
-0.313266
-0.554204
-0.518311
-0.493704
-0.469371
-0.444459
-0.418907
-0.392241
-0.364077
-0.334409
-0.307086
-0.558267
-0.521666
-0.49664
-0.471718
-0.445926
-0.41917
-0.390993
-0.361123
-0.329748
-0.300033
-0.560736
-0.523615
-0.498263
-0.472797
-0.446129
-0.418152
-0.388454
-0.356907
-0.323903
-0.292022
-0.561427
-0.523985
-0.498406
-0.472444
-0.44491
-0.415706
-0.384495
-0.351324
-0.31679
-0.282976
-0.560156
-0.522609
-0.496903
-0.470495
-0.442114
-0.411689
-0.378997
-0.344277
-0.308334
-0.272823
-0.556745
-0.519319
-0.49359
-0.466791
-0.437588
-0.405967
-0.371845
-0.335679
-0.298467
-0.261498
-0.551023
-0.513952
-0.488307
-0.461176
-0.43119
-0.398416
-0.36294
-0.325453
-0.287137
-0.248953
-0.542829
-0.506356
-0.480905
-0.453508
-0.422787
-0.388923
-0.352196
-0.313538
-0.274301
-0.235148
-0.532017
-0.496391
-0.471244
-0.443652
-0.412262
-0.377393
-0.33954
-0.299888
-0.25993
-0.220057
-0.51846
-0.483928
-0.459198
-0.431491
-0.399514
-0.363746
-0.324921
-0.284471
-0.244012
-0.203666
-0.502049
-0.46886
-0.44466
-0.416927
-0.38446
-0.347923
-0.308303
-0.267273
-0.226546
-0.185974
-0.4827
-0.451099
-0.427544
-0.399882
-0.367039
-0.329887
-0.28967
-0.248297
-0.207548
-0.166998
-0.460355
-0.430578
-0.407785
-0.380301
-0.347215
-0.309622
-0.269027
-0.227561
-0.187052
-0.146769
-0.434982
-0.407259
-0.385343
-0.358154
-0.324974
-0.287135
-0.246398
-0.205098
-0.165096
-0.1253
-0.40658
-0.381129
-0.360207
-0.333438
-0.300331
-0.262457
-0.221827
-0.180962
-0.141705
-0.102482
-0.375178
-0.352204
-0.332391
-0.306178
-0.273325
-0.235644
-0.195384
-0.15523
-0.116952
-0.0782064
-0.340838
-0.32053
-0.301941
-0.276428
-0.244021
-0.206773
-0.167155
-0.127993
-0.0910347
-0.0535383
-0.303652
-0.286182
-0.268931
-0.244268
-0.212513
-0.175948
-0.137244
-0.0993265
-0.0637102
-0.0280402
-0.263744
-0.249267
-0.233465
-0.20981
-0.178921
-0.14329
-0.105773
-0.0693642
-0.0353652
-0.00155442
-0.221269
-0.20992
-0.195677
-0.173193
-0.143385
-0.108941
-0.0728839
-0.0382318
-0.00609516
0.0257428
-0.176413
-0.168305
-0.155729
-0.134582
-0.106059
-0.073077
-0.0387354
-0.00607235
0.0239954
0.0536908
-0.12938
-0.124617
-0.113806
-0.0941446
-0.0671595
-0.0358746
-0.00350144
0.0269542
0.0547697
0.0821279
-0.0803814
-0.079096
-0.0701215
-0.0521139
-0.0268739
0.00246736
0.0326285
0.0606769
0.0860794
0.110867
-0.0297344
-0.0319447
-0.0249119
-0.00871535
0.0145734
0.0417349
0.0694531
0.0949251
0.117792
0.139634
0.0222827
0.0165711
0.0215684
0.0358053
0.0569441
0.0817026
0.106762
0.129535
0.149768
0.167989
0.0753918
0.0661542
0.0690463
0.0811864
0.0999899
0.122137
0.144339
0.164312
0.181651
0.195295
0.129275
0.116507
0.117236
0.127155
0.143457
0.162807
0.181981
0.198992
0.212582
0.220152
0.183599
0.16732
0.165838
0.173429
0.187087
0.203495
0.219531
0.233377
0.241835
0.241942
0.238024
0.218272
0.214545
0.21972
0.23062
0.243983
0.256819
0.267523
0.27278
0.271462
0.2922
0.269034
0.263044
0.265733
0.273786
0.284026
0.293606
0.301086
0.303469
0.300875
0.345776
0.319273
0.311015
0.311172
0.316313
0.323375
0.32966
0.333855
0.333293
0.328935
0.398401
0.368656
0.358142
0.355741
0.357934
0.361789
0.364765
0.365668
0.362163
0.355736
0.449726
0.416851
0.40411
0.39915
0.398387
0.399039
0.398719
0.396359
0.389948
0.38128
0.499408
0.463532
0.44861
0.441114
0.437419
0.4349
0.43133
0.425763
0.416507
0.405511
0.547113
0.508381
0.491342
0.481359
0.474785
0.46916
0.462419
0.453733
0.441713
0.428363
0.592521
0.551091
0.532017
0.519621
0.510251
0.501618
0.491814
0.480128
0.465453
0.449772
0.635323
0.591369
0.570358
0.555647
0.543595
0.532084
0.519358
0.504819
0.487624
0.469677
0.675229
0.628938
0.606104
0.589203
0.574611
0.56038
0.5449
0.527684
0.508128
0.488015
0.711967
0.663536
0.639012
0.620066
0.603104
0.586342
0.568304
0.54861
0.526871
0.504726
0.745287
0.694926
0.668858
0.648034
0.628898
0.609816
0.589443
0.567491
0.543769
0.519752
0.774961
0.722888
0.695436
0.672923
0.651831
0.630668
0.608201
0.584232
0.55874
0.533035
0.800786
0.747228
0.718565
0.69457
0.671761
0.648773
0.624476
0.598747
0.571714
0.544524
0.822583
0.767776
0.738087
0.712831
0.688563
0.664027
0.638179
0.610961
0.582626
0.554174
0.840204
0.78439
0.753868
0.727587
0.702133
0.67634
0.649234
0.620811
0.591423
0.561945
0.853528
0.796953
0.765799
0.73874
0.712386
0.685638
0.657579
0.628245
0.598061
0.567802
0.862461
0.805377
0.773799
0.746216
0.719256
0.691868
0.663169
0.633223
0.602504
0.571721
0.866943
0.809604
0.777813
0.749967
0.722703
0.694992
0.665971
0.635718
0.604732
0.573685
0.866943
0.809604
0.777813
0.749967
0.722703
0.694992
0.665971
0.635718
0.604732
0.573685
0.862461
0.805377
0.773799
0.746216
0.719256
0.691868
0.663169
0.633223
0.602504
0.571721
0.853528
0.796953
0.765799
0.73874
0.712386
0.685638
0.657579
0.628245
0.598061
0.567802
0.840204
0.78439
0.753868
0.727587
0.702133
0.67634
0.649234
0.620811
0.591423
0.561945
0.822583
0.767776
0.738087
0.712831
0.688563
0.664027
0.638179
0.610961
0.582626
0.554174
0.800786
0.747228
0.718565
0.69457
0.671761
0.648773
0.624476
0.598747
0.571714
0.544524
0.774961
0.722888
0.695436
0.672923
0.651831
0.630668
0.608201
0.584232
0.55874
0.533035
0.745287
0.694926
0.668858
0.648034
0.628898
0.609816
0.589443
0.567491
0.543769
0.519752
0.711967
0.663536
0.639012
0.620066
0.603104
0.586342
0.568304
0.54861
0.526871
0.504726
0.675229
0.628938
0.606104
0.589203
0.574611
0.56038
0.5449
0.527684
0.508128
0.488015
0.635323
0.591369
0.570358
0.555647
0.543595
0.532084
0.519358
0.504819
0.487624
0.469677
0.592521
0.551091
0.532017
0.519621
0.510251
0.501618
0.491814
0.480128
0.465453
0.449772
0.547113
0.508381
0.491342
0.481359
0.474785
0.46916
0.462419
0.453733
0.441713
0.428363
0.499408
0.463532
0.44861
0.441114
0.437419
0.4349
0.43133
0.425763
0.416507
0.405511
0.449726
0.416851
0.40411
0.39915
0.398387
0.399039
0.398719
0.396359
0.389948
0.38128
0.398401
0.368656
0.358142
0.355741
0.357934
0.361789
0.364765
0.365668
0.362163
0.355736
0.345776
0.319273
0.311015
0.311172
0.316313
0.323375
0.32966
0.333855
0.333293
0.328935
0.2922
0.269034
0.263044
0.265733
0.273786
0.284026
0.293606
0.301086
0.303469
0.300875
0.238024
0.218272
0.214545
0.21972
0.23062
0.243983
0.256819
0.267523
0.27278
0.271462
0.183599
0.16732
0.165838
0.173429
0.187087
0.203495
0.219531
0.233377
0.241835
0.241942
0.129275
0.116507
0.117236
0.127155
0.143457
0.162807
0.181981
0.198992
0.212582
0.220152
0.0753918
0.0661542
0.0690463
0.0811864
0.0999899
0.122137
0.144339
0.164312
0.181651
0.195295
0.0222827
0.0165711
0.0215684
0.0358053
0.0569441
0.0817026
0.106762
0.129535
0.149768
0.167989
-0.0297344
-0.0319447
-0.0249119
-0.00871534
0.0145734
0.0417349
0.0694531
0.0949251
0.117792
0.139634
-0.0803814
-0.079096
-0.0701215
-0.0521139
-0.0268739
0.00246736
0.0326285
0.0606769
0.0860794
0.110867
-0.12938
-0.124617
-0.113806
-0.0941446
-0.0671595
-0.0358746
-0.00350143
0.0269542
0.0547697
0.0821279
-0.176413
-0.168305
-0.155729
-0.134582
-0.106059
-0.073077
-0.0387354
-0.00607235
0.0239954
0.0536908
-0.221269
-0.20992
-0.195677
-0.173193
-0.143385
-0.108941
-0.0728839
-0.0382318
-0.00609516
0.0257428
-0.263744
-0.249267
-0.233465
-0.20981
-0.178921
-0.14329
-0.105773
-0.0693642
-0.0353652
-0.00155442
-0.303652
-0.286182
-0.268931
-0.244268
-0.212513
-0.175948
-0.137244
-0.0993265
-0.0637102
-0.0280402
-0.340838
-0.32053
-0.301941
-0.276428
-0.244021
-0.206773
-0.167155
-0.127993
-0.0910347
-0.0535383
-0.375178
-0.352204
-0.332391
-0.306178
-0.273325
-0.235644
-0.195384
-0.15523
-0.116952
-0.0782064
-0.40658
-0.381129
-0.360207
-0.333438
-0.300331
-0.262457
-0.221827
-0.180962
-0.141705
-0.102482
-0.434982
-0.407259
-0.385343
-0.358154
-0.324974
-0.287135
-0.246398
-0.205098
-0.165096
-0.1253
-0.460355
-0.430578
-0.407785
-0.380301
-0.347215
-0.309622
-0.269027
-0.227561
-0.187052
-0.146769
-0.4827
-0.451099
-0.427544
-0.399882
-0.367039
-0.329887
-0.28967
-0.248297
-0.207548
-0.166998
-0.502049
-0.46886
-0.44466
-0.416927
-0.38446
-0.347923
-0.308303
-0.267273
-0.226546
-0.185974
-0.51846
-0.483928
-0.459198
-0.431491
-0.399514
-0.363746
-0.324921
-0.284471
-0.244012
-0.203666
-0.532017
-0.496391
-0.471243
-0.443652
-0.412262
-0.377393
-0.33954
-0.299888
-0.25993
-0.220057
-0.542829
-0.506356
-0.480905
-0.453508
-0.422787
-0.388923
-0.352196
-0.313538
-0.274301
-0.235148
-0.551023
-0.513952
-0.488307
-0.461176
-0.43119
-0.398416
-0.36294
-0.325453
-0.287137
-0.248953
-0.556745
-0.519319
-0.49359
-0.466791
-0.437588
-0.405967
-0.371845
-0.335679
-0.298467
-0.261498
-0.560156
-0.522609
-0.496903
-0.470495
-0.442114
-0.411689
-0.378997
-0.344277
-0.308334
-0.272823
-0.561427
-0.523985
-0.498406
-0.472444
-0.44491
-0.415706
-0.384495
-0.351324
-0.31679
-0.282976
-0.560736
-0.523615
-0.498263
-0.472797
-0.446129
-0.418152
-0.388454
-0.356907
-0.323903
-0.292022
-0.558267
-0.521666
-0.49664
-0.471718
-0.445926
-0.41917
-0.390993
-0.361123
-0.329748
-0.300033
-0.554204
-0.518311
-0.493704
-0.469371
-0.444459
-0.418907
-0.392241
-0.364077
-0.334409
-0.307086
-0.548732
-0.513715
-0.489617
-0.465916
-0.441886
-0.417511
-0.39233
-0.365878
-0.337976
-0.313266
-0.542027
-0.508041
-0.484536
-0.46151
-0.43836
-0.415127
-0.391391
-0.366638
-0.340539
-0.318655
-0.534262
-0.501444
-0.478613
-0.456303
-0.434031
-0.411901
-0.389555
-0.366467
-0.342191
-0.323328
-0.5256
-0.494071
-0.471988
-0.450435
-0.429038
-0.407969
-0.386948
-0.365472
-0.343016
-0.327352
-0.51619
-0.486057
-0.464794
-0.444036
-0.423514
-0.40346
-0.38369
-0.363753
-0.343095
-0.330771
-0.506173
-0.47753
-0.457152
-0.437228
-0.417579
-0.398496
-0.379893
-0.361403
-0.342495
-0.333605
-0.495676
-0.468603
-0.449169
-0.430117
-0.411343
-0.393185
-0.37566
-0.358502
-0.341271
-0.335833
-0.484813
-0.45938
-0.440945
-0.422799
-0.404901
-0.387627
-0.371081
-0.35512
-0.339458
-0.337376
-0.473687
-0.449953
-0.432565
-0.415357
-0.398339
-0.381906
-0.366237
-0.351313
-0.337067
-0.338056
-0.462393
-0.440406
-0.424105
-0.407864
-0.391728
-0.376096
-0.361195
-0.34713
-0.334103
-0.337536
-0.451017
-0.430813
-0.415631
-0.400378
-0.385125
-0.370254
-0.356003
-0.34261
-0.330619
-0.335435
-0.439638
-0.421242
-0.4072
-0.392952
-0.378578
-0.364422
-0.350676
-0.337705
-0.326366
-0.331042
-0.428334
-0.411753
-0.398866
-0.385632
-0.37213
-0.358638
-0.345219
-0.33222
-0.319703
-0.317305
-0.417177
-0.402405
-0.390677
-0.378461
-0.365832
-0.352983
-0.339794
-0.326434
-0.309709
-0.274785
-0.406234
-0.393249
-0.382675
-0.371482
-0.35974
-0.347582
-0.334767
-0.321487
-0.304814
-0.26709
-0.395569
-0.384333
-0.374901
-0.364729
-0.353894
-0.342498
-0.330282
-0.31758
-0.302656
-0.269451
-0.385239
-0.3757
-0.367387
-0.358229
-0.348311
-0.337727
-0.326253
-0.314315
-0.300819
-0.271674
-0.375292
-0.367386
-0.360162
-0.352
-0.342997
-0.333246
-0.322578
-0.311462
-0.299106
-0.273418
-0.365771
-0.359424
-0.35325
-0.346057
-0.337956
-0.32904
-0.319199
-0.308926
-0.29762
-0.275084
-0.356711
-0.351844
-0.346673
-0.340413
-0.333188
-0.325094
-0.316073
-0.306629
-0.296295
-0.276585
-0.348144
-0.344671
-0.34045
-0.335079
-0.328695
-0.321395
-0.313169
-0.30451
-0.295047
-0.277803
-0.340097
-0.337929
-0.334601
-0.330069
-0.32448
-0.317934
-0.31046
-0.302528
-0.29384
-0.278716
-0.332593
-0.331641
-0.329144
-0.325394
-0.320549
-0.314708
-0.307933
-0.300661
-0.292659
-0.279343
-0.325659
-0.325829
-0.324098
-0.321068
-0.316909
-0.311717
-0.305582
-0.298901
-0.291502
-0.279717
-0.319318
-0.320514
-0.319481
-0.317107
-0.313571
-0.308968
-0.303408
-0.297248
-0.29038
-0.279878
-0.313595
-0.315718
-0.315313
-0.313526
-0.310548
-0.30647
-0.301418
-0.295706
-0.289318
-0.279863
-0.308516
-0.311463
-0.311612
-0.310343
-0.307855
-0.304237
-0.299624
-0.294285
-0.28834
-0.27966
-0.304104
-0.307769
-0.308398
-0.307575
-0.305507
-0.302282
-0.298045
-0.293052
-0.287366
-0.279238
-0.300384
-0.304657
-0.305688
-0.305238
-0.303521
-0.300621
-0.296695
-0.29197
-0.286516
-0.279347
-0.297378
-0.302143
-0.303498
-0.303347
-0.301911
-0.299271
-0.295591
-0.291074
-0.285805
-0.279253
-0.295106
-0.300243
-0.301843
-0.301916
-0.300691
-0.298245
-0.294747
-0.290385
-0.285252
-0.279089
-0.293582
-0.298969
-0.300733
-0.300956
-0.299871
-0.297555
-0.294178
-0.289917
-0.284877
-0.278959
-0.292817
-0.29833
-0.300176
-0.300474
-0.299459
-0.297207
-0.29389
-0.28968
-0.284688
-0.27889
-0.273468
-0.26517
-0.256422
-0.246419
-0.235469
-0.223694
-0.211239
-0.198283
-0.184995
-0.171546
-0.158092
-0.144777
-0.131725
-0.119045
-0.106828
-0.0951438
-0.0840626
-0.0735983
-0.0638403
-0.0546837
-0.0463689
-0.0384444
-0.031723
-0.024686
-0.0199743
-0.0128881
-0.0114581
-0.00191484
-0.00735521
0.0108012
-0.273942
-0.265446
-0.256679
-0.246646
-0.23567
-0.223876
-0.211405
-0.198434
-0.185134
-0.171674
-0.158211
-0.144886
-0.131825
-0.119135
-0.10691
-0.0952168
-0.0841275
-0.0736556
-0.0638904
-0.0547273
-0.0464062
-0.0384766
-0.0317496
-0.0247093
-0.0199915
-0.0129059
-0.0114658
-0.00193235
-0.00735016
0.0107715
-0.27488
-0.265988
-0.257189
-0.247095
-0.236068
-0.224236
-0.211732
-0.198735
-0.185411
-0.17193
-0.158446
-0.145102
-0.132023
-0.119315
-0.107072
-0.0953626
-0.0842572
-0.07377
-0.0639905
-0.0548142
-0.0464808
-0.0385408
-0.0318026
-0.024756
-0.0200257
-0.0129416
-0.0114811
-0.00196732
-0.00734015
0.0107123
-0.276274
-0.266785
-0.257942
-0.247758
-0.236654
-0.224766
-0.212216
-0.199179
-0.185822
-0.172309
-0.158797
-0.145425
-0.132318
-0.119584
-0.107315
-0.0955803
-0.0844509
-0.073941
-0.0641402
-0.0549444
-0.0465924
-0.0386369
-0.031882
-0.0248258
-0.0200771
-0.0129949
-0.0115041
-0.00201959
-0.00732528
0.010624
-0.278214
-0.267794
-0.258918
-0.248619
-0.237415
-0.225456
-0.212845
-0.199759
-0.186359
-0.172807
-0.159258
-0.14585
-0.132708
-0.119939
-0.107637
-0.0958687
-0.0847077
-0.074168
-0.0643388
-0.0551172
-0.0467407
-0.0387646
-0.0319875
-0.0249186
-0.0201453
-0.0130657
-0.0115348
-0.00208896
-0.00730578
0.0105071
-0.280893
-0.268909
-0.260087
-0.24966
-0.238335
-0.22629
-0.21361
-0.200466
-0.187015
-0.173418
-0.159825
-0.146374
-0.13319
-0.120379
-0.108035
-0.0962265
-0.0850266
-0.0744499
-0.0645858
-0.0553321
-0.0469251
-0.0389235
-0.0321189
-0.0250342
-0.0202304
-0.0131539
-0.0115732
-0.00217517
-0.00728188
0.0103623
-0.283084
-0.270595
-0.261445
-0.25086
-0.239396
-0.227253
-0.214494
-0.201287
-0.187781
-0.174133
-0.160491
-0.146992
-0.133759
-0.120899
-0.108507
-0.0966518
-0.0854061
-0.0747857
-0.0648802
-0.0555885
-0.0471452
-0.0391132
-0.0322758
-0.0251722
-0.0203321
-0.0132592
-0.0116194
-0.00227788
-0.0072539
0.0101903
-0.285873
-0.272367
-0.262945
-0.252196
-0.240574
-0.228325
-0.215483
-0.202209
-0.188646
-0.174945
-0.161251
-0.147699
-0.134412
-0.121498
-0.109052
-0.0971424
-0.0858445
-0.0751739
-0.0652209
-0.0558853
-0.0474002
-0.0393331
-0.0324577
-0.0253324
-0.0204502
-0.0133813
-0.0116734
-0.00239671
-0.00722218
0.00999233
-0.289071
-0.274265
-0.26457
-0.25364
-0.241847
-0.229486
-0.21656
-0.20322
-0.189599
-0.175844
-0.162096
-0.148488
-0.135144
-0.122171
-0.109665
-0.097696
-0.0863398
-0.0756132
-0.0656066
-0.0562217
-0.0476893
-0.0395826
-0.0326643
-0.0255141
-0.0205845
-0.0135199
-0.0117351
-0.00253119
-0.00718714
0.00976936
-0.29254
-0.276303
-0.266292
-0.255162
-0.24319
-0.230715
-0.217706
-0.204303
-0.190629
-0.176821
-0.163019
-0.149354
-0.13595
-0.122914
-0.110343
-0.0983098
-0.0868898
-0.0761016
-0.066036
-0.0565965
-0.0480117
-0.0398609
-0.0328948
-0.0257171
-0.0207347
-0.0136746
-0.0118047
-0.00268084
-0.00714917
0.00952269
-0.296216
-0.27846
-0.268076
-0.256733
-0.244577
-0.231991
-0.218906
-0.205446
-0.191722
-0.177866
-0.164011
-0.15029
-0.136824
-0.123723
-0.111084
-0.0989811
-0.0874924
-0.0766374
-0.0665075
-0.0570084
-0.0483662
-0.0401671
-0.0331486
-0.0259406
-0.0209004
-0.013845
-0.0118822
-0.00284512
-0.00710874
0.00925368
-0.300039
-0.280712
-0.269888
-0.25832
-0.245985
-0.233293
-0.22014
-0.206633
-0.192867
-0.178968
-0.165066
-0.151289
-0.137761
-0.124592
-0.111882
-0.0997066
-0.0881448
-0.0772183
-0.0670194
-0.0574561
-0.0487517
-0.0405005
-0.0334251
-0.0261842
-0.0210813
-0.0140306
-0.0119675
-0.00302343
-0.00706631
0.00896379
-0.303914
-0.283034
-0.271695
-0.259892
-0.24739
-0.234603
-0.221394
-0.20785
-0.194053
-0.180119
-0.166173
-0.152344
-0.138755
-0.125518
-0.112735
-0.100483
-0.0888446
-0.0778425
-0.06757
-0.0579381
-0.0491672
-0.04086
-0.0337234
-0.0264471
-0.0212769
-0.0142308
-0.0120607
-0.00321517
-0.00702237
0.00865455
-0.30771
-0.285399
-0.27347
-0.261417
-0.248769
-0.235902
-0.222653
-0.209087
-0.19527
-0.181309
-0.167326
-0.153449
-0.139801
-0.126496
-0.113638
-0.101308
-0.0895892
-0.0785077
-0.0681575
-0.058453
-0.0496114
-0.0412446
-0.0340428
-0.0267287
-0.0214869
-0.0144453
-0.0121617
-0.00341968
-0.00697737
0.00832752
-0.311241
-0.28776
-0.275178
-0.262861
-0.250098
-0.237173
-0.223902
-0.210329
-0.196505
-0.182528
-0.168516
-0.154595
-0.140892
-0.12752
-0.114587
-0.102177
-0.0903748
-0.0792106
-0.0687792
-0.0589984
-0.0500822
-0.0416527
-0.034382
-0.0270279
-0.0217105
-0.0146732
-0.0122704
-0.00363625
-0.00693169
0.00798434
-0.314201
-0.290016
-0.276782
-0.264186
-0.251351
-0.238398
-0.225125
-0.211561
-0.197743
-0.183761
-0.169729
-0.155771
-0.142015
-0.128579
-0.115572
-0.10308
-0.0911943
-0.0799453
-0.0694298
-0.05957
-0.0505762
-0.0420815
-0.0347386
-0.0273428
-0.0219464
-0.0149134
-0.0123862
-0.00386402
-0.00688564
0.00762664
-0.316132
-0.292075
-0.278291
-0.265389
-0.252526
-0.239577
-0.22632
-0.212783
-0.198984
-0.185007
-0.170963
-0.156975
-0.143172
-0.129673
-0.116592
-0.10402
-0.092048
-0.0807121
-0.07011
-0.0601685
-0.051094
-0.0425314
-0.0351134
-0.027674
-0.0221953
-0.015166
-0.0125101
-0.00410236
-0.00684048
0.00725609
-0.316765
-0.294034
-0.279801
-0.266526
-0.253665
-0.240752
-0.227536
-0.214041
-0.200278
-0.186319
-0.172272
-0.15826
-0.144412
-0.130852
-0.117695
-0.105037
-0.0929739
-0.0815444
-0.0708487
-0.0608183
-0.0516562
-0.043019
-0.03552
-0.0280312
-0.0224658
-0.0154356
-0.0126475
-0.00435192
-0.00679945
0.00687422
-0.315365
-0.295267
-0.28108
-0.267471
-0.254674
-0.24186
-0.228727
-0.215308
-0.201608
-0.187692
-0.173661
-0.159639
-0.145756
-0.132137
-0.118904
-0.106156
-0.093994
-0.0824624
-0.0716633
-0.061534
-0.0522743
-0.0435533
-0.0359645
-0.0284191
-0.0227599
-0.0157241
-0.0127975
-0.00461363
-0.00676028
0.00648201
-0.304872
-0.292682
-0.281134
-0.267561
-0.254993
-0.24238
-0.22938
-0.216066
-0.202454
-0.188604
-0.174618
-0.160616
-0.146729
-0.133086
-0.119812
-0.107009
-0.0947823
-0.0831804
-0.0723063
-0.062106
-0.0527703
-0.0439904
-0.0363247
-0.028748
-0.0229968
-0.0159864
-0.0129079
-0.00487735
-0.00669195
0.00608017
-0.270064
-0.285167
-0.280677
-0.267566
-0.255252
-0.242799
-0.229832
-0.216496
-0.202846
-0.188952
-0.174924
-0.160885
-0.146969
-0.133303
-0.120011
-0.107196
-0.0949576
-0.08335
-0.0724664
-0.0622674
-0.0529169
-0.0441517
-0.0364523
-0.0289221
-0.0230879
-0.0161989
-0.012924
-0.00518079
-0.00654403
0.00557757
-0.258698
-0.276209
-0.275073
-0.262836
-0.25127
-0.239522
-0.227088
-0.214196
-0.200944
-0.187411
-0.173706
-0.159956
-0.146293
-0.132845
-0.119736
-0.107072
-0.0949547
-0.0834431
-0.0726278
-0.062484
-0.0531584
-0.0444266
-0.0367096
-0.0292188
-0.0233062
-0.0165138
-0.0130388
-0.00556168
-0.00643504
0.00496342
-0.253407
-0.267804
-0.267873
-0.256588
-0.245766
-0.234787
-0.223005
-0.21068
-0.197949
-0.184897
-0.171634
-0.158286
-0.144982
-0.131851
-0.119016
-0.106585
-0.0946607
-0.0833079
-0.0726155
-0.0625721
-0.0533104
-0.0446407
-0.0369333
-0.0294954
-0.0235251
-0.0168281
-0.0131722
-0.00594729
-0.00634823
0.00432739
-0.249209
-0.259381
-0.26012
-0.249953
-0.23982
-0.229576
-0.218477
-0.206758
-0.194586
-0.182052
-0.169267
-0.156355
-0.143444
-0.130662
-0.118132
-0.105962
-0.0942574
-0.083087
-0.0725387
-0.0626136
-0.0534315
-0.0448364
-0.0371492
-0.0297719
-0.0237498
-0.017153
-0.0133166
-0.00635042
-0.00626547
0.00366171
-0.244344
-0.250709
-0.251616
-0.242641
-0.233229
-0.223732
-0.213375
-0.202328
-0.190778
-0.178823
-0.166571
-0.154146
-0.141675
-0.129284
-0.117096
-0.105222
-0.0937653
-0.0828025
-0.0724195
-0.0626298
-0.0535417
-0.0450314
-0.0373734
-0.0300613
-0.0239924
-0.0174965
-0.0134795
-0.00677448
-0.00619051
0.00296897
-0.23829
-0.241558
-0.24218
-0.234404
-0.225808
-0.217094
-0.207545
-0.19725
-0.1864
-0.175097
-0.163448
-0.151574
-0.139602
-0.127656
-0.115859
-0.104323
-0.0931528
-0.0824297
-0.0722396
-0.0626074
-0.0536321
-0.04522
-0.0376033
-0.030362
-0.0242536
-0.0178579
-0.013664
-0.00721694
-0.00612904
0.0022575
-0.230583
-0.231661
-0.231763
-0.225161
-0.217505
-0.209625
-0.200944
-0.191477
-0.181402
-0.170826
-0.159851
-0.148596
-0.137185
-0.125741
-0.114387
-0.103237
-0.0923951
-0.0819478
-0.0719819
-0.0625328
-0.0536921
-0.0453938
-0.0378329
-0.0306692
-0.0245312
-0.0182344
-0.0138706
-0.00767457
-0.0060849
0.00153735
-0.220979
-0.220812
-0.220378
-0.214919
-0.208283
-0.201325
-0.193566
-0.184996
-0.175768
-0.165988
-0.155756
-0.145186
-0.134398
-0.123516
-0.112659
-0.101942
-0.0914731
-0.0813403
-0.0716321
-0.0623942
-0.0537122
-0.0455455
-0.0380567
-0.0309788
-0.0248224
-0.0186234
-0.0140988
-0.00814394
-0.00606128
0.000819885
-0.209494
-0.208917
-0.208092
-0.203734
-0.198223
-0.192221
-0.185432
-0.177814
-0.169494
-0.160574
-0.151148
-0.141325
-0.131221
-0.120958
-0.110652
-0.10042
-0.0903684
-0.0805905
-0.071176
-0.0621793
-0.0536822
-0.0456668
-0.0382683
-0.0312856
-0.0251238
-0.0190215
-0.0143475
-0.00862096
-0.00606101
0.000117795
-0.19635
-0.196006
-0.195026
-0.191725
-0.187375
-0.182386
-0.176593
-0.169969
-0.162605
-0.154595
-0.146029
-0.137007
-0.127644
-0.118053
-0.108351
-0.0986518
-0.0890638
-0.0796824
-0.0705985
-0.0618749
-0.0535906
-0.0457482
-0.0384597
-0.0315832
-0.0254305
-0.0194244
-0.0146148
-0.00910073
-0.00608632
-0.000555295
-0.181922
-0.182228
-0.181363
-0.17907
-0.175875
-0.171925
-0.167144
-0.161529
-0.155151
-0.148086
-0.140419
-0.132244
-0.123667
-0.114796
-0.105745
-0.0966261
-0.0875456
-0.0786015
-0.0698857
-0.061468
-0.0534256
-0.0457792
-0.0386221
-0.0318644
-0.0257366
-0.0198268
-0.0148973
-0.00957754
-0.00613844
-0.00118557
-0.166677
-0.167836
-0.167325
-0.165986
-0.163899
-0.160982
-0.157207
-0.152598
-0.14721
-0.141108
-0.134364
-0.127065
-0.119308
-0.111196
-0.102837
-0.094338
-0.0858054
-0.0773372
-0.0690258
-0.0609465
-0.0531756
-0.0457493
-0.0387458
-0.0321207
-0.026035
-0.0202224
-0.0151908
-0.010045
-0.00621738
-0.00175994
-0.151102
-0.153142
-0.153157
-0.152708
-0.151646
-0.149723
-0.146923
-0.143296
-0.138885
-0.133742
-0.127926
-0.121516
-0.1146
-0.107273
-0.099636
-0.0917913
-0.0838414
-0.0758837
-0.0680102
-0.0603004
-0.0528299
-0.0456479
-0.0388208
-0.0323433
-0.0263176
-0.0206043
-0.0154899
-0.0104964
-0.00632177
-0.00226711
-0.135638
-0.138471
-0.139102
-0.139464
-0.139321
-0.138324
-0.136449
-0.133758
-0.13029
-0.126081
-0.121183
-0.115659
-0.10959
-0.103062
-0.0961659
-0.0889992
-0.0816592
-0.0742408
-0.0668347
-0.0595228
-0.0523798
-0.0454658
-0.0388378
-0.0325231
-0.0265761
-0.0209648
-0.0157883
-0.0109244
-0.00644866
-0.00269861
-0.120642
-0.124118
-0.125379
-0.12646
-0.127117
-0.126956
-0.125937
-0.124122
-0.121546
-0.118232
-0.11422
-0.109567
-0.104336
-0.0986058
-0.0924587
-0.0859837
-0.0792722
-0.0724151
-0.0655002
-0.0586106
-0.0518196
-0.0451955
-0.038788
-0.0326517
-0.0268019
-0.0212961
-0.0160792
-0.0113223
-0.00659374
-0.00304952
-0.106371
-0.110322
-0.112169
-0.113867
-0.115203
-0.115777
-0.115531
-0.11452
-0.112772
-0.1103
-0.107134
-0.103317
-0.0989027
-0.0939576
-0.0885551
-0.082775
-0.0767011
-0.0704192
-0.0640131
-0.0575651
-0.0511466
-0.0448318
-0.0386647
-0.0327215
-0.026987
-0.0215907
-0.0163555
-0.0116837
-0.00675152
-0.00331906
-0.0929877
-0.0972548
-0.099608
-0.101822
-0.103719
-0.104923
-0.10536
-0.105072
-0.10408
-0.102388
-0.100013
-0.0969889
-0.0933584
-0.0891749
-0.0845018
-0.0794093
-0.073973
-0.0682722
-0.0623853
-0.0563924
-0.0503622
-0.0443728
-0.0384634
-0.0327265
-0.0271246
-0.0218419
-0.0166103
-0.0120034
-0.00691572
-0.00351069
-0.0805771
-0.0850265
-0.0877925
-0.0904212
-0.0927724
-0.0945037
-0.0955323
-0.0958838
-0.0955701
-0.0945887
-0.092946
-0.0906632
-0.0877728
-0.0843178
-0.0803494
-0.0759282
-0.0711206
-0.0659984
-0.0606338
-0.0551033
-0.0494721
-0.04382
-0.0381822
-0.0326631
-0.0272093
-0.0220442
-0.0168373
-0.0122774
-0.00707968
-0.00363176
-0.0691703
-0.0736978
-0.0767834
-0.0797356
-0.0824443
-0.0846077
-0.0861377
-0.0870449
-0.0873319
-0.0869888
-0.0860128
-0.0844143
-0.0822152
-0.0794473
-0.0761508
-0.0723761
-0.0681802
-0.0636265
-0.0587803
-0.053713
-0.048486
-0.0431784
-0.0378227
-0.03253
-0.0272377
-0.0221936
-0.017031
-0.0125038
-0.00723689
-0.00369276
-0.0587645
-0.0632938
-0.066615
-0.0698104
-0.0727933
-0.0753028
-0.07725
-0.078632
-0.0794426
-0.0796652
-0.0792886
-0.0783135
-0.0767514
-0.0746235
-0.07196
-0.0688003
-0.0651918
-0.0611893
-0.0568505
-0.0522411
-0.0474175
-0.0424571
-0.0373894
-0.032329
-0.0272087
-0.0222884
-0.0171875
-0.0126823
-0.0073815
-0.00370604
-0.0493398
-0.0538178
-0.0573039
-0.0606746
-0.0638611
-0.0666413
-0.0689289
-0.07071
-0.0719704
-0.0726873
-0.0728425
-0.072428
-0.0714458
-0.0699069
-0.0678319
-0.0652496
-0.0621981
-0.0587231
-0.0548744
-0.0507111
-0.0462846
-0.0416686
-0.0368906
-0.0320646
-0.0271239
-0.0223293
-0.0173045
-0.0128146
-0.00750884
-0.00368453
-0.0408689
-0.0452606
-0.0488551
-0.0523459
-0.0556775
-0.0586642
-0.0612241
-0.0633349
-0.0649756
-0.0661185
-0.0667392
-0.0668221
-0.0663607
-0.0653571
-0.0638221
-0.0617749
-0.0592443
-0.0562671
-0.0528852
-0.0491504
-0.0451088
-0.0408294
-0.036338
-0.0317451
-0.0269877
-0.0223192
-0.0173814
-0.0129041
-0.00761571
-0.0036404
-0.0333242
-0.037609
-0.0412682
-0.0448355
-0.0482653
-0.0514046
-0.0541777
-0.0565562
-0.0585135
-0.0600178
-0.06104
-0.0615581
-0.061558
-0.0610335
-0.0599866
-0.0584288
-0.0563784
-0.0538641
-0.0509198
-0.0475902
-0.0439157
-0.0399597
-0.0357466
-0.0313814
-0.026807
-0.0222637
-0.01742
-0.0129557
-0.00770064
-0.00358407
-0.0266819
-0.03085
-0.0345415
-0.0381522
-0.0416436
-0.0448916
-0.0478278
-0.0504194
-0.0526357
-0.0544418
-0.0558048
-0.0566975
-0.0570994
-0.0569972
-0.0563853
-0.0552664
-0.0536512
-0.0515598
-0.0490187
-0.0460652
-0.0427343
-0.0390833
-0.0351351
-0.0309878
-0.0265918
-0.0221707
-0.0174242
-0.0129751
-0.0077639
-0.00352357
-0.0209249
-0.0249749
-0.0286761
-0.032306
-0.0358315
-0.0391535
-0.0422112
-0.044969
-0.047393
-0.0494463
-0.0510932
-0.0523022
-0.0530478
-0.0533106
-0.0530781
-0.0523457
-0.0511167
-0.0494038
-0.0472261
-0.0446142
-0.0415975
-0.0382274
-0.0345253
-0.0305818
-0.0263548
-0.0220501
-0.0174
-0.0129692
-0.00780734
-0.00346444
-0.0160448
-0.0199829
-0.0236788
-0.0273118
-0.0308518
-0.0342214
-0.0373668
-0.0402509
-0.0428378
-0.0450889
-0.0469666
-0.0484365
-0.0494687
-0.0500389
-0.0501289
-0.0497278
-0.0488327
-0.0474491
-0.0455899
-0.0432793
-0.0405418
-0.0374227
-0.0339421
-0.0301832
-0.0261111
-0.021914
-0.0173553
-0.0129453
-0.00783416
-0.00341003
-0.0120475
-0.0158852
-0.0195674
-0.0231937
-0.0267356
-0.0301333
-0.0333396
-0.0363167
-0.039027
-0.0414313
-0.0434906
-0.0451683
-0.0464313
-0.0472514
-0.0476057
-0.0474783
-0.0468607
-0.0457527
-0.0441619
-0.0421065
-0.0396068
-0.0367029
-0.0334134
-0.0298146
-0.025878
-0.0217759
-0.0172995
-0.0129109
-0.00784836
-0.00336195
-0.00894989
-0.0127054
-0.0163716
-0.0199874
-0.0235249
-0.0269379
-0.0301845
-0.0332268
-0.0360264
-0.0385434
-0.0407382
-0.0425726
-0.0440114
-0.0450233
-0.045582
-0.0456676
-0.0452671
-0.0443762
-0.0429976
-0.0411452
-0.0388357
-0.0361045
-0.0329692
-0.0295002
-0.0256744
-0.0216505
-0.017243
-0.012874
-0.00785453
-0.00332045
-0.00680427
-0.0104977
-0.0141488
-0.0177536
-0.0212844
-0.024704
-0.0279746
-0.0310582
-0.0339161
-0.036508
-0.038794
-0.040735
-0.0422941
-0.0434381
-0.0441384
-0.0443723
-0.0441238
-0.0433854
-0.0421567
-0.0404481
-0.0382738
-0.0356659
-0.0326412
-0.0292655
-0.0255202
-0.0215527
-0.0171972
-0.0128417
-0.00785919
-0.00328419
-0.00566016
-0.00932522
-0.0129698
-0.0165698
-0.0200975
-0.0235206
-0.0268033
-0.0299081
-0.0327958
-0.0354263
-0.0377595
-0.0397557
-0.0413776
-0.0425909
-0.0433656
-0.0436777
-0.0435096
-0.0428521
-0.041703
-0.0400711
-0.0379692
-0.0354271
-0.0324623
-0.029136
-0.0254356
-0.021496
-0.0171738
-0.0128179
-0.00787166
-0.00325264
-0.218298
-0.229413
-0.239386
-0.248249
-0.256047
-0.262837
-0.268695
-0.273711
-0.277993
-0.281661
-0.284851
-0.28771
-0.290394
-0.293069
-0.295921
-0.299159
-0.302856
-0.307542
-0.318348
-0.33621
-0.196447
-0.207374
-0.217393
-0.22654
-0.234859
-0.242407
-0.249258
-0.255496
-0.26122
-0.266544
-0.271592
-0.276506
-0.281437
-0.286557
-0.292072
-0.298208
-0.304978
-0.312777
-0.326161
-0.341287
-0.176219
-0.18695
-0.196992
-0.206372
-0.215124
-0.223289
-0.230918
-0.23807
-0.244812
-0.25122
-0.257378
-0.263379
-0.269328
-0.27534
-0.281558
-0.288132
-0.294995
-0.302455
-0.314643
-0.327947
-0.157323
-0.167677
-0.177498
-0.186804
-0.195621
-0.203979
-0.211914
-0.219468
-0.22669
-0.233637
-0.240372
-0.24697
-0.253514
-0.260099
-0.266847
-0.273887
-0.281165
-0.288995
-0.300977
-0.313688
-0.139795
-0.149701
-0.159193
-0.168289
-0.177008
-0.185376
-0.193421
-0.201176
-0.208683
-0.215988
-0.223143
-0.230211
-0.237259
-0.244367
-0.251632
-0.259149
-0.266858
-0.275011
-0.286565
-0.298437
-0.123609
-0.13303
-0.142134
-0.150936
-0.159452
-0.167702
-0.17571
-0.183504
-0.191116
-0.198582
-0.205945
-0.213252
-0.220558
-0.227924
-0.235424
-0.243129
-0.250983
-0.259203
-0.270207
-0.281395
-0.108676
-0.117587
-0.126256
-0.134693
-0.142914
-0.150933
-0.15877
-0.166447
-0.173989
-0.181426
-0.188791
-0.196122
-0.203462
-0.21086
-0.218378
-0.226072
-0.233902
-0.242058
-0.252469
-0.262979
-0.0948939
-0.103286
-0.111491
-0.119517
-0.127377
-0.135083
-0.142651
-0.150098
-0.157444
-0.164713
-0.171931
-0.179129
-0.186342
-0.19361
-0.200982
-0.208504
-0.216149
-0.224079
-0.233789
-0.243523
-0.0821752
-0.0900468
-0.0977725
-0.10536
-0.112819
-0.120158
-0.12739
-0.134529
-0.14159
-0.148592
-0.155555
-0.162503
-0.169464
-0.17647
-0.18356
-0.190769
-0.198083
-0.20564
-0.214558
-0.223428
-0.0704281
-0.077787
-0.0850313
-0.092167
-0.0992007
-0.10614
-0.112994
-0.119774
-0.126489
-0.133156
-0.139788
-0.146405
-0.153027
-0.15968
-0.166392
-0.173192
-0.180074
-0.187152
-0.195226
-0.203187
-0.0595748
-0.0664344
-0.0732028
-0.0798841
-0.0864833
-0.0930058
-0.099458
-0.105847
-0.112182
-0.118472
-0.124729
-0.130966
-0.137198
-0.143443
-0.149724
-0.15606
-0.162451
-0.168987
-0.176212
-0.183276
-0.0495453
-0.0559238
-0.0622285
-0.0684619
-0.0746275
-0.0807288
-0.0867701
-0.0927563
-0.0986933
-0.104588
-0.110447
-0.116281
-0.122099
-0.127914
-0.133741
-0.139595
-0.145475
-0.151451
-0.157869
-0.1641
-0.0402811
-0.0462
-0.0520579
-0.0578564
-0.0635974
-0.0692831
-0.074916
-0.0804991
-0.0860361
-0.091531
-0.0969888
-0.102415
-0.107816
-0.113201
-0.118578
-0.123957
-0.129339
-0.134773
-0.14046
-0.145957
-0.0317286
-0.0372124
-0.042645
-0.048027
-0.053359
-0.0586422
-0.0638778
-0.0690673
-0.0742128
-0.0793163
-0.0843808
-0.0894093
-0.0944056
-0.0993745
-0.104321
-0.109251
-0.114165
-0.119096
-0.124147
-0.129024
-0.0238433
-0.0289186
-0.03395
-0.0389374
-0.0438806
-0.0487799
-0.0536355
-0.0584478
-0.0632176
-0.0679459
-0.0726338
-0.0772827
-0.0818947
-0.0864718
-0.0910169
-0.0955322
-0.10002
-0.104497
-0.109008
-0.113372
-0.0165814
-0.0212769
-0.0259339
-0.0305519
-0.0351301
-0.039668
-0.0441653
-0.0486216
-0.0530368
-0.0574111
-0.0617445
-0.0660374
-0.0702904
-0.0745043
-0.0786801
-0.0828186
-0.0869213
-0.0909972
-0.0950542
-0.0989962
-0.00991287
-0.0142563
-0.0185659
-0.0228404
-0.0270787
-0.0312797
-0.0354427
-0.0395667
-0.0436512
-0.0476955
-0.0516991
-0.0556619
-0.0595836
-0.063464
-0.0673032
-0.0711012
-0.0748592
-0.0785802
-0.082255
-0.0858443
-0.00380013
-0.00782114
-0.0118116
-0.01577
-0.0196949
-0.023585
-0.0274392
-0.0312563
-0.0350353
-0.0387753
-0.0424753
-0.0461347
-0.0497528
-0.0533291
-0.0568631
-0.0603544
-0.0638038
-0.0672107
-0.0705594
-0.0738473
0.00177782
-0.00194789
-0.00564587
-0.00931442
-0.0129519
-0.0165569
-0.0201278
-0.0236634
-0.0271624
-0.0306236
-0.0340459
-0.0374284
-0.0407702
-0.0440704
-0.0473283
-0.0505435
-0.0537162
-0.0568442
-0.0599103
-0.0629346
0.00685273
0.00339451
-3.81857e-05
-0.00344356
-0.00681988
-0.0101655
-0.0134788
-0.0167583
-0.0200026
-0.0232105
-0.0263807
-0.0295121
-0.0326036
-0.0356544
-0.0386635
-0.0416304
-0.0445553
-0.0474347
-0.0502529
-0.0530429
0.0114444
0.0082275
0.00503427
0.00186661
-0.00127367
-0.00438484
-0.00746525
-0.0105133
-0.0135277
-0.0165068
-0.0194495
-0.0223545
-0.0252208
-0.0280473
-0.0308332
-0.0335777
-0.036281
-0.038939
-0.0415385
-0.0441184
0.0155736
0.0125727
0.00959403
0.00663947
0.00371085
0.000809924
-0.00206162
-0.00490219
-0.00771028
-0.0104845
-0.0132235
-0.015926
-0.018591
-0.0212173
-0.0238041
-0.0263507
-0.0288568
-0.0313186
-0.0337252
-0.0361171
0.0192563
0.0164474
0.0136594
0.0108943
0.00815396
0.00544004
0.00275424
9.8167e-05
-0.00252668
-0.00511888
-0.0076771
-0.0102001
-0.0126868
-0.015136
-0.0175469
-0.0199189
-0.0222513
-0.0245406
-0.0267785
-0.029003
0.0225047
0.0198647
0.0172446
0.0146464
0.0120718
0.00952245
0.00700011
0.00450631
0.00204254
-0.000389818
-0.00278944
-0.00515512
-0.00748571
-0.00978018
-0.0120376
-0.0142573
-0.0164386
-0.0185785
-0.0206704
-0.0227482
0.0253277
0.0228343
0.0203601
0.0179067
0.015476
0.0130696
0.010689
0.00833584
0.00601152
0.00371739
0.00145474
-0.000775257
-0.00297149
-0.00513295
-0.00725872
-0.0093481
-0.0114004
-0.013413
-0.0153813
-0.0173327
0.027726
0.0253579
0.0230082
0.0206785
0.0183706
0.016086
0.0138263
0.0115928
0.00938695
0.00721007
0.00506336
0.00294794
0.000864882
-0.00118484
-0.00320035
-0.00518094
-0.00712592
-0.00903313
-0.0108995
-0.0127455
0.0296992
0.0274348
0.0251881
0.0229608
0.0207543
0.0185703
0.01641
0.0142749
0.0121662
0.0100853
0.00803313
0.00601091
0.00401961
0.00206016
0.000133412
-0.00175993
-0.00361917
-0.0054427
-0.00722854
-0.00899024
0.0312268
0.029046
0.0268824
0.0247374
0.0226125
0.0205091
0.0184283
0.0163715
0.0143398
0.0123344
0.0103563
0.00840649
0.00648594
0.00459551
0.00273598
0.000908053
-0.000887594
-0.00264981
-0.00437747
-0.006078
0.032299
0.0301774
0.0280724
0.0259854
0.0239177
0.0218705
0.019845
0.0178425
0.0158639
0.0139104
0.0119828
0.0100823
0.00820951
0.00636538
0.00455064
0.00276593
0.00101191
-0.00071066
-0.00240122
-0.0040625
0.0328564
0.0307784
0.0287165
0.0266718
0.0246453
0.022638
0.0206509
0.0186848
0.0167407
0.0148195
0.0129219
0.0110488
0.00920089
0.00737892
0.00558358
0.00381554
0.00207544
0.000363929
-0.00131862
-0.00297267
0.215992
0.185502
0.156028
0.129364
0.10293
0.0766775
0.0509542
0.0258404
0.00138019
-0.0223702
-0.0454114
-0.0677458
-0.0883265
-0.108342
-0.127396
-0.145365
-0.162236
-0.177984
-0.192585
-0.206024
0.202718
0.175166
0.146917
0.122317
0.0982332
0.0742388
0.0507834
0.0279727
0.00580658
-0.0156755
-0.0364364
-0.0564428
-0.0752921
-0.0937278
-0.111216
-0.127746
-0.14336
-0.158048
-0.171794
-0.184592
0.185384
0.159704
0.133734
0.11153
0.0901079
0.0687759
0.0479283
0.0276855
0.00802387
-0.011043
-0.0294783
-0.0472035
-0.0639386
-0.0808063
-0.0967041
-0.111765
-0.126104
-0.139725
-0.152617
-0.164779
0.169437
0.146195
0.122958
0.103081
0.083992
0.0649805
0.0463766
0.0283114
0.0107574
-0.00629281
-0.0228307
-0.038913
-0.0546576
-0.0691137
-0.083376
-0.0971431
-0.110321
-0.122922
-0.134954
-0.146419
0.15519
0.134396
0.113805
0.0960851
0.0790758
0.0621377
0.0455393
0.0294063
0.0137163
-0.00154455
-0.0163653
-0.0307419
-0.0446841
-0.0580215
-0.0710945
-0.0837011
-0.0958198
-0.107481
-0.118694
-0.129463
0.142776
0.124181
0.105981
0.090202
0.0750371
0.0599431
0.0451346
0.0307217
0.0166863
0.00301229
-0.010296
-0.0232301
-0.0357634
-0.047804
-0.0598586
-0.07142
-0.0825578
-0.0933379
-0.103771
-0.11386
0.132028
0.115404
0.0993526
0.0853224
0.0718005
0.0583423
0.0451208
0.0322275
0.0196468
0.00736069
-0.00463285
-0.016337
-0.0277816
-0.0390133
-0.0496597
-0.0601621
-0.0704188
-0.0803901
-0.0900843
-0.0995106
0.122751
0.107907
0.0937651
0.0813002
0.0692393
0.0572287
0.0454114
0.033862
0.0225677
0.0115127
0.00069461
-0.00988565
-0.0202333
-0.0303594
-0.0401783
-0.0498362
-0.0592876
-0.0685105
-0.0775131
-0.0863052
0.114788
0.10155
0.0890901
0.0780125
0.0672449
0.0565121
0.0459344
0.0355724
0.0254155
0.0154502
0.00567386
-0.00391374
-0.0133148
-0.022532
-0.0315432
-0.0404156
-0.0491091
-0.0576236
-0.0659688
-0.0741511
0.107991
0.0961928
0.0852038
0.0753481
0.0657226
0.0561164
0.0466325
0.0373197
0.0281692
0.0191698
0.0103194
0.00161747
-0.00693719
-0.0153411
-0.0235764
-0.0317489
-0.0397576
-0.0476179
-0.0553469
-0.0629494
0.102213
0.0916997
0.0819927
0.0732099
0.0645914
0.0559784
0.0474593
0.0390738
0.0308142
0.0226714
0.0146434
0.00672971
-0.00107136
-0.00876487
-0.0163544
-0.0238001
-0.0311575
-0.0384149
-0.0455683
-0.0526205
0.0973186
0.0879494
0.0793579
0.0715157
0.0637848
0.0560476
0.0483805
0.0408157
0.0333468
0.0259668
0.0186742
0.0114693
0.00435137
-0.00268328
-0.00964008
-0.0164725
-0.0232445
-0.0299424
-0.0365573
-0.0430906
0.0931921
0.0848367
0.0772152
0.0701971
0.0632483
0.0562838
0.0493697
0.0425322
0.0357664
0.0290668
0.022433
0.0158655
0.00936464
0.00292969
-0.0034403
-0.00973328
-0.0159707
-0.022146
-0.0282555
-0.0343
0.0897305
0.0822713
0.0754925
0.0691963
0.0629367
0.056654
0.0504058
0.0442135
0.0380731
0.0319807
0.0259366
0.0199417
0.0139966
0.00810173
0.00225743
-0.00353113
-0.00927443
-0.0149665
-0.0206059
-0.0261932
0.0868447
0.0801756
0.0741285
0.0684644
0.0628119
0.0571311
0.0514719
0.045852
0.0402681
0.0347178
0.0292018
0.0237215
0.0182779
0.0128716
0.00750422
0.00217974
-0.00311265
-0.00835995
-0.0135633
-0.0187246
0.0844569
0.0784831
0.0730708
0.06796
0.0628423
0.0576928
0.0525548
0.0474429
0.0423548
0.0372891
0.0322471
0.0272306
0.0222413
0.0172806
0.0123536
0.00746886
0.00256958
-0.00227747
-0.00708075
-0.0118488
0.0824985
0.0771356
0.0722733
0.067646
0.0629988
0.0583175
0.0536398
0.0489776
0.0443294
0.0396945
0.0350742
0.0304704
0.0258849
0.0213187
0.0167699
0.0122349
0.00776853
0.00331029
-0.00112818
-0.00553663
0.0809097
0.0760828
0.0716965
0.0674915
0.0632577
0.0589892
0.0547182
0.050455
0.0461985
0.0419487
0.0377074
0.0334769
0.0292592
0.0250563
0.0208696
0.0167
0.0125581
0.00843267
0.00432836
0.00025009
0.0796372
0.0752798
0.0713047
0.0674673
0.0635962
0.0596905
0.055778
0.0518672
0.0479576
0.0440498
0.0401457
0.0362476
0.0323576
0.0284779
0.0246103
0.0207568
0.0169219
0.013104
0.0093056
0.00552955
0.0786336
0.0746865
0.0710656
0.0675477
0.0639937
0.0604062
0.0568088
0.0532087
0.0496058
0.0460012
0.0423968
0.0387949
0.0351979
0.0316079
0.0280269
0.0244572
0.0209019
0.0173614
0.0138381
0.0103346
0.0778564
0.0742668
0.07095
0.0677085
0.0644307
0.0611211
0.0577996
0.0544723
0.0511395
0.0478024
0.0444631
0.041124
0.0377873
0.0344552
0.0311299
0.0278137
0.0245092
0.0212176
0.0179415
0.0146831
0.0772676
0.0739879
0.0709311
0.0679275
0.064889
0.0618209
0.0587398
0.0556508
0.0525545
0.0494523
0.0463464
0.0432391
0.0401325
0.037029
0.0339307
0.0308398
0.0277589
0.0246895
0.021634
0.0185947
0.0768331
0.0738205
0.0709844
0.0681841
0.0653513
0.0624917
0.0596186
0.0567362
0.0538457
0.0509485
0.0480466
0.0451423
0.0422379
0.0393354
0.0364371
0.0335452
0.030662
0.0277891
0.0249292
0.0220842
0.0765226
0.0737376
0.071087
0.0684587
0.0658011
0.0631195
0.0604245
0.0577198
0.0550065
0.0522863
0.0495611
0.0468331
0.0441044
0.0413772
0.0386535
0.0359356
0.0332257
0.0305251
0.0278368
0.0251627
0.0763096
0.0737157
0.0712188
0.0687337
0.0662231
0.0636914
0.0611469
0.0585927
0.0560302
0.0534609
0.0508868
0.0483099
0.0457322
0.0431559
0.0405829
0.0380154
0.0354558
0.0329038
0.0303641
0.0278382
0.0761694
0.0737317
0.0713591
0.0689904
0.0666
0.0641916
0.0617714
0.0593421
0.056905
0.0544618
0.0520142
0.0495642
0.0471138
0.0446649
0.0422194
0.0397792
0.0373462
0.0349228
0.0325104
0.0301108
0.0760842
0.0737695
0.0714935
0.069216
0.0669207
0.0646104
0.0622896
0.0599607
0.0576249
0.055284
0.0529395
0.0505933
0.0482472
0.045903
0.0435625
0.0412274
0.0388993
0.0365819
0.0342747
0.0319797
0.0760308
0.0738043
0.0715971
0.0693852
0.0671592
0.0649212
0.0626745
0.0604211
0.0581623
0.0558997
0.0536348
0.0513693
0.0491049
0.0468432
0.0445859
0.0423346
0.0400909
0.0378571
0.035634
0.0334233
0.0760092
0.0738388
0.0716746
0.0695046
0.067324
0.0651345
0.0629383
0.0607369
0.0585316
0.0563238
0.054115
0.0519066
0.0497002
0.0474972
0.0452991
0.0431075
0.0409239
0.0387498
0.0365866
0.0344359
0.0759813
0.0738233
0.0716663
0.0695049
0.067337
0.0651637
0.0629868
0.0608077
0.0586278
0.0564481
0.0542701
0.052095
0.049924
0.0477585
0.0455997
0.0434488
0.0413071
0.039176
0.0370564
0.0349494
0.245022
0.24755
0.252995
0.260393
0.269627
0.28017
0.291484
0.302814
0.313001
0.320753
0.323927
0.320943
0.307834
0.285886
0.236331
0.243958
0.246355
0.251504
0.258454
0.267032
0.276668
0.286759
0.29648
0.304619
0.309846
0.310077
0.303855
0.28756
0.263043
0.21515
0.24279
0.245053
0.249886
0.256357
0.264248
0.272959
0.281841
0.290039
0.296339
0.299455
0.297452
0.289118
0.271279
0.246489
0.202419
0.241503
0.243613
0.248096
0.254041
0.261179
0.268888
0.276477
0.283067
0.287457
0.288423
0.284206
0.273838
0.254684
0.229401
0.18822
0.24009
0.242034
0.246141
0.251523
0.257868
0.264529
0.270784
0.275743
0.278237
0.277121
0.270837
0.258639
0.238456
0.212758
0.174287
0.238546
0.240313
0.244021
0.248811
0.254331
0.259918
0.26483
0.268184
0.268864
0.265825
0.257735
0.244053
0.223256
0.197554
0.161842
0.236864
0.238443
0.241732
0.245904
0.250571
0.255066
0.25864
0.260432
0.259403
0.254627
0.245005
0.230186
0.20915
0.183822
0.150803
0.235039
0.23642
0.239269
0.242798
0.246593
0.249987
0.252239
0.252528
0.249911
0.243589
0.232699
0.217061
0.196082
0.171411
0.140958
0.233067
0.23424
0.236632
0.239499
0.242406
0.2447
0.245662
0.244524
0.240452
0.232785
0.220884
0.204715
0.184033
0.16024
0.132207
0.230943
0.231901
0.233821
0.23601
0.238024
0.239232
0.23895
0.236477
0.231097
0.222289
0.20962
0.193181
0.172993
0.150243
0.12448
0.228668
0.229402
0.230839
0.232342
0.233466
0.233613
0.232145
0.228443
0.221912
0.212166
0.198956
0.182475
0.162936
0.141345
0.117697
0.22624
0.226745
0.227692
0.228507
0.228754
0.227875
0.225295
0.220479
0.212957
0.202472
0.188929
0.172598
0.153823
0.133458
0.111772
0.223662
0.223935
0.22439
0.22452
0.223911
0.222056
0.218447
0.212642
0.20429
0.193251
0.179559
0.163538
0.145609
0.126497
0.106623
0.22094
0.220979
0.220945
0.220402
0.218968
0.216195
0.21165
0.204984
0.19596
0.18454
0.170858
0.155273
0.138241
0.120377
0.102171
0.218082
0.217888
0.217373
0.216175
0.213957
0.210333
0.204951
0.197554
0.188009
0.176364
0.162826
0.147772
0.131662
0.115018
0.0983398
0.215101
0.214677
0.213693
0.211867
0.208912
0.204513
0.198397
0.190398
0.180472
0.168739
0.155454
0.140999
0.125815
0.110342
0.0950604
0.212011
0.211363
0.209929
0.207508
0.203872
0.198777
0.192034
0.183555
0.173377
0.161672
0.148727
0.134913
0.120641
0.10628
0.0922677
0.208834
0.20797
0.206109
0.203132
0.198876
0.19317
0.185902
0.17706
0.166743
0.155164
0.142623
0.129472
0.116083
0.102765
0.0899027
0.205594
0.204524
0.202264
0.198776
0.193965
0.187733
0.180041
0.170941
0.160584
0.149208
0.137115
0.12463
0.112086
0.0997361
0.087912
0.20232
0.201058
0.198431
0.19448
0.189182
0.182508
0.174486
0.165223
0.154908
0.143794
0.132174
0.120345
0.108597
0.0971386
0.0862474
0.199049
0.197609
0.19465
0.190288
0.184571
0.177535
0.169269
0.159926
0.149719
0.138908
0.12777
0.116574
0.105568
0.0949226
0.0848656
0.195819
0.194218
0.190965
0.186244
0.180175
0.172855
0.164421
0.155065
0.145016
0.134533
0.123874
0.113277
0.102954
0.0930432
0.0837277
0.192679
0.190934
0.187424
0.182398
0.17604
0.168504
0.15997
0.150654
0.140799
0.130653
0.120455
0.110416
0.100714
0.0914608
0.0827994
0.189679
0.187809
0.184081
0.178801
0.172215
0.164523
0.155941
0.146706
0.137064
0.127252
0.117489
0.10796
0.0988136
0.0901406
0.0820503
0.186879
0.184903
0.180994
0.175509
0.168746
0.16095
0.152363
0.143235
0.133811
0.124317
0.114953
0.10588
0.0972216
0.0890526
0.0814541
0.184344
0.182279
0.178225
0.17258
0.165687
0.157828
0.149265
0.140256
0.131043
0.121841
0.11283
0.104153
0.0959135
0.0881724
0.0809882
0.182145
0.180008
0.175843
0.170078
0.163095
0.155202
0.14668
0.137789
0.128768
0.119819
0.11111
0.102764
0.0948707
0.0874804
0.0806347
0.18036
0.17817
0.173924
0.168073
0.16103
0.153125
0.144648
0.135863
0.127002
0.11826
0.10979
0.101705
0.0940817
0.0869631
0.0803775
0.179075
0.176847
0.172548
0.166644
0.159565
0.151659
0.143221
0.134517
0.125774
0.11718
0.10888
0.100978
0.0935437
0.0866146
0.0802122
0.178386
0.176134
0.171809
0.165879
0.158783
0.150879
0.142465
0.133805
0.125127
0.116613
0.108403
0.100599
0.0932635
0.0864325
0.0801216
0.252583
0.255409
0.261798
0.270678
0.282271
0.296403
0.313114
0.332506
0.354518
0.379328
0.406732
0.436856
0.469198
0.50378
0.539175
0.252546
0.255371
0.261756
0.27063
0.282214
0.296332
0.313021
0.33238
0.354341
0.379078
0.406373
0.436344
0.46847
0.502758
0.537756
0.252473
0.255294
0.261672
0.270535
0.2821
0.296189
0.312835
0.332127
0.353987
0.378578
0.405655
0.435324
0.467016
0.500715
0.534924
0.252362
0.25518
0.261547
0.270393
0.28193
0.295976
0.312555
0.331748
0.353457
0.377829
0.404581
0.433795
0.46484
0.49766
0.530691
0.252215
0.255028
0.261381
0.270204
0.281704
0.295693
0.312184
0.331244
0.352753
0.376833
0.403151
0.431764
0.461947
0.493601
0.525073
0.252032
0.254839
0.261174
0.269969
0.281422
0.29534
0.311722
0.330617
0.351875
0.375592
0.40137
0.429233
0.458343
0.488551
0.518092
0.251812
0.254613
0.260926
0.269687
0.281086
0.294918
0.31117
0.329867
0.350826
0.374109
0.39924
0.426208
0.454036
0.482525
0.509774
0.251557
0.25435
0.260631
0.269361
0.280696
0.294429
0.310529
0.328996
0.349608
0.372386
0.396766
0.422698
0.449036
0.475542
0.500149
0.251266
0.254051
0.260293
0.268989
0.280252
0.293874
0.309802
0.328007
0.348224
0.370427
0.393954
0.418709
0.443353
0.467622
0.489249
0.250941
0.253717
0.259965
0.268573
0.279757
0.293253
0.308989
0.326901
0.346677
0.368235
0.390808
0.41425
0.436998
0.45879
0.477106
0.250581
0.253349
0.25955
0.268115
0.279211
0.292568
0.308092
0.325681
0.34497
0.365816
0.387335
0.409329
0.429983
0.449072
0.463753
0.250187
0.252946
0.259104
0.267616
0.278615
0.291822
0.307114
0.32435
0.343106
0.363172
0.383541
0.403955
0.422319
0.438494
0.449216
0.24976
0.252509
0.258628
0.267077
0.277972
0.291016
0.306057
0.32291
0.341091
0.360311
0.379435
0.398139
0.414021
0.427084
0.433518
0.2493
0.25204
0.258118
0.266498
0.277282
0.290151
0.304925
0.321366
0.338929
0.357238
0.375027
0.391891
0.405106
0.414875
0.416673
0.248808
0.251541
0.257573
0.265881
0.276546
0.289229
0.303716
0.319717
0.336621
0.353953
0.37032
0.385215
0.395582
0.401887
0.39868
0.248285
0.251011
0.256994
0.265225
0.275762
0.288246
0.302425
0.317954
0.334153
0.350439
0.365291
0.378081
0.385426
0.388098
0.379493
0.247732
0.250451
0.256385
0.264536
0.274939
0.287212
0.301067
0.316096
0.331545
0.346719
0.359966
0.370511
0.374669
0.373525
0.359063
0.24715
0.249868
0.255759
0.263838
0.274117
0.286193
0.299736
0.314276
0.328984
0.343035
0.35465
0.362862
0.363712
0.358556
0.337701
0.24654
0.249263
0.255117
0.263133
0.273303
0.285202
0.298461
0.312546
0.326545
0.3395
0.349495
0.355316
0.352751
0.343301
0.315526
0.245889
0.248578
0.254335
0.262202
0.272143
0.283703
0.296461
0.309806
0.322735
0.334147
0.342002
0.344856
0.338353
0.324
0.287978
0.245889
0.248578
0.254335
0.262202
0.272143
0.283703
0.296461
0.309806
0.322735
0.334147
0.342002
0.344856
0.338353
0.324
0.287978
0.24654
0.249263
0.255117
0.263133
0.273303
0.285202
0.298461
0.312546
0.326545
0.3395
0.349495
0.355316
0.352751
0.343301
0.315526
0.24715
0.249868
0.255759
0.263838
0.274117
0.286193
0.299736
0.314276
0.328984
0.343035
0.35465
0.362862
0.363712
0.358556
0.337701
0.247732
0.250451
0.256385
0.264536
0.274939
0.287212
0.301067
0.316096
0.331545
0.346719
0.359966
0.370511
0.374669
0.373525
0.359063
0.248285
0.251011
0.256994
0.265225
0.275762
0.288246
0.302425
0.317954
0.334153
0.350439
0.365291
0.378081
0.385426
0.388098
0.379493
0.248808
0.251541
0.257573
0.265881
0.276546
0.289229
0.303716
0.319717
0.336621
0.353953
0.37032
0.385215
0.395582
0.401887
0.39868
0.2493
0.25204
0.258118
0.266498
0.277282
0.290151
0.304925
0.321366
0.338929
0.357238
0.375027
0.391891
0.405106
0.414875
0.416673
0.24976
0.252509
0.258628
0.267077
0.277972
0.291016
0.306057
0.32291
0.341091
0.360311
0.379435
0.398139
0.414021
0.427084
0.433518
0.250187
0.252946
0.259104
0.267616
0.278615
0.291822
0.307114
0.32435
0.343106
0.363172
0.383541
0.403955
0.422319
0.438494
0.449216
0.250581
0.253349
0.25955
0.268115
0.279211
0.292568
0.308092
0.325681
0.34497
0.365816
0.387335
0.409329
0.429983
0.449072
0.463753
0.250941
0.253717
0.259965
0.268573
0.279757
0.293253
0.308989
0.326901
0.346677
0.368235
0.390808
0.41425
0.436998
0.45879
0.477106
0.251266
0.254051
0.260293
0.268989
0.280252
0.293874
0.309802
0.328007
0.348224
0.370427
0.393954
0.418709
0.443353
0.467622
0.489249
0.251557
0.25435
0.260631
0.269361
0.280696
0.294429
0.310529
0.328996
0.349608
0.372386
0.396766
0.422698
0.449036
0.475542
0.500149
0.251812
0.254613
0.260926
0.269687
0.281086
0.294918
0.31117
0.329867
0.350826
0.374109
0.39924
0.426208
0.454036
0.482525
0.509774
0.252032
0.254839
0.261174
0.269969
0.281422
0.29534
0.311722
0.330617
0.351875
0.375592
0.40137
0.429233
0.458343
0.488551
0.518092
0.252215
0.255028
0.261381
0.270204
0.281704
0.295693
0.312184
0.331244
0.352753
0.376833
0.403151
0.431764
0.461947
0.493601
0.525073
0.252362
0.25518
0.261547
0.270393
0.28193
0.295976
0.312555
0.331748
0.353457
0.377829
0.404581
0.433795
0.46484
0.49766
0.530691
0.252473
0.255294
0.261672
0.270535
0.2821
0.296189
0.312835
0.332127
0.353987
0.378578
0.405655
0.435324
0.467016
0.500715
0.534924
0.252546
0.255371
0.261756
0.27063
0.282214
0.296332
0.313021
0.33238
0.354341
0.379078
0.406373
0.436344
0.46847
0.502758
0.537756
0.252583
0.255409
0.261798
0.270678
0.282271
0.296403
0.313114
0.332506
0.354518
0.379328
0.406732
0.436856
0.469198
0.50378
0.539175
0.178386
0.176134
0.171809
0.165879
0.158783
0.150879
0.142465
0.133805
0.125127
0.116613
0.108403
0.100599
0.0932635
0.0864325
0.0801216
0.179075
0.176847
0.172548
0.166644
0.159565
0.151659
0.143221
0.134517
0.125774
0.11718
0.10888
0.100978
0.0935437
0.0866146
0.0802122
0.18036
0.17817
0.173924
0.168073
0.16103
0.153125
0.144648
0.135863
0.127002
0.11826
0.10979
0.101705
0.0940817
0.0869631
0.0803775
0.182145
0.180008
0.175843
0.170078
0.163095
0.155202
0.14668
0.137789
0.128768
0.119819
0.11111
0.102764
0.0948707
0.0874804
0.0806347
0.184344
0.182279
0.178225
0.17258
0.165687
0.157828
0.149265
0.140256
0.131043
0.121841
0.11283
0.104153
0.0959135
0.0881724
0.0809882
0.186879
0.184903
0.180994
0.175509
0.168746
0.16095
0.152363
0.143235
0.133811
0.124317
0.114953
0.10588
0.0972216
0.0890527
0.0814541
0.189679
0.187809
0.184081
0.178801
0.172215
0.164523
0.155941
0.146706
0.137064
0.127252
0.117489
0.10796
0.0988136
0.0901406
0.0820503
0.192679
0.190934
0.187424
0.182398
0.17604
0.168504
0.15997
0.150654
0.140799
0.130653
0.120455
0.110416
0.100714
0.0914608
0.0827994
0.195819
0.194218
0.190965
0.186244
0.180175
0.172855
0.164421
0.155065
0.145016
0.134533
0.123874
0.113277
0.102954
0.0930433
0.0837277
0.199049
0.197609
0.19465
0.190288
0.184571
0.177535
0.169269
0.159926
0.149719
0.138908
0.12777
0.116574
0.105568
0.0949226
0.0848656
0.20232
0.201058
0.198431
0.19448
0.189182
0.182508
0.174486
0.165223
0.154908
0.143794
0.132174
0.120345
0.108597
0.0971386
0.0862474
0.205594
0.204524
0.202264
0.198776
0.193965
0.187733
0.180041
0.170941
0.160584
0.149208
0.137115
0.12463
0.112086
0.0997361
0.087912
0.208834
0.20797
0.206109
0.203132
0.198876
0.19317
0.185902
0.17706
0.166743
0.155164
0.142623
0.129472
0.116083
0.102765
0.0899027
0.212011
0.211363
0.209929
0.207508
0.203872
0.198777
0.192034
0.183555
0.173377
0.161672
0.148727
0.134913
0.120641
0.10628
0.0922677
0.215101
0.214677
0.213693
0.211867
0.208912
0.204513
0.198397
0.190398
0.180472
0.168739
0.155454
0.140999
0.125815
0.110342
0.0950604
0.218082
0.217888
0.217373
0.216175
0.213957
0.210333
0.204951
0.197554
0.188009
0.176364
0.162826
0.147772
0.131662
0.115018
0.0983398
0.22094
0.220979
0.220945
0.220402
0.218968
0.216195
0.21165
0.204984
0.19596
0.18454
0.170858
0.155273
0.138241
0.120377
0.102171
0.223662
0.223935
0.22439
0.22452
0.223911
0.222056
0.218447
0.212642
0.20429
0.193251
0.179559
0.163538
0.145609
0.126497
0.106623
0.22624
0.226745
0.227692
0.228507
0.228754
0.227875
0.225295
0.220479
0.212957
0.202472
0.188929
0.172598
0.153823
0.133458
0.111772
0.228668
0.229402
0.230839
0.232342
0.233466
0.233613
0.232145
0.228443
0.221912
0.212166
0.198957
0.182475
0.162936
0.141345
0.117697
0.230943
0.231901
0.233821
0.23601
0.238024
0.239232
0.23895
0.236477
0.231097
0.222289
0.20962
0.193181
0.172993
0.150243
0.12448
0.233067
0.23424
0.236632
0.239499
0.242406
0.2447
0.245662
0.244524
0.240452
0.232785
0.220884
0.204715
0.184033
0.16024
0.132207
0.235039
0.23642
0.239269
0.242798
0.246593
0.249987
0.252239
0.252528
0.249911
0.243589
0.232699
0.217061
0.196082
0.171411
0.140958
0.236864
0.238443
0.241732
0.245904
0.250571
0.255066
0.25864
0.260432
0.259403
0.254627
0.245005
0.230186
0.20915
0.183822
0.150803
0.238546
0.240313
0.244021
0.248811
0.254331
0.259918
0.26483
0.268184
0.268864
0.265825
0.257735
0.244053
0.223256
0.197554
0.161842
0.24009
0.242034
0.246141
0.251523
0.257868
0.264529
0.270784
0.275743
0.278237
0.277121
0.270837
0.258639
0.238456
0.212758
0.174287
0.241503
0.243613
0.248096
0.254041
0.261179
0.268888
0.276477
0.283067
0.287457
0.288423
0.284206
0.273838
0.254684
0.229401
0.18822
0.24279
0.245053
0.249886
0.256357
0.264248
0.272959
0.281841
0.290039
0.296339
0.299455
0.297452
0.289118
0.271279
0.246489
0.202419
0.243958
0.246355
0.251504
0.258454
0.267032
0.276668
0.286759
0.29648
0.304619
0.309846
0.310077
0.303855
0.28756
0.263043
0.21515
0.245022
0.24755
0.252995
0.260393
0.269627
0.28017
0.291484
0.302814
0.313001
0.320753
0.323927
0.320943
0.307834
0.285886
0.236331
0.0759813
0.0738233
0.0716663
0.0695049
0.067337
0.0651637
0.0629868
0.0608077
0.0586278
0.0564481
0.0542701
0.052095
0.049924
0.0477585
0.0455997
0.0434488
0.0413071
0.039176
0.0370564
0.0349495
0.0760092
0.0738388
0.0716746
0.0695046
0.067324
0.0651345
0.0629383
0.0607369
0.0585316
0.0563238
0.054115
0.0519066
0.0497002
0.0474972
0.0452991
0.0431075
0.0409239
0.0387498
0.0365866
0.0344359
0.0760308
0.0738043
0.0715971
0.0693852
0.0671592
0.0649212
0.0626745
0.0604211
0.0581623
0.0558997
0.0536348
0.0513693
0.0491049
0.0468432
0.0445859
0.0423346
0.0400909
0.0378571
0.035634
0.0334233
0.0760842
0.0737695
0.0714935
0.069216
0.0669207
0.0646104
0.0622896
0.0599607
0.0576249
0.055284
0.0529395
0.0505933
0.0482472
0.045903
0.0435625
0.0412274
0.0388993
0.0365819
0.0342747
0.0319797
0.0761694
0.0737317
0.0713591
0.0689904
0.0666
0.0641916
0.0617714
0.0593421
0.056905
0.0544618
0.0520142
0.0495643
0.0471138
0.0446649
0.0422194
0.0397792
0.0373462
0.0349228
0.0325104
0.0301108
0.0763096
0.0737157
0.0712188
0.0687337
0.0662231
0.0636914
0.0611469
0.0585927
0.0560302
0.0534609
0.0508868
0.0483099
0.0457322
0.0431559
0.0405829
0.0380154
0.0354558
0.0329038
0.0303641
0.0278382
0.0765226
0.0737376
0.071087
0.0684587
0.0658011
0.0631195
0.0604245
0.0577198
0.0550065
0.0522863
0.0495611
0.0468331
0.0441044
0.0413772
0.0386535
0.0359356
0.0332257
0.0305251
0.0278369
0.0251627
0.0768331
0.0738205
0.0709844
0.0681841
0.0653514
0.0624917
0.0596186
0.0567362
0.0538457
0.0509485
0.0480466
0.0451423
0.0422379
0.0393354
0.0364371
0.0335452
0.030662
0.0277891
0.0249292
0.0220842
0.0772676
0.0739879
0.0709311
0.0679275
0.064889
0.0618209
0.0587398
0.0556508
0.0525545
0.0494523
0.0463464
0.0432391
0.0401325
0.037029
0.0339307
0.0308398
0.0277589
0.0246895
0.021634
0.0185947
0.0778564
0.0742668
0.07095
0.0677085
0.0644307
0.0611211
0.0577996
0.0544723
0.0511395
0.0478024
0.0444631
0.041124
0.0377873
0.0344552
0.0311299
0.0278137
0.0245092
0.0212176
0.0179415
0.0146831
0.0786336
0.0746865
0.0710656
0.0675477
0.0639937
0.0604062
0.0568088
0.0532087
0.0496058
0.0460012
0.0423968
0.0387949
0.0351979
0.0316079
0.0280269
0.0244572
0.0209019
0.0173614
0.0138381
0.0103346
0.0796372
0.0752798
0.0713047
0.0674673
0.0635962
0.0596905
0.055778
0.0518672
0.0479576
0.0440498
0.0401457
0.0362476
0.0323576
0.0284779
0.0246103
0.0207568
0.0169219
0.013104
0.0093056
0.00552956
0.0809097
0.0760828
0.0716965
0.0674915
0.0632577
0.0589892
0.0547182
0.050455
0.0461985
0.0419487
0.0377074
0.0334769
0.0292592
0.0250563
0.0208696
0.0167
0.0125581
0.00843267
0.00432836
0.000250092
0.0824985
0.0771356
0.0722733
0.067646
0.0629988
0.0583175
0.0536398
0.0489776
0.0443295
0.0396945
0.0350742
0.0304704
0.0258849
0.0213187
0.0167699
0.0122349
0.00776853
0.00331029
-0.00112818
-0.00553663
0.0844569
0.0784831
0.0730708
0.06796
0.0628423
0.0576928
0.0525548
0.0474429
0.0423548
0.0372891
0.0322471
0.0272306
0.0222413
0.0172806
0.0123536
0.00746886
0.00256958
-0.00227747
-0.00708075
-0.0118488
0.0868447
0.0801756
0.0741285
0.0684644
0.0628119
0.0571311
0.051472
0.045852
0.0402681
0.0347178
0.0292018
0.0237215
0.0182779
0.0128716
0.00750422
0.00217974
-0.00311265
-0.00835995
-0.0135633
-0.0187246
0.0897305
0.0822714
0.0754925
0.0691963
0.0629367
0.056654
0.0504058
0.0442135
0.0380731
0.0319807
0.0259366
0.0199417
0.0139967
0.00810173
0.00225743
-0.00353113
-0.00927442
-0.0149665
-0.0206059
-0.0261932
0.0931921
0.0848367
0.0772152
0.0701972
0.0632483
0.0562838
0.0493697
0.0425322
0.0357664
0.0290668
0.022433
0.0158655
0.00936464
0.00292969
-0.0034403
-0.00973327
-0.0159707
-0.022146
-0.0282555
-0.0343
0.0973186
0.0879494
0.0793579
0.0715157
0.0637848
0.0560476
0.0483805
0.0408157
0.0333468
0.0259668
0.0186742
0.0114693
0.00435137
-0.00268328
-0.00964007
-0.0164725
-0.0232445
-0.0299424
-0.0365573
-0.0430906
0.102213
0.0916997
0.0819927
0.0732099
0.0645914
0.0559784
0.0474593
0.0390738
0.0308142
0.0226714
0.0146434
0.00672971
-0.00107136
-0.00876487
-0.0163544
-0.0238001
-0.0311575
-0.0384149
-0.0455683
-0.0526205
0.107991
0.0961928
0.0852038
0.0753481
0.0657226
0.0561164
0.0466325
0.0373197
0.0281692
0.0191698
0.0103194
0.00161747
-0.00693719
-0.0153411
-0.0235764
-0.0317489
-0.0397576
-0.0476179
-0.0553469
-0.0629494
0.114788
0.10155
0.0890901
0.0780125
0.0672449
0.0565121
0.0459344
0.0355724
0.0254155
0.0154502
0.00567386
-0.00391373
-0.0133148
-0.022532
-0.0315432
-0.0404156
-0.0491091
-0.0576236
-0.0659688
-0.0741511
0.122751
0.107907
0.0937651
0.0813002
0.0692393
0.0572287
0.0454114
0.033862
0.0225677
0.0115127
0.000694612
-0.00988564
-0.0202333
-0.0303594
-0.0401783
-0.0498362
-0.0592876
-0.0685105
-0.0775131
-0.0863052
0.132028
0.115404
0.0993526
0.0853224
0.0718006
0.0583423
0.0451208
0.0322275
0.0196468
0.00736069
-0.00463285
-0.016337
-0.0277816
-0.0390133
-0.0496597
-0.0601621
-0.0704188
-0.0803901
-0.0900843
-0.0995106
0.142776
0.124181
0.105981
0.090202
0.0750372
0.0599431
0.0451346
0.0307217
0.0166863
0.00301229
-0.010296
-0.0232301
-0.0357634
-0.047804
-0.0598586
-0.07142
-0.0825578
-0.0933379
-0.103771
-0.11386
0.15519
0.134396
0.113805
0.0960851
0.0790758
0.0621377
0.0455393
0.0294063
0.0137163
-0.00154455
-0.0163653
-0.0307419
-0.0446841
-0.0580215
-0.0710945
-0.0837011
-0.0958198
-0.107481
-0.118694
-0.129463
0.169437
0.146195
0.122958
0.103081
0.083992
0.0649805
0.0463766
0.0283114
0.0107574
-0.00629281
-0.0228307
-0.038913
-0.0546576
-0.0691137
-0.083376
-0.0971431
-0.110321
-0.122922
-0.134954
-0.146419
0.185384
0.159704
0.133734
0.11153
0.0901079
0.0687759
0.0479283
0.0276855
0.00802387
-0.011043
-0.0294783
-0.0472035
-0.0639386
-0.0808063
-0.0967041
-0.111765
-0.126104
-0.139725
-0.152617
-0.164779
0.202718
0.175166
0.146917
0.122317
0.0982332
0.0742388
0.0507835
0.0279727
0.00580658
-0.0156755
-0.0364364
-0.0564428
-0.0752921
-0.0937278
-0.111216
-0.127746
-0.14336
-0.158048
-0.171794
-0.184592
0.215992
0.185502
0.156028
0.129364
0.10293
0.0766775
0.0509542
0.0258404
0.00138019
-0.0223702
-0.0454114
-0.0677458
-0.0883265
-0.108342
-0.127396
-0.145365
-0.162236
-0.177984
-0.192585
-0.206024
0.0328564
0.0307784
0.0287166
0.0266718
0.0246453
0.022638
0.0206509
0.0186848
0.0167407
0.0148195
0.0129219
0.0110488
0.00920089
0.00737892
0.00558359
0.00381554
0.00207544
0.00036393
-0.00131862
-0.00297266
0.032299
0.0301774
0.0280724
0.0259854
0.0239177
0.0218705
0.019845
0.0178425
0.0158639
0.0139104
0.0119828
0.0100823
0.00820951
0.00636539
0.00455064
0.00276593
0.00101191
-0.000710658
-0.00240122
-0.0040625
0.0312268
0.029046
0.0268824
0.0247374
0.0226125
0.0205091
0.0184283
0.0163715
0.0143398
0.0123344
0.0103563
0.00840649
0.00648595
0.00459551
0.00273598
0.000908054
-0.000887593
-0.00264981
-0.00437747
-0.006078
0.0296992
0.0274348
0.0251881
0.0229608
0.0207544
0.0185703
0.01641
0.0142749
0.0121662
0.0100853
0.00803313
0.00601091
0.00401961
0.00206016
0.000133414
-0.00175993
-0.00361917
-0.00544269
-0.00722854
-0.00899024
0.027726
0.0253579
0.0230082
0.0206785
0.0183706
0.016086
0.0138263
0.0115928
0.00938696
0.00721008
0.00506336
0.00294794
0.000864884
-0.00118484
-0.00320035
-0.00518094
-0.00712592
-0.00903313
-0.0108995
-0.0127455
0.0253277
0.0228343
0.0203601
0.0179067
0.015476
0.0130696
0.010689
0.00833584
0.00601152
0.0037174
0.00145474
-0.000775256
-0.00297149
-0.00513295
-0.00725872
-0.0093481
-0.0114004
-0.013413
-0.0153813
-0.0173327
0.0225047
0.0198647
0.0172446
0.0146464
0.0120718
0.00952245
0.00700011
0.00450631
0.00204254
-0.000389816
-0.00278944
-0.00515512
-0.00748571
-0.00978018
-0.0120376
-0.0142573
-0.0164386
-0.0185785
-0.0206704
-0.0227482
0.0192563
0.0164474
0.0136594
0.0108943
0.00815396
0.00544004
0.00275424
9.81687e-05
-0.00252668
-0.00511888
-0.0076771
-0.0102001
-0.0126868
-0.015136
-0.0175469
-0.0199189
-0.0222513
-0.0245406
-0.0267785
-0.029003
0.0155736
0.0125727
0.00959404
0.00663947
0.00371085
0.000809925
-0.00206162
-0.00490218
-0.00771027
-0.0104845
-0.0132235
-0.015926
-0.018591
-0.0212173
-0.0238041
-0.0263507
-0.0288568
-0.0313186
-0.0337252
-0.0361171
0.0114444
0.0082275
0.00503427
0.00186661
-0.00127367
-0.00438484
-0.00746525
-0.0105133
-0.0135277
-0.0165068
-0.0194495
-0.0223545
-0.0252208
-0.0280473
-0.0308332
-0.0335777
-0.036281
-0.038939
-0.0415385
-0.0441184
0.00685273
0.00339452
-3.81841e-05
-0.00344356
-0.00681987
-0.0101655
-0.0134788
-0.0167583
-0.0200026
-0.0232105
-0.0263807
-0.0295121
-0.0326036
-0.0356544
-0.0386635
-0.0416304
-0.0445553
-0.0474347
-0.0502529
-0.0530429
0.00177782
-0.00194789
-0.00564586
-0.00931442
-0.0129519
-0.0165569
-0.0201278
-0.0236634
-0.0271624
-0.0306236
-0.0340459
-0.0374284
-0.0407702
-0.0440704
-0.0473283
-0.0505435
-0.0537162
-0.0568442
-0.0599103
-0.0629346
-0.00380013
-0.00782113
-0.0118116
-0.01577
-0.0196949
-0.023585
-0.0274392
-0.0312563
-0.0350353
-0.0387753
-0.0424753
-0.0461347
-0.0497528
-0.0533291
-0.0568631
-0.0603544
-0.0638038
-0.0672107
-0.0705594
-0.0738473
-0.00991286
-0.0142563
-0.0185659
-0.0228404
-0.0270787
-0.0312797
-0.0354427
-0.0395667
-0.0436512
-0.0476955
-0.0516991
-0.0556619
-0.0595836
-0.063464
-0.0673032
-0.0711012
-0.0748592
-0.0785802
-0.082255
-0.0858443
-0.0165814
-0.0212769
-0.0259339
-0.0305519
-0.0351301
-0.039668
-0.0441653
-0.0486216
-0.0530368
-0.0574111
-0.0617445
-0.0660374
-0.0702904
-0.0745043
-0.0786801
-0.0828186
-0.0869213
-0.0909972
-0.0950542
-0.0989962
-0.0238433
-0.0289186
-0.03395
-0.0389374
-0.0438806
-0.0487799
-0.0536355
-0.0584478
-0.0632176
-0.0679459
-0.0726338
-0.0772827
-0.0818947
-0.0864718
-0.0910169
-0.0955322
-0.10002
-0.104497
-0.109008
-0.113372
-0.0317286
-0.0372124
-0.042645
-0.048027
-0.053359
-0.0586422
-0.0638778
-0.0690673
-0.0742128
-0.0793163
-0.0843808
-0.0894093
-0.0944056
-0.0993745
-0.104321
-0.109251
-0.114165
-0.119096
-0.124147
-0.129024
-0.0402811
-0.0461999
-0.0520579
-0.0578564
-0.0635974
-0.0692831
-0.074916
-0.0804991
-0.0860361
-0.091531
-0.0969888
-0.102415
-0.107816
-0.113201
-0.118578
-0.123957
-0.129339
-0.134773
-0.14046
-0.145957
-0.0495453
-0.0559238
-0.0622285
-0.0684619
-0.0746275
-0.0807288
-0.0867701
-0.0927563
-0.0986933
-0.104588
-0.110447
-0.116281
-0.122099
-0.127914
-0.133741
-0.139595
-0.145475
-0.151451
-0.157869
-0.1641
-0.0595748
-0.0664344
-0.0732028
-0.0798841
-0.0864833
-0.0930058
-0.099458
-0.105847
-0.112182
-0.118472
-0.124729
-0.130966
-0.137198
-0.143443
-0.149724
-0.15606
-0.162451
-0.168987
-0.176212
-0.183276
-0.0704281
-0.077787
-0.0850313
-0.092167
-0.0992007
-0.10614
-0.112994
-0.119774
-0.126489
-0.133156
-0.139788
-0.146405
-0.153027
-0.15968
-0.166392
-0.173192
-0.180074
-0.187152
-0.195226
-0.203187
-0.0821752
-0.0900468
-0.0977725
-0.10536
-0.112819
-0.120158
-0.12739
-0.134529
-0.14159
-0.148592
-0.155555
-0.162503
-0.169464
-0.17647
-0.18356
-0.190769
-0.198083
-0.20564
-0.214558
-0.223428
-0.0948939
-0.103286
-0.111491
-0.119517
-0.127377
-0.135083
-0.142651
-0.150098
-0.157444
-0.164713
-0.171931
-0.179129
-0.186342
-0.19361
-0.200982
-0.208504
-0.216149
-0.224079
-0.233789
-0.243523
-0.108676
-0.117587
-0.126256
-0.134693
-0.142914
-0.150933
-0.15877
-0.166447
-0.173989
-0.181426
-0.188791
-0.196122
-0.203462
-0.21086
-0.218378
-0.226072
-0.233902
-0.242058
-0.252469
-0.262979
-0.123609
-0.13303
-0.142134
-0.150936
-0.159452
-0.167702
-0.17571
-0.183504
-0.191116
-0.198582
-0.205945
-0.213252
-0.220558
-0.227924
-0.235424
-0.243129
-0.250983
-0.259203
-0.270207
-0.281395
-0.139795
-0.149701
-0.159193
-0.168289
-0.177008
-0.185376
-0.193421
-0.201176
-0.208683
-0.215988
-0.223143
-0.230211
-0.237259
-0.244367
-0.251632
-0.259149
-0.266858
-0.275011
-0.286565
-0.298437
-0.157323
-0.167677
-0.177498
-0.186804
-0.195621
-0.203979
-0.211914
-0.219468
-0.22669
-0.233637
-0.240372
-0.24697
-0.253514
-0.260099
-0.266847
-0.273887
-0.281165
-0.288995
-0.300977
-0.313688
-0.176219
-0.18695
-0.196992
-0.206372
-0.215124
-0.223289
-0.230918
-0.23807
-0.244812
-0.25122
-0.257378
-0.263379
-0.269328
-0.27534
-0.281558
-0.288132
-0.294995
-0.302455
-0.314643
-0.327947
-0.196447
-0.207374
-0.217393
-0.22654
-0.234859
-0.242407
-0.249258
-0.255496
-0.26122
-0.266544
-0.271592
-0.276506
-0.281437
-0.286557
-0.292072
-0.298208
-0.304978
-0.312777
-0.326161
-0.341287
-0.218298
-0.229413
-0.239386
-0.248249
-0.256047
-0.262837
-0.268695
-0.273711
-0.277993
-0.281661
-0.284851
-0.28771
-0.290394
-0.293069
-0.295921
-0.299159
-0.302856
-0.307542
-0.318348
-0.33621
-0.00566016
-0.00932522
-0.0129698
-0.0165698
-0.0200975
-0.0235206
-0.0268033
-0.0299081
-0.0327958
-0.0354263
-0.0377595
-0.0397557
-0.0413776
-0.0425909
-0.0433656
-0.0436777
-0.0435096
-0.0428521
-0.041703
-0.0400711
-0.0379692
-0.0354271
-0.0324623
-0.029136
-0.0254356
-0.021496
-0.0171739
-0.0128179
-0.00787166
-0.00325264
-0.00680427
-0.0104977
-0.0141488
-0.0177536
-0.0212844
-0.024704
-0.0279746
-0.0310582
-0.0339161
-0.036508
-0.038794
-0.040735
-0.0422941
-0.0434381
-0.0441384
-0.0443723
-0.0441238
-0.0433854
-0.0421567
-0.0404481
-0.0382738
-0.0356659
-0.0326412
-0.0292655
-0.0255202
-0.0215528
-0.0171972
-0.0128417
-0.00785919
-0.00328419
-0.00894989
-0.0127054
-0.0163716
-0.0199874
-0.0235249
-0.0269379
-0.0301845
-0.0332268
-0.0360264
-0.0385434
-0.0407382
-0.0425726
-0.0440114
-0.0450233
-0.045582
-0.0456676
-0.0452671
-0.0443762
-0.0429976
-0.0411452
-0.0388357
-0.0361045
-0.0329692
-0.0295002
-0.0256744
-0.0216505
-0.017243
-0.012874
-0.00785453
-0.00332045
-0.0120475
-0.0158852
-0.0195674
-0.0231937
-0.0267356
-0.0301333
-0.0333396
-0.0363167
-0.039027
-0.0414313
-0.0434906
-0.0451683
-0.0464313
-0.0472514
-0.0476057
-0.0474783
-0.0468607
-0.0457527
-0.0441619
-0.0421065
-0.0396068
-0.0367029
-0.0334134
-0.0298146
-0.025878
-0.0217759
-0.0172995
-0.0129109
-0.00784836
-0.00336195
-0.0160448
-0.0199829
-0.0236788
-0.0273118
-0.0308518
-0.0342214
-0.0373668
-0.0402509
-0.0428378
-0.0450889
-0.0469666
-0.0484365
-0.0494687
-0.0500389
-0.0501289
-0.0497278
-0.0488327
-0.0474491
-0.0455899
-0.0432793
-0.0405418
-0.0374227
-0.0339421
-0.0301832
-0.0261111
-0.021914
-0.0173553
-0.0129453
-0.00783416
-0.00341003
-0.0209249
-0.0249749
-0.0286761
-0.032306
-0.0358315
-0.0391535
-0.0422112
-0.044969
-0.047393
-0.0494463
-0.0510932
-0.0523022
-0.0530478
-0.0533106
-0.0530781
-0.0523457
-0.0511167
-0.0494038
-0.0472261
-0.0446142
-0.0415975
-0.0382274
-0.0345253
-0.0305818
-0.0263548
-0.0220501
-0.0174
-0.0129692
-0.00780734
-0.00346444
-0.0266819
-0.03085
-0.0345415
-0.0381522
-0.0416436
-0.0448916
-0.0478278
-0.0504194
-0.0526357
-0.0544418
-0.0558048
-0.0566975
-0.0570994
-0.0569972
-0.0563853
-0.0552664
-0.0536512
-0.0515598
-0.0490187
-0.0460652
-0.0427343
-0.0390833
-0.0351351
-0.0309878
-0.0265918
-0.0221707
-0.0174242
-0.0129751
-0.0077639
-0.00352357
-0.0333242
-0.037609
-0.0412682
-0.0448355
-0.0482653
-0.0514046
-0.0541777
-0.0565562
-0.0585135
-0.0600178
-0.06104
-0.0615581
-0.061558
-0.0610335
-0.0599866
-0.0584288
-0.0563784
-0.0538641
-0.0509198
-0.0475902
-0.0439157
-0.0399597
-0.0357466
-0.0313814
-0.026807
-0.0222637
-0.01742
-0.0129557
-0.00770065
-0.00358407
-0.0408689
-0.0452606
-0.0488551
-0.0523459
-0.0556775
-0.0586642
-0.0612241
-0.0633349
-0.0649756
-0.0661185
-0.0667392
-0.0668221
-0.0663607
-0.0653571
-0.0638221
-0.0617749
-0.0592443
-0.0562671
-0.0528852
-0.0491504
-0.0451088
-0.0408294
-0.036338
-0.0317451
-0.0269877
-0.0223192
-0.0173814
-0.0129041
-0.00761571
-0.0036404
-0.0493398
-0.0538178
-0.0573039
-0.0606746
-0.0638611
-0.0666413
-0.0689289
-0.07071
-0.0719704
-0.0726873
-0.0728425
-0.072428
-0.0714458
-0.0699069
-0.0678319
-0.0652496
-0.0621981
-0.0587231
-0.0548744
-0.0507111
-0.0462846
-0.0416686
-0.0368906
-0.0320646
-0.0271239
-0.0223293
-0.0173045
-0.0128146
-0.00750884
-0.00368453
-0.0587645
-0.0632938
-0.066615
-0.0698104
-0.0727933
-0.0753028
-0.07725
-0.078632
-0.0794426
-0.0796652
-0.0792886
-0.0783135
-0.0767514
-0.0746235
-0.07196
-0.0688003
-0.0651918
-0.0611893
-0.0568505
-0.0522411
-0.0474175
-0.0424571
-0.0373894
-0.032329
-0.0272087
-0.0222884
-0.0171875
-0.0126823
-0.0073815
-0.00370604
-0.0691703
-0.0736978
-0.0767834
-0.0797356
-0.0824443
-0.0846077
-0.0861377
-0.0870449
-0.0873319
-0.0869888
-0.0860128
-0.0844143
-0.0822152
-0.0794473
-0.0761508
-0.0723761
-0.0681802
-0.0636265
-0.0587803
-0.053713
-0.048486
-0.0431784
-0.0378227
-0.03253
-0.0272377
-0.0221936
-0.017031
-0.0125038
-0.00723689
-0.00369276
-0.0805771
-0.0850265
-0.0877925
-0.0904212
-0.0927724
-0.0945037
-0.0955323
-0.0958838
-0.0955701
-0.0945887
-0.092946
-0.0906632
-0.0877728
-0.0843178
-0.0803494
-0.0759282
-0.0711206
-0.0659984
-0.0606338
-0.0551033
-0.0494721
-0.04382
-0.0381822
-0.0326631
-0.0272093
-0.0220442
-0.0168373
-0.0122774
-0.00707968
-0.00363177
-0.0929877
-0.0972548
-0.099608
-0.101822
-0.103719
-0.104923
-0.10536
-0.105072
-0.10408
-0.102388
-0.100013
-0.0969889
-0.0933585
-0.0891749
-0.0845018
-0.0794093
-0.073973
-0.0682722
-0.0623853
-0.0563924
-0.0503622
-0.0443728
-0.0384634
-0.0327265
-0.0271246
-0.0218419
-0.0166103
-0.0120034
-0.00691572
-0.00351069
-0.106371
-0.110322
-0.112169
-0.113867
-0.115203
-0.115777
-0.115531
-0.11452
-0.112772
-0.1103
-0.107134
-0.103317
-0.0989027
-0.0939576
-0.0885551
-0.082775
-0.0767011
-0.0704192
-0.0640131
-0.0575651
-0.0511466
-0.0448318
-0.0386647
-0.0327215
-0.026987
-0.0215907
-0.0163555
-0.0116837
-0.00675152
-0.00331906
-0.120642
-0.124118
-0.125379
-0.12646
-0.127117
-0.126956
-0.125937
-0.124122
-0.121546
-0.118232
-0.11422
-0.109567
-0.104336
-0.0986058
-0.0924587
-0.0859837
-0.0792722
-0.0724151
-0.0655002
-0.0586106
-0.0518196
-0.0451955
-0.038788
-0.0326517
-0.0268019
-0.0212961
-0.0160792
-0.0113223
-0.00659374
-0.00304952
-0.135638
-0.138471
-0.139102
-0.139464
-0.139321
-0.138324
-0.136449
-0.133758
-0.13029
-0.126081
-0.121183
-0.115659
-0.10959
-0.103062
-0.0961659
-0.0889992
-0.0816592
-0.0742408
-0.0668347
-0.0595228
-0.0523798
-0.0454658
-0.0388378
-0.0325231
-0.0265761
-0.0209648
-0.0157883
-0.0109244
-0.00644866
-0.00269861
-0.151102
-0.153142
-0.153157
-0.152708
-0.151646
-0.149723
-0.146923
-0.143296
-0.138885
-0.133742
-0.127926
-0.121516
-0.1146
-0.107273
-0.099636
-0.0917913
-0.0838414
-0.0758837
-0.0680102
-0.0603004
-0.0528299
-0.0456479
-0.0388208
-0.0323433
-0.0263176
-0.0206043
-0.0154899
-0.0104964
-0.00632177
-0.00226711
-0.166677
-0.167836
-0.167325
-0.165986
-0.163899
-0.160982
-0.157207
-0.152598
-0.14721
-0.141108
-0.134364
-0.127065
-0.119308
-0.111196
-0.102837
-0.094338
-0.0858054
-0.0773372
-0.0690258
-0.0609465
-0.0531756
-0.0457493
-0.0387458
-0.0321207
-0.026035
-0.0202224
-0.0151908
-0.010045
-0.00621738
-0.00175994
-0.181922
-0.182228
-0.181363
-0.17907
-0.175875
-0.171925
-0.167144
-0.161529
-0.155151
-0.148086
-0.140419
-0.132244
-0.123667
-0.114796
-0.105745
-0.0966261
-0.0875456
-0.0786015
-0.0698857
-0.061468
-0.0534256
-0.0457792
-0.0386221
-0.0318644
-0.0257366
-0.0198268
-0.0148973
-0.00957754
-0.00613844
-0.00118557
-0.19635
-0.196006
-0.195026
-0.191725
-0.187375
-0.182386
-0.176593
-0.169969
-0.162605
-0.154595
-0.146029
-0.137007
-0.127644
-0.118053
-0.108351
-0.0986518
-0.0890638
-0.0796824
-0.0705985
-0.0618749
-0.0535906
-0.0457482
-0.0384597
-0.0315832
-0.0254305
-0.0194244
-0.0146148
-0.00910073
-0.00608632
-0.000555295
-0.209494
-0.208917
-0.208092
-0.203734
-0.198223
-0.192221
-0.185432
-0.177814
-0.169494
-0.160574
-0.151148
-0.141325
-0.131221
-0.120958
-0.110652
-0.10042
-0.0903684
-0.0805905
-0.071176
-0.0621793
-0.0536822
-0.0456668
-0.0382683
-0.0312856
-0.0251238
-0.0190215
-0.0143476
-0.00862096
-0.00606101
0.000117795
-0.220979
-0.220812
-0.220378
-0.214919
-0.208283
-0.201325
-0.193566
-0.184996
-0.175768
-0.165988
-0.155756
-0.145186
-0.134398
-0.123516
-0.112659
-0.101942
-0.0914731
-0.0813403
-0.0716321
-0.0623942
-0.0537122
-0.0455455
-0.0380567
-0.0309788
-0.0248224
-0.0186234
-0.0140988
-0.00814394
-0.00606128
0.000819885
-0.230583
-0.231661
-0.231763
-0.225161
-0.217505
-0.209625
-0.200944
-0.191477
-0.181402
-0.170826
-0.159851
-0.148596
-0.137185
-0.125741
-0.114387
-0.103237
-0.0923951
-0.0819478
-0.0719819
-0.0625328
-0.0536921
-0.0453938
-0.0378329
-0.0306692
-0.0245312
-0.0182344
-0.0138706
-0.00767457
-0.0060849
0.00153735
-0.23829
-0.241558
-0.24218
-0.234404
-0.225808
-0.217094
-0.207545
-0.19725
-0.1864
-0.175097
-0.163448
-0.151574
-0.139602
-0.127656
-0.115859
-0.104323
-0.0931528
-0.0824297
-0.0722396
-0.0626074
-0.0536321
-0.04522
-0.0376033
-0.030362
-0.0242536
-0.0178579
-0.013664
-0.00721694
-0.00612904
0.0022575
-0.244344
-0.250709
-0.251616
-0.242641
-0.233229
-0.223732
-0.213375
-0.202328
-0.190778
-0.178823
-0.166571
-0.154146
-0.141675
-0.129284
-0.117096
-0.105222
-0.0937653
-0.0828025
-0.0724195
-0.0626298
-0.0535417
-0.0450314
-0.0373734
-0.0300613
-0.0239924
-0.0174965
-0.0134795
-0.00677448
-0.00619051
0.00296897
-0.249209
-0.259381
-0.26012
-0.249953
-0.23982
-0.229576
-0.218477
-0.206758
-0.194586
-0.182052
-0.169267
-0.156355
-0.143444
-0.130662
-0.118132
-0.105962
-0.0942574
-0.083087
-0.0725387
-0.0626136
-0.0534315
-0.0448364
-0.0371492
-0.0297719
-0.0237498
-0.017153
-0.0133166
-0.00635042
-0.00626547
0.00366171
-0.253407
-0.267804
-0.267873
-0.256588
-0.245766
-0.234787
-0.223005
-0.21068
-0.197949
-0.184897
-0.171634
-0.158286
-0.144982
-0.131851
-0.119016
-0.106585
-0.0946607
-0.0833079
-0.0726155
-0.0625721
-0.0533104
-0.0446407
-0.0369333
-0.0294954
-0.0235251
-0.0168281
-0.0131722
-0.00594729
-0.00634823
0.00432739
-0.258698
-0.276209
-0.275073
-0.262836
-0.25127
-0.239522
-0.227088
-0.214196
-0.200944
-0.187411
-0.173706
-0.159956
-0.146293
-0.132845
-0.119736
-0.107072
-0.0949547
-0.0834431
-0.0726278
-0.062484
-0.0531584
-0.0444266
-0.0367096
-0.0292188
-0.0233062
-0.0165138
-0.0130388
-0.00556168
-0.00643504
0.00496342
-0.270064
-0.285167
-0.280677
-0.267566
-0.255252
-0.242799
-0.229832
-0.216496
-0.202846
-0.188952
-0.174924
-0.160885
-0.146969
-0.133303
-0.120011
-0.107196
-0.0949576
-0.08335
-0.0724664
-0.0622674
-0.0529169
-0.0441517
-0.0364523
-0.0289221
-0.0230879
-0.0161989
-0.012924
-0.00518079
-0.00654403
0.00557757
-0.304872
-0.292682
-0.281134
-0.267561
-0.254993
-0.24238
-0.22938
-0.216066
-0.202454
-0.188604
-0.174618
-0.160616
-0.146729
-0.133086
-0.119812
-0.107009
-0.0947823
-0.0831804
-0.0723063
-0.062106
-0.0527703
-0.0439904
-0.0363247
-0.028748
-0.0229968
-0.0159864
-0.0129079
-0.00487735
-0.00669195
0.00608017
-0.315365
-0.295267
-0.28108
-0.267471
-0.254674
-0.24186
-0.228727
-0.215308
-0.201608
-0.187692
-0.173661
-0.159639
-0.145756
-0.132137
-0.118904
-0.106156
-0.093994
-0.0824624
-0.0716633
-0.061534
-0.0522743
-0.0435533
-0.0359645
-0.0284191
-0.0227599
-0.0157241
-0.0127975
-0.00461364
-0.00676028
0.00648201
-0.316765
-0.294034
-0.279801
-0.266526
-0.253665
-0.240752
-0.227536
-0.214041
-0.200278
-0.186319
-0.172272
-0.15826
-0.144412
-0.130852
-0.117695
-0.105037
-0.0929739
-0.0815444
-0.0708487
-0.0608183
-0.0516562
-0.043019
-0.03552
-0.0280312
-0.0224658
-0.0154356
-0.0126475
-0.00435192
-0.00679945
0.00687422
-0.316132
-0.292075
-0.278291
-0.265389
-0.252526
-0.239577
-0.22632
-0.212783
-0.198984
-0.185007
-0.170963
-0.156975
-0.143172
-0.129673
-0.116592
-0.10402
-0.092048
-0.0807121
-0.07011
-0.0601685
-0.051094
-0.0425314
-0.0351134
-0.027674
-0.0221953
-0.015166
-0.0125101
-0.00410236
-0.00684048
0.00725609
-0.314201
-0.290016
-0.276782
-0.264186
-0.251351
-0.238398
-0.225125
-0.211561
-0.197743
-0.183761
-0.169729
-0.155771
-0.142015
-0.128579
-0.115572
-0.10308
-0.0911943
-0.0799453
-0.0694298
-0.05957
-0.0505762
-0.0420815
-0.0347386
-0.0273428
-0.0219464
-0.0149134
-0.0123862
-0.00386402
-0.00688564
0.00762664
-0.311241
-0.28776
-0.275178
-0.262861
-0.250098
-0.237173
-0.223902
-0.210329
-0.196505
-0.182528
-0.168516
-0.154595
-0.140892
-0.12752
-0.114587
-0.102177
-0.0903748
-0.0792106
-0.0687792
-0.0589984
-0.0500822
-0.0416527
-0.034382
-0.0270279
-0.0217105
-0.0146732
-0.0122704
-0.00363625
-0.00693169
0.00798434
-0.30771
-0.285399
-0.27347
-0.261417
-0.248769
-0.235902
-0.222653
-0.209087
-0.19527
-0.181309
-0.167326
-0.153449
-0.139801
-0.126496
-0.113638
-0.101308
-0.0895892
-0.0785077
-0.0681575
-0.058453
-0.0496114
-0.0412446
-0.0340428
-0.0267287
-0.0214869
-0.0144453
-0.0121617
-0.00341968
-0.00697737
0.00832752
-0.303914
-0.283034
-0.271695
-0.259892
-0.24739
-0.234603
-0.221394
-0.20785
-0.194053
-0.180119
-0.166173
-0.152344
-0.138755
-0.125518
-0.112735
-0.100483
-0.0888446
-0.0778425
-0.06757
-0.0579381
-0.0491672
-0.04086
-0.0337234
-0.0264471
-0.0212769
-0.0142308
-0.0120607
-0.00321517
-0.00702237
0.00865455
-0.300039
-0.280712
-0.269888
-0.25832
-0.245985
-0.233293
-0.22014
-0.206633
-0.192867
-0.178968
-0.165066
-0.151289
-0.137761
-0.124592
-0.111882
-0.0997066
-0.0881448
-0.0772183
-0.0670194
-0.0574561
-0.0487517
-0.0405005
-0.0334251
-0.0261842
-0.0210813
-0.0140306
-0.0119675
-0.00302343
-0.00706631
0.00896379
-0.296216
-0.27846
-0.268076
-0.256733
-0.244577
-0.231991
-0.218906
-0.205446
-0.191722
-0.177866
-0.164011
-0.15029
-0.136824
-0.123723
-0.111084
-0.0989811
-0.0874924
-0.0766374
-0.0665075
-0.0570084
-0.0483662
-0.0401671
-0.0331486
-0.0259406
-0.0209004
-0.013845
-0.0118822
-0.00284512
-0.00710874
0.00925368
-0.29254
-0.276303
-0.266292
-0.255162
-0.24319
-0.230715
-0.217706
-0.204303
-0.190629
-0.176821
-0.163019
-0.149354
-0.13595
-0.122914
-0.110343
-0.0983098
-0.0868898
-0.0761016
-0.066036
-0.0565965
-0.0480117
-0.0398609
-0.0328948
-0.0257171
-0.0207347
-0.0136746
-0.0118047
-0.00268084
-0.00714917
0.00952269
-0.289071
-0.274265
-0.26457
-0.25364
-0.241847
-0.229486
-0.21656
-0.20322
-0.189599
-0.175844
-0.162096
-0.148488
-0.135144
-0.122171
-0.109665
-0.097696
-0.0863398
-0.0756132
-0.0656066
-0.0562217
-0.0476893
-0.0395826
-0.0326643
-0.0255141
-0.0205845
-0.0135199
-0.0117351
-0.00253119
-0.00718714
0.00976936
-0.285873
-0.272367
-0.262945
-0.252196
-0.240574
-0.228325
-0.215483
-0.202209
-0.188646
-0.174945
-0.161251
-0.147699
-0.134412
-0.121498
-0.109052
-0.0971424
-0.0858445
-0.0751739
-0.0652209
-0.0558853
-0.0474002
-0.0393331
-0.0324577
-0.0253324
-0.0204502
-0.0133813
-0.0116734
-0.00239671
-0.00722218
0.00999233
-0.283084
-0.270595
-0.261445
-0.25086
-0.239396
-0.227253
-0.214494
-0.201287
-0.187781
-0.174133
-0.160491
-0.146992
-0.133759
-0.120899
-0.108507
-0.0966518
-0.0854061
-0.0747857
-0.0648802
-0.0555885
-0.0471452
-0.0391132
-0.0322758
-0.0251722
-0.0203321
-0.0132592
-0.0116194
-0.00227788
-0.0072539
0.0101903
-0.280893
-0.268909
-0.260087
-0.24966
-0.238335
-0.22629
-0.21361
-0.200466
-0.187015
-0.173418
-0.159825
-0.146374
-0.13319
-0.120379
-0.108035
-0.0962265
-0.0850266
-0.0744499
-0.0645858
-0.0553321
-0.0469251
-0.0389235
-0.0321189
-0.0250342
-0.0202304
-0.0131539
-0.0115732
-0.00217517
-0.00728188
0.0103623
-0.278214
-0.267794
-0.258918
-0.248619
-0.237415
-0.225456
-0.212845
-0.199759
-0.186359
-0.172807
-0.159258
-0.14585
-0.132708
-0.119939
-0.107637
-0.0958687
-0.0847077
-0.074168
-0.0643388
-0.0551172
-0.0467407
-0.0387646
-0.0319875
-0.0249186
-0.0201453
-0.0130657
-0.0115348
-0.00208896
-0.00730578
0.0105071
-0.276274
-0.266785
-0.257942
-0.247758
-0.236654
-0.224766
-0.212216
-0.199179
-0.185822
-0.172309
-0.158797
-0.145425
-0.132318
-0.119584
-0.107315
-0.0955803
-0.0844509
-0.073941
-0.0641402
-0.0549444
-0.0465924
-0.0386369
-0.031882
-0.0248258
-0.0200771
-0.0129949
-0.0115041
-0.00201959
-0.00732528
0.010624
-0.27488
-0.265988
-0.257189
-0.247095
-0.236068
-0.224236
-0.211732
-0.198735
-0.185411
-0.17193
-0.158446
-0.145102
-0.132023
-0.119315
-0.107072
-0.0953626
-0.0842572
-0.07377
-0.0639905
-0.0548142
-0.0464808
-0.0385408
-0.0318026
-0.024756
-0.0200257
-0.0129416
-0.0114811
-0.00196732
-0.00734015
0.0107123
-0.273942
-0.265446
-0.256679
-0.246646
-0.23567
-0.223876
-0.211405
-0.198434
-0.185134
-0.171674
-0.158211
-0.144886
-0.131825
-0.119135
-0.10691
-0.0952168
-0.0841275
-0.0736556
-0.0638904
-0.0547273
-0.0464062
-0.0384766
-0.0317496
-0.0247093
-0.0199915
-0.0129059
-0.0114658
-0.00193235
-0.00735017
0.0107715
-0.273468
-0.26517
-0.256422
-0.246419
-0.235469
-0.223694
-0.211239
-0.198283
-0.184995
-0.171546
-0.158092
-0.144777
-0.131725
-0.119045
-0.106828
-0.0951438
-0.0840626
-0.0735983
-0.0638403
-0.0546837
-0.0463689
-0.0384444
-0.031723
-0.024686
-0.0199743
-0.0128881
-0.0114581
-0.00191484
-0.00735521
0.0108012
)
;

boundaryField
{
    inlet
    {
        type            zeroGradient;
    }
    outlet
    {
        type            fixedValue;
        value           uniform 0;
    }
    cylinder
    {
        type            zeroGradient;
    }
    top
    {
        type            symmetryPlane;
    }
    bottom
    {
        type            symmetryPlane;
    }
    defaultFaces
    {
        type            empty;
    }
}


// ************************************************************************* //
