/*--------------------------------*- C++ -*----------------------------------*\
  =========                 |
  \\      /  F ield         | OpenFOAM: The Open Source CFD Toolbox
   \\    /   O peration     | Website:  https://openfoam.org
    \\  /    A nd           | Version:  7
     \\/     M anipulation  |
\*---------------------------------------------------------------------------*/
FoamFile
{
    version     2.0;
    format      ascii;
    class       volVectorField;
    location    "15";
    object      U;
}
// * * * * * * * * * * * * * * * * * * * * * * * * * * * * * * * * * * * * * //

dimensions      [0 1 -1 0 0 0 0];

internalField   nonuniform List<vector> 
2125
(
(-0.0012823 0.00110779 7.99162e-22)
(-0.00710281 0.00254461 -2.29338e-21)
(-0.0179964 0.00340349 -2.67431e-21)
(-0.0309298 0.00383858 2.6582e-21)
(-0.0448141 0.00396713 -2.44527e-21)
(-0.058814 0.00390237 -1.3039e-21)
(-0.0724126 0.00375183 2.22816e-21)
(-0.0855004 0.00361724 2.76244e-21)
(-0.0982052 0.00358739 -4.54007e-22)
(-0.110938 0.00374164 1.33637e-21)
(-0.00143818 0.00330309 -8.8281e-22)
(-0.00741285 0.00759123 2.72657e-21)
(-0.0183123 0.0101563 -6.39442e-21)
(-0.0311511 0.011455 5.79804e-21)
(-0.0448551 0.0118358 2.58322e-22)
(-0.0585949 0.0116355 4.25552e-21)
(-0.0718503 0.0111751 -7.3947e-21)
(-0.0845056 0.0107596 -1.08242e-20)
(-0.096676 0.0106588 -2.11726e-21)
(-0.10872 0.0111146 4.8048e-21)
(-0.00174574 0.0054384 8.10637e-22)
(-0.00802635 0.0125114 5.97755e-21)
(-0.0189395 0.016748 1.40808e-20)
(-0.0315929 0.0188906 -1.27381e-20)
(-0.0449409 0.0195087 -2.8729e-21)
(-0.0581663 0.0191552 -2.6157e-21)
(-0.0707423 0.0183585 1.3358e-20)
(-0.0825401 0.0176269 8.31272e-21)
(-0.0936529 0.0174206 2.0321e-21)
(-0.104322 0.0181563 -1.48881e-20)
(-0.00219686 0.00747705 2.87397e-21)
(-0.00893037 0.0172265 -3.51083e-21)
(-0.0198685 0.0230769 -2.62199e-20)
(-0.0322522 0.0260302 2.32019e-21)
(-0.0450775 0.0268612 7.19202e-21)
(-0.0575451 0.0263252 -5.58978e-21)
(-0.0691186 0.0251486 -2.94061e-22)
(-0.0796484 0.0240416 -2.26974e-21)
(-0.0892014 0.02367 5.15268e-21)
(-0.0978117 0.0246472 1.48461e-20)
(-0.00278011 0.00938696 1.99877e-21)
(-0.0101061 0.0216655 -1.12615e-20)
(-0.0210848 0.0290496 2.7076e-20)
(-0.0331229 0.032767 -1.23043e-20)
(-0.04527 0.0337769 -5.17655e-23)
(-0.0567509 0.0330189 1.69995e-20)
(-0.0670161 0.0314026 -7.80983e-21)
(-0.0758862 0.029836 8.92376e-22)
(-0.0834081 0.0292105 -3.20606e-21)
(-0.0892727 0.030369 1.1599e-21)
(-0.00348151 0.0111419 2.38574e-20)
(-0.0115298 0.0257676 2.89439e-20)
(-0.0225681 0.0345832 -7.40603e-21)
(-0.0341933 0.0390045 1.4121e-20)
(-0.0455183 0.0401508 4.43335e-21)
(-0.0557986 0.0391225 -6.33567e-21)
(-0.0644688 0.0369925 -2.44026e-21)
(-0.0713066 0.034858 -1.06202e-20)
(-0.0763643 0.0338562 2.29996e-21)
(-0.0787798 0.0351047 -1.37667e-20)
(-0.0042854 0.0127224 -2.29909e-20)
(-0.0131728 0.0294834 -1.50796e-20)
(-0.0242912 0.0396074 1.22825e-20)
(-0.0354425 0.0446592 -2.12523e-20)
(-0.0458109 0.0458916 2.41872e-21)
(-0.0546893 0.0445392 2.49042e-20)
(-0.0614934 0.041812 -4.4859e-21)
(-0.0659405 0.0389797 2.93998e-20)
(-0.0681435 0.0374391 -6.02105e-22)
(-0.0663684 0.0386432 -1.19905e-20)
(-0.00517537 0.0141156 1.92432e-20)
(-0.0150032 0.0327755 -3.4777e-20)
(-0.0262196 0.0440651 -1.38274e-20)
(-0.0368375 0.0496612 1.6221e-20)
(-0.0461176 0.0509238 5.37694e-22)
(-0.0533972 0.0491926 -4.67285e-20)
(-0.0580711 0.0457815 -2.77089e-21)
(-0.0597688 0.0421074 -2.31738e-20)
(-0.0587669 0.0398219 -2.98905e-20)
(-0.0519999 0.0408136 1.76843e-20)
(-0.006135 0.0153154 -1.07532e-20)
(-0.0169856 0.0356184 5.18534e-21)
(-0.0283096 0.0479122 1.27633e-20)
(-0.0383281 0.0539544 -1.14009e-20)
(-0.0463815 0.0551883 -4.00504e-20)
(-0.0518562 0.0530279 1.38002e-20)
(-0.054125 0.0488543 2.0053e-21)
(-0.0526874 0.0441925 3.48247e-20)
(-0.0481377 0.0409061 4.58344e-20)
(-0.0355362 0.0415986 -2.0718e-20)
(-0.00714856 0.016321 1.69063e-20)
(-0.0190816 0.0379969 1.5387e-20)
(-0.0305071 0.0511167 -2.21076e-21)
(-0.0398437 0.0574957 5.68037e-20)
(-0.0465101 0.0586411 2.41441e-20)
(-0.0499442 0.0560133 1.81232e-20)
(-0.0494963 0.0510192 2.57194e-20)
(-0.0444725 0.04524 -1.13175e-20)
(-0.035907 0.0406123 -1.53098e-20)
(-0.016673 0.041181 -2.53154e-20)
(-0.00820136 0.0171366 -1.58986e-21)
(-0.0212501 0.0399047 -2.42851e-20)
(-0.032746 0.0536569 -1.74879e-20)
(-0.041288 0.0602531 -2.80454e-20)
(-0.0463666 0.0612521 -2.22118e-20)
(-0.047468 0.0581376 2.24062e-20)
(-0.0439199 0.0523035 -2.15224e-20)
(-0.0347826 0.0453315 -1.4901e-20)
(-0.0213919 0.0389434 1.95029e-21)
(0.00542329 0.0394596 6.63615e-21)
(-0.00927998 0.0177693 -4.65061e-20)
(-0.023447 0.0413418 2.22179e-20)
(-0.0349469 0.0555188 1.62027e-20)
(-0.0425356 0.0622028 1.08355e-20)
(-0.0457631 0.0630008 -1.97472e-20)
(-0.0441494 0.0594059 -1.67087e-20)
(-0.0369886 0.0527698 2.41986e-20)
(-0.0231223 0.0446263 -1.9749e-20)
(-0.00388909 0.036179 -1.12098e-21)
(0.0322446 0.0363792 -2.07912e-20)
(-0.0103722 0.0182282 3.89111e-20)
(-0.0256243 0.0423126 1.58166e-20)
(-0.0370148 0.0566942 9.34833e-22)
(-0.0434287 0.0633271 -1.97493e-20)
(-0.0444542 0.0638724 1.41148e-21)
(-0.0396179 0.0598317 2.19762e-20)
(-0.0281363 0.052502 -6.25279e-21)
(-0.0086727 0.0433073 -7.64184e-21)
(0.0175139 0.0327458 -1.73535e-20)
(0.0652995 0.0325221 3.17088e-20)
(-0.0114667 0.0185234 2.62769e-20)
(-0.0277294 0.0428239 -4.26665e-20)
(-0.0388377 0.0571786 -3.29068e-20)
(-0.043774 0.0636119 1.42302e-20)
(-0.0421333 0.0638549 2.90628e-20)
(-0.033408 0.0594288 2.46847e-20)
(-0.0166757 0.0515867 -2.62921e-20)
(0.00960894 0.0415912 5.10489e-20)
(0.0442553 0.0289987 -1.53786e-20)
(0.106302 0.0289746 -3.72467e-20)
(-0.0125524 0.0186646 -3.95018e-20)
(-0.029703 0.0428831 2.37903e-20)
(-0.0402838 0.0569704 -1.14001e-20)
(-0.0433398 0.063048 1.19498e-21)
(-0.0384307 0.06294 1.22255e-20)
(-0.0249554 0.0582112 -3.89512e-20)
(-0.0017766 0.0501135 3.46405e-20)
(0.0328738 0.039748 -3.37475e-20)
(0.0781251 0.0253423 5.43038e-20)
(0.157021 0.0270738 1.98331e-20)
(-0.0136176 0.0186601 8.35724e-21)
(-0.0314771 0.042497 4.62029e-20)
(-0.0411978 0.0560713 -1.16186e-20)
(-0.0418526 0.0616344 1.17789e-20)
(-0.0329108 0.0611278 1.37331e-20)
(-0.0136035 0.0561972 -4.12992e-21)
(0.0175204 0.0481652 2.97244e-20)
(0.0623635 0.0380026 1.4962e-21)
(0.121124 0.0222769 -3.48722e-20)
(0.218673 0.0281842 4.73251e-20)
(-0.0146486 0.0185164 -2.23613e-20)
(-0.0329709 0.0416713 -4.37591e-20)
(-0.0413976 0.0544916 3.79901e-20)
(-0.0389913 0.0593833 1.90623e-20)
(-0.025069 0.0584382 -8.85412e-20)
(0.00139264 0.0534271 7.22785e-20)
(0.0422717 0.0458427 -6.54121e-20)
(0.0993382 0.0365217 1.01748e-21)
(0.175285 0.0204879 -1.48616e-20)
(0.291038 0.0334428 -4.38532e-20)
(-0.0156287 0.0182374 1.93418e-20)
(-0.0340865 0.0404123 -2.61387e-21)
(-0.040668 0.0522499 -9.33022e-21)
(-0.0343817 0.0563268 -1.0892e-21)
(-0.0143258 0.0549287 -5.51756e-21)
(0.0208646 0.0499915 -2.30396e-20)
(0.0736039 0.0433037 9.8449e-21)
(0.145047 0.0354276 -1.55289e-20)
(0.242352 0.0211327 4.62898e-21)
(0.3715 0.0437662 1.27313e-21)
(-0.0165358 0.0178245 -3.94851e-20)
(-0.0347076 0.0387287 -2.83904e-21)
(-0.0387511 0.0493736 4.31654e-21)
(-0.0275906 0.0525287 1.75818e-21)
(-2.4887e-05 0.0507107 2.90113e-20)
(0.0457228 0.0460598 -8.46714e-20)
(0.112668 0.040792 5.71867e-20)
(0.20081 0.0348309 -4.29323e-20)
(0.323444 0.0259831 3.62467e-20)
(0.455297 0.0590412 4.01082e-20)
(-0.0173368 0.0172738 -4.79457e-21)
(-0.0346938 0.0366279 2.19963e-20)
(-0.0353476 0.0459059 -2.76174e-20)
(-0.0181219 0.0480923 -8.65786e-21)
(0.0185602 0.0459652 1.67062e-20)
(0.0769213 0.0419048 8.05178e-20)
(0.160498 0.0386468 -1.62018e-20)
(0.267894 0.0350089 7.87537e-21)
(0.418304 0.0365908 -4.19634e-20)
(0.540077 0.0734698 1.94499e-20)
(-0.0179844 0.0165769 -1.44183e-20)
(-0.0338713 0.0341193 -1.12169e-20)
(-0.030114 0.0419116 2.76489e-21)
(-0.005422 0.0431645 1.09038e-20)
(0.0422051 0.0409526 -3.23149e-20)
(0.115395 0.0379233 -1.30999e-20)
(0.217823 0.0373317 -4.12827e-20)
(0.346752 0.036764 4.26454e-20)
(0.522417 0.0517171 4.51273e-20)
(0.632401 0.0742163 -1.89874e-20)
(-0.0184198 0.0157267 -6.86886e-21)
(-0.0320318 0.0312157 2.8035e-20)
(-0.0226603 0.0374746 -3.1378e-20)
(0.0111091 0.037938 -3.66155e-21)
(0.0716999 0.0360141 -1.48163e-20)
(0.161981 0.0346424 3.23547e-20)
(0.284997 0.0374883 4.18384e-20)
(0.436407 0.0414108 -4.02042e-20)
(0.625842 0.0645188 4.30246e-20)
(0.759092 0.0715395 6.15802e-21)
(-0.0185723 0.0147128 -1.99215e-20)
(-0.0289357 0.0279347 -5.67066e-20)
(-0.0125565 0.0327021 5.53878e-20)
(0.0320968 0.0326515 7.9841e-21)
(0.107793 0.0315621 1.17058e-20)
(0.217285 0.0326817 7.06213e-21)
(0.36186 0.0398504 3.19723e-20)
(0.534233 0.0497731 2.36322e-20)
(0.73059 0.0773129 -8.36325e-20)
(0.879204 0.0855231 -4.16718e-20)
(-0.0243158 0.0243068 1.37382e-20)
(0.00065271 0.027728 -3.13177e-20)
(0.0581568 0.0275872 6.10301e-21)
(0.151113 0.0280635 9.80224e-21)
(0.281517 0.032691 -7.05148e-20)
(0.44744 0.045109 3.11898e-20)
(0.636594 0.0618017 -2.12195e-20)
(0.833594 0.0922382 2.22187e-20)
(0.982397 0.103729 -7.98666e-21)
(0.017431 0.0227175 -1.52301e-21)
(0.0898519 0.0230704 -8.57942e-21)
(0.202073 0.0260217 3.35333e-22)
(0.354323 0.0352808 7.02164e-22)
(0.539723 0.053724 -4.74705e-20)
(0.739378 0.0769424 6.05438e-21)
(0.92979 0.10902 5.99601e-20)
(1.06961 0.122486 2.771e-20)
(0.0382282 0.017873 5.33634e-20)
(0.127639 0.0194689 1.36559e-21)
(0.260764 0.0259557 -2.23908e-20)
(0.43465 0.0409439 6.03433e-20)
(0.635737 0.065782 1.33592e-20)
(0.838334 0.0944153 9.23813e-22)
(1.01559 0.126741 -2.61499e-20)
(1.13938 0.140591 -3.49745e-20)
(0.171814 0.017191 -2.21785e-20)
(0.326854 0.0283685 3.64664e-20)
(0.520704 0.0499711 -1.78433e-20)
(0.731949 0.0809605 -2.02109e-20)
(0.929801 0.113347 -4.67385e-21)
(1.08883 0.144524 -1.51647e-20)
(1.19324 0.157243 1.70399e-20)
(0.399511 0.0336989 1.97977e-20)
(0.61005 0.0623857 -6.63329e-20)
(0.824828 0.0986314 4.28582e-20)
(1.0112 0.132909 -1.96405e-20)
(1.14899 0.161708 3.02649e-20)
(1.23324 0.172289 8.58641e-21)
(0.911383 0.118038 -1.08051e-20)
(1.0812 0.15243 9.43077e-21)
(1.19668 0.177923 -2.30446e-20)
(1.2618 0.18579 -2.39807e-20)
(1.13955 0.171451 -2.96973e-20)
(1.23321 0.193029 5.27789e-22)
(1.28127 0.197975 1.65102e-20)
(1.26019 0.207049 2.27832e-20)
(1.29371 0.209114 -1.00712e-20)
(-0.133153 0.00433593 -1.01808e-22)
(-0.16207 0.00371397 2.84763e-23)
(-0.189705 0.00417199 1.38117e-22)
(-0.224194 0.00423707 -1.40682e-22)
(-0.258766 0.00449802 3.62567e-23)
(-0.299373 0.00466326 1.315e-22)
(-0.341565 0.00471129 3.65198e-23)
(-0.386668 0.00452776 -7.37889e-23)
(-0.429969 0.00398277 -7.52851e-23)
(-0.468151 0.00296457 -8.18205e-23)
(-0.49395 0.00138302 1.82073e-23)
(-0.499643 -0.000784676 -1.59139e-22)
(-0.474246 -0.0034826 9.35497e-23)
(-0.41182 -0.00611956 -2.61577e-23)
(-0.313762 -0.00804778 -1.64014e-23)
(-0.190662 -0.00893694 -9.63621e-24)
(-0.0545988 -0.00890231 3.33748e-23)
(0.0821602 -0.00816456 8.18964e-24)
(0.210313 -0.00711557 -5.60046e-24)
(0.32648 -0.00590845 -1.26852e-23)
(0.424792 -0.00485014 6.43106e-24)
(0.512672 -0.00385127 4.62266e-24)
(0.580442 -0.0031315 1.5969e-24)
(0.646709 -0.00245159 6.08355e-24)
(0.690225 -0.00201378 6.21337e-24)
(0.742811 -0.0015881 3.05194e-24)
(0.768881 -0.00134857 -1.46131e-24)
(0.814733 -0.00109552 -6.80911e-24)
(0.828836 -0.000978471 -7.57382e-25)
(0.873306 -0.000739682 1.09911e-24)
(-0.130184 0.0129005 4.36524e-23)
(-0.158549 0.0110272 -3.32688e-22)
(-0.18529 0.0123938 -4.96076e-23)
(-0.218951 0.012587 3.67729e-22)
(-0.252555 0.0133612 -3.24726e-23)
(-0.292097 0.0138544 -4.90543e-22)
(-0.333144 0.0139976 4.22553e-22)
(-0.377007 0.0134504 -4.09686e-22)
(-0.419022 0.0118244 2.71569e-22)
(-0.455898 0.00878615 -6.20096e-22)
(-0.480468 0.00406485 1.07217e-21)
(-0.485124 -0.00240837 -9.73109e-22)
(-0.459009 -0.0104632 1.20796e-23)
(-0.396331 -0.0183361 5.96575e-22)
(-0.29858 -0.0240888 -7.85912e-23)
(-0.176297 -0.0267343 -5.78684e-23)
(-0.0414104 -0.0266217 -8.54885e-23)
(0.093931 -0.024406 3.55887e-23)
(0.220658 -0.0212651 -2.06236e-23)
(0.335381 -0.0176537 4.06023e-23)
(0.432452 -0.0144888 1.34813e-23)
(0.519123 -0.011503 -2.83096e-23)
(0.585971 -0.00935238 1.68473e-24)
(0.651287 -0.00732101 2.27608e-23)
(0.694173 -0.00601352 -1.09384e-23)
(0.746006 -0.00474221 -2.83405e-23)
(0.771681 -0.0040274 -2.00581e-25)
(0.816913 -0.00327215 1.2732e-23)
(0.830811 -0.00292288 -1.08476e-25)
(0.874708 -0.00220988 -6.35148e-24)
(-0.124315 0.0211488 2.44917e-21)
(-0.151613 0.0180025 -1.86947e-21)
(-0.176604 0.0202543 1.28062e-21)
(-0.208645 0.0205698 -1.18744e-21)
(-0.240355 0.0218321 -5.10769e-22)
(-0.277812 0.0226464 2.68725e-21)
(-0.316622 0.0228834 -9.42944e-22)
(-0.358069 0.0219841 -1.29695e-21)
(-0.397585 0.0193053 5.75808e-22)
(-0.431936 0.014297 -6.70833e-23)
(-0.454147 0.00650711 2.46109e-22)
(-0.456832 -0.00418253 -8.98752e-23)
(-0.429377 -0.0174806 -3.61032e-23)
(-0.36627 -0.03048 2.38513e-22)
(-0.26916 -0.0399667 2.17972e-23)
(-0.148488 -0.0443072 -1.05136e-22)
(-0.0158826 -0.0440925 2.50156e-22)
(0.116731 -0.0403949 -1.3164e-24)
(0.240714 -0.0351783 -1.0933e-23)
(0.352667 -0.0291909 2.26721e-23)
(0.447353 -0.0239477 -2.12706e-23)
(0.531695 -0.019006 -3.67145e-23)
(0.596763 -0.0154492 6.25524e-23)
(0.660242 -0.0120905 -1.91007e-23)
(0.701907 -0.00993059 3.30122e-23)
(0.752274 -0.00783051 3.30982e-23)
(0.777181 -0.00665179 -3.06124e-24)
(0.8212 -0.00540601 -2.25641e-23)
(0.834702 -0.00483027 2.01616e-24)
(0.877474 -0.00365312 4.5589e-24)
(-0.115669 0.0288894 -2.75496e-21)
(-0.141457 0.024438 1.29399e-21)
(-0.163917 0.0275327 -1.69558e-22)
(-0.193618 0.0279616 3.2583e-22)
(-0.22259 0.0296706 -4.33042e-22)
(-0.257031 0.0307952 -1.75682e-21)
(-0.292612 0.0311252 9.18797e-22)
(-0.330583 0.029895 -2.76742e-22)
(-0.366527 0.0262119 6.82692e-22)
(-0.397292 0.0193174 2.04173e-21)
(-0.416185 0.00857924 -6.31335e-22)
(-0.416146 -0.006179 7.10309e-22)
(-0.386896 -0.0245371 -8.0819e-22)
(-0.323302 -0.0424901 -6.87848e-22)
(-0.227216 -0.0555703 1.23001e-22)
(-0.108904 -0.0615237 -1.68292e-22)
(0.0204373 -0.0611571 -2.33772e-22)
(0.149198 -0.0559852 -3.46759e-23)
(0.269314 -0.0487184 -3.17871e-23)
(0.377377 -0.0404 9.44668e-24)
(0.468704 -0.0331223 6.50157e-23)
(0.549763 -0.0262731 3.81848e-24)
(0.612314 -0.0213487 -2.43353e-23)
(0.673184 -0.0167007 -3.31375e-24)
(0.713113 -0.0137152 -1.25311e-23)
(0.761381 -0.0108131 -1.0458e-23)
(0.785188 -0.00918832 -3.88012e-24)
(0.827456 -0.00747073 -6.65694e-24)
(0.840389 -0.00667765 -1.09393e-23)
(0.881531 -0.00505254 1.27127e-24)
(-0.1044 0.035957 1.9936e-21)
(-0.128339 0.030166 2.16695e-21)
(-0.147597 0.0340368 1.28538e-21)
(-0.17434 0.0345679 -1.26998e-21)
(-0.199846 0.0366673 -4.96344e-23)
(-0.230464 0.038088 -7.04893e-22)
(-0.261962 0.0385126 -1.56564e-21)
(-0.29556 0.0369839 -6.2734e-22)
(-0.327038 0.0323668 2.70076e-22)
(-0.353361 0.0237035 -8.4472e-24)
(-0.368196 0.0101869 -8.9932e-22)
(-0.364894 -0.00843564 3.29184e-22)
(-0.333581 -0.0316095 1.56009e-21)
(-0.269572 -0.0542901 -7.86272e-22)
(-0.174934 -0.0707868 6.6471e-22)
(-0.059673 -0.0782784 1.24063e-22)
(0.0655634 -0.0776669 4.79548e-22)
(0.189562 -0.071055 -5.94007e-23)
(0.304922 -0.0617746 4.7134e-24)
(0.40823 -0.051184 3.59275e-24)
(0.495441 -0.0419281 7.4471e-23)
(0.572475 -0.0332334 1.15937e-22)
(0.631929 -0.0269901 3.1132e-25)
(0.689574 -0.021102 -5.20972e-23)
(0.727353 -0.0173249 -2.48087e-24)
(0.772994 -0.0136556 -1.01936e-23)
(0.79543 -0.0116077 1.79123e-23)
(0.835482 -0.00944297 3.09808e-23)
(0.847704 -0.00844444 1.87799e-23)
(0.88677 -0.00639289 -1.117e-23)
(-0.0906543 0.0422166 1.25256e-21)
(-0.112541 0.0350639 2.87943e-21)
(-0.128067 0.0396123 1.12825e-21)
(-0.151359 0.0402332 -4.37661e-21)
(-0.172822 0.042653 4.32988e-21)
(-0.198961 0.0443515 -1.99601e-21)
(-0.225689 0.044876 -4.456e-22)
(-0.254198 0.0430936 -1.17871e-21)
(-0.28052 0.0376351 -1.0836e-21)
(-0.301768 0.0273528 3.42287e-21)
(-0.31203 0.011274 -1.11662e-21)
(-0.30513 -0.0109567 -2.68575e-21)
(-0.27165 -0.0386517 -5.21489e-23)
(-0.207396 -0.0657923 1.15413e-21)
(-0.114654 -0.0855195 -1.00869e-21)
(-0.00306292 -0.0944207 8.14805e-22)
(0.117372 -0.0935344 -5.37795e-22)
(0.235892 -0.0855091 7.83383e-23)
(0.345833 -0.0742639 -2.60296e-23)
(0.443779 -0.0614723 -1.07562e-22)
(0.526342 -0.0503033 -5.58961e-23)
(0.598838 -0.0398347 -5.00877e-23)
(0.654786 -0.0323279 -8.76828e-24)
(0.708763 -0.0252565 -5.53842e-23)
(0.744096 -0.0207266 -2.23207e-23)
(0.786708 -0.0163304 1.28715e-23)
(0.80757 -0.0138858 -5.09075e-23)
(0.845033 -0.0113033 2.8036e-23)
(0.856435 -0.0101132 -2.81339e-23)
(0.893057 -0.00766101 1.78107e-23)
(-0.0745278 0.0475647 -2.53515e-21)
(-0.0943214 0.0390606 4.4345e-22)
(-0.105751 0.0441507 5.33046e-22)
(-0.125248 0.0448477 -6.23018e-22)
(-0.142258 0.0475053 6.27781e-22)
(-0.163436 0.0494583 9.50475e-22)
(-0.184888 0.0500915 7.75368e-22)
(-0.207789 0.0481124 -1.06324e-21)
(-0.228474 0.0419264 -1.43605e-21)
(-0.244227 0.0302032 8.40762e-22)
(-0.2496 0.0118191 3.88995e-22)
(-0.238934 -0.0137202 2.37544e-21)
(-0.20329 -0.0456022 -2.24007e-21)
(-0.139007 -0.0769123 -6.62647e-22)
(-0.0485943 -0.0996968 1.49182e-21)
(0.0587584 -0.109786 4.862e-22)
(0.173809 -0.108694 2.17098e-23)
(0.286312 -0.0992757 4.3109e-24)
(0.390363 -0.086129 5.93154e-24)
(0.482559 -0.0712189 1.69144e-22)
(0.560148 -0.0582083 1.66898e-24)
(0.627805 -0.046044 5.65786e-23)
(0.680004 -0.0373323 3.84893e-23)
(0.730046 -0.0291395 3.22469e-23)
(0.762759 -0.0238969 4.59539e-23)
(0.80207 -0.018818 1.00468e-23)
(0.821229 -0.0160045 4.79778e-23)
(0.855827 -0.0130367 -3.23764e-23)
(0.866339 -0.0116701 2.56924e-23)
(0.900234 -0.0088462 -1.76107e-23)
(-0.0560219 0.0519096 2.84597e-21)
(-0.0738531 0.0421498 4.58869e-22)
(-0.081012 0.0475943 -9.17646e-23)
(-0.0965278 0.0483518 -2.57666e-22)
(-0.108865 0.0511532 -6.52025e-22)
(-0.124789 0.0533301 3.98559e-21)
(-0.140651 0.0540827 -3.15222e-21)
(-0.15762 0.0519737 -1.4693e-21)
(-0.172381 0.0451919 -1.22081e-21)
(-0.182409 0.0322283 7.25098e-22)
(-0.182745 0.0118272 3.20275e-21)
(-0.16825 -0.0166883 -9.90731e-22)
(-0.130493 -0.0524037 -2.02803e-21)
(-0.0663947 -0.0875882 2.68032e-21)
(0.0213138 -0.113148 -2.59331e-21)
(0.123944 -0.12434 4.25686e-22)
(0.233084 -0.123062 -4.56161e-23)
(0.339161 -0.112302 6.33833e-23)
(0.436989 -0.0973326 4.79481e-23)
(0.523215 -0.0803981 -1.73865e-22)
(0.595663 -0.0656232 1.45045e-23)
(0.658359 -0.051845 -2.77683e-22)
(0.706714 -0.0419883 -5.33325e-23)
(0.752711 -0.0327381 1.42485e-22)
(0.782739 -0.0268228 -1.23452e-23)
(0.818606 -0.0211062 2.76516e-23)
(0.836007 -0.0179517 -6.39615e-24)
(0.867564 -0.0146331 2.58995e-23)
(0.877154 -0.0131054 -1.47901e-23)
(0.908129 -0.00994046 1.43386e-23)
(-0.0350074 0.055072 -1.96844e-21)
(-0.0511657 0.0444504 1.20828e-21)
(-0.05409 0.0499228 1.98091e-21)
(-0.0656044 0.0507425 4.92673e-22)
(-0.0732487 0.0535789 -3.95853e-21)
(-0.0838255 0.0559405 3.28415e-22)
(-0.0939801 0.0568198 8.12075e-22)
(-0.104884 0.0546532 -3.12966e-21)
(-0.113608 0.0474189 -1.82052e-21)
(-0.117842 0.0334308 4.86864e-21)
(-0.113111 0.0113213 -7.23005e-22)
(-0.0947863 -0.0198256 1.96123e-21)
(-0.05496 -0.0590199 -3.31142e-21)
(0.00879721 -0.0977316 1.55667e-21)
(0.0934598 -0.125712 -1.04947e-21)
(0.190948 -0.138065 1.32685e-21)
(0.293741 -0.136575 1.03861e-22)
(0.393066 -0.124549 -9.25062e-23)
(0.48443 -0.107852 -5.64908e-23)
(0.564579 -0.0889988 1.17669e-22)
(0.631833 -0.0725428 -8.85266e-23)
(0.68958 -0.0572354 4.19415e-23)
(0.734107 -0.0462933 1.59133e-22)
(0.776079 -0.0360503 -1.55403e-22)
(0.803454 -0.0295002 2.01542e-23)
(0.83585 -0.0231908 -9.33713e-23)
(0.851502 -0.0197216 5.2861e-23)
(0.879938 -0.0160867 -4.82515e-23)
(0.888611 -0.0144132 1.95356e-23)
(0.916561 -0.0109385 -3.41754e-25)
(-0.0112131 0.0567483 2.08594e-22)
(-0.0260648 0.0462358 4.83638e-21)
(-0.0250521 0.0511314 -5.93715e-21)
(-0.0326881 0.0520805 -9.22847e-22)
(-0.0358256 0.0548145 5.15794e-21)
(-0.0411705 0.0573167 1.05195e-21)
(-0.0457013 0.0583185 -3.26971e-21)
(-0.0505929 0.0561658 -1.38837e-21)
(-0.05333 0.0486241 9.66003e-22)
(-0.0518286 0.0338331 2.28622e-21)
(-0.0420891 0.0103313 -1.69394e-22)
(-0.0199549 -0.0231261 -2.00648e-22)
(0.0219357 -0.0653797 1.36926e-21)
(0.085257 -0.107189 -1.11717e-21)
(0.166595 -0.137426 8.69999e-22)
(0.258561 -0.150878 -4.9327e-22)
(0.354646 -0.149184 -1.66104e-22)
(0.446956 -0.135987 4.53767e-23)
(0.531677 -0.117674 -1.54463e-23)
(0.605707 -0.0970197 -1.33091e-22)
(0.667787 -0.078972 6.73813e-23)
(0.720682 -0.0622227 1.69703e-22)
(0.761477 -0.0502541 -2.3546e-23)
(0.799542 -0.0390825 3.93181e-23)
(0.82437 -0.0319328 -7.91944e-23)
(0.853363 -0.0250734 4.632e-23)
(0.867331 -0.0213135 1.34749e-23)
(0.892652 -0.0173963 2.18977e-23)
(0.900443 -0.0155913 7.97667e-24)
(0.925347 -0.0118378 -9.58546e-25)
(0.0157883 0.0573251 -3.60137e-21)
(0.00193416 0.0473905 6.60986e-21)
(0.00625216 0.0513901 -1.46185e-21)
(0.00227458 0.0524454 -8.09838e-21)
(0.00324208 0.054954 9.31653e-21)
(0.00280439 0.0575342 2.41412e-21)
(0.00360555 0.0586414 -6.55884e-21)
(0.00448796 0.0565638 -4.14815e-23)
(0.00754138 0.0488519 -2.67547e-21)
(0.0146119 0.0334721 7.90739e-22)
(0.0292332 0.00888047 -3.55801e-21)
(0.055155 -0.0265252 3.31524e-21)
(0.0991545 -0.0714127 -3.62367e-22)
(0.161951 -0.115941 3.56009e-22)
(0.239728 -0.148288 7.82172e-22)
(0.325864 -0.162711 -1.79322e-21)
(0.414941 -0.160852 7.46676e-22)
(0.500023 -0.146596 -1.87074e-22)
(0.577969 -0.126793 2.63792e-23)
(0.645877 -0.104465 -7.56852e-23)
(0.702845 -0.0849222 2.21247e-23)
(0.751037 -0.0668206 6.7012e-23)
(0.788244 -0.0538841 -3.13305e-22)
(0.822583 -0.0418474 1.16384e-22)
(0.84502 -0.0341305 -1.70135e-23)
(0.870753 -0.0267615 7.47241e-23)
(0.883144 -0.0227317 -1.02366e-22)
(0.905428 -0.0185643 -5.83344e-23)
(0.912398 -0.0166413 -2.04642e-23)
(0.934311 -0.0126381 2.14665e-23)
(0.0468176 0.0573411 -2.06032e-21)
(0.0335004 0.047737 8.76503e-21)
(0.0403553 0.0509718 -2.36641e-21)
(0.0396206 0.0519432 -2.90836e-21)
(0.0441162 0.0541472 8.1936e-21)
(0.0480444 0.0567103 -6.39348e-21)
(0.0536739 0.057894 -3.62315e-21)
(0.0599015 0.0559298 -7.65123e-22)
(0.0684005 0.048174 7.12318e-21)
(0.0807743 0.0324035 -9.25737e-22)
(0.100104 0.00699318 -1.47058e-21)
(0.12977 -0.0299597 2.22633e-22)
(0.175914 -0.0771032 1.41854e-21)
(0.238109 -0.12402 -1.81834e-21)
(0.312108 -0.15821 1.71271e-21)
(0.392149 -0.17352 -4.98812e-23)
(0.47398 -0.171551 3.48401e-22)
(0.551677 -0.156361 1.10158e-22)
(0.622759 -0.135206 1.9453e-23)
(0.68457 -0.111344 9.61276e-23)
(0.736506 -0.0904084 6.5244e-23)
(0.780171 -0.0710464 -1.18929e-22)
(0.813956 -0.0572008 1.78805e-22)
(0.844788 -0.0443614 -5.99799e-23)
(0.865018 -0.0361071 6.09241e-23)
(0.887685 -0.0282659 1.38038e-23)
(0.898637 -0.0239841 1.47546e-23)
(0.918018 -0.0195963 5.98319e-23)
(0.924247 -0.0175674 2.19069e-24)
(0.943286 -0.0133417 -3.89221e-23)
(0.0829907 0.056786 -5.24488e-22)
(0.0696044 0.0475631 5.48861e-21)
(0.0781161 0.0500402 -6.02432e-21)
(0.0800284 0.0507572 6.8857e-21)
(0.0873134 0.0525756 3.34211e-21)
(0.0948535 0.0550119 -3.60334e-21)
(0.104595 0.0562208 2.2414e-21)
(0.115541 0.0543791 -2.703e-21)
(0.128986 0.0466814 5.50976e-21)
(0.14629 0.0306957 -9.58852e-21)
(0.170096 0.00468854 1.06569e-21)
(0.203431 -0.0334468 2.317e-21)
(0.251702 -0.0824447 -2.23487e-21)
(0.313155 -0.131367 2.55328e-21)
(0.383143 -0.167147 -1.81654e-21)
(0.456865 -0.183277 9.25747e-22)
(0.531277 -0.181263 -3.62134e-22)
(0.601491 -0.165276 2.71536e-22)
(0.665665 -0.142919 -4.21142e-23)
(0.721428 -0.117668 3.40099e-23)
(0.76843 -0.0954479 -8.09288e-23)
(0.807751 -0.0749194 1.86149e-22)
(0.838287 -0.0602234 -3.3693e-22)
(0.865844 -0.0466431 1.2849e-22)
(0.884063 -0.0378793 1.02359e-22)
(0.90389 -0.0296004 2.85666e-23)
(0.913554 -0.0250812 -1.05987e-23)
(0.930212 -0.0205003 -1.53518e-24)
(0.935787 -0.0183764 1.065e-23)
(0.95212 -0.0139524 3.18015e-23)
(0.125557 0.0558785 5.66226e-21)
(0.111505 0.0471598 -2.91492e-21)
(0.120716 0.0487764 2.34235e-21)
(0.124529 0.0491071 -1.48508e-22)
(0.133708 0.0504538 4.14831e-21)
(0.143905 0.0526511 -3.37291e-21)
(0.156831 0.053807 -4.63684e-21)
(0.171666 0.052063 1.00107e-21)
(0.189389 0.0444856 2.51473e-21)
(0.211127 0.0284256 4.30687e-21)
(0.239093 0.00196397 -7.59568e-21)
(0.275949 -0.0369788 7.21347e-21)
(0.326204 -0.0874136 1.96297e-21)
(0.386655 -0.137945 -9.69398e-22)
(0.45236 -0.17507 -1.3206e-22)
(0.519577 -0.191966 -4.76808e-22)
(0.586465 -0.189986 3.8687e-22)
(0.649159 -0.173347 2.54537e-22)
(0.706433 -0.149943 1.06639e-23)
(0.756224 -0.123453 -2.14431e-23)
(0.798402 -0.10006 8.96451e-23)
(0.833564 -0.0784597 -4.7458e-23)
(0.861023 -0.062972 2.38571e-22)
(0.885536 -0.0487115 6.68024e-24)
(0.901935 -0.0394648 -7.85002e-23)
(0.919164 -0.0307802 -8.84307e-23)
(0.927695 -0.0260355 9.92383e-24)
(0.941835 -0.0212857 -3.36655e-24)
(0.94685 -0.0190768 -3.00829e-23)
(0.960681 -0.0144757 -7.69923e-24)
(0.175783 0.0550481 -4.84178e-21)
(0.160704 0.0467375 6.83137e-21)
(0.169656 0.0473995 -1.39074e-21)
(0.174472 0.0472297 -2.81162e-21)
(0.184494 0.0480288 4.08967e-21)
(0.196205 0.0498742 3.79001e-22)
(0.211192 0.0508747 -1.47362e-21)
(0.228883 0.0491659 6.6303e-21)
(0.25004 0.0417254 -1.00877e-20)
(0.275556 0.0256855 9.41531e-21)
(0.307248 -0.000973817 1.12302e-21)
(0.347346 -0.0405092 -4.15848e-21)
(0.399238 -0.0919749 -1.74352e-21)
(0.458264 -0.14372 2.0806e-21)
(0.519366 -0.181962 -5.20889e-22)
(0.579935 -0.199584 1.20925e-21)
(0.639264 -0.197728 -1.10865e-21)
(0.694469 -0.180584 1.08025e-22)
(0.744904 -0.156291 -1.31343e-23)
(0.788828 -0.128713 -4.85047e-23)
(0.826305 -0.104264 -9.41097e-23)
(0.857494 -0.0816869 6.11781e-24)
(0.882042 -0.0654662 -1.04457e-22)
(0.903733 -0.0505854 1.52987e-23)
(0.918492 -0.0408816 -8.58231e-23)
(0.933363 -0.0318206 -1.15541e-23)
(0.940914 -0.0268602 -4.18908e-23)
(0.952755 -0.0219631 2.97518e-23)
(0.957301 -0.0196783 2.70886e-23)
(0.968859 -0.0149182 -1.42268e-23)
(0.234826 0.0547967 -3.26004e-22)
(0.218925 0.0464727 -2.69591e-21)
(0.226721 0.0461416 -5.68186e-21)
(0.231455 0.0453814 3.06391e-21)
(0.241094 0.0455731 2.49105e-21)
(0.253004 0.0469542 -1.43824e-21)
(0.268754 0.0476772 -7.12803e-22)
(0.288086 0.0459032 5.3791e-21)
(0.311646 0.0385688 -6.32085e-21)
(0.340135 0.022603 -2.52008e-21)
(0.374927 -0.00401076 -1.3829e-21)
(0.417749 -0.0439813 -2.66971e-21)
(0.470687 -0.0960734 6.86992e-21)
(0.52768 -0.14864 -4.77085e-21)
(0.583828 -0.187784 1.86838e-21)
(0.637658 -0.206103 -1.91092e-21)
(0.689471 -0.204465 -2.84315e-22)
(0.73728 -0.186976 -3.21163e-22)
(0.780988 -0.161962 4.20285e-23)
(0.819184 -0.133457 4.42463e-23)
(0.852101 -0.108072 -8.67016e-24)
(0.879502 -0.0846176 -8.2246e-23)
(0.901298 -0.0677242 7.03751e-23)
(0.920374 -0.0522822 -7.06534e-23)
(0.933655 -0.0421472 1.45135e-22)
(0.946403 -0.0327373 -7.65107e-23)
(0.953113 -0.0275692 7.29241e-23)
(0.96288 -0.0225433 -3.58956e-23)
(0.967041 -0.020191 -6.64742e-24)
(0.976564 -0.0152871 -2.85063e-24)
(0.303764 0.0556351 -2.98233e-22)
(0.288169 0.0465186 -2.86059e-21)
(0.293925 0.0452239 1.12948e-20)
(0.297198 0.0438254 -1.02847e-20)
(0.30501 0.0433634 7.14485e-21)
(0.315646 0.0441666 -6.06448e-21)
(0.330727 0.0444705 2.47779e-21)
(0.350339 0.0424953 -4.01299e-22)
(0.375102 0.0351892 -2.64882e-21)
(0.405562 0.0193114 3.76043e-23)
(0.442602 -0.00720879 1.35154e-21)
(0.487343 -0.0473219 -7.87006e-22)
(0.540426 -0.0996262 5.87374e-21)
(0.594616 -0.152615 -4.1815e-21)
(0.64546 -0.192459 5.17702e-21)
(0.692528 -0.211468 4.40261e-22)
(0.736938 -0.210168 -1.86608e-21)
(0.777509 -0.192513 1.8617e-22)
(0.814652 -0.166961 6.4621e-23)
(0.847288 -0.137696 -9.19736e-23)
(0.875802 -0.111502 1.78612e-22)
(0.899602 -0.0872681 -4.95063e-23)
(0.918799 -0.069762 -6.61457e-23)
(0.935455 -0.0538173 2.88593e-23)
(0.947401 -0.0432772 -6.43737e-23)
(0.958245 -0.0335444 7.8648e-23)
(0.964237 -0.0281755 1.15809e-23)
(0.972151 -0.0230371 -4.47089e-23)
(0.976002 -0.0206253 -3.37468e-24)
(0.983731 -0.0155899 6.15001e-24)
(0.38416 0.0577454 1.74622e-22)
(0.370909 0.0468252 -1.45087e-21)
(0.373391 0.0448224 -5.8373e-21)
(0.373335 0.0428304 5.59872e-21)
(0.377612 0.0416809 -9.04103e-21)
(0.38537 0.0417905 -2.20716e-22)
(0.398272 0.0415183 9.16741e-21)
(0.416714 0.0391748 -6.95589e-21)
(0.441344 0.031773 5.38742e-22)
(0.472566 0.0159394 -2.65355e-21)
(0.510736 -0.0103923 6.70376e-21)
(0.556248 -0.0503958 -3.76272e-21)
(0.608262 -0.102568 1.48831e-21)
(0.658775 -0.155692 1.84121e-21)
(0.704012 -0.196166 1.66995e-21)
(0.744378 -0.215943 7.13546e-23)
(0.781572 -0.215117 -1.55251e-21)
(0.815116 -0.197431 6.09784e-22)
(0.845903 -0.17146 -5.58335e-23)
(0.873177 -0.141542 2.17058e-24)
(0.897463 -0.114622 -2.73856e-23)
(0.917852 -0.0896777 5.50976e-23)
(0.934597 -0.0716031 -4.18103e-23)
(0.949013 -0.0552059 4.85018e-23)
(0.959747 -0.0442854 -6.53763e-23)
(0.968889 -0.034254 -3.59838e-23)
(0.974272 -0.0286906 1.89939e-23)
(0.980542 -0.023454 1.03248e-23)
(0.984146 -0.020991 1.81564e-23)
(0.990313 -0.0158341 2.23672e-24)
(0.480018 0.0589041 -2.8248e-21)
(0.470413 0.0470609 7.06351e-21)
(0.467096 0.0453173 -3.53184e-21)
(0.461106 0.042879 -4.50626e-21)
(0.459853 0.0409988 1.84186e-21)
(0.463067 0.040302 -4.96817e-21)
(0.472287 0.0393158 6.25889e-21)
(0.488102 0.0364548 1.7614e-21)
(0.511173 0.0288244 -5.8445e-21)
(0.541758 0.0128898 3.66611e-21)
(0.579637 -0.013056 -4.09793e-21)
(0.624388 -0.0528685 -2.63046e-21)
(0.673865 -0.104892 5.64954e-21)
(0.719821 -0.158255 -7.30219e-22)
(0.759256 -0.199567 -1.54215e-21)
(0.793086 -0.220267 3.01844e-21)
(0.823331 -0.219957 -2.36198e-21)
(0.850118 -0.202216 7.52675e-22)
(0.874796 -0.175787 -1.4733e-22)
(0.896931 -0.145197 4.39879e-23)
(0.917172 -0.117553 -3.50993e-23)
(0.934338 -0.091917 5.95301e-23)
(0.948775 -0.073289 -1.76317e-23)
(0.961116 -0.0564724 6.48718e-25)
(0.970744 -0.0451887 8.04888e-24)
(0.97837 -0.0348783 3.57528e-23)
(0.983232 -0.0291253 -9.07741e-24)
(0.988056 -0.0238027 2.26518e-24)
(0.991462 -0.0212968 -7.73376e-24)
(0.996285 -0.016027 -4.85056e-24)
(0.603077 0.0571957 -9.73828e-21)
(0.59083 0.0491213 2.13135e-21)
(0.576188 0.0479499 -3.34416e-21)
(0.560844 0.0448136 1.12292e-20)
(0.551951 0.041897 -5.32084e-21)
(0.549041 0.0401006 5.33948e-21)
(0.5532 0.0381639 2.8406e-21)
(0.565018 0.0346018 -7.6627e-21)
(0.585065 0.0266402 4.64506e-22)
(0.613441 0.0106861 6.0932e-21)
(0.649291 -0.0152109 -1.04494e-21)
(0.69138 -0.0545543 -7.89561e-21)
(0.736714 -0.106118 -1.68686e-21)
(0.777366 -0.159449 7.71761e-21)
(0.811 -0.201396 2.85453e-22)
(0.838596 -0.22297 -2.47071e-22)
(0.862241 -0.223327 -1.33272e-21)
(0.882587 -0.205829 -5.16245e-22)
(0.901431 -0.179269 -8.20443e-23)
(0.91866 -0.148297 2.72734e-23)
(0.935047 -0.120129 2.6186e-23)
(0.949171 -0.0939385 2.35421e-23)
(0.961435 -0.074828 -3.371e-23)
(0.971856 -0.0576422 -3.5718e-23)
(0.980468 -0.0460137 4.60653e-23)
(0.986742 -0.0354406 -4.57138e-23)
(0.991156 -0.0294983 -4.98789e-24)
(0.994714 -0.0240977 6.81824e-24)
(0.997961 -0.0215538 1.73039e-24)
(1.00164 -0.0161762 1.60418e-24)
(0.788526 0.0667538 0)
(0.738849 0.0574037 0)
(0.704734 0.0531253 0)
(0.677351 0.0480601 0)
(0.659582 0.0430315 0)
(0.6497 0.0391417 0)
(0.648062 0.0352716 0)
(0.655115 0.0300692 0)
(0.671263 0.0210974 0)
(0.696312 0.0050527 0)
(0.728897 -0.0203604 0)
(0.767005 -0.0572853 0)
(0.80705 -0.105325 0)
(0.841859 -0.155418 0)
(0.869384 -0.195933 0)
(0.890194 -0.218029 0)
(0.906384 -0.220092 0)
(0.919317 -0.204547 0)
(0.931408 -0.179575 0)
(0.942958 -0.149604 0)
(0.954889 -0.121834 0)
(0.965531 -0.0956397 0)
(0.975313 -0.076308 0)
(0.983562 -0.0588803 0)
(0.991024 -0.0469204 0)
(0.995811 -0.0360746 0)
(0.999732 -0.0299074 0)
(1.00191 -0.024419 0)
(1.00496 -0.0218248 0)
(1.00741 -0.0163158 0)
(0.9648 0.0941812 0)
(0.912128 0.0783506 0)
(0.866644 0.0664716 0)
(0.82822 0.056914 0)
(0.800543 0.0486039 0)
(0.782111 0.0418219 0)
(0.77284 0.0353026 0)
(0.773103 0.0275748 0)
(0.783181 0.016328 0)
(0.80275 -0.0016203 0)
(0.830156 -0.0282952 0)
(0.862707 -0.0656432 0)
(0.896346 -0.112984 0)
(0.92425 -0.161705 0)
(0.943808 -0.200681 0)
(0.95511 -0.221249 0)
(0.960832 -0.222061 0)
(0.963622 -0.20576 0)
(0.966757 -0.180507 0)
(0.97094 -0.150569 0)
(0.977172 -0.122833 0)
(0.983445 -0.0966268 0)
(0.990146 -0.0771813 0)
(0.9958 -0.059686 0)
(1.00185 -0.0475077 0)
(1.005 -0.0364985 0)
(1.00835 -0.0301587 0)
(1.00912 -0.0246483 0)
(1.01194 -0.022037 0)
(1.01319 -0.0164084 0)
(1.10203 0.115031 0)
(1.05853 0.0988511 0)
(1.01535 0.0824932 0)
(0.975022 0.0689738 0)
(0.942694 0.0573177 0)
(0.918594 0.0473539 0)
(0.903152 0.0378404 0)
(0.897071 0.0272546 0)
(0.900783 0.013385 0)
(0.914007 -0.00662779 0)
(0.935063 -0.0348283 0)
(0.960891 -0.0726738 0)
(0.987066 -0.119178 0)
(1.00683 -0.166215 0)
(1.01696 -0.203346 0)
(1.01762 -0.222393 0)
(1.01238 -0.222312 0)
(1.00509 -0.205724 0)
(0.999589 -0.180555 0)
(0.996755 -0.150889 0)
(0.997544 -0.123327 0)
(0.99963 -0.0972185 0)
(1.00335 -0.077735 0)
(1.00651 -0.0602655 0)
(1.01117 -0.0479219 0)
(1.01281 -0.0368008 0)
(1.01562 -0.0303054 0)
(1.01517 -0.0247983 0)
(1.01776 -0.0221896 0)
(1.01805 -0.0164523 0)
(1.19983 0.130424 0)
(1.16874 0.11493 0)
(1.13529 0.0970724 0)
(1.10131 0.0812805 0)
(1.07128 0.0671553 0)
(1.04668 0.0543966 0)
(1.02869 0.0419854 0)
(1.01856 0.0285273 0)
(1.01711 0.0120175 0)
(1.02423 -0.0100954 0)
(1.03845 -0.0396703 0)
(1.05659 -0.0777106 0)
(1.0741 -0.123042 0)
(1.08439 -0.168139 0)
(1.08407 -0.203333 0)
(1.0738 -0.220981 0)
(1.05807 -0.220324 0)
(1.04156 -0.203885 0)
(1.02837 -0.17925 0)
(1.01936 -0.150257 0)
(1.01535 -0.123173 0)
(1.01372 -0.0973878 0)
(1.01476 -0.0779992 0)
(1.01566 -0.060664 0)
(1.019 -0.0482103 0)
(1.01929 -0.037019 0)
(1.02157 -0.0303776 0)
(1.02009 -0.0248876 0)
(1.02245 -0.0222978 0)
(1.02197 -0.0164557 0)
(1.26172 0.140763 0)
(1.24286 0.125734 0)
(1.22089 0.108054 0)
(1.1972 0.0914492 0)
(1.17449 0.0760179 0)
(1.15429 0.0613836 0)
(1.13804 0.0467117 0)
(1.12728 0.0308133 0)
(1.12309 0.0119489 0)
(1.12558 -0.0120639 0)
(1.13352 -0.0427952 0)
(1.1439 -0.080824 0)
(1.1523 -0.124808 0)
(1.15266 -0.167824 0)
(1.14193 -0.201025 0)
(1.12148 -0.217381 0)
(1.0965 -0.216411 0)
(1.07214 -0.200473 0)
(1.05252 -0.176721 0)
(1.03836 -0.148718 0)
(1.03032 -0.122367 0)
(1.02554 -0.0971062 0)
(1.02429 -0.077942 0)
(1.02324 -0.0608504 0)
(1.02538 -0.0483506 0)
(1.0245 -0.0371388 0)
(1.0263 -0.0303699 0)
(1.02397 -0.0249144 0)
(1.02608 -0.0223631 0)
(1.02498 -0.0164225 0)
(1.2953 0.146314 0)
(1.28664 0.131529 0)
(1.27471 0.114794 0)
(1.2613 0.0983041 0)
(1.24756 0.0824625 0)
(1.23438 0.0668858 0)
(1.22293 0.0508071 0)
(1.21456 0.0332016 0)
(1.21029 0.0125775 0)
(1.21029 -0.0128338 0)
(1.21346 -0.0443078 0)
(1.21707 -0.0820113 0)
(1.21709 -0.124424 0)
(1.20831 -0.165226 0)
(1.18841 -0.196442 0)
(1.15945 -0.211695 0)
(1.12709 -0.210727 0)
(1.09661 -0.195651 0)
(1.07199 -0.173109 0)
(1.05378 -0.146372 0)
(1.04251 -0.12097 0)
(1.03516 -0.0964068 0)
(1.03202 -0.0775789 0)
(1.02932 -0.0608265 0)
(1.03042 -0.0483412 0)
(1.02854 -0.037158 0)
(1.02989 -0.0302832 0)
(1.02688 -0.0248793 0)
(1.02873 -0.0223865 0)
(1.02715 -0.016356 0)
(1.30917 0.148176 0)
(1.30798 0.133387 0)
(1.30352 0.117711 0)
(1.29827 0.101789 0)
(1.29253 0.0860367 0)
(1.28649 0.0701576 0)
(1.28079 0.053408 0)
(1.27638 0.0348597 0)
(1.27391 0.013219 0)
(1.27336 -0.0129109 0)
(1.27361 -0.0445372 0)
(1.27216 -0.0814611 0)
(1.26553 -0.122016 0)
(1.2495 -0.160489 0)
(1.22259 -0.189795 0)
(1.18748 -0.204181 0)
(1.14997 -0.203523 0)
(1.11525 -0.189623 0)
(1.08711 -0.168564 0)
(1.06591 -0.143323 0)
(1.05218 -0.119051 0)
(1.04279 -0.0953339 0)
(1.03812 -0.07694 0)
(1.03406 -0.060609 0)
(1.03425 -0.0481928 0)
(1.03155 -0.0370825 0)
(1.03249 -0.0301234 0)
(1.02893 -0.0247858 0)
(1.03053 -0.0223697 0)
(1.02853 -0.0162591 0)
(1.31076 0.147384 0)
(1.31455 0.132535 0)
(1.31505 0.11772 0)
(1.31536 0.102495 0)
(1.3155 0.087049 0)
(1.31514 0.0712023 0)
(1.31448 0.0542677 0)
(1.31401 0.0353837 0)
(1.31397 0.0134054 0)
(1.31402 -0.0127639 0)
(1.31289 -0.0439157 0)
(1.30826 -0.0795683 0)
(1.29714 -0.117973 0)
(1.27628 -0.154027 0)
(1.24499 -0.181518 0)
(1.20628 -0.195247 0)
(1.16587 -0.195141 0)
(1.12872 -0.182647 0)
(1.09843 -0.163262 0)
(1.07524 -0.139683 0)
(1.05972 -0.116678 0)
(1.04875 -0.0939281 0)
(1.04285 -0.0760523 0)
(1.03768 -0.0602119 0)
(1.03707 -0.0479146 0)
(1.03367 -0.0369178 0)
(1.03423 -0.0298963 0)
(1.03026 -0.0246374 0)
(1.03159 -0.0223132 0)
(1.02925 -0.0161335 0)
(1.30564 0.144712 0)
(1.31251 0.129959 0)
(1.31602 0.115765 0)
(1.31965 0.101206 0)
(1.32348 0.086143 0)
(1.32692 0.070478 0)
(1.32982 0.0536269 0)
(1.33233 0.0348092 0)
(1.33436 0.0129957 0)
(1.33531 -0.0126684 0)
(1.33373 -0.0428155 0)
(1.32742 -0.0767776 0)
(1.31384 -0.1128 0)
(1.29051 -0.146381 0)
(1.2573 -0.172133 0)
(1.21731 -0.185352 0)
(1.176 -0.185942 0)
(1.13796 -0.174982 0)
(1.10667 -0.157378 0)
(1.0823 -0.135559 0)
(1.06556 -0.113915 0)
(1.05338 -0.0922243 0)
(1.04649 -0.0749368 0)
(1.0404 -0.0596445 0)
(1.03906 -0.0475119 0)
(1.03508 -0.0366662 0)
(1.03528 -0.0296056 0)
(1.03098 -0.0244363 0)
(1.03204 -0.0222162 0)
(1.02939 -0.0159792 0)
(1.29746 0.140797 0)
(1.30609 0.126348 0)
(1.31134 0.11261 0)
(1.31671 0.0986275 0)
(1.32253 0.0839773 0)
(1.32811 0.0685675 0)
(1.33309 0.0519393 0)
(1.33739 0.033424 0)
(1.34072 0.0120977 0)
(1.34229 -0.0126981 0)
(1.34062 -0.0414707 0)
(1.33361 -0.0734563 0)
(1.31908 -0.106962 0)
(1.29512 -0.138062 0)
(1.26194 -0.162136 0)
(1.22245 -0.174921 0)
(1.18173 -0.176256 0)
(1.14399 -0.166861 0)
(1.11257 -0.151066 0)
(1.08764 -0.131045 0)
(1.07011 -0.110815 0)
(1.05702 -0.0902499 0)
(1.04932 -0.0736085 0)
(1.04245 -0.0589113 0)
(1.04044 -0.0469863 0)
(1.03595 -0.0363271 0)
(1.03578 -0.0292525 0)
(1.03123 -0.024183 0)
(1.03201 -0.0220762 0)
(1.02906 -0.0157954 0)
(1.28819 0.136059 0)
(1.29778 0.122109 0)
(1.30403 0.108768 0)
(1.31022 0.0952838 0)
(1.31693 0.0810649 0)
(1.3235 0.06597 0)
(1.32943 0.0496506 0)
(1.33452 0.0315733 0)
(1.33837 0.0109241 0)
(1.34014 -0.012797 0)
(1.3384 -0.0399835 0)
(1.3312 -0.0698457 0)
(1.31666 -0.100807 0)
(1.29326 -0.129472 0)
(1.26135 -0.151921 0)
(1.22353 -0.16429 0)
(1.18438 -0.166343 0)
(1.14772 -0.158468 0)
(1.11677 -0.144447 0)
(1.09175 -0.126215 0)
(1.07374 -0.10742 0)
(1.05995 -0.0880242 0)
(1.05157 -0.0720767 0)
(1.04402 -0.0580126 0)
(1.04138 -0.0463355 0)
(1.03641 -0.035897 0)
(1.03587 -0.028836 0)
(1.03112 -0.0238765 0)
(1.03161 -0.0218897 0)
(1.02837 -0.0155797 0)
(1.27871 0.130717 0)
(1.28881 0.117429 0)
(1.29566 0.104516 0)
(1.30222 0.0914951 0)
(1.3092 0.077734 0)
(1.31609 0.0630231 0)
(1.32229 0.0470888 0)
(1.32752 0.0295397 0)
(1.33135 0.00967779 0)
(1.33297 -0.0128626 0)
(1.33106 -0.0383689 0)
(1.32388 -0.0660751 0)
(1.3098 -0.0945532 0)
(1.28758 -0.120878 0)
(1.2576 -0.141754 0)
(1.22205 -0.153692 0)
(1.18503 -0.156386 0)
(1.14989 -0.149934 0)
(1.11981 -0.13761 0)
(1.09497 -0.121122 0)
(1.0767 -0.103758 0)
(1.06238 -0.0855585 0)
(1.05342 -0.0703447 0)
(1.04526 -0.0569449 0)
(1.042 -0.0455548 0)
(1.0366 -0.0353701 0)
(1.03568 -0.0283527 0)
(1.03074 -0.023514 0)
(1.03094 -0.0216515 0)
(1.0274 -0.015329 0)
(1.26931 0.124901 0)
(1.27964 0.112387 0)
(1.28691 0.0999779 0)
(1.29364 0.0874294 0)
(1.30063 0.0741621 0)
(1.30748 0.0599129 0)
(1.31361 0.0444466 0)
(1.31864 0.0275014 0)
(1.32217 0.00849977 0)
(1.32343 -0.0128054 0)
(1.32129 -0.0366151 0)
(1.31419 -0.0622123 0)
(1.30076 -0.0883256 0)
(1.27995 -0.112437 0)
(1.25214 -0.131794 0)
(1.2191 -0.143265 0)
(1.18442 -0.146497 0)
(1.15104 -0.141345 0)
(1.12202 -0.130613 0)
(1.09756 -0.115804 0)
(1.0792 -0.0998491 0)
(1.06445 -0.0828588 0)
(1.05497 -0.0684124 0)
(1.04627 -0.0557022 0)
(1.04241 -0.0446375 0)
(1.0366 -0.0347389 0)
(1.03528 -0.0277976 0)
(1.03017 -0.0230914 0)
(1.03007 -0.0213557 0)
(1.02621 -0.0150396 0)
(1.26004 0.118701 0)
(1.27042 0.107021 0)
(1.27797 0.0951995 0)
(1.2848 0.0831637 0)
(1.2917 0.0704329 0)
(1.29838 0.0567228 0)
(1.30428 0.0418133 0)
(1.309 0.0255448 0)
(1.31212 0.00746207 0)
(1.31297 -0.0125829 0)
(1.31058 -0.0347254 0)
(1.30359 -0.0582999 0)
(1.29087 -0.0821889 0)
(1.27151 -0.104224 0)
(1.24587 -0.122117 0)
(1.21532 -0.133085 0)
(1.18303 -0.136743 0)
(1.15147 -0.132753 0)
(1.12363 -0.123496 0)
(1.09967 -0.110285 0)
(1.08132 -0.0957058 0)
(1.06624 -0.0799273 0)
(1.05631 -0.066277 0)
(1.04711 -0.0542772 0)
(1.04266 -0.0435758 0)
(1.03646 -0.0339955 0)
(1.03474 -0.0271646 0)
(1.02946 -0.0226032 0)
(1.02905 -0.0209955 0)
(1.02487 -0.0147073 0)
(1.25088 0.112179 0)
(1.26118 0.101361 0)
(1.26892 0.0901991 0)
(1.2758 0.0787308 0)
(1.28257 0.0665828 0)
(1.28903 0.0534826 0)
(1.29468 0.039216 0)
(1.29905 0.0236969 0)
(1.30178 0.00658214 0)
(1.30225 -0.0121953 0)
(1.29964 -0.0327161 0)
(1.2928 -0.0543646 0)
(1.2808 -0.0761704 0)
(1.26283 -0.0962654 0)
(1.23925 -0.112755 0)
(1.21109 -0.123183 0)
(1.18111 -0.127158 0)
(1.15138 -0.124192 0)
(1.12475 -0.116287 0)
(1.10137 -0.104583 0)
(1.08313 -0.091338 0)
(1.0678 -0.0767649 0)
(1.05746 -0.0639349 0)
(1.04781 -0.0526621 0)
(1.04279 -0.0423617 0)
(1.03622 -0.0331314 0)
(1.03408 -0.0264471 0)
(1.02864 -0.0220438 0)
(1.02791 -0.0205638 0)
(1.02341 -0.014328 0)
(1.24183 0.105397 0)
(1.25194 0.0954432 0)
(1.25976 0.0849949 0)
(1.26667 0.0741498 0)
(1.27331 0.0626315 0)
(1.27953 0.050202 0)
(1.28491 0.0366557 0)
(1.28897 0.0219544 0)
(1.29136 0.00584849 0)
(1.29151 -0.0116599 0)
(1.28876 -0.0306075 0)
(1.28211 -0.050426 0)
(1.27081 -0.0702819 0)
(1.25416 -0.088567 0)
(1.23249 -0.103714 0)
(1.20656 -0.113571 0)
(1.17878 -0.117761 0)
(1.15083 -0.115682 0)
(1.12544 -0.109006 0)
(1.10271 -0.0987152 0)
(1.08464 -0.0867544 0)
(1.06914 -0.0733726 0)
(1.05844 -0.0613823 0)
(1.04838 -0.0508496 0)
(1.04282 -0.0409876 0)
(1.03589 -0.0321385 0)
(1.03335 -0.0256383 0)
(1.02774 -0.0214068 0)
(1.02669 -0.0200537 0)
(1.02186 -0.0138974 0)
(1.23291 0.0984156 0)
(1.24275 0.0893123 0)
(1.25056 0.0796113 0)
(1.25745 0.0694382 0)
(1.26393 0.0585947 0)
(1.26993 0.0468872 0)
(1.27504 0.034126 0)
(1.27883 0.0203024 0)
(1.28093 0.00524036 0)
(1.28085 -0.0110004 0)
(1.27802 -0.0284229 0)
(1.2716 -0.0465034 0)
(1.261 -0.0645321 0)
(1.24559 -0.0811272 0)
(1.22569 -0.0949914 0)
(1.20183 -0.104253 0)
(1.17612 -0.108562 0)
(1.14989 -0.107241 0)
(1.12574 -0.101672 0)
(1.1037 -0.0926953 0)
(1.08586 -0.081964 0)
(1.07026 -0.0697522 0)
(1.05926 -0.0586165 0)
(1.04882 -0.0488331 0)
(1.04275 -0.0394462 0)
(1.03548 -0.0310094 0)
(1.03254 -0.0247313 0)
(1.02677 -0.0206861 0)
(1.0254 -0.0194577 0)
(1.02024 -0.0134116 0)
(1.22416 0.0912895 0)
(1.23365 0.0830138 0)
(1.24138 0.0740779 0)
(1.24818 0.0646154 0)
(1.25451 0.0544872 0)
(1.26027 0.0435444 0)
(1.26514 0.0316202 0)
(1.26868 0.0187239 0)
(1.27056 0.0047347 0)
(1.27031 -0.0102433 0)
(1.26747 -0.0261877 0)
(1.26133 -0.0426163 0)
(1.25141 -0.0589287 0)
(1.23715 -0.0739416 0)
(1.21889 -0.0865808 0)
(1.19694 -0.0952279 0)
(1.17318 -0.0995676 0)
(1.14858 -0.0988815 0)
(1.12567 -0.0943003 0)
(1.10434 -0.0865377 0)
(1.0868 -0.0769761 0)
(1.07117 -0.0659066 0)
(1.0599 -0.0556354 0)
(1.04914 -0.0466069 0)
(1.04259 -0.037731 0)
(1.03501 -0.029737 0)
(1.03167 -0.0237192 0)
(1.02574 -0.0198752 0)
(1.02405 -0.0187689 0)
(1.01857 -0.0128671 0)
(1.21561 0.0840674 0)
(1.2247 0.0765911 0)
(1.23227 0.0684259 0)
(1.23896 0.0597018 0)
(1.24511 0.0503231 0)
(1.25064 0.0401804 0)
(1.25527 0.029133 0)
(1.25859 0.0172029 0)
(1.2603 0.0043085 0)
(1.25994 -0.0094148 0)
(1.25716 -0.0239261 0)
(1.25131 -0.0387826 0)
(1.24207 -0.0534785 0)
(1.22889 -0.0670053 0)
(1.21213 -0.0784733 0)
(1.19194 -0.0864899 0)
(1.16998 -0.0907817 0)
(1.14696 -0.0906141 0)
(1.12524 -0.0869052 0)
(1.10466 -0.0802558 0)
(1.08747 -0.0718005 0)
(1.07185 -0.0618396 0)
(1.06038 -0.0524381 0)
(1.04933 -0.0441665 0)
(1.04233 -0.0358361 0)
(1.03447 -0.0283149 0)
(1.03075 -0.0225956 0)
(1.02467 -0.0189681 0)
(1.02265 -0.01798 0)
(1.01687 -0.0122603 0)
(1.20731 0.0767927 0)
(1.21597 0.0700844 0)
(1.22333 0.0626862 0)
(1.22986 0.0547183 0)
(1.23582 0.0461156 0)
(1.24113 0.036801 0)
(1.24553 0.0266602 0)
(1.24866 0.0157245 0)
(1.25023 0.00393989 0)
(1.24981 -0.00853926 0)
(1.24713 -0.0216601 0)
(1.24161 -0.0350174 0)
(1.23301 -0.0481864 0)
(1.22084 -0.0603119 0)
(1.20546 -0.070658 0)
(1.18687 -0.0780321 0)
(1.16659 -0.082204 0)
(1.14504 -0.0824466 0)
(1.1245 -0.0794988 0)
(1.10468 -0.0738622 0)
(1.08786 -0.0664469 0)
(1.07232 -0.0575561 0)
(1.0607 -0.0490243 0)
(1.0494 -0.0415081 0)
(1.042 -0.0337563 0)
(1.03387 -0.0267375 0)
(1.02979 -0.0213539 0)
(1.02355 -0.0179584 0)
(1.02122 -0.0170844 0)
(1.01515 -0.0115881 0)
(1.19931 0.069499 0)
(1.20752 0.0635267 0)
(1.21463 0.056886 0)
(1.22097 0.0496834 0)
(1.22674 0.0418756 0)
(1.23182 0.0334106 0)
(1.23602 0.0241978 0)
(1.23897 0.0142753 0)
(1.24043 0.00360895 0)
(1.24 -0.00763897 0)
(1.23745 -0.0194092 0)
(1.23226 -0.0313331 0)
(1.22429 -0.043055 0)
(1.21305 -0.0538532 0)
(1.19892 -0.0631215 0)
(1.18181 -0.0698436 0)
(1.16306 -0.0738306 0)
(1.1429 -0.0743831 0)
(1.12348 -0.0720903 0)
(1.10442 -0.0673671 0)
(1.08801 -0.0609239 0)
(1.07259 -0.053061 0)
(1.06086 -0.0453944 0)
(1.04936 -0.0386292 0)
(1.04159 -0.031487 0)
(1.03322 -0.0249999 0)
(1.0288 -0.0199879 0)
(1.02242 -0.0168403 0)
(1.01977 -0.0160751 0)
(1.01343 -0.0108473 0)
(1.19167 0.0622128 0)
(1.19942 0.0569455 0)
(1.20626 0.0510483 0)
(1.2124 0.0446134 0)
(1.21796 0.0376124 0)
(1.22283 0.0300118 0)
(1.22683 0.0217412 0)
(1.22962 0.0128436 0)
(1.23101 0.00329818 0)
(1.23059 -0.00673331 0)
(1.22819 -0.0171896 0)
(1.22333 -0.0277385 0)
(1.21596 -0.0380834 0)
(1.20558 -0.0476187 0)
(1.19259 -0.0558474 0)
(1.1768 -0.0619094 0)
(1.15947 -0.0656534 0)
(1.14059 -0.0664231 0)
(1.12224 -0.064685 0)
(1.10392 -0.0607783 0)
(1.08794 -0.0552392 0)
(1.07267 -0.0483592 0)
(1.06088 -0.0415491 0)
(1.04922 -0.0355276 0)
(1.04112 -0.0290244 0)
(1.03255 -0.0230978 0)
(1.0278 -0.0184917 0)
(1.02128 -0.0156081 0)
(1.01833 -0.0149461 0)
(1.01174 -0.0100352 0)
(1.18444 0.0549514 0)
(1.19176 0.0503601 0)
(1.19832 0.0451905 0)
(1.20423 0.0395206 0)
(1.20959 0.0333322 0)
(1.21425 0.0266051 0)
(1.21808 0.0192856 0)
(1.22074 0.0114182 0)
(1.22206 0.00299219 0)
(1.22167 -0.00583834 0)
(1.21944 -0.0150138 0)
(1.21491 -0.0242385 0)
(1.20809 -0.033267 0)
(1.19849 -0.0415941 0)
(1.18654 -0.0488155 0)
(1.17194 -0.0542099 0)
(1.15587 -0.0576585 0)
(1.13817 -0.0585612 0)
(1.12083 -0.0572834 0)
(1.10323 -0.0540998 0)
(1.08769 -0.0493978 0)
(1.0726 -0.0434549 0)
(1.06078 -0.037489 0)
(1.04899 -0.0322019 0)
(1.0406 -0.0263654 0)
(1.03185 -0.0210276 0)
(1.02681 -0.01686 0)
(1.02016 -0.0142565 0)
(1.01692 -0.0136915 0)
(1.01009 -0.00914924 0)
(1.17773 0.0477195 0)
(1.18462 0.0437786 0)
(1.19089 0.0393207 0)
(1.19659 0.0344106 0)
(1.20175 0.0290368 0)
(1.20622 0.0231881 0)
(1.20988 0.0168244 0)
(1.21242 0.0099892 0)
(1.2137 0.00267827 0)
(1.21336 -0.00496647 0)
(1.2113 -0.01289 0)
(1.20708 -0.0208338 0)
(1.20076 -0.0285964 0)
(1.19188 -0.0357606 0)
(1.18084 -0.0420008 0)
(1.16729 -0.04672 0)
(1.15236 -0.0498263 0)
(1.13573 -0.0507853 0)
(1.11932 -0.0498806 0)
(1.10239 -0.0473311 0)
(1.08728 -0.0434021 0)
(1.0724 -0.0383509 0)
(1.06058 -0.0332142 0)
(1.0487 -0.028651 0)
(1.04006 -0.0235073 0)
(1.03115 -0.0187867 0)
(1.02584 -0.015088 0)
(1.01907 -0.0127807 0)
(1.01556 -0.0123063 0)
(1.00852 -0.00818721 0)
(1.17159 0.0405179 0)
(1.1781 0.0372048 0)
(1.18411 0.0334432 0)
(1.18959 0.0292858 0)
(1.19456 0.0247254 0)
(1.19886 0.0197572 0)
(1.20237 0.0143512 0)
(1.20481 0.00854775 0)
(1.20606 0.00234693 0)
(1.20576 -0.00412567 0)
(1.20387 -0.0108214 0)
(1.19994 -0.0175191 0)
(1.19408 -0.0240566 0)
(1.18582 -0.0300939 0)
(1.17558 -0.0353726 0)
(1.16296 -0.0394078 0)
(1.14903 -0.0421294 0)
(1.13335 -0.043076 0)
(1.11777 -0.0424644 0)
(1.10147 -0.0404661 0)
(1.08677 -0.03725 0)
(1.0721 -0.0330476 0)
(1.06031 -0.0287241 0)
(1.04835 -0.0248739 0)
(1.03951 -0.0204481 0)
(1.03047 -0.0163728 0)
(1.02492 -0.0131716 0)
(1.01804 -0.0111763 0)
(1.01428 -0.0107865 0)
(1.00705 -0.00714718 0)
(1.16615 0.0333236 0)
(1.17231 0.0306216 0)
(1.17807 0.0275447 0)
(1.18336 0.0241345 0)
(1.18815 0.0203871 0)
(1.19229 0.0163012 0)
(1.19568 0.0118548 0)
(1.19803 0.00708344 0)
(1.19926 0.00198921 0)
(1.19901 -0.00332108 0)
(1.19727 -0.00880656 0)
(1.19361 -0.0142841 0)
(1.18815 -0.0196262 0)
(1.18042 -0.0245628 0)
(1.17088 -0.0288928 0)
(1.15905 -0.0322332 0)
(1.14597 -0.0345317 0)
(1.13111 -0.0354047 0)
(1.11626 -0.0350146 0)
(1.10053 -0.0334923 0)
(1.08621 -0.0309349 0)
(1.07174 -0.0275424 0)
(1.06 -0.0240164 0)
(1.04799 -0.0208693 0)
(1.03898 -0.0171861 0)
(1.02983 -0.0137846 0)
(1.02408 -0.0111077 0)
(1.0171 -0.00944031 0)
(1.01312 -0.00912946 0)
(1.00572 -0.00602765 0)
(1.16151 0.0261196 0)
(1.16737 0.0240155 0)
(1.17291 0.0216142 0)
(1.17803 0.0189473 0)
(1.18268 0.016013 0)
(1.18668 0.0128117 0)
(1.18996 0.00932785 0)
(1.19224 0.00559039 0)
(1.19345 0.00160231 0)
(1.19326 -0.00255093 0)
(1.19165 -0.00683647 0)
(1.18821 -0.0111101 0)
(1.18309 -0.0152755 0)
(1.17581 -0.0191269 0)
(1.16684 -0.0225135 0)
(1.15566 -0.025146 0)
(1.14329 -0.026986 0)
(1.12911 -0.0277318 0)
(1.11489 -0.0275004 0)
(1.09963 -0.0263884 0)
(1.08564 -0.0244431 0)
(1.07137 -0.0218284 0)
(1.05968 -0.0190869 0)
(1.04764 -0.0166354 0)
(1.03849 -0.0137202 0)
(1.02926 -0.0110213 0)
(1.02334 -0.00889459 0)
(1.01627 -0.00757061 0)
(1.0121 -0.00733386 0)
(1.00457 -0.00482766 0)
(1.15779 0.0188486 0)
(1.16342 0.0173376 0)
(1.16878 0.0156107 0)
(1.17376 0.0136898 0)
(1.17828 0.0115744 0)
(1.18218 0.00926548 0)
(1.18537 0.00675287 0)
(1.1876 0.00405781 0)
(1.1888 0.00118303 0)
(1.18865 -0.00180879 0)
(1.18714 -0.0048941 0)
(1.18388 -0.00796837 0)
(1.17903 -0.0109634 0)
(1.17211 -0.013734 0)
(1.16358 -0.0161745 0)
(1.15291 -0.0180828 0)
(1.1411 -0.0194318 0)
(1.12745 -0.0200044 0)
(1.11372 -0.0198791 0)
(1.09886 -0.0191233 0)
(1.08514 -0.0177532 0)
(1.07102 -0.015893 0)
(1.05938 -0.0139283 0)
(1.04734 -0.0121696 0)
(1.03808 -0.0100491 0)
(1.02879 -0.00808294 0)
(1.02273 -0.00653158 0)
(1.0156 -0.00556674 0)
(1.01127 -0.00540037 0)
(1.00364 -0.00354695 0)
(1.15514 0.0114518 0)
(1.1606 0.0105354 0)
(1.16583 0.00948772 0)
(1.17071 0.00832127 0)
(1.17515 0.00703599 0)
(1.17898 0.00563308 0)
(1.1821 0.00410674 0)
(1.18429 0.0024698 0)
(1.18549 0.000724121 0)
(1.18536 -0.00109197 0)
(1.18394 -0.00296376 0)
(1.1808 -0.00482798 0)
(1.17615 -0.00664332 0)
(1.16947 -0.00832342 0)
(1.16125 -0.00980443 0)
(1.15094 -0.0109675 0)
(1.13951 -0.0117949 0)
(1.12624 -0.0121564 0)
(1.11286 -0.0120961 0)
(1.09827 -0.0116562 0)
(1.08475 -0.0108365 0)
(1.07075 -0.00971832 0)
(1.05915 -0.00853032 0)
(1.0471 -0.00746786 0)
(1.03777 -0.00617177 0)
(1.02844 -0.00496983 0)
(1.02229 -0.00401966 0)
(1.01511 -0.00342997 0)
(1.01067 -0.00333125 0)
(1.00297 -0.00218564 0)
(1.15371 0.00389352 0)
(1.15908 0.0035803 0)
(1.16425 0.00322345 0)
(1.16908 0.00282671 0)
(1.17347 0.00239008 0)
(1.17726 0.00191428 0)
(1.18035 0.00139726 0)
(1.18252 0.000843269 0)
(1.18371 0.000253076 0)
(1.1836 -0.000360717 0)
(1.18222 -0.000992446 0)
(1.17916 -0.00162109 0)
(1.1746 -0.00223273 0)
(1.16806 -0.00279891 0)
(1.16 -0.00329787 0)
(1.14988 -0.00369067 0)
(1.13865 -0.00397074 0)
(1.12558 -0.00409492 0)
(1.11239 -0.00407696 0)
(1.09794 -0.00393219 0)
(1.08453 -0.00365788 0)
(1.0706 -0.00328366 0)
(1.05902 -0.00288452 0)
(1.04696 -0.00252838 0)
(1.0376 -0.00209045 0)
(1.02825 -0.00168469 0)
(1.02205 -0.00136328 0)
(1.01484 -0.0011643 0)
(1.01035 -0.00113161 0)
(1.00261 -0.00074247 0)
(1.30353 0.221049 -3.73059e-21)
(1.3029 0.21311 8.319e-21)
(1.2993 0.204729 1.43892e-20)
(1.29167 0.195708 -5.67253e-22)
(1.27864 0.185815 8.01949e-21)
(1.25855 0.174816 8.15096e-21)
(1.2294 0.162485 -3.56439e-21)
(1.18907 0.148823 1.52298e-21)
(1.13597 0.133651 -4.2579e-21)
(1.06691 0.118428 1.90714e-20)
(0.991397 0.101547 -4.94755e-21)
(0.869964 0.0932688 6.61799e-21)
(1.30011 0.219131 7.34327e-21)
(1.30259 0.212743 2.40703e-21)
(1.30334 0.20617 -9.56438e-21)
(1.30175 0.199297 1.62669e-20)
(1.29698 0.191939 -1.7296e-20)
(1.28788 0.183946 -5.70677e-21)
(1.27321 0.17494 4.34187e-21)
(1.25051 0.164988 -2.92538e-21)
(1.22024 0.153123 -2.62363e-20)
(1.17263 0.140614 -2.45523e-20)
(1.12805 0.125276 8.57885e-21)
(1.02349 0.108798 -8.79406e-21)
(1.29344 0.215474 1.16268e-21)
(1.29785 0.210293 -1.14638e-20)
(1.30131 0.205067 6.81188e-22)
(1.30346 0.199743 -2.16145e-20)
(1.30391 0.194146 -1.39216e-20)
(1.30166 0.188198 -7.6194e-21)
(1.29649 0.181433 -7.32295e-22)
(1.28488 0.173886 -6.65166e-21)
(1.27052 0.164682 2.10177e-20)
(1.23833 0.153825 5.10206e-21)
(1.2165 0.142395 -1.30188e-20)
(1.13913 0.123467 -4.6188e-21)
(1.28489 0.210539 -9.92742e-21)
(1.29033 0.206234 6.90961e-21)
(1.29528 0.201912 -1.49901e-20)
(1.29941 0.197546 6.66651e-21)
(1.30272 0.192994 2.31441e-20)
(1.30408 0.188213 7.16928e-21)
(1.3044 0.182923 9.53097e-21)
(1.29942 0.176973 -2.4507e-21)
(1.29545 0.170443 -7.98291e-22)
(1.27626 0.161677 -9.24944e-21)
(1.26973 0.154806 1.85372e-20)
(1.22031 0.138527 -9.78714e-21)
(1.27551 0.204506 3.8921e-21)
(1.28129 0.200833 6.32134e-22)
(1.28683 0.197159 1.70137e-20)
(1.29184 0.193471 1.62296e-20)
(1.29658 0.189712 -1.40913e-20)
(1.29992 0.185824 6.62914e-21)
(1.30348 0.181844 -4.05791e-21)
(1.30307 0.177301 3.14118e-21)
(1.30533 0.173078 -6.0188e-21)
(1.2962 0.166453 5.56497e-21)
(1.29743 0.162401 -1.35095e-20)
(1.27003 0.150299 1.67267e-20)
(1.26615 0.19776 2.72418e-22)
(1.27189 0.194595 1.74532e-21)
(1.27756 0.191467 8.03326e-21)
(1.2829 0.188361 -4.00391e-22)
(1.28832 0.185304 -8.93045e-21)
(1.29282 0.182167 -1.19413e-20)
(1.29801 0.179175 3.50877e-21)
(1.30042 0.175636 2.66205e-22)
(1.30527 0.172686 1.16342e-20)
(1.3026 0.167706 3.04606e-21)
(1.30679 0.164872 1.29602e-20)
(1.29467 0.156783 8.60517e-22)
(1.25733 0.190622 1.0107e-21)
(1.26289 0.18789 -5.79521e-21)
(1.26846 0.185218 -1.09563e-20)
(1.27382 0.182572 -7.76557e-21)
(1.27937 0.180015 2.03826e-20)
(1.2843 0.177374 -8.06773e-21)
(1.28983 0.174919 -1.78843e-20)
(1.2936 0.172021 -1.28987e-20)
(1.29905 0.169672 5.62763e-21)
(1.30038 0.16605 2.5685e-21)
(1.30562 0.163807 -1.06101e-20)
(1.30289 0.158878 -9.10082e-21)
(1.24909 0.183198 -4.10184e-21)
(1.25442 0.180825 4.05389e-21)
(1.25977 0.178505 1.7834e-21)
(1.26496 0.1762 -1.40999e-21)
(1.27028 0.173974 2.58921e-21)
(1.27523 0.171689 6.56402e-21)
(1.28057 0.169576 2.26664e-20)
(1.28502 0.167224 1.99952e-20)
(1.29046 0.165264 -1.24508e-20)
(1.29401 0.162704 9.10228e-21)
(1.29937 0.160751 1.56065e-21)
(1.30151 0.157867 1.07646e-20)
(1.2413 0.175511 -1.40599e-21)
(1.2464 0.173446 4.3014e-23)
(1.25149 0.171423 -1.58169e-21)
(1.25647 0.169415 -1.40201e-21)
(1.26152 0.167476 -5.76412e-21)
(1.26638 0.165525 7.00271e-21)
(1.27147 0.163703 -1.62644e-20)
(1.27618 0.161795 -9.08291e-21)
(1.28133 0.160081 5.01228e-21)
(1.28574 0.158187 -1.1755e-20)
(1.2908 0.156375 -1.11922e-20)
(1.29504 0.154666 -1.54296e-20)
(1.23386 0.167615 3.30716e-21)
(1.23874 0.165827 -8.42261e-22)
(1.2436 0.164075 9.08871e-22)
(1.24839 0.162345 8.68448e-22)
(1.25321 0.160668 -7.22678e-21)
(1.25794 0.159004 -1.16468e-20)
(1.26275 0.15741 7.32843e-21)
(1.2674 0.155812 1.86282e-21)
(1.27218 0.154269 -6.13846e-21)
(1.27678 0.152787 1.23842e-20)
(1.28153 0.151121 5.44836e-21)
(1.28645 0.150074 -3.69053e-21)
(1.22671 0.159556 1.62886e-21)
(1.23137 0.158014 2.1839e-22)
(1.23602 0.156501 -2.14011e-21)
(1.24062 0.155011 -3.2738e-21)
(1.24522 0.153556 -2.65277e-21)
(1.24976 0.152124 7.9209e-22)
(1.25431 0.150726 5.82191e-21)
(1.25881 0.14937 -3.93918e-21)
(1.26333 0.148006 -3.69556e-21)
(1.26787 0.146813 -1.20479e-20)
(1.27237 0.145315 3.12685e-21)
(1.27731 0.144638 1.29502e-20)
(1.21978 0.151362 -1.02419e-22)
(1.22423 0.15003 8.83445e-22)
(1.22866 0.148722 -3.48948e-22)
(1.23306 0.147437 2.27116e-21)
(1.23744 0.146177 6.20802e-21)
(1.2418 0.144947 6.70237e-21)
(1.24615 0.143737 -9.53735e-21)
(1.25048 0.142587 9.1854e-22)
(1.25479 0.141399 5.1028e-21)
(1.25916 0.140412 1.20552e-20)
(1.26344 0.139076 -2.03985e-21)
(1.26819 0.138617 3.41454e-21)
(1.21304 0.143072 1.28706e-21)
(1.21728 0.141919 1.20387e-21)
(1.2215 0.140788 1.55477e-21)
(1.22569 0.139679 -1.88174e-21)
(1.22988 0.138591 -4.47241e-21)
(1.23405 0.137535 3.56274e-21)
(1.2382 0.13649 -5.40581e-23)
(1.24235 0.135507 1.02117e-20)
(1.24645 0.134475 1.6086e-21)
(1.25063 0.133643 -5.26357e-21)
(1.25471 0.132461 1.0022e-21)
(1.25923 0.13215 -1.45655e-21)
(1.20647 0.134723 -2.3087e-21)
(1.21049 0.133724 -1.23006e-21)
(1.2145 0.132743 -1.66357e-21)
(1.21849 0.131783 8.72085e-22)
(1.22247 0.130842 4.01243e-21)
(1.22644 0.12993 -1.60493e-21)
(1.23039 0.129025 -1.06235e-21)
(1.23435 0.128178 -6.77262e-21)
(1.23827 0.127283 -1.11451e-21)
(1.24226 0.126578 5.80946e-21)
(1.24614 0.125536 -7.53745e-22)
(1.25044 0.125332 -5.89729e-21)
(1.20006 0.126335 -2.81283e-21)
(1.20387 0.125467 1.51274e-21)
(1.20766 0.124615 2.45217e-21)
(1.21144 0.123781 8.38769e-22)
(1.21522 0.122964 -1.78885e-22)
(1.21899 0.122172 -1.56353e-21)
(1.22274 0.121387 3.65632e-21)
(1.2265 0.120655 -2.27345e-21)
(1.23023 0.119877 3.45086e-21)
(1.23402 0.119274 -1.66334e-21)
(1.23771 0.118353 3.62666e-21)
(1.24179 0.118226 3.24572e-21)
(1.19739 0.117194 -6.1512e-22)
(1.20097 0.116449 3.77705e-23)
(1.20455 0.115721 -4.76228e-22)
(1.20812 0.115007 1.61984e-21)
(1.21168 0.114316 1.7213e-21)
(1.21523 0.11363 -1.56322e-21)
(1.2188 0.112991 2.67387e-21)
(1.22233 0.11231 -1.01369e-21)
(1.22592 0.111787 -2.92185e-22)
(1.22941 0.11097 -6.14437e-21)
(1.23326 0.110892 -6.2875e-22)
(1.19107 0.108921 9.64561e-22)
(1.19444 0.108268 1.2571e-21)
(1.19781 0.107629 -1.42918e-21)
(1.20117 0.107002 -9.9957e-22)
(1.20453 0.106394 2.01978e-22)
(1.20788 0.105791 2.60033e-22)
(1.21124 0.105228 -1.067e-21)
(1.21457 0.104627 -4.88151e-21)
(1.21796 0.104168 -4.37094e-21)
(1.22124 0.103439 4.85417e-21)
(1.22487 0.103389 -1.25909e-22)
(1.18491 0.100677 -2.01108e-21)
(1.18808 0.100101 -5.62185e-22)
(1.19124 0.0995367 1.82403e-21)
(1.1944 0.0989828 7.02532e-22)
(1.19756 0.098445 -2.05513e-22)
(1.2007 0.0979109 -3.73991e-21)
(1.20386 0.0974102 -1.16939e-21)
(1.20698 0.0968758 2.98858e-21)
(1.21016 0.0964651 1.29293e-21)
(1.21325 0.0958119 -3.66783e-22)
(1.21664 0.0957732 -3.59414e-21)
(1.17892 0.0924753 9.26405e-22)
(1.18189 0.0919657 -3.5149e-22)
(1.18485 0.0914658 -6.38573e-22)
(1.18781 0.090974 -2.40625e-21)
(1.19077 0.0904951 -9.40667e-22)
(1.19371 0.0900188 1.04604e-21)
(1.19666 0.08957 2.73091e-21)
(1.19959 0.0890911 1.22994e-21)
(1.20256 0.0887187 -2.6682e-23)
(1.20544 0.0881304 -7.57828e-22)
(1.2086 0.0880911 2.46313e-21)
(1.17311 0.0843324 1.81611e-22)
(1.17589 0.0838803 -1.17172e-21)
(1.17866 0.0834357 -2.00326e-21)
(1.18143 0.0829974 -9.46445e-22)
(1.18419 0.082569 9.72861e-22)
(1.18694 0.082142 1.83081e-21)
(1.18969 0.0817371 -4.48334e-22)
(1.19242 0.0813054 -1.23501e-21)
(1.19519 0.0809638 -7.43457e-22)
(1.19787 0.0804321 2.79451e-22)
(1.2008 0.0803845 -3.37351e-22)
(1.16752 0.0762517 -4.88681e-22)
(1.17011 0.0758506 -2.74855e-22)
(1.1727 0.0754551 2.47752e-21)
(1.17528 0.0750641 6.15711e-22)
(1.17785 0.0746804 -5.62725e-23)
(1.18041 0.0742968 -2.21896e-21)
(1.18297 0.0739304 4.00032e-22)
(1.18551 0.0735401 6.14748e-22)
(1.18808 0.0732249 4.0537e-22)
(1.19057 0.0727439 1.08108e-21)
(1.19327 0.0726843 -3.14904e-22)
(1.16217 0.0682397 -1.28079e-22)
(1.16459 0.0678846 -8.65397e-22)
(1.16701 0.0675333 -1.79055e-21)
(1.16941 0.0671848 7.23923e-22)
(1.1718 0.0668414 -4.79465e-23)
(1.17418 0.066497 9.75365e-22)
(1.17656 0.0661654 -2.41983e-22)
(1.17891 0.0658127 1.03124e-21)
(1.18129 0.0655214 -1.56941e-21)
(1.18359 0.065087 -2.75442e-21)
(1.18608 0.0650145 1.14633e-22)
(1.15711 0.0602898 1.12409e-21)
(1.15937 0.0599776 1.17233e-21)
(1.16162 0.0596676 2.74143e-22)
(1.16386 0.0593591 -1.20176e-22)
(1.16608 0.0590536 1.10309e-21)
(1.16829 0.0587463 -2.08909e-22)
(1.17049 0.058448 6.12707e-22)
(1.17268 0.0581308 -6.29014e-22)
(1.17487 0.0578631 1.43996e-21)
(1.177 0.0574731 1.38905e-21)
(1.17928 0.0573897 8.72596e-22)
(1.15239 0.052388 -1.28998e-22)
(1.1545 0.0521169 -4.88226e-22)
(1.1566 0.0518468 1.11403e-21)
(1.15868 0.051577 -4.36418e-23)
(1.16075 0.0513085 7.38021e-22)
(1.1628 0.0510374 -2.37628e-23)
(1.16485 0.0507722 -1.47988e-21)
(1.16687 0.0504904 -2.73196e-22)
(1.16889 0.0502474 -2.12862e-21)
(1.17086 0.0499014 -2.78413e-22)
(1.17294 0.0498106 4.89336e-22)
(1.14807 0.0445239 -3.69482e-22)
(1.15004 0.0442928 -9.3601e-22)
(1.152 0.0440617 4.39228e-22)
(1.15395 0.04383 -7.08745e-22)
(1.15588 0.0435984 -1.67957e-21)
(1.15779 0.0433637 5.95521e-22)
(1.15968 0.0431324 -4.54384e-22)
(1.16156 0.0428865 1.14428e-21)
(1.16343 0.0426705 6.57756e-22)
(1.16525 0.0423691 -1.26061e-21)
(1.16715 0.0422758 -5.8139e-22)
(1.14422 0.0366589 -7.74368e-22)
(1.14607 0.0364677 7.95026e-22)
(1.14791 0.0362759 -7.53873e-22)
(1.14973 0.0360829 3.87221e-22)
(1.15154 0.0358891 1.0497e-21)
(1.15332 0.035692 3.63157e-22)
(1.15509 0.0354965 -3.34136e-22)
(1.15684 0.0352885 -3.91714e-22)
(1.15857 0.0351028 6.10646e-22)
(1.16027 0.0348479 1.14738e-21)
(1.16201 0.034758 -5.15877e-22)
(1.14091 0.02877 2.55472e-22)
(1.14267 0.0286194 -4.90263e-22)
(1.1444 0.0284677 -7.44103e-22)
(1.14612 0.0283145 1.12226e-21)
(1.14782 0.02816 -1.88967e-22)
(1.1495 0.0280021 -6.57865e-22)
(1.15116 0.0278446 -3.04318e-22)
(1.1528 0.0276767 -7.99886e-22)
(1.15442 0.0275246 1.00481e-21)
(1.15601 0.0273188 -2.64524e-22)
(1.15762 0.0272381 3.37547e-22)
(1.13825 0.0207775 6.32323e-22)
(1.13992 0.020669 7.85666e-23)
(1.14158 0.0205594 -1.51747e-22)
(1.14321 0.0204484 -1.50536e-21)
(1.14483 0.0203361 2.0889e-21)
(1.14642 0.0202209 1.18971e-22)
(1.148 0.0201053 -4.43424e-22)
(1.14955 0.0199817 -1.49224e-22)
(1.15108 0.0198686 -7.27364e-22)
(1.15259 0.0197165 -8.34529e-23)
(1.15409 0.0196524 3.02096e-22)
(1.13633 0.0126632 5.89683e-22)
(1.13795 0.0125953 -9.73692e-23)
(1.13955 0.0125262 6.69883e-24)
(1.14112 0.0124559 -4.11812e-22)
(1.14268 0.0123844 -3.88004e-22)
(1.14422 0.0123108 5.88332e-22)
(1.14574 0.0122366 7.49283e-22)
(1.14723 0.0121572 -2.32961e-22)
(1.1487 0.0120838 3.79294e-24)
(1.15015 0.0119868 -2.63126e-22)
(1.15158 0.0119423 1.93699e-23)
(1.13524 0.004282 3.36161e-22)
(1.13682 0.00426565 -1.04714e-21)
(1.13839 0.00424836 1.11232e-21)
(1.13994 0.0042299 -1.17141e-21)
(1.14146 0.00421018 -4.56841e-23)
(1.14297 0.0041888 -1.34219e-23)
(1.14446 0.00416615 3.09614e-22)
(1.14593 0.00414062 6.57606e-22)
(1.14738 0.00411582 -3.25453e-22)
(1.1488 0.00408189 2.78921e-22)
(1.15021 0.00406377 -1.308e-22)
(0.814733 0.0010956 6.55422e-24)
(0.828836 0.00097845 7.57382e-25)
(0.873306 0.000739621 -1.09911e-24)
)
;

boundaryField
{
    inlet
    {
        type            uniformFixedValue;
        uniformValue    constant (1 0 0);
        value           nonuniform 0();
    }
    outlet
    {
        type            pressureInletOutletVelocity;
        value           nonuniform List<vector> 
51
(
(1.00741 -0.0163158 0)
(1.01319 -0.0164084 0)
(1.01805 -0.0164523 0)
(1.02197 -0.0164557 0)
(1.02498 -0.0164225 0)
(1.02715 -0.016356 0)
(1.02853 -0.0162591 0)
(1.02925 -0.0161335 0)
(1.02939 -0.0159792 0)
(1.02906 -0.0157954 0)
(1.02837 -0.0155797 0)
(1.0274 -0.015329 0)
(1.02621 -0.0150396 0)
(1.02487 -0.0147073 0)
(1.02341 -0.014328 0)
(1.02186 -0.0138974 0)
(1.02024 -0.0134116 0)
(1.01857 -0.0128671 0)
(1.01687 -0.0122603 0)
(1.01515 -0.0115881 0)
(1.01343 -0.0108473 0)
(1.01174 -0.0100352 0)
(1.01009 -0.00914924 0)
(1.00852 -0.00818721 0)
(1.00705 -0.00714718 0)
(1.00572 -0.00602765 0)
(1.00457 -0.00482766 0)
(1.00364 -0.00354695 0)
(1.00297 -0.00218564 0)
(1.00261 -0.00074247 0)
(0.873306 -0.000739682 1.09911e-24)
(0.874708 -0.00220988 -6.35148e-24)
(0.877474 -0.00365312 4.5589e-24)
(0.881531 -0.00505254 1.27127e-24)
(0.88677 -0.00639289 -1.117e-23)
(0.893057 -0.00766101 1.78107e-23)
(0.900234 -0.0088462 -1.76107e-23)
(0.908129 -0.00994046 1.43386e-23)
(0.916561 -0.0109385 -3.41754e-25)
(0.925347 -0.0118378 -9.58546e-25)
(0.934311 -0.0126381 2.14665e-23)
(0.943286 -0.0133417 -3.89221e-23)
(0.95212 -0.0139524 3.18015e-23)
(0.960681 -0.0144757 -7.69923e-24)
(0.968859 -0.0149182 -1.42268e-23)
(0.976564 -0.0152871 -2.85063e-24)
(0.983731 -0.0155899 6.15001e-24)
(0.990313 -0.0158341 2.23672e-24)
(0.996285 -0.016027 -4.85056e-24)
(1.00164 -0.0161762 1.60418e-24)
(0.873306 0.000739621 -1.09911e-24)
)
;
    }
    cylinder
    {
        type            fixedValue;
        value           uniform (0 0 0);
    }
    top
    {
        type            symmetryPlane;
    }
    bottom
    {
        type            symmetryPlane;
    }
    defaultFaces
    {
        type            empty;
    }
    procBoundary3to1
    {
        type            processor;
        value           nonuniform List<vector> 
41
(
(-0.0012823 -0.00110783 9.91448e-22)
(-0.00710281 -0.0025447 -2.49007e-21)
(-0.0179964 -0.00340361 -2.00361e-21)
(-0.0309298 -0.00383873 1.40713e-21)
(-0.0448141 -0.00396729 -1.938e-21)
(-0.058814 -0.00390255 -9.19378e-22)
(-0.0724126 -0.00375202 9.66464e-22)
(-0.0855004 -0.00361744 4.77056e-21)
(-0.0982052 -0.00358759 -1.67367e-21)
(-0.110938 -0.00374185 1.70293e-21)
(-0.133153 -0.00433615 1.09557e-22)
(-0.16207 -0.00371422 -7.72047e-24)
(-0.189705 -0.00417223 -2.86129e-22)
(-0.224194 -0.00423727 5.31327e-23)
(-0.258766 -0.00449814 9.03204e-23)
(-0.299373 -0.00466322 -2.5685e-22)
(-0.341565 -0.00471103 1.07643e-22)
(-0.386668 -0.00452722 1.15872e-22)
(-0.429969 -0.00398195 -2.1791e-22)
(-0.468151 -0.00296351 2.88547e-22)
(-0.49395 -0.00138185 -4.41882e-22)
(-0.499643 0.000785709 1.03664e-22)
(-0.474246 0.00348323 7.41758e-23)
(-0.41182 0.00611963 6.18314e-23)
(-0.313763 0.00804729 -1.07477e-22)
(-0.190662 0.00893607 3.19263e-23)
(-0.0545989 0.0089013 2.48227e-23)
(0.0821601 0.00816365 4.60315e-24)
(0.210313 0.00711489 -2.64769e-24)
(0.32648 0.00590805 -1.79055e-23)
(0.424792 0.00485 2.13722e-24)
(0.512672 0.00385135 1.4331e-23)
(0.580442 0.00313172 -5.81259e-24)
(0.646709 0.00245188 1.21846e-23)
(0.690225 0.00201406 5.04841e-24)
(0.742811 0.00158834 2.67146e-24)
(0.768881 0.00134872 -2.42591e-24)
(0.816913 0.00327223 1.43994e-23)
(0.830811 0.00292286 -8.92271e-25)
(0.874708 0.00220982 -6.43715e-24)
(0.768881 0.00134872 -2.42591e-24)
)
;
    }
    procBoundary3to2
    {
        type            processor;
        value           nonuniform List<vector> 
50
(
(-0.0183528 0.0135231 -6.81786e-20)
(-0.0183528 0.0135231 -6.81786e-20)
(-0.0178803 0.0203793 2.66849e-20)
(-0.0178803 0.0203793 2.66849e-20)
(-0.00932197 0.0162235 -1.24019e-20)
(0.0634538 0.0134404 -5.82763e-21)
(0.0634538 0.0134404 -5.82763e-21)
(0.222449 0.0166771 2.76578e-20)
(0.222449 0.0166771 2.76578e-20)
(0.477379 0.0422576 9.55461e-21)
(0.699884 0.0779319 -5.84788e-20)
(0.699884 0.0779319 -5.84788e-20)
(0.989479 0.138458 6.00789e-21)
(0.989479 0.138458 6.00789e-21)
(1.18677 0.189706 6.8801e-21)
(1.18677 0.189706 6.8801e-21)
(1.27926 0.220105 2.79745e-22)
(1.30081 0.219479 1.09374e-20)
(1.30081 0.219479 1.09374e-20)
(1.30195 0.228704 1.23722e-20)
(1.29633 0.225423 -5.96917e-21)
(1.28828 0.220662 1.00885e-21)
(1.27902 0.214874 5.53751e-22)
(1.26947 0.208209 -2.17986e-21)
(1.26026 0.200964 -1.50613e-21)
(1.25167 0.193398 3.3747e-21)
(1.24367 0.185604 1.27527e-21)
(1.23613 0.1776 -2.25499e-21)
(1.22893 0.169425 2.0595e-21)
(1.222 0.16112 -1.99431e-21)
(1.2153 0.152713 1.6492e-21)
(1.20879 0.144243 -2.56145e-21)
(1.20243 0.13574 1.4105e-21)
(1.19625 0.12722 3.10719e-22)
(1.1938 0.117953 -3.30471e-21)
(1.1938 0.117953 -3.30471e-21)
(1.18769 0.109587 5.01421e-22)
(1.18174 0.101263 -5.78938e-22)
(1.17594 0.0929937 1.48962e-21)
(1.17033 0.0847914 -9.68777e-23)
(1.16492 0.0766579 7.43195e-22)
(1.15974 0.0685985 -1.27304e-21)
(1.15484 0.0606044 1.10808e-21)
(1.15027 0.0526603 -8.87585e-22)
(1.14608 0.0447553 -6.80715e-22)
(1.14235 0.0368498 -1.07494e-22)
(1.13914 0.0289199 -3.42905e-22)
(1.13656 0.0208853 9.68189e-22)
(1.13469 0.0127303 -2.54847e-22)
(1.13364 0.0042976 -9.98836e-23)
)
;
    }
}


// ************************************************************************* //
