/*--------------------------------*- C++ -*----------------------------------*\
  =========                 |
  \\      /  F ield         | OpenFOAM: The Open Source CFD Toolbox
   \\    /   O peration     | Website:  https://openfoam.org
    \\  /    A nd           | Version:  7
     \\/     M anipulation  |
\*---------------------------------------------------------------------------*/
FoamFile
{
    version     2.0;
    format      ascii;
    class       volVectorField;
    location    "65";
    object      U;
}
// * * * * * * * * * * * * * * * * * * * * * * * * * * * * * * * * * * * * * //

dimensions      [0 1 -1 0 0 0 0];

internalField   nonuniform List<vector> 
2125
(
(-0.0182549 0.013463 -5.74124e-20)
(-0.0175747 0.0120961 2.08298e-20)
(-0.0181146 0.0204282 2.25568e-20)
(-0.0163145 0.0105525 -1.41568e-20)
(-0.00971086 0.016305 -1.04181e-20)
(-0.0143483 0.00884294 2.98137e-20)
(0.00109293 0.0120628 -8.22485e-21)
(0.0616271 0.0137177 -4.92537e-21)
(-0.0115432 0.00699244 -1.09487e-20)
(0.0146003 0.00783828 -6.53537e-20)
(0.0911669 0.0100222 6.76388e-21)
(0.218006 0.0170869 2.33635e-20)
(-0.00776432 0.00504309 -1.21128e-20)
(0.0310917 0.00380874 2.31506e-20)
(0.125669 0.00736449 3.03104e-20)
(0.274188 0.0187738 -2.16298e-20)
(0.469593 0.0426443 8.04389e-21)
(0.690036 0.0783941 -4.90382e-20)
(-0.00287958 0.00305612 -1.57603e-20)
(0.0508069 0.000193872 -5.40561e-21)
(0.165237 0.00611887 -5.51138e-20)
(0.336099 0.0230889 -8.63716e-21)
(0.550275 0.0545094 -8.91623e-22)
(0.777426 0.0966347 2.93355e-21)
(0.979341 0.139435 4.98434e-21)
(0.00323485 0.00111244 -4.16315e-21)
(0.073926 -0.00274593 1.91744e-20)
(0.209802 0.00668611 2.69928e-20)
(0.402878 0.0303954 1.68692e-20)
(0.632407 0.069649 -4.94427e-21)
(0.860268 0.116982 -4.16469e-21)
(1.04834 0.160436 4.1213e-20)
(1.17836 0.191579 5.65509e-21)
(0.0106877 -0.000687031 3.98276e-20)
(0.10055 -0.00471444 2.55717e-20)
(0.259093 0.0094727 -2.59207e-20)
(0.473333 0.0409452 -5.1528e-21)
(0.713812 0.0877973 2.73499e-21)
(0.936645 0.138842 -9.87579e-21)
(1.10734 0.18141 -2.12785e-20)
(1.2162 0.209118 -3.46956e-21)
(1.27282 0.22279 2.48615e-22)
(1.2953 0.222682 8.82185e-21)
(0.0195655 -0.00222324 5.07372e-21)
(0.130683 -0.00538941 -1.40117e-20)
(0.312621 0.0148628 3.31843e-20)
(0.546012 0.0548446 2.15396e-20)
(0.792448 0.108561 7.36964e-22)
(1.00529 0.161689 1.52417e-20)
(1.15653 0.202059 2.20878e-21)
(1.24511 0.225743 -1.62158e-20)
(1.286 0.235111 1.37828e-20)
(1.29875 0.232511 -3.2297e-23)
(0.0299266 -0.00336165 -3.31719e-20)
(0.164215 -0.00443489 -9.73722e-21)
(0.369676 0.0231863 -8.72777e-21)
(0.619315 0.0720455 -1.51831e-20)
(0.866593 0.131488 3.65212e-21)
(1.06553 0.185092 8.34486e-23)
(1.19649 0.222211 1.18485e-20)
(1.26636 0.241527 -1.91801e-21)
(1.29401 0.246778 -1.41953e-20)
(1.29913 0.24197 -1.32805e-20)
(0.0417943 -0.00395566 2.72213e-21)
(0.200911 -0.00151701 1.58734e-20)
(0.429348 0.0346883 7.70869e-21)
(0.69163 0.0923641 -2.39209e-20)
(0.93493 0.156129 -1.16012e-21)
(1.11722 0.208723 -1.03108e-20)
(1.22806 0.241789 2.62591e-22)
(1.28118 0.256583 4.80818e-21)
(1.29793 0.257968 -5.34908e-21)
(1.29719 0.251218 1.49314e-20)
(0.0551508 -0.00385118 6.46805e-21)
(0.240409 0.00367779 -1.56335e-20)
(0.490579 0.0495067 -3.67863e-20)
(0.761456 0.115517 3.37999e-20)
(0.996572 0.182069 -2.5129e-21)
(1.16053 0.232343 7.42486e-21)
(1.25217 0.26078 -1.03269e-21)
(1.29066 0.271036 7.1435e-21)
(1.29862 0.268835 -5.41437e-22)
(1.29345 0.260366 -1.15666e-20)
(0.0699332 -0.00289222 -1.32367e-20)
(0.282221 0.0114236 2.04658e-20)
(0.552217 0.0676631 1.67711e-20)
(0.827495 0.141161 -2.42232e-20)
(1.05101 0.208945 -4.04086e-21)
(1.19592 0.255787 1.52199e-21)
(1.26973 0.27921 1.53303e-20)
(1.29573 0.285008 7.5913e-22)
(1.29674 0.279497 2.9413e-21)
(1.28827 0.26948 -6.34439e-21)
(0.0860307 -0.000927142 1.00473e-20)
(0.325748 0.0219367 -8.98464e-21)
(0.613091 0.0890666 -7.68134e-21)
(0.888701 0.168923 1.30885e-20)
(1.09805 0.236442 4.49361e-21)
(1.22395 0.278942 3.39842e-21)
(1.28162 0.297125 -1.56347e-20)
(1.29716 0.298603 -5.30882e-21)
(1.29277 0.290041 -4.7221e-21)
(1.28188 0.278593 2.09163e-21)
(0.103285 0.00218458 -5.07714e-21)
(0.370301 0.0353605 -1.12464e-22)
(0.672075 0.113528 1.45515e-20)
(0.944293 0.198424 -5.30003e-21)
(1.13773 0.264293 -2.35965e-21)
(1.24525 0.301731 -1.54458e-21)
(1.28861 0.314573 3.78498e-21)
(1.29554 0.311904 6.48134e-21)
(1.28708 0.300517 -2.02899e-22)
(1.27445 0.287707 2.31946e-21)
(0.121491 0.00656528 3.5856e-21)
(0.415127 0.0517546 -1.00453e-21)
(0.728141 0.140777 -2.61842e-21)
(0.993734 0.229294 -2.36825e-21)
(1.17027 0.292269 2.12404e-21)
(1.26046 0.324099 1.64502e-21)
(1.29137 0.331594 -1.51047e-21)
(1.29136 0.324964 5.37268e-22)
(1.27988 0.310944 7.48003e-22)
(1.26605 0.296799 -9.83452e-22)
(0.140403 0.0123124 1.95904e-21)
(0.459447 0.0710908 5.53023e-22)
(0.780397 0.170485 -3.29134e-21)
(1.03671 0.261172 -2.61558e-21)
(1.19599 0.320169 2.70983e-21)
(1.27019 0.345999 5.28033e-22)
(1.29046 0.348214 -1.19589e-21)
(1.28497 0.337808 1.11504e-21)
(1.27135 0.321311 6.09174e-22)
(1.25675 0.305829 -6.84245e-22)
(0.159742 0.0194925 -7.60095e-22)
(0.502481 0.0932534 1.54375e-21)
(0.828103 0.202278 1.01965e-20)
(1.07306 0.293713 -4.52502e-21)
(1.21525 0.347812 -2.17925e-21)
(1.275 0.367386 -2.42441e-21)
(1.28634 0.364439 4.90979e-21)
(1.27665 0.350435 3.21471e-21)
(1.2616 0.331583 2.52011e-21)
(1.24658 0.314744 1.33748e-21)
(0.179199 0.0281362 1.58292e-20)
(0.543481 0.118045 -8.6263e-21)
(0.870682 0.235754 -9.7257e-21)
(1.1028 0.326586 1.31764e-20)
(1.22848 0.375031 6.86111e-21)
(1.27537 0.388209 -4.4303e-22)
(1.27938 0.380255 -8.14296e-21)
(1.26657 0.362817 -5.79391e-21)
(1.25069 0.341705 -5.83122e-21)
(1.23556 0.323481 3.35929e-21)
(0.198453 0.0382356 -2.14485e-20)
(0.58176 0.145195 2.00255e-20)
(0.907708 0.270492 2.29575e-20)
(1.12602 0.359472 -2.24237e-20)
(1.23608 0.401664 -7.65108e-21)
(1.27176 0.408408 4.79481e-21)
(1.26988 0.395624 8.52629e-21)
(1.25489 0.374903 1.28115e-21)
(1.23867 0.351599 -1.69649e-22)
(1.22371 0.331968 -4.45751e-21)
(0.217174 0.0497423 -3.12567e-21)
(0.616705 0.174371 -2.82786e-20)
(0.938894 0.306064 -3.00948e-20)
(1.14291 0.392067 3.33921e-20)
(1.23848 0.427556 -3.75743e-21)
(1.26454 0.42791 6.63097e-21)
(1.25807 0.410493 1.22595e-21)
(1.24169 0.386621 -3.53842e-21)
(1.22555 0.361171 1.88224e-21)
(1.211 0.340118 -1.32476e-22)
(0.235036 0.062568 6.31877e-21)
(0.647796 0.20519 1.75771e-20)
(0.964083 0.342038 9.87746e-21)
(1.1537 0.424074 -7.77397e-21)
(1.23605 0.45255 -1.18033e-20)
(1.25404 0.44663 -1.0697e-20)
(1.24415 0.424789 -2.07856e-21)
(1.22706 0.397892 5.19784e-21)
(1.21134 0.37033 -1.08069e-21)
(1.19734 0.347847 2.4341e-21)
(0.251726 0.0765866 -2.3993e-20)
(0.674607 0.237232 -2.2142e-20)
(0.983225 0.377985 -3.47001e-21)
(1.15868 0.455208 -3.9172e-21)
(1.22916 0.476488 -8.57809e-21)
(1.24055 0.464471 5.05891e-21)
(1.22827 0.438428 -9.41088e-22)
(1.21105 0.408635 -4.52456e-21)
(1.19602 0.379021 4.06506e-21)
(1.18256 0.35509 -5.18776e-21)
(0.266953 0.0916377 5.70563e-21)
(0.696819 0.270048 1.8766e-20)
(0.99636 0.413482 1.61119e-20)
(1.15815 0.485196 1.72817e-20)
(1.21818 0.49921 4.53602e-22)
(1.22432 0.481323 1.40518e-20)
(1.21056 0.451308 7.1092e-22)
(1.19372 0.418757 -1.48574e-20)
(1.17965 0.387242 1.00659e-20)
(1.16667 0.361789 3.6579e-21)
(0.280455 0.107531 1.55901e-20)
(0.714213 0.303179 3.44757e-20)
(1.00361 0.448118 -4.53701e-21)
(1.15244 0.513771 -2.16982e-20)
(1.20343 0.520553 9.58849e-21)
(1.20557 0.497068 -9.57921e-21)
(1.19113 0.463313 -1.17987e-20)
(1.17515 0.428137 -4.88882e-22)
(1.16226 0.39494 -7.72118e-21)
(1.15011 0.367817 2.71663e-21)
(0.292006 0.124049 7.24655e-21)
(0.726666 0.336161 5.23511e-21)
(1.00515 0.481497 4.21385e-20)
(1.14188 0.540681 7.59371e-21)
(1.18521 0.540358 -6.38239e-21)
(1.18449 0.511579 -3.20641e-21)
(1.1701 0.474319 1.73073e-20)
(1.15545 0.436671 1.3214e-20)
(1.14384 0.40188 6.08165e-21)
(1.13299 0.373221 -6.13368e-22)
(0.301423 0.140958 1.45876e-21)
(0.734141 0.368536 -3.51546e-20)
(1.00122 0.513242 -4.93867e-20)
(1.12683 0.565683 1.27761e-21)
(1.16381 0.558471 8.79164e-21)
(1.16126 0.524721 -1.18639e-20)
(1.14767 0.4842 -2.40733e-20)
(1.13463 0.444257 -6.52524e-21)
(1.12441 0.407966 -3.1728e-22)
(1.11521 0.377811 1.32607e-21)
(0.308563 0.158007 -1.24945e-20)
(0.736678 0.39986 3.10891e-20)
(0.992102 0.542991 2.94597e-20)
(1.10764 0.588552 -2.59877e-20)
(1.13953 0.574744 4.03939e-21)
(1.13616 0.53635 2.62409e-20)
(1.12391 0.492829 -4.27798e-21)
(1.11269 0.450799 3.75345e-21)
(1.10411 0.413082 -6.99178e-22)
(1.09677 0.381504 -6.45862e-22)
(0.313329 0.174943 -2.7858e-20)
(0.734394 0.429712 -4.90617e-20)
(0.978136 0.570411 -9.45155e-21)
(1.08465 0.609058 1.50736e-20)
(1.11265 0.589 1.33286e-20)
(1.10934 0.546354 -2.52059e-20)
(1.09886 0.500082 1.18043e-20)
(1.08977 0.456174 -3.6947e-21)
(1.08301 0.417136 1.43568e-21)
(1.07771 0.384215 6.3036e-22)
(0.315673 0.191512 2.13165e-20)
(0.727496 0.457697 1.73603e-21)
(0.959736 0.595237 -4.66663e-21)
(1.05815 0.626966 -1.7632e-20)
(1.08342 0.601079 9.68094e-21)
(1.08096 0.554574 2.97165e-21)
(1.0727 0.505855 -4.58063e-21)
(1.06597 0.460279 2.33837e-21)
(1.06119 0.420029 9.00239e-22)
(1.05811 0.385867 -2.61141e-21)
(0.315597 0.207454 -5.59937e-21)
(0.71628 0.483425 -7.32323e-21)
(0.937277 0.617261 1.91821e-20)
(1.02839 0.642078 8.61128e-21)
(1.05213 0.610793 -1.0772e-20)
(1.05119 0.560881 1.04457e-20)
(1.04555 0.51003 1.70041e-21)
(1.04138 0.463015 2.91653e-21)
(1.03872 0.42166 6.41656e-21)
(1.03806 0.386366 1.01629e-21)
(0.313165 0.222512 3.57317e-20)
(0.701073 0.506541 2.72572e-20)
(0.910792 0.636081 -2.68402e-21)
(0.995921 0.654395 -3.30013e-21)
(1.0191 0.617989 -3.94759e-21)
(1.02026 0.56515 -1.53481e-21)
(1.01756 0.512504 2.96479e-21)
(1.01613 0.464294 8.84982e-23)
(1.01569 0.421933 -5.7311e-21)
(1.01761 0.385614 -6.79262e-21)
(0.308461 0.236429 1.9236e-21)
(0.682085 0.526912 4.08756e-21)
(0.880605 0.65135 -2.20548e-20)
(0.961235 0.663611 8.62885e-21)
(0.984587 0.622655 -1.11061e-21)
(0.98834 0.567286 3.95837e-21)
(0.988875 0.513179 -4.58165e-22)
(0.9903 0.464039 1.23178e-21)
(0.992231 0.420776 -5.55762e-21)
(0.997016 0.383554 8.16824e-21)
(0.301561 0.248888 -1.36537e-20)
(0.659503 0.544175 -8.99041e-21)
(0.847559 0.663203 5.36141e-21)
(0.924606 0.66952 -4.17759e-22)
(0.948841 0.624655 -3.86638e-21)
(0.955632 0.567196 1.05116e-21)
(0.959617 0.51196 3.56555e-21)
(0.964005 0.462155 -1.56919e-20)
(0.968584 0.418119 3.27569e-20)
(0.976891 0.380212 1.23626e-20)
(0.292539 0.259668 -9.51874e-21)
(0.633644 0.55788 1.91483e-20)
(0.812102 0.671403 -1.01637e-20)
(0.886353 0.672111 -2.70672e-21)
(0.912125 0.623901 1.39729e-21)
(0.922318 0.5648 -5.40328e-21)
(0.929901 0.508762 -1.2137e-20)
(0.937357 0.458502 6.28235e-21)
(0.94515 0.413767 -2.72579e-21)
(0.957921 0.375626 -6.1047e-21)
(0.281621 0.268627 -1.75956e-21)
(0.605058 0.567892 -5.99062e-21)
(0.774573 0.675757 6.65983e-22)
(0.846823 0.671311 1.4667e-21)
(0.874702 0.620324 9.00851e-21)
(0.888583 0.560042 6.53796e-21)
(0.899849 0.503531 2.14203e-20)
(0.910538 0.452975 -1.51747e-20)
(0.922272 0.407342 -2.87168e-20)
(0.939401 0.369155 1.14316e-20)
(0.269017 0.275655 -2.32521e-21)
(0.574182 0.574085 -3.59801e-21)
(0.735388 0.676134 1.25614e-21)
(0.806368 0.667065 1.21299e-20)
(0.836841 0.61388 -1.73534e-20)
(0.854621 0.552887 -2.55475e-20)
(0.869644 0.496264 -7.93333e-21)
(0.883812 0.445687 -1.14438e-21)
(0.89994 0.399028 3.63582e-20)
(0.918598 0.357084 -8.6432e-21)
(0.254915 0.280598 5.91947e-21)
(0.541456 0.576349 -3.28846e-21)
(0.694973 0.672468 -1.02663e-21)
(0.76534 0.659333 3.00396e-22)
(0.798808 0.604539 -9.95259e-21)
(0.820648 0.543304 4.66894e-20)
(0.839536 0.486926 -3.1575e-20)
(0.857393 0.436718 3.78079e-20)
(0.877103 0.390687 -2.67499e-20)
(0.895436 0.350203 -3.49118e-20)
(0.239548 0.283334 -3.39644e-21)
(0.507316 0.574607 6.16816e-22)
(0.653755 0.664733 -2.45991e-22)
(0.724087 0.648105 1.59398e-20)
(0.760869 0.59229 -5.7104e-21)
(0.786886 0.531269 8.93532e-21)
(0.809731 0.47546 1.87949e-20)
(0.831315 0.425797 -9.90213e-21)
(0.854154 0.380204 -2.4472e-20)
(0.873462 0.339948 3.4314e-20)
(0.223165 0.283779 1.36342e-20)
(0.472193 0.568816 1.85372e-20)
(0.612155 0.652937 -1.70272e-20)
(0.682952 0.633393 -1.54298e-20)
(0.723291 0.577142 5.06303e-20)
(0.753553 0.51679 -5.13296e-20)
(0.780377 0.461906 6.08459e-20)
(0.805592 0.413135 -1.5551e-20)
(0.831278 0.368522 1.664e-20)
(0.852193 0.329364 3.04045e-20)
(0.206021 0.281876 -5.49576e-21)
(0.436517 0.558972 -1.72655e-20)
(0.570587 0.63712 -9.10803e-21)
(0.64227 0.615239 -5.56401e-21)
(0.686338 0.559124 5.17378e-21)
(0.720868 0.499885 -1.26301e-20)
(0.751646 0.446267 -1.82981e-20)
(0.780384 0.398668 -3.89685e-20)
(0.808808 0.355276 3.85768e-20)
(0.831718 0.317401 -1.28446e-20)
(0.188377 0.277596 2.9254e-20)
(0.40071 0.545109 -3.14696e-21)
(0.52945 0.617348 -1.27582e-20)
(0.602366 0.593706 1.70839e-20)
(0.650267 0.538287 -3.11018e-20)
(0.689038 0.480593 8.18295e-20)
(0.723702 0.428585 -4.3646e-20)
(0.755853 0.382469 3.97243e-20)
(0.786954 0.340601 -7.33873e-20)
(0.812064 0.304197 -1.94838e-20)
(0.170492 0.27094 -1.01068e-20)
(0.365186 0.527298 3.10949e-20)
(0.489133 0.593723 7.59051e-21)
(0.563556 0.568884 -1.56527e-20)
(0.61533 0.514701 -2.69423e-20)
(0.658269 0.458971 -1.36913e-21)
(0.696716 0.408906 1.45866e-20)
(0.732159 0.364565 -3.54463e-20)
(0.765871 0.324474 1.78048e-20)
(0.793278 0.289686 2.39221e-21)
(0.152624 0.261936 -4.97218e-20)
(0.330345 0.505646 -1.23938e-20)
(0.450007 0.56637 -3.27759e-21)
(0.526141 0.540885 3.96515e-20)
(0.581769 0.488457 -3.67259e-20)
(0.628761 0.435093 -9.82335e-21)
(0.670857 0.387294 -5.85382e-21)
(0.709459 0.345014 1.10562e-20)
(0.745696 0.306931 -1.38449e-20)
(0.77543 0.2739 -2.18111e-20)
(0.135024 0.250641 4.32071e-20)
(0.296571 0.480292 -2.44934e-20)
(0.412427 0.535446 1.35308e-21)
(0.490411 0.509845 -5.97863e-20)
(0.549816 0.459664 6.49899e-20)
(0.600704 0.409048 -2.06792e-20)
(0.646289 0.363827 1.24484e-20)
(0.687897 0.323876 1.08595e-20)
(0.726551 0.288015 3.16872e-20)
(0.758596 0.256882 -1.28795e-20)
(0.117936 0.237134 -1.76862e-20)
(0.264231 0.451408 5.05788e-20)
(0.376729 0.501131 2.85307e-20)
(0.456637 0.475919 4.65799e-20)
(0.51969 0.42845 -1.09665e-20)
(0.574283 0.380945 4.31869e-21)
(0.623167 0.338595 3.5434e-20)
(0.667611 0.301226 7.86625e-21)
(0.708551 0.267784 7.48249e-22)
(0.74285 0.238695 -1.53901e-20)
(0.101592 0.221521 -3.97571e-20)
(0.233669 0.419196 -3.01636e-21)
(0.343225 0.463633 -1.66283e-20)
(0.425076 0.439286 -7.458e-20)
(0.4916 0.394962 -7.23366e-20)
(0.549671 0.350906 1.21258e-20)
(0.601641 0.311703 -3.00168e-20)
(0.648728 0.277151 1.91923e-20)
(0.691804 0.24631 1.05274e-20)
(0.728269 0.219415 2.22413e-20)
(0.0862113 0.20393 5.78572e-20)
(0.205203 0.383886 -4.74242e-20)
(0.312208 0.423181 -2.41072e-20)
(0.395963 0.400141 4.3048e-20)
(0.465738 0.359364 4.90145e-20)
(0.52703 0.319068 -1.62248e-20)
(0.581849 0.283269 -2.04185e-21)
(0.631367 0.25175 -5.97256e-20)
(0.676413 0.223677 -3.39866e-20)
(0.714924 0.199125 1.30728e-20)
(0.0719963 0.18451 -3.28205e-20)
(0.17913 0.345733 1.3875e-20)
(0.283942 0.380026 5.09656e-20)
(0.369517 0.358699 -2.28133e-20)
(0.442282 0.321832 1.74302e-21)
(0.506509 0.285582 6.54303e-20)
(0.563917 0.253421 3.06897e-21)
(0.615639 0.225132 5.7041e-20)
(0.662473 0.199981 2.39809e-20)
(0.702882 0.177915 -3.835e-20)
(0.0591327 0.16343 4.51491e-20)
(0.155714 0.305016 4.93421e-21)
(0.25867 0.334438 3.2474e-21)
(0.345935 0.31519 4.65831e-20)
(0.421394 0.28256 -6.26686e-21)
(0.488245 0.250612 -4.09805e-20)
(0.547963 0.222299 2.02192e-20)
(0.601645 0.197415 -3.23785e-20)
(0.650071 0.175326 -1.36365e-20)
(0.692204 0.155885 1.39421e-20)
(0.0477868 0.140875 -2.81723e-20)
(0.135193 0.262033 -5.41618e-20)
(0.236603 0.286707 1.25039e-20)
(0.325389 0.269859 -2.45994e-20)
(0.403215 0.241754 -1.49738e-20)
(0.472358 0.214332 3.6391e-20)
(0.534088 0.190052 -8.82358e-21)
(0.589474 0.16873 8.26809e-21)
(0.639287 0.149824 -1.01283e-20)
(0.682946 0.133134 2.01382e-20)
(0.0381039 0.117046 1.01387e-20)
(0.117773 0.217102 3.64119e-20)
(0.217926 0.237135 -5.06394e-20)
(0.308033 0.222965 2.40657e-20)
(0.387872 0.19963 -1.1e-20)
(0.458953 0.176926 -3.11461e-20)
(0.522385 0.15684 2.5554e-20)
(0.579207 0.13921 5.44305e-21)
(0.63019 0.123594 -8.05029e-22)
(0.675156 0.109771 -2.34662e-20)
(0.030207 0.0921564 3.31442e-21)
(0.103625 0.170556 1.17048e-20)
(0.202796 0.186039 4.57882e-20)
(0.293992 0.174776 -8.81039e-21)
(0.37547 0.156413 -6.9742e-21)
(0.448121 0.138588 2.59355e-21)
(0.512928 0.122826 1.12025e-21)
(0.570911 0.109 9.59327e-21)
(0.622839 0.0967603 -1.26978e-20)
(0.668874 0.0859018 -8.12754e-21)
(0.0241958 0.0664308 -8.2921e-21)
(0.0928914 0.122741 -1.42413e-20)
(0.191338 0.133746 -3.55671e-20)
(0.283371 0.12557 1.79383e-20)
(0.366092 0.11234 1.46984e-20)
(0.439933 0.0995169 6.17418e-22)
(0.505781 0.088184 -2.49055e-20)
(0.56464 0.0782459 -1.11387e-20)
(0.617282 0.0694532 8.89505e-21)
(0.664134 0.0616382 9.5905e-21)
(0.020146 0.040102 1.4403e-21)
(0.0856764 0.0740118 -2.9816e-21)
(0.183646 0.0805918 6.74767e-21)
(0.276247 0.0756337 -4.59068e-21)
(0.359805 0.0676491 -4.05703e-21)
(0.434444 0.059919 -2.76223e-21)
(0.500989 0.053089 5.11745e-21)
(0.560435 0.0471011 1.96232e-20)
(0.613556 0.041805 2.86013e-21)
(0.66096 0.037092 -5.12145e-21)
(0.272672 0.0252562 -3.88555e-21)
(0.35665 0.0225864 3.72107e-21)
(0.43169 0.0200032 1.68688e-21)
(0.498586 0.017721 -1.68943e-21)
(0.558326 0.0157204 -7.75887e-21)
(0.611687 0.0139512 2.57092e-21)
(0.659368 0.0123758 -2.42488e-21)
(1.25482 0.282598 -1.11703e-22)
(1.26332 0.27558 -1.11727e-21)
(1.27114 0.268475 -2.33886e-22)
(1.27822 0.261311 -6.82645e-22)
(1.28451 0.254102 3.93242e-21)
(1.2899 0.246851 -3.74655e-21)
(1.29425 0.239537 2.34537e-21)
(1.29727 0.232112 9.84061e-21)
(1.24497 0.271682 -2.70191e-23)
(1.25348 0.265695 9.55469e-22)
(1.26144 0.259647 8.38197e-22)
(1.26885 0.253557 -4.18787e-21)
(1.27567 0.247443 1.37406e-21)
(1.28185 0.241314 -8.55504e-22)
(1.28732 0.235172 2.38316e-21)
(1.29195 0.229003 -4.70396e-21)
(1.23541 0.260441 2.98803e-22)
(1.24358 0.255324 6.93322e-22)
(1.25138 0.250172 4.01259e-22)
(1.2588 0.245002 2.0702e-21)
(1.26582 0.239831 2.79478e-21)
(1.27241 0.23467 4.11784e-21)
(1.27855 0.229527 -1.33818e-22)
(1.28416 0.224405 7.81787e-22)
(1.2269 0.249252 -9.86062e-23)
(1.23458 0.244864 -1.19179e-21)
(1.24199 0.240466 -1.12615e-21)
(1.24914 0.236075 8.37008e-22)
(1.25604 0.231701 -3.16487e-21)
(1.26268 0.227356 -7.46311e-21)
(1.26905 0.223043 3.33815e-21)
(1.27512 0.218767 4.14219e-22)
(1.21947 0.238344 1.30268e-23)
(1.22664 0.234563 5.92399e-22)
(1.23361 0.230782 1.52766e-21)
(1.24038 0.227015 6.05986e-22)
(1.24698 0.223272 -1.323e-22)
(1.25341 0.21956 1.8139e-21)
(1.25968 0.215885 1.46572e-21)
(1.26576 0.212246 -1.6387e-21)
(1.21282 0.227672 1.2776e-24)
(1.21955 0.224411 6.37602e-22)
(1.2261 0.221149 -1.11701e-21)
(1.23249 0.217898 -8.52773e-22)
(1.23874 0.214666 5.57918e-22)
(1.24486 0.211461 1.24279e-21)
(1.25086 0.208288 -2.17946e-21)
(1.25673 0.20515 -1.09265e-21)
(1.20676 0.217168 6.06823e-23)
(1.21308 0.214357 -6.62971e-22)
(1.21926 0.211545 1.01088e-21)
(1.2253 0.208742 6.66527e-22)
(1.23122 0.205953 1.3038e-21)
(1.23702 0.203186 -5.43894e-22)
(1.24272 0.200446 -3.68215e-21)
(1.24833 0.197737 2.46351e-21)
(1.20111 0.20681 -1.44316e-22)
(1.20706 0.204392 -3.02618e-22)
(1.2129 0.201974 -3.37288e-22)
(1.21862 0.199565 -3.75899e-22)
(1.22424 0.197168 2.58523e-22)
(1.22976 0.19479 1.52559e-21)
(1.23519 0.192434 4.09104e-21)
(1.24054 0.190105 8.90866e-22)
(1.19583 0.196576 7.02899e-23)
(1.20143 0.194503 -2.73303e-23)
(1.20694 0.192432 -1.40973e-22)
(1.21236 0.190369 -6.61168e-22)
(1.21769 0.188318 -1.18464e-21)
(1.22294 0.186282 -1.58865e-21)
(1.22812 0.184265 -1.08819e-21)
(1.23322 0.182268 -1.59011e-21)
(1.19082 0.186498 4.64969e-23)
(1.1961 0.18472 5.56932e-22)
(1.2013 0.182946 4.93606e-23)
(1.20643 0.181181 5.02526e-22)
(1.21149 0.179428 3.31186e-23)
(1.21648 0.177688 -2.34549e-21)
(1.22141 0.175966 -1.63738e-22)
(1.22627 0.174261 1.4059e-21)
(1.18604 0.176559 -1.11923e-22)
(1.19101 0.175034 1.51651e-22)
(1.19592 0.173517 -1.66107e-22)
(1.20076 0.172009 -3.2765e-22)
(1.20556 0.170513 -5.0279e-22)
(1.2103 0.169032 1.57819e-21)
(1.21499 0.167566 7.93081e-22)
(1.21963 0.166118 -1.34454e-21)
(1.18145 0.166762 3.68565e-23)
(1.18612 0.165457 -5.00819e-22)
(1.19074 0.16416 2.80541e-22)
(1.19533 0.162874 2.02223e-23)
(1.19986 0.1616 5.56116e-22)
(1.20436 0.160341 -6.09362e-22)
(1.20881 0.159098 8.44546e-22)
(1.21323 0.157873 1.08586e-21)
(1.17701 0.157094 2.42837e-23)
(1.1814 0.155977 2.0588e-22)
(1.18576 0.154871 -5.15396e-22)
(1.19008 0.153776 -9.75826e-23)
(1.19437 0.152695 -6.14902e-22)
(1.19863 0.151628 6.64702e-22)
(1.20285 0.150577 -2.60458e-21)
(1.20705 0.149543 -1.63146e-21)
(1.1727 0.147585 -6.23628e-23)
(1.17683 0.146627 6.82373e-23)
(1.18093 0.14568 4.33831e-22)
(1.18501 0.144747 -2.62074e-22)
(1.18906 0.143827 1.02647e-21)
(1.19309 0.142922 -3.80797e-22)
(1.19709 0.142034 5.20683e-22)
(1.20107 0.141163 9.04328e-22)
(1.16848 0.138195 6.21367e-23)
(1.17236 0.137376 -2.42818e-23)
(1.17623 0.13657 -3.70524e-22)
(1.18007 0.135776 8.63452e-22)
(1.1839 0.134997 -4.94479e-22)
(1.1877 0.134233 4.37628e-22)
(1.19149 0.133485 4.81466e-22)
(1.19526 0.132754 1.93772e-22)
(1.16439 0.12891 3.71322e-23)
(1.16804 0.128215 6.21145e-23)
(1.17167 0.127531 1.80126e-22)
(1.17529 0.126861 -6.74808e-22)
(1.1789 0.126204 -4.47783e-22)
(1.18249 0.125561 8.16259e-23)
(1.18607 0.124934 -4.41905e-22)
(1.18964 0.124322 5.34601e-22)
(1.19318 0.123726 -2.03474e-21)
(1.16038 0.11978 -5.38673e-23)
(1.16381 0.119187 -1.82441e-23)
(1.16723 0.118605 -1.14323e-24)
(1.17064 0.118036 4.95714e-22)
(1.17404 0.11748 3.4061e-22)
(1.17743 0.116938 -2.43348e-22)
(1.18081 0.116411 -4.38038e-22)
(1.18417 0.115899 1.38527e-22)
(1.18753 0.115403 3.04843e-22)
(1.15646 0.110753 4.40439e-23)
(1.15969 0.110248 -1.03268e-23)
(1.16291 0.109754 1.79164e-22)
(1.16612 0.109273 -1.72415e-22)
(1.16932 0.108805 -2.31407e-23)
(1.17252 0.10835 4.74971e-22)
(1.1757 0.107909 2.11538e-22)
(1.17888 0.107482 -6.34067e-22)
(1.18205 0.10707 -3.29166e-22)
(1.15264 0.101836 -4.53943e-23)
(1.15568 0.101407 -6.23839e-23)
(1.1587 0.100989 -3.11472e-23)
(1.16173 0.100583 -2.88741e-23)
(1.16475 0.100189 -3.11306e-22)
(1.16776 0.0998077 3.56599e-22)
(1.17076 0.0994393 -2.55575e-22)
(1.17376 0.0990842 -5.93239e-22)
(1.17674 0.0987425 8.58803e-22)
(1.14892 0.0930149 -2.50964e-23)
(1.15178 0.0926512 6.58771e-23)
(1.15463 0.0922982 -1.44432e-23)
(1.15748 0.0919562 -8.48345e-23)
(1.16032 0.0916255 1.06877e-22)
(1.16316 0.0913066 -2.62304e-22)
(1.16599 0.0909995 4.66066e-22)
(1.16882 0.0907047 4.31044e-22)
(1.17163 0.0904221 -5.59518e-23)
(1.14531 0.0842744 3.97751e-23)
(1.14801 0.0839673 -4.47893e-23)
(1.1507 0.0836701 -2.02083e-23)
(1.15339 0.0833831 -1.09542e-22)
(1.15607 0.0831066 4.43989e-23)
(1.15875 0.0828407 1.15599e-22)
(1.16142 0.0825857 -3.80701e-23)
(1.16408 0.0823418 -5.43814e-22)
(1.16673 0.0821088 3.99679e-22)
(1.14185 0.075598 3.18475e-24)
(1.14439 0.0753401 -4.96112e-23)
(1.14693 0.0750911 -6.04722e-23)
(1.14947 0.0748515 3.87685e-23)
(1.152 0.0746214 1.85637e-22)
(1.15453 0.0744009 -1.70826e-22)
(1.15705 0.07419 -3.79155e-22)
(1.15956 0.073989 4.49578e-22)
(1.16207 0.0737977 -6.78854e-22)
(1.13855 0.0669646 -2.99962e-24)
(1.14096 0.0667497 -2.12819e-23)
(1.14337 0.0665428 7.91892e-23)
(1.14577 0.0663443 -2.21926e-23)
(1.14816 0.0661541 -1.75458e-22)
(1.15055 0.0659725 2.53061e-22)
(1.15293 0.0657995 -3.1763e-22)
(1.1553 0.0656349 -1.87785e-22)
(1.15766 0.0654788 5.831e-22)
(1.13546 0.0583499 -1.93727e-23)
(1.13775 0.0581726 4.83788e-23)
(1.14003 0.0580025 4.95034e-23)
(1.1423 0.0578397 -6.89949e-23)
(1.14457 0.0576842 -1.04641e-23)
(1.14684 0.0575361 -2.49532e-22)
(1.14909 0.0573955 -2.67629e-23)
(1.15133 0.0572621 2.68651e-22)
(1.15357 0.0571358 -4.5591e-22)
(1.13262 0.0497251 -3.87544e-25)
(1.13479 0.0495812 1.06733e-23)
(1.13696 0.0494436 6.66225e-25)
(1.13913 0.0493123 4.64062e-23)
(1.14129 0.0491873 2.67387e-22)
(1.14344 0.0490686 -2.051e-22)
(1.14558 0.048956 1.21978e-22)
(1.14771 0.0488496 -6.75492e-24)
(1.14983 0.0487491 -3.40838e-22)
(1.13007 0.0410467 1.51584e-23)
(1.13215 0.0409334 -3.71929e-23)
(1.13423 0.0408252 1.09529e-23)
(1.1363 0.0407222 -1.03061e-22)
(1.13836 0.0406243 4.37728e-23)
(1.14041 0.0405316 7.24106e-23)
(1.14245 0.0404439 1.84678e-22)
(1.14448 0.0403611 2.91282e-23)
(1.1465 0.0402831 -4.93185e-23)
(1.12789 0.0322803 1.49139e-23)
(1.12989 0.0321954 -8.24943e-24)
(1.13188 0.0321146 -3.22083e-23)
(1.13387 0.0320378 8.43202e-23)
(1.13585 0.031965 -1.52412e-22)
(1.13781 0.0318962 1.19332e-22)
(1.13977 0.0318311 7.21105e-23)
(1.14171 0.0317698 -2.56355e-22)
(1.14364 0.031712 -1.70417e-22)
(1.12613 0.0233531 2.00438e-24)
(1.12807 0.0232937 -4.02507e-23)
(1.12999 0.0232373 1.29935e-23)
(1.13191 0.023184 -1.20932e-22)
(1.13382 0.0231337 1.25213e-22)
(1.13572 0.0230863 2.13547e-23)
(1.13761 0.0230417 7.43185e-23)
(1.13948 0.0229998 -2.77388e-22)
(1.14135 0.0229605 4.60542e-22)
(1.12487 0.0142511 4.32101e-25)
(1.12675 0.0142169 9.75803e-24)
(1.12863 0.0141844 1.27751e-23)
(1.1305 0.0141534 -4.88863e-23)
(1.13236 0.0141238 9.32995e-23)
(1.13421 0.0140957 -1.09054e-22)
(1.13605 0.0140689 1.32206e-22)
(1.13787 0.0140434 -4.95005e-23)
(1.13969 0.014019 -1.19175e-22)
(1.1242 0.00475689 8.67549e-25)
(1.12605 0.00475121 -3.00543e-23)
(1.12789 0.00474681 6.54629e-23)
(1.12973 0.00474352 7.03413e-23)
(1.13155 0.00474119 -4.05126e-23)
(1.13336 0.00473963 7.71611e-23)
(1.13517 0.00473869 -7.84084e-23)
(1.13696 0.00473818 -2.27295e-23)
(1.13874 0.00473791 -4.75627e-23)
(0.960794 0.343104 2.72127e-21)
(0.979869 0.34347 -2.05539e-21)
(0.997315 0.344755 6.61449e-21)
(1.01463 0.345922 -1.42404e-21)
(1.03253 0.346578 1.24232e-22)
(1.05032 0.346757 -2.21212e-22)
(1.06764 0.346413 8.99809e-22)
(1.08452 0.345454 4.45379e-22)
(1.10101 0.343845 -3.58821e-24)
(1.11704 0.341599 -8.56005e-22)
(1.13256 0.338742 -1.00598e-21)
(1.14761 0.33528 1.22352e-21)
(1.16207 0.331218 -3.10631e-21)
(1.17616 0.326369 -9.27033e-22)
(1.18973 0.320978 1.78287e-21)
(1.20238 0.315218 -2.43841e-21)
(1.21419 0.309152 4.31169e-22)
(1.22531 0.302818 1.75546e-22)
(1.2358 0.296253 9.69994e-22)
(1.24564 0.289501 1.63534e-22)
(0.974677 0.328386 -4.27997e-21)
(0.993513 0.328554 3.27176e-21)
(1.01076 0.329579 -8.16579e-21)
(1.02625 0.330615 -7.10641e-21)
(1.04201 0.331014 -6.6217e-22)
(1.05793 0.330797 6.48769e-22)
(1.07343 0.330057 -7.58969e-22)
(1.08848 0.328766 -1.05691e-21)
(1.1032 0.326899 2.71058e-23)
(1.11758 0.324487 5.15508e-22)
(1.13154 0.321564 -1.87515e-22)
(1.14508 0.318161 -1.30354e-21)
(1.15803 0.314258 1.20201e-21)
(1.17056 0.309887 -8.85956e-22)
(1.18289 0.305051 2.47003e-22)
(1.19463 0.299908 -6.01758e-22)
(1.20575 0.294565 2.57291e-21)
(1.21631 0.289053 -5.13617e-22)
(1.22638 0.283386 -8.16701e-22)
(1.23594 0.277587 9.20417e-24)
(0.989012 0.312046 -2.24904e-21)
(1.00664 0.312748 -4.84477e-21)
(1.02343 0.313563 2.03488e-21)
(1.03767 0.314253 5.37284e-21)
(1.05168 0.314343 -1.3662e-21)
(1.06602 0.31378 1.74703e-23)
(1.08011 0.312719 -8.58282e-22)
(1.0937 0.311212 -7.6305e-22)
(1.10691 0.309239 -3.18091e-23)
(1.1198 0.306815 -4.54815e-23)
(1.1323 0.303968 1.31545e-21)
(1.14437 0.300752 -2.21407e-22)
(1.15597 0.297164 -2.8604e-22)
(1.16718 0.293381 1.27296e-22)
(1.17821 0.289184 -2.14794e-21)
(1.18884 0.284712 -1.42704e-21)
(1.19896 0.28009 -1.09827e-21)
(1.20864 0.275344 -2.82095e-22)
(1.21794 0.270475 -6.30382e-22)
(1.22686 0.265499 -3.08361e-22)
(1.00262 0.297091 -4.18561e-21)
(1.01876 0.297854 6.51175e-21)
(1.03461 0.298294 -2.90448e-21)
(1.04772 0.298495 1.68371e-22)
(1.06018 0.298239 -7.29632e-22)
(1.07302 0.29743 1.62451e-21)
(1.08579 0.296177 6.4094e-22)
(1.09812 0.294565 1.30442e-21)
(1.11005 0.292594 -2.62491e-24)
(1.12166 0.290264 7.28425e-22)
(1.13296 0.287599 -6.77433e-22)
(1.14389 0.284647 1.4716e-21)
(1.15448 0.281428 -1.13082e-22)
(1.16455 0.278026 -1.14035e-21)
(1.17431 0.274313 3.27467e-21)
(1.18395 0.270377 1.47661e-21)
(1.19325 0.266314 -4.2975e-22)
(1.20215 0.26216 6.08934e-22)
(1.2107 0.257922 9.98005e-22)
(1.21895 0.253612 1.17582e-22)
(1.01527 0.282747 7.16453e-21)
(1.0299 0.28324 -4.82425e-21)
(1.04459 0.283273 1.77325e-21)
(1.05665 0.283042 -1.37863e-21)
(1.06779 0.282494 8.32278e-22)
(1.07926 0.281527 -7.08751e-22)
(1.09079 0.280186 4.47908e-22)
(1.10197 0.278548 -6.18047e-22)
(1.11274 0.276634 7.24711e-23)
(1.12322 0.274439 -8.37792e-22)
(1.13343 0.271978 -2.56831e-23)
(1.14333 0.269275 -5.87805e-22)
(1.15291 0.266359 3.74368e-22)
(1.1621 0.263228 -4.19153e-22)
(1.17102 0.259986 -9.59463e-22)
(1.17981 0.256611 4.0637e-23)
(1.18835 0.253109 -2.96491e-22)
(1.19654 0.24951 -1.04769e-21)
(1.20444 0.245836 -3.87354e-22)
(1.21207 0.242108 -4.68471e-23)
(1.02691 0.268548 1.77496e-22)
(1.04007 0.268751 3.84113e-21)
(1.05349 0.268486 1.1802e-21)
(1.06454 0.267962 2.54157e-21)
(1.07456 0.267216 -3.26333e-23)
(1.08478 0.266165 4.20908e-22)
(1.09516 0.264806 -1.16364e-21)
(1.10528 0.263196 -3.77836e-22)
(1.11502 0.261369 -8.60422e-23)
(1.12449 0.259326 2.47953e-22)
(1.13371 0.257076 3.31766e-22)
(1.14269 0.254636 -3.05627e-23)
(1.1514 0.252033 1.86362e-22)
(1.1598 0.24928 9.01192e-22)
(1.16799 0.246421 -7.79373e-22)
(1.17606 0.243484 -2.48652e-22)
(1.18391 0.240448 6.78323e-22)
(1.19148 0.237326 7.95043e-22)
(1.1988 0.234144 -5.8544e-22)
(1.20591 0.230921 2.29366e-23)
(1.03752 0.254518 -3.66727e-21)
(1.0493 0.254491 -3.05743e-21)
(1.06143 0.254032 6.27469e-22)
(1.07149 0.253326 9.4818e-22)
(1.08051 0.252454 -1.85231e-21)
(1.08965 0.251362 -2.40938e-21)
(1.09897 0.250025 -8.73513e-22)
(1.10811 0.248479 1.05325e-21)
(1.11693 0.246759 2.58488e-23)
(1.12549 0.244877 -2.93263e-23)
(1.13384 0.242838 8.97836e-23)
(1.14199 0.240657 -2.61587e-22)
(1.14992 0.238359 -5.22533e-22)
(1.15758 0.235955 1.16745e-21)
(1.16511 0.233491 2.75951e-22)
(1.17257 0.230911 -5.67823e-22)
(1.17982 0.228241 -5.57607e-22)
(1.18683 0.225516 2.49539e-22)
(1.19364 0.222756 6.13003e-22)
(1.20028 0.219971 -8.43217e-23)
(1.04708 0.240773 3.84538e-21)
(1.0576 0.240565 4.51563e-22)
(1.06845 0.239979 2.13127e-21)
(1.07756 0.239163 -2.52978e-21)
(1.0857 0.238217 3.1799e-21)
(1.09388 0.237115 2.98151e-21)
(1.10224 0.235823 7.13767e-22)
(1.11049 0.234361 1.07178e-22)
(1.11848 0.23276 -1.55802e-23)
(1.12624 0.231036 -9.84678e-23)
(1.13383 0.229197 -2.61773e-22)
(1.14126 0.227251 5.2011e-22)
(1.14851 0.225222 -2.59777e-22)
(1.1556 0.223118 -1.128e-21)
(1.16248 0.220981 -7.89991e-22)
(1.16923 0.218724 -1.13314e-22)
(1.1759 0.216386 3.12434e-22)
(1.18244 0.214014 -6.42008e-22)
(1.18881 0.211626 2.74395e-22)
(1.19503 0.209223 1.34678e-22)
(1.05557 0.227368 -1.07113e-21)
(1.06494 0.227015 1.89079e-22)
(1.07461 0.226342 -2.52629e-21)
(1.08282 0.225467 9.18845e-22)
(1.09016 0.224489 -1.46306e-21)
(1.0975 0.223399 -2.02598e-21)
(1.10501 0.222167 5.44421e-22)
(1.11245 0.2208 -1.96513e-22)
(1.11969 0.219323 -3.06078e-23)
(1.12674 0.217752 2.8765e-23)
(1.13364 0.216094 1.2111e-22)
(1.14042 0.214356 1.67082e-23)
(1.14706 0.212546 4.66628e-22)
(1.15357 0.210678 4.9897e-22)
(1.1599 0.208753 3.48884e-22)
(1.1661 0.206792 6.56019e-22)
(1.17227 0.204791 4.7032e-22)
(1.17834 0.202758 -1.29044e-22)
(1.18429 0.200708 1.39748e-22)
(1.19012 0.198645 -8.65826e-23)
(1.063 0.21431 -5.0892e-21)
(1.07134 0.213846 -1.63272e-21)
(1.07993 0.213119 2.45127e-21)
(1.0873 0.212222 -9.8201e-22)
(1.09393 0.211243 1.33091e-22)
(1.10053 0.210185 1.12412e-21)
(1.10728 0.209024 -1.12698e-21)
(1.114 0.207757 -3.36578e-22)
(1.12057 0.206404 2.11621e-23)
(1.12698 0.204979 -5.17801e-23)
(1.13327 0.203489 3.57475e-23)
(1.13946 0.201939 -3.05996e-22)
(1.14554 0.200334 -1.90885e-22)
(1.15152 0.198685 -8.05745e-23)
(1.15736 0.196992 9.07507e-22)
(1.16311 0.195288 -8.44202e-23)
(1.16882 0.193565 -2.17824e-22)
(1.17447 0.191817 -1.31227e-22)
(1.18002 0.190051 -3.8423e-22)
(1.18546 0.188276 -4.06922e-23)
(1.06942 0.201594 4.04448e-21)
(1.07684 0.201054 8.64154e-22)
(1.08445 0.200301 -2.53804e-21)
(1.09106 0.19941 -5.12544e-22)
(1.09705 0.198456 -7.99637e-22)
(1.10301 0.197446 7.37266e-22)
(1.10909 0.19636 7.28019e-22)
(1.11516 0.195196 -9.70396e-23)
(1.12113 0.193964 -3.23837e-23)
(1.12696 0.192678 7.26118e-23)
(1.1327 0.191344 -9.05051e-23)
(1.13837 0.189967 -1.06044e-22)
(1.14395 0.18855 2.73056e-22)
(1.14945 0.187103 -2.15292e-22)
(1.15486 0.185628 -6.37915e-22)
(1.16019 0.184142 2.79724e-22)
(1.16549 0.182646 2.58634e-22)
(1.17074 0.181136 5.92137e-23)
(1.17592 0.179614 -1.12389e-22)
(1.18102 0.178087 7.77022e-23)
(1.07489 0.189218 8.40413e-22)
(1.08149 0.188634 -4.48134e-22)
(1.08824 0.187879 2.39733e-21)
(1.09416 0.187014 9.96256e-22)
(1.09958 0.186102 2.2537e-22)
(1.10497 0.185151 -1.24353e-21)
(1.11046 0.184146 -5.93741e-23)
(1.11596 0.183082 3.20016e-22)
(1.12138 0.181967 3.0589e-23)
(1.12671 0.180811 -2.84512e-24)
(1.13196 0.179621 2.55012e-24)
(1.13715 0.1784 -3.74863e-23)
(1.14229 0.177152 -7.98472e-23)
(1.14736 0.175882 1.58448e-22)
(1.15236 0.174595 1.37264e-22)
(1.15731 0.1733 -1.17081e-22)
(1.16224 0.172003 1.2915e-23)
(1.16713 0.170699 -1.41085e-22)
(1.17196 0.169388 1.37149e-23)
(1.17673 0.168074 4.30767e-25)
(1.07947 0.177181 -3.44279e-22)
(1.08535 0.176578 1.88481e-22)
(1.09134 0.17584 -9.70025e-22)
(1.09666 0.175016 9.17467e-23)
(1.10157 0.174158 1.43273e-21)
(1.10645 0.173272 1.53942e-22)
(1.11143 0.172348 1.52933e-22)
(1.11642 0.171382 -5.77573e-23)
(1.12136 0.170377 4.64229e-23)
(1.12623 0.169343 -5.245e-23)
(1.13104 0.168285 -4.65401e-23)
(1.13581 0.167206 -8.5334e-23)
(1.14054 0.166107 4.17633e-22)
(1.14522 0.164993 -2.70195e-22)
(1.14986 0.163868 -2.2857e-22)
(1.15447 0.162731 9.57902e-23)
(1.15906 0.161602 1.99409e-22)
(1.16361 0.160475 2.79962e-22)
(1.16812 0.159346 1.9403e-22)
(1.17258 0.158218 -1.78984e-23)
(1.08325 0.165476 -1.68285e-21)
(1.08849 0.164875 6.56547e-23)
(1.09382 0.164168 9.85647e-22)
(1.0986 0.163395 -1.87183e-22)
(1.10306 0.162596 -9.87941e-22)
(1.1075 0.16178 4.11929e-23)
(1.11202 0.160936 -1.91582e-22)
(1.11656 0.160062 1.38667e-23)
(1.12107 0.159161 -6.43842e-23)
(1.12553 0.15824 -2.93241e-23)
(1.12995 0.157302 1.27572e-22)
(1.13434 0.156352 1.45462e-22)
(1.1387 0.155392 -2.49154e-22)
(1.14303 0.154427 1.77726e-22)
(1.14731 0.153458 2.14742e-22)
(1.1516 0.152493 -4.76767e-22)
(1.1559 0.151511 1.20602e-22)
(1.16016 0.150519 -2.18244e-22)
(1.16437 0.149532 -9.41499e-23)
(1.16855 0.148554 4.16148e-23)
(1.08629 0.154094 8.05887e-22)
(1.09097 0.15351 7.09917e-22)
(1.09572 0.152843 -4.07986e-22)
(1.10004 0.152126 5.26537e-22)
(1.1041 0.15139 -1.8692e-22)
(1.10815 0.150643 5.48915e-22)
(1.11226 0.149878 -2.67749e-22)
(1.11641 0.14909 -2.68922e-23)
(1.12055 0.148284 3.60053e-23)
(1.12464 0.147464 1.35429e-23)
(1.12872 0.146634 -5.67928e-23)
(1.13278 0.145796 1.91554e-22)
(1.13682 0.144953 -2.12611e-22)
(1.14085 0.144109 -1.0776e-23)
(1.14487 0.143265 -1.39597e-22)
(1.14883 0.142429 1.1384e-22)
(1.15275 0.141577 -2.69916e-22)
(1.15669 0.140718 9.69632e-23)
(1.16064 0.139866 7.24878e-23)
(1.16457 0.139024 -3.66646e-23)
(1.08866 0.14302 -2.58921e-22)
(1.09286 0.142463 -1.05836e-21)
(1.09711 0.141843 -2.01876e-22)
(1.10101 0.141184 -1.45422e-22)
(1.10472 0.140512 3.35762e-22)
(1.10842 0.139833 -1.43424e-22)
(1.11219 0.139142 1.69446e-22)
(1.11599 0.138435 -7.18023e-23)
(1.11979 0.137715 -5.07261e-24)
(1.12356 0.136986 -3.76329e-25)
(1.12732 0.13625 4.29212e-23)
(1.13107 0.135509 -7.14429e-23)
(1.13482 0.134764 -1.10606e-22)
(1.13855 0.134016 -7.44219e-23)
(1.14228 0.133268 6.73827e-23)
(1.14597 0.132515 1.77672e-22)
(1.14965 0.131778 2.44394e-22)
(1.15334 0.131051 -4.65174e-23)
(1.15704 0.130329 -8.78384e-23)
(1.16072 0.129615 -3.34709e-23)
(1.09042 0.132236 3.03818e-23)
(1.0942 0.131714 9.57299e-22)
(1.09802 0.131143 -8.28158e-22)
(1.10157 0.130543 -5.4678e-22)
(1.10497 0.129935 -2.67386e-22)
(1.10837 0.129321 -2.98526e-23)
(1.11183 0.1287 1.40541e-23)
(1.11532 0.128069 7.4288e-23)
(1.11881 0.127428 -4.01373e-24)
(1.1223 0.126782 -1.73047e-23)
(1.12578 0.126132 -1.51395e-23)
(1.12926 0.12548 -6.50397e-23)
(1.13273 0.124827 -1.19645e-23)
(1.13621 0.124174 9.93761e-24)
(1.13968 0.123525 1.52902e-22)
(1.14313 0.122879 -1.80953e-22)
(1.14657 0.122244 -2.15801e-22)
(1.15003 0.121618 -7.67293e-23)
(1.15349 0.120997 1.23415e-22)
(1.15694 0.120384 3.797e-23)
(1.09164 0.12172 -7.92949e-22)
(1.09506 0.121239 -1.30659e-22)
(1.09851 0.120719 4.06267e-22)
(1.10175 0.120177 1.56396e-22)
(1.10487 0.11963 -6.35868e-23)
(1.10801 0.11908 -2.43079e-22)
(1.1112 0.118524 -1.00593e-22)
(1.11442 0.117963 4.87767e-23)
(1.11765 0.117395 2.13874e-23)
(1.12088 0.116825 -4.00996e-24)
(1.12411 0.116253 9.84216e-23)
(1.12734 0.115681 1.08018e-22)
(1.13058 0.11511 7.29091e-23)
(1.13382 0.114542 -7.36559e-23)
(1.13705 0.113978 -2.32801e-23)
(1.14029 0.113419 -9.40423e-23)
(1.14351 0.112869 -6.09087e-23)
(1.14675 0.112327 7.38977e-24)
(1.14999 0.111794 -4.81053e-23)
(1.15323 0.111269 -2.35562e-23)
(1.09238 0.111451 5.78906e-22)
(1.09548 0.111012 -2.18374e-22)
(1.09862 0.110543 2.33639e-23)
(1.10159 0.110059 1.41616e-22)
(1.10448 0.10957 3.14036e-22)
(1.10739 0.109079 1.82144e-22)
(1.11034 0.108586 -8.88279e-23)
(1.11332 0.108089 -6.90972e-23)
(1.11631 0.107589 -5.12793e-23)
(1.11932 0.107087 1.04248e-23)
(1.12232 0.106586 -5.27227e-23)
(1.12534 0.106086 -8.34189e-23)
(1.12836 0.105589 1.44568e-22)
(1.13139 0.105095 5.59774e-23)
(1.13442 0.104606 -2.58028e-23)
(1.13745 0.104123 -2.6018e-23)
(1.14048 0.103649 1.11814e-22)
(1.14352 0.103182 -6.46666e-24)
(1.14656 0.102725 -6.4688e-24)
(1.1496 0.102276 2.28591e-23)
(1.09269 0.101402 3.06457e-22)
(1.09553 0.101007 1.39364e-22)
(1.09839 0.100589 -1.01927e-22)
(1.10114 0.100159 -1.76788e-22)
(1.10383 0.0997256 -3.10478e-23)
(1.10653 0.099292 1.58175e-22)
(1.10927 0.0988569 7.36842e-23)
(1.11205 0.0984195 -8.65325e-23)
(1.11484 0.0979806 -7.85757e-24)
(1.11764 0.0975417 4.84646e-24)
(1.12045 0.0971041 5.5069e-24)
(1.12327 0.0966689 -2.33483e-23)
(1.1261 0.0962371 -1.13759e-22)
(1.12894 0.0958096 -1.83219e-23)
(1.13178 0.0953875 -3.25207e-23)
(1.13463 0.0949714 1.5134e-22)
(1.13748 0.0945631 -1.35978e-22)
(1.14033 0.0941631 6.94139e-23)
(1.1432 0.0937715 -2.40857e-23)
(1.14606 0.0933885 -1.11578e-23)
(1.09264 0.0915462 -5.29417e-22)
(1.09526 0.0911956 2.38581e-22)
(1.09789 0.0908268 1.32929e-22)
(1.10044 0.0904484 5.61252e-23)
(1.10295 0.0900679 -9.0895e-23)
(1.10548 0.0896876 -6.78391e-23)
(1.10805 0.0893065 -1.1394e-22)
(1.11064 0.0889243 1.41042e-22)
(1.11326 0.0885417 4.70439e-23)
(1.11588 0.0881599 -3.97356e-25)
(1.11852 0.0877801 1.91048e-23)
(1.12117 0.0874032 4.81118e-23)
(1.12383 0.0870301 1.22497e-23)
(1.12649 0.0866615 4.28524e-23)
(1.12917 0.0862984 -6.64643e-23)
(1.13185 0.0859414 -2.76338e-23)
(1.13453 0.0855917 6.03005e-23)
(1.13722 0.08525 -1.23446e-23)
(1.13992 0.0849162 -9.40103e-24)
(1.14262 0.0845909 1.20726e-23)
(1.09229 0.0818545 3.95441e-22)
(1.09472 0.0815473 -4.11284e-22)
(1.09716 0.0812256 -1.85101e-22)
(1.09955 0.0808963 -1.38153e-23)
(1.10191 0.0805656 1.16179e-22)
(1.10429 0.080235 -2.28095e-23)
(1.1067 0.0799043 -1.92115e-23)
(1.10914 0.0795731 -3.44846e-23)
(1.1116 0.0792423 -2.96609e-23)
(1.11407 0.0789127 2.71519e-24)
(1.11656 0.0785854 -7.33243e-24)
(1.11905 0.0782612 1.97253e-23)
(1.12156 0.0779409 2.8014e-23)
(1.12408 0.0776251 -4.60905e-23)
(1.1266 0.0773146 5.59091e-25)
(1.12913 0.0770102 7.41843e-23)
(1.13167 0.0767123 -5.63971e-23)
(1.13421 0.0764221 2.06017e-24)
(1.13676 0.0761394 4.48537e-23)
(1.1393 0.0758646 1.36722e-24)
(1.0917 0.0722938 -1.993e-22)
(1.09397 0.0720287 2.90305e-22)
(1.09626 0.071752 1.89642e-22)
(1.09851 0.0714691 -1.01988e-22)
(1.10074 0.071185 1.61545e-22)
(1.10299 0.0709011 -4.52814e-23)
(1.10528 0.0706172 1.47054e-24)
(1.10758 0.0703334 -3.26127e-23)
(1.10991 0.0700502 1.34552e-23)
(1.11225 0.0697685 -5.09448e-25)
(1.1146 0.0694891 -3.68505e-23)
(1.11696 0.0692128 -1.28279e-23)
(1.11934 0.0689403 6.31843e-23)
(1.12172 0.0686721 -6.06831e-23)
(1.12411 0.0684089 4.22978e-23)
(1.12651 0.0681513 -2.21886e-23)
(1.12891 0.0678997 3.14286e-23)
(1.13132 0.0676552 9.3788e-23)
(1.13373 0.0674177 -5.09688e-23)
(1.13614 0.0671874 -1.9041e-24)
(1.09095 0.0628278 4.43292e-23)
(1.09308 0.0626032 1.40718e-23)
(1.09524 0.062369 -1.30487e-22)
(1.09738 0.0621299 -2.6119e-22)
(1.09951 0.0618896 -1.04925e-22)
(1.10165 0.0616494 2.96211e-23)
(1.10382 0.0614093 6.23967e-23)
(1.10602 0.0611694 -3.29855e-24)
(1.10823 0.0609304 1.36421e-23)
(1.11046 0.0606928 -5.96631e-24)
(1.11269 0.0604575 3.10166e-23)
(1.11494 0.0602252 -7.6109e-24)
(1.1172 0.0599964 3.26439e-23)
(1.11947 0.0597717 -1.71035e-23)
(1.12174 0.0595515 2.85905e-24)
(1.12402 0.0593365 2.75529e-23)
(1.1263 0.0591268 -9.70074e-24)
(1.12859 0.0589231 5.43264e-24)
(1.13088 0.0587254 -2.74315e-23)
(1.13317 0.0585343 3.06462e-24)
(1.09009 0.053415 -7.36191e-23)
(1.09212 0.0532289 -2.02818e-22)
(1.09418 0.0530351 -3.18191e-23)
(1.09622 0.0528371 1.75739e-22)
(1.09826 0.052638 4.50222e-23)
(1.10032 0.0524388 -6.9617e-23)
(1.1024 0.0522397 8.90077e-24)
(1.1045 0.052041 -9.45042e-24)
(1.10662 0.051843 -1.77022e-23)
(1.10875 0.0516465 -5.84906e-24)
(1.11089 0.0514521 4.10741e-23)
(1.11304 0.0512603 -5.45321e-24)
(1.1152 0.0510719 1.99452e-24)
(1.11736 0.0508871 6.41773e-24)
(1.11953 0.0507066 -7.56385e-23)
(1.12171 0.0505308 -5.52126e-26)
(1.12389 0.0503599 -1.85317e-23)
(1.12607 0.0501933 -1.27297e-23)
(1.12825 0.0500314 2.79564e-23)
(1.13044 0.0498752 -2.35522e-24)
(1.0892 0.0440074 -1.21537e-22)
(1.09115 0.043858 2.02918e-22)
(1.09313 0.0437023 -2.89595e-23)
(1.0951 0.0435431 7.58106e-23)
(1.09707 0.0433828 -3.28351e-24)
(1.09906 0.0432222 5.31163e-23)
(1.10106 0.0430617 2.22125e-23)
(1.10309 0.0429015 -5.89757e-24)
(1.10513 0.0427419 -3.35738e-24)
(1.10717 0.0425836 2.78147e-24)
(1.10923 0.042427 3.35734e-24)
(1.1113 0.0422727 -7.19055e-23)
(1.11338 0.0421211 -2.43507e-23)
(1.11546 0.0419727 6.7158e-23)
(1.11754 0.0418277 3.52189e-24)
(1.11963 0.0416867 4.8218e-23)
(1.12172 0.0415497 -4.54808e-23)
(1.12381 0.041417 1.48955e-23)
(1.12589 0.0412887 -1.71931e-23)
(1.12798 0.0411652 6.34629e-24)
(1.08835 0.0345486 6.75871e-23)
(1.09024 0.0344341 -3.73015e-23)
(1.09216 0.0343145 4.66245e-23)
(1.09407 0.0341921 5.87208e-24)
(1.09599 0.0340687 -1.27864e-25)
(1.09792 0.033945 -8.83641e-23)
(1.09987 0.0338212 -4.35997e-23)
(1.10184 0.0336976 -8.52289e-24)
(1.10381 0.0335746 2.13575e-23)
(1.1058 0.0334526 -1.1438e-23)
(1.10779 0.0333321 3.51179e-23)
(1.10979 0.0332134 3.10191e-24)
(1.11179 0.033097 -6.04074e-23)
(1.1138 0.032983 2.55173e-23)
(1.11582 0.0328719 8.27597e-24)
(1.11783 0.032764 8.47605e-28)
(1.11985 0.0326591 5.35575e-23)
(1.12186 0.0325585 -1.76618e-23)
(1.12387 0.0324619 -2.31939e-23)
(1.12588 0.0323692 4.825e-24)
(1.08761 0.0249715 4.15439e-24)
(1.08946 0.0248903 -4.60305e-26)
(1.09134 0.0248053 -3.39532e-23)
(1.09321 0.0247182 2.57817e-23)
(1.0951 0.0246301 3.35856e-23)
(1.09699 0.0245415 1.67119e-23)
(1.0989 0.0244528 -7.96069e-23)
(1.10082 0.0243641 4.99644e-23)
(1.10275 0.0242758 -1.03658e-23)
(1.10468 0.0241882 -1.3136e-23)
(1.10662 0.0241016 7.07092e-24)
(1.10857 0.0240163 4.42326e-23)
(1.11052 0.0239328 -4.51935e-23)
(1.11248 0.0238512 -1.12276e-23)
(1.11443 0.0237717 8.23745e-24)
(1.11639 0.0236947 2.87915e-23)
(1.11834 0.0236202 -6.43431e-23)
(1.12029 0.0235489 1.99611e-23)
(1.12224 0.0234807 -1.26505e-23)
(1.12419 0.0234154 3.90294e-24)
(1.08705 0.0151959 -4.51627e-23)
(1.08889 0.0151465 -2.11401e-23)
(1.09074 0.015095 2.14501e-23)
(1.09259 0.0150424 6.65325e-23)
(1.09445 0.0149895 -2.17495e-23)
(1.09632 0.0149368 -6.49092e-24)
(1.0982 0.0148842 1.7753e-23)
(1.10009 0.0148319 2.04238e-23)
(1.10199 0.0147802 -3.5248e-24)
(1.10389 0.0147292 -7.53306e-24)
(1.1058 0.0146791 -8.39072e-25)
(1.1077 0.01463 -5.75936e-24)
(1.10962 0.0145821 -7.17589e-24)
(1.11153 0.0145355 3.16676e-23)
(1.11344 0.0144902 -9.64028e-24)
(1.11535 0.0144464 4.07615e-23)
(1.11726 0.014404 -2.82708e-23)
(1.11917 0.0143633 -1.69072e-23)
(1.12108 0.0143242 2.38006e-24)
(1.12297 0.0142868 4.89656e-24)
(1.08674 0.00512275 2.47411e-23)
(1.08858 0.00510294 -3.03409e-23)
(1.09043 0.00508103 5.94575e-23)
(1.09229 0.00505782 -7.94408e-23)
(1.09415 0.00503393 -3.02435e-23)
(1.09601 0.00500975 1.53549e-23)
(1.09789 0.00498558 1.85648e-23)
(1.09976 0.00496167 4.37917e-23)
(1.10165 0.00493832 -1.13619e-23)
(1.10353 0.00491578 -1.26529e-23)
(1.10542 0.00489425 1.76939e-23)
(1.10731 0.00487394 -7.05556e-24)
(1.1092 0.00485497 -1.40637e-23)
(1.11109 0.00483747 -2.64657e-23)
(1.11297 0.0048215 1.51953e-23)
(1.11486 0.00480708 -2.38634e-23)
(1.11673 0.0047942 2.11004e-23)
(1.11861 0.0047827 4.79024e-23)
(1.12048 0.0047726 -2.39008e-23)
(1.12234 0.00476398 -7.11386e-25)
(0.998573 0.00359902 0)
(0.998512 0.00864649 0)
(0.991588 0.016772 0)
(0.987658 0.0232976 0)
(0.977236 0.0346012 0)
(0.970605 0.0444371 0)
(0.957426 0.0611088 0)
(0.949507 0.0761922 0)
(0.934912 0.100732 0)
(0.928374 0.122748 0)
(0.914933 0.158019 0)
(0.914549 0.186942 0)
(0.906695 0.236551 0)
(0.920555 0.266668 0)
(0.927824 0.342849 0)
(0.998508 0.00378892 0)
(0.998731 0.00907951 0)
(0.991823 0.017604 0)
(0.988453 0.0243456 0)
(0.978228 0.0361063 0)
(0.972539 0.0461174 0)
(0.959882 0.0632585 0)
(0.953513 0.0783012 0)
(0.939983 0.103188 0)
(0.935898 0.124519 0)
(0.924352 0.159843 0)
(0.92749 0.186649 0)
(0.922659 0.235856 0)
(0.940509 0.260893 0)
(0.947981 0.328026 0)
(0.998458 0.00398458 0)
(0.998949 0.00952919 0)
(0.992132 0.0184998 0)
(0.989329 0.0254852 0)
(0.979422 0.0377761 0)
(0.974683 0.0479901 0)
(0.962723 0.0656846 0)
(0.95784 0.0806558 0)
(0.945605 0.105928 0)
(0.943641 0.126334 0)
(0.934255 0.161481 0)
(0.939905 0.185478 0)
(0.938058 0.23278 0)
(0.957136 0.252499 0)
(0.965883 0.310081 0)
(0.998434 0.00417897 0)
(0.999148 0.00997416 0)
(0.992516 0.0193833 0)
(0.990246 0.0265937 0)
(0.980808 0.0393857 0)
(0.976963 0.0497562 0)
(0.965924 0.0679443 0)
(0.96238 0.0827548 0)
(0.951734 0.108303 0)
(0.951499 0.127681 0)
(0.944528 0.162378 0)
(0.951807 0.183738 0)
(0.952695 0.228313 0)
(0.971783 0.244513 0)
(0.982145 0.294617 0)
(0.998445 0.00437002 0)
(0.999316 0.0104019 0)
(0.992982 0.0202377 0)
(0.991174 0.0276378 0)
(0.982376 0.0408947 0)
(0.979321 0.0513478 0)
(0.969438 0.0699489 0)
(0.967044 0.0844722 0)
(0.95825 0.110132 0)
(0.959396 0.128382 0)
(0.954936 0.162275 0)
(0.963316 0.181327 0)
(0.966569 0.222757 0)
(0.985338 0.236713 0)
(0.996899 0.280756 0)
(0.998498 0.00455707 0)
(0.999445 0.010806 0)
(0.993533 0.02106 0)
(0.992097 0.0286098 0)
(0.98411 0.0423006 0)
(0.981727 0.0527602 0)
(0.973202 0.0716953 0)
(0.971788 0.0858187 0)
(0.96499 0.111405 0)
(0.967288 0.128482 0)
(0.965222 0.161192 0)
(0.974458 0.178275 0)
(0.979648 0.216313 0)
(0.997981 0.228547 0)
(1.01025 0.267304 0)
(0.998594 0.00473911 0)
(0.999535 0.0111809 0)
(0.994165 0.0218425 0)
(0.993017 0.029499 0)
(0.985987 0.043587 0)
(0.98418 0.0539823 0)
(0.977141 0.0731543 0)
(0.976598 0.0868016 0)
(0.9718 0.112091 0)
(0.975129 0.128037 0)
(0.975205 0.159195 0)
(0.985141 0.174628 0)
(0.991883 0.209159 0)
(1.00964 0.219882 0)
(1.0223 0.25393 0)
(0.998729 0.00491445 0)
(0.999596 0.0115211 0)
(0.994867 0.0225731 0)
(0.993946 0.0302933 0)
(0.987972 0.0447257 0)
(0.986692 0.0549991 0)
(0.981179 0.0742779 0)
(0.981464 0.0874165 0)
(0.978559 0.112151 0)
(0.982845 0.127061 0)
(0.984779 0.156353 0)
(0.995243 0.170394 0)
(1.00323 0.20145 0)
(1.02026 0.21081 0)
(1.03312 0.240698 0)
(0.998893 0.00508038 0)
(0.999644 0.011822 0)
(0.99562 0.0232365 0)
(0.994903 0.0309829 0)
(0.990029 0.0456842 0)
(0.989271 0.0557989 0)
(0.985253 0.0750202 0)
(0.986356 0.0876557 0)
(0.985187 0.111565 0)
(0.990342 0.125549 0)
(0.993878 0.152756 0)
(1.00467 0.165574 0)
(1.01363 0.193324 0)
(1.02984 0.201451 0)
(1.04276 0.227691 0)
(0.999072 0.00523296 0)
(0.999695 0.0120806 0)
(0.996402 0.0238146 0)
(0.995902 0.03156 0)
(0.992124 0.0464298 0)
(0.991913 0.056371 0)
(0.989315 0.0753467 0)
(0.991225 0.0875073 0)
(0.991628 0.110346 0)
(0.997536 0.123493 0)
(1.00245 0.148501 0)
(1.01338 0.160199 0)
(1.02308 0.184886 0)
(1.03842 0.191903 0)
(1.05126 0.214935 0)
(0.999254 0.00536706 0)
(0.999767 0.0122951 0)
(0.997196 0.0242874 0)
(0.99695 0.0320177 0)
(0.994232 0.0469321 0)
(0.994599 0.056702 0)
(0.993332 0.0752366 0)
(0.996016 0.0869541 0)
(0.997835 0.108525 0)
(1.00436 0.120889 0)
(1.01043 0.143683 0)
(1.02136 0.154322 0)
(1.03158 0.176214 0)
(1.04604 0.182239 0)
(1.05868 0.202436 0)
(0.999425 0.00547662 0)
(0.999869 0.0124646 0)
(0.997989 0.0246346 0)
(0.998043 0.0323469 0)
(0.996336 0.0471658 0)
(0.9973 0.056774 0)
(0.997273 0.0746829 0)
(1.00068 0.0859769 0)
(1.00376 0.106144 0)
(1.01078 0.117746 0)
(1.01779 0.138382 0)
(1.02861 0.148009 0)
(1.03913 0.167369 0)
(1.05273 0.172519 0)
(1.06507 0.190202 0)
(0.999578 0.00555523 0)
(1 0.0125881 0)
(0.998775 0.024837 0)
(0.999171 0.0325357 0)
(0.998421 0.0471126 0)
(0.999986 0.0565657 0)
(1.00111 0.0736893 0)
(1.00516 0.0845588 0)
(1.00935 0.103247 0)
(1.01675 0.114086 0)
(1.0245 0.132665 0)
(1.03514 0.141328 0)
(1.04578 0.158401 0)
(1.05854 0.16279 0)
(1.07051 0.178243 0)
(0.999709 0.00559669 0)
(1.00017 0.012663 0)
(0.999548 0.0248786 0)
(1.00032 0.0325688 0)
(1.00047 0.0467614 0)
(1.00263 0.0560539 0)
(1.00479 0.0722673 0)
(1.00944 0.08269 0)
(1.01457 0.0998766 0)
(1.02226 0.109941 0)
(1.03055 0.126589 0)
(1.04094 0.134342 0)
(1.05157 0.149354 0)
(1.06353 0.153088 0)
(1.07506 0.166567 0)
(0.999817 0.00559558 0)
(1.00036 0.0126847 0)
(1.0003 0.0247472 0)
(1.00147 0.0324278 0)
(1.00246 0.0461075 0)
(1.00519 0.0552163 0)
(1.0083 0.070432 0)
(1.01346 0.0803697 0)
(1.01939 0.09607 0)
(1.02728 0.105352 0)
(1.03594 0.120202 0)
(1.04605 0.127108 0)
(1.05655 0.140268 0)
(1.06774 0.143442 0)
(1.07879 0.155176 0)
(0.999902 0.00554773 0)
(1.00056 0.0126462 0)
(1.00104 0.0244353 0)
(1.0026 0.032092 0)
(1.00438 0.045151 0)
(1.00765 0.0540349 0)
(1.01159 0.0682 0)
(1.01721 0.0776064 0)
(1.02377 0.0918622 0)
(1.0318 0.100362 0)
(1.04068 0.113551 0)
(1.05048 0.119674 0)
(1.06076 0.131175 0)
(1.07124 0.13387 0)
(1.08179 0.144066 0)
(0.999968 0.00545062 0)
(1.00077 0.0125379 0)
(1.00174 0.0239396 0)
(1.00371 0.031541 0)
(1.0062 0.0438951 0)
(1.00998 0.0524973 0)
(1.01465 0.0655873 0)
(1.02066 0.0744164 0)
(1.0277 0.0872856 0)
(1.03581 0.0950142 0)
(1.04479 0.106674 0)
(1.05427 0.11208 0)
(1.06425 0.122099 0)
(1.07407 0.124387 0)
(1.08411 0.133225 0)
(1.00002 0.00530345 0)
(1.00098 0.012348 0)
(1.00241 0.0232604 0)
(1.00477 0.0307559 0)
(1.00791 0.0423438 0)
(1.01216 0.0505984 0)
(1.01744 0.062609 0)
(1.02378 0.0708217 0)
(1.03118 0.0823706 0)
(1.03932 0.0893484 0)
(1.04829 0.0996075 0)
(1.05744 0.104361 0)
(1.06709 0.113058 0)
(1.0763 0.115 0)
(1.08582 0.12264 0)
(1.00005 0.00510705 0)
(1.00118 0.0120638 0)
(1.00304 0.0223998 0)
(1.00578 0.0297219 0)
(1.00949 0.0405009 0)
(1.01417 0.0483397 0)
(1.01995 0.0592801 0)
(1.02657 0.0668473 0)
(1.03422 0.0771463 0)
(1.04233 0.0834012 0)
(1.05122 0.092382 0)
(1.06003 0.0965422 0)
(1.06932 0.104063 0)
(1.07798 0.105709 0)
(1.08699 0.112292 0)
(1.00007 0.00486345 0)
(1.00137 0.0116726 0)
(1.00361 0.0213605 0)
(1.00673 0.0284295 0)
(1.01093 0.0383701 0)
(1.01599 0.0457285 0)
(1.02218 0.0556161 0)
(1.02901 0.0625194 0)
(1.03681 0.0716399 0)
(1.04487 0.0772045 0)
(1.05361 0.0850213 0)
(1.0621 0.0886441 0)
(1.07101 0.095117 0)
(1.07917 0.0965118 0)
(1.08767 0.102161 0)
(1.00008 0.00457539 0)
(1.00154 0.0111632 0)
(1.00414 0.0201446 0)
(1.00759 0.0268747 0)
(1.01222 0.0359551 0)
(1.01762 0.0427757 0)
(1.02412 0.0516325 0)
(1.03112 0.0578632 0)
(1.03899 0.0658762 0)
(1.04696 0.0707854 0)
(1.05551 0.0775438 0)
(1.06369 0.0806799 0)
(1.07221 0.0862199 0)
(1.07993 0.0873993 0)
(1.08795 0.0922206 0)
(1.00009 0.00424576 0)
(1.0017 0.0105274 0)
(1.0046 0.0187531 0)
(1.00837 0.0250584 0)
(1.01336 0.0332605 0)
(1.01905 0.0394944 0)
(1.02577 0.047345 0)
(1.0329 0.0529021 0)
(1.04078 0.0598759 0)
(1.04864 0.0641654 0)
(1.05697 0.0699615 0)
(1.06485 0.0726565 0)
(1.07299 0.0773641 0)
(1.08031 0.0783583 0)
(1.08787 0.0824447 0)
(1.00008 0.00387713 0)
(1.00184 0.00975987 0)
(1.005 0.0171859 0)
(1.00907 0.0229849 0)
(1.01434 0.0302922 0)
(1.02027 0.0358987 0)
(1.02716 0.0427687 0)
(1.03436 0.0476565 0)
(1.0422 0.0536559 0)
(1.04995 0.05736 0)
(1.05803 0.0622799 0)
(1.06565 0.0645742 0)
(1.07341 0.0685369 0)
(1.08038 0.0693704 0)
(1.08751 0.0728019 0)
(1.00008 0.00347149 0)
(1.00196 0.00885862 0)
(1.00534 0.015443 0)
(1.00967 0.0206609 0)
(1.01517 0.0270573 0)
(1.0213 0.0320024 0)
(1.0283 0.0379168 0)
(1.03555 0.0421429 0)
(1.0433 0.0472274 0)
(1.05093 0.0503784 0)
(1.05877 0.0544978 0)
(1.06613 0.056426 0)
(1.07354 0.059719 0)
(1.08021 0.0604119 0)
(1.08695 0.0632566 0)
(1.00007 0.0030302 0)
(1.00206 0.00782455 0)
(1.00562 0.013525 0)
(1.01018 0.0180938 0)
(1.01585 0.0235636 0)
(1.02215 0.0278183 0)
(1.0292 0.0328003 0)
(1.03647 0.036373 0)
(1.04413 0.0405956 0)
(1.05163 0.0432221 0)
(1.05923 0.0466064 0)
(1.06637 0.0481975 0)
(1.07346 0.0508848 0)
(1.07987 0.0514525 0)
(1.08624 0.0537682 0)
(1.00006 0.0025541 0)
(1.00215 0.00666069 0)
(1.00585 0.0114332 0)
(1.0106 0.0152913 0)
(1.0164 0.0198184 0)
(1.02282 0.0233572 0)
(1.0299 0.0274259 0)
(1.03717 0.0303529 0)
(1.04472 0.0337586 0)
(1.0521 0.0358846 0)
(1.05948 0.0385885 0)
(1.06643 0.0398661 0)
(1.07323 0.0420002 0)
(1.07942 0.0424544 0)
(1.08548 0.044289 0)
(1.00005 0.0020437 0)
(1.00223 0.00537171 0)
(1.00602 0.00917039 0)
(1.01093 0.012261 0)
(1.01683 0.015828 0)
(1.02334 0.0186269 0)
(1.03042 0.0217962 0)
(1.03768 0.0240822 0)
(1.04511 0.0267066 0)
(1.05239 0.0283506 0)
(1.05958 0.0304176 0)
(1.06636 0.0313993 0)
(1.07292 0.0330222 0)
(1.07894 0.0333709 0)
(1.08472 0.0347626 0)
(1.00004 0.00149946 0)
(1.00228 0.00396342 0)
(1.00616 0.00674027 0)
(1.01117 0.00900989 0)
(1.01714 0.0115963 0)
(1.02372 0.0136314 0)
(1.03078 0.0159078 0)
(1.03802 0.0175529 0)
(1.04537 0.0194211 0)
(1.05255 0.0205947 0)
(1.05958 0.0220563 0)
(1.06624 0.0227539 0)
(1.0726 0.0238965 0)
(1.07848 0.0241444 0)
(1.08405 0.0251217 0)
(1.00004 0.000922501 0)
(1.00232 0.00244384 0)
(1.00625 0.00414867 0)
(1.01134 0.00554513 0)
(1.01735 0.00712479 0)
(1.02397 0.0083689 0)
(1.03101 0.00974945 0)
(1.03824 0.0107473 0)
(1.04551 0.011872 0)
(1.05263 0.0125793 0)
(1.05954 0.0134547 0)
(1.06611 0.0138736 0)
(1.07233 0.0145556 0)
(1.07812 0.0147044 0)
(1.08354 0.0152861 0)
(1.00003 0.000313073 0)
(1.00234 0.000828665 0)
(1.00629 0.00140677 0)
(1.01143 0.00188008 0)
(1.01746 0.00241464 0)
(1.0241 0.00283505 0)
(1.03113 0.00330057 0)
(1.03834 0.00363607 0)
(1.04557 0.00401378 0)
(1.05266 0.00425026 0)
(1.05951 0.00454364 0)
(1.06602 0.00468279 0)
(1.07217 0.00491155 0)
(1.07791 0.0049596 0)
(1.08325 0.00515541 0)
(0.999215 9.5431e-05 -8.51022e-23)
(0.997166 0.000207819 5.96231e-23)
(0.991248 0.000433504 -1.44032e-22)
(0.983926 0.00057156 -9.6361e-23)
(0.973664 0.000892385 1.06145e-22)
(0.961656 0.0011142 1.95708e-22)
(0.946697 0.00159358 1.33903e-22)
(0.929506 0.00196424 1.537e-22)
(0.908945 0.00267792 2.27614e-22)
(0.885635 0.00329355 1.98872e-22)
(0.858237 0.00436628 1.3934e-22)
(0.827477 0.005338 1.07554e-22)
(0.79182 0.00697609 -4.72868e-22)
(0.751979 0.0083673 5.37727e-22)
(0.706742 0.0109641 -4.84781e-23)
(0.999211 0.000286829 5.14724e-22)
(0.997174 0.000626207 -8.1402e-23)
(0.991245 0.00130668 8.61629e-23)
(0.983944 0.00172368 6.90081e-22)
(0.973674 0.00268933 -4.37151e-22)
(0.961696 0.00335784 -6.66168e-22)
(0.94674 0.00479738 2.58882e-22)
(0.929595 0.00591118 1.33497e-22)
(0.90906 0.00805248 -4.39531e-22)
(0.885829 0.00989862 -6.54131e-22)
(0.858504 0.0131152 8.18816e-22)
(0.82789 0.0160257 -1.07358e-21)
(0.792388 0.0209346 1.29136e-21)
(0.752805 0.0250984 -7.30055e-22)
(0.707875 0.0328772 -2.03322e-22)
(0.999201 0.000477732 -9.83808e-22)
(0.99719 0.00104497 3.75439e-23)
(0.99124 0.00217831 -7.0852e-22)
(0.983978 0.00287432 -1.95376e-22)
(0.973694 0.00448449 6.12203e-22)
(0.961776 0.00560121 1.06661e-23)
(0.946824 0.00799773 -2.76976e-22)
(0.929771 0.00985401 -4.02337e-22)
(0.909289 0.0134196 4.6647e-22)
(0.886216 0.01649 -2.12296e-22)
(0.859038 0.0218441 -2.35345e-21)
(0.828714 0.0266783 -5.46718e-22)
(0.793521 0.0348423 2.1182e-21)
(0.754454 0.0417503 2.31623e-22)
(0.710136 0.0546787 2.41915e-21)
(0.999187 0.000667823 1.30697e-21)
(0.997214 0.00146433 -2.77722e-22)
(0.991233 0.00304729 1.24154e-21)
(0.984029 0.00402238 -3.47474e-22)
(0.973726 0.00627657 -1.13037e-21)
(0.961895 0.00784399 -2.96197e-22)
(0.946951 0.0111922 3.12409e-22)
(0.930035 0.01379 -4.12178e-23)
(0.909631 0.0187742 1.77397e-21)
(0.886796 0.0230588 -4.5929e-22)
(0.859836 0.0305399 -1.44342e-21)
(0.829947 0.0372728 2.47102e-21)
(0.795216 0.0486651 -1.52661e-21)
(0.756925 0.0582713 4.31227e-21)
(0.713522 0.0762933 -6.78804e-21)
(0.999169 0.000856803 -4.38055e-22)
(0.997245 0.00188454 -6.58578e-22)
(0.991223 0.00391219 2.15575e-22)
(0.984096 0.00516866 3.38525e-22)
(0.973769 0.00806489 1.27684e-21)
(0.962053 0.010086 5.96545e-22)
(0.94712 0.0143784 3.29011e-22)
(0.930386 0.0177168 -1.57527e-22)
(0.910086 0.0241112 -9.3685e-23)
(0.887567 0.0295967 1.5949e-21)
(0.860896 0.0391898 -8.38178e-22)
(0.831586 0.047787 2.38846e-21)
(0.797469 0.0623704 -3.94146e-21)
(0.760211 0.0746101 2.09306e-21)
(0.718024 0.0976453 4.90922e-21)
(0.999147 0.0010444 -7.07855e-22)
(0.997283 0.0023058 2.12653e-21)
(0.991212 0.00477274 -1.5978e-21)
(0.98418 0.00629318 2.01217e-21)
(0.973825 0.00984669 -1.17745e-21)
(0.96225 0.0123271 1.51403e-21)
(0.947331 0.0175537 -3.3828e-22)
(0.930824 0.0216322 -7.47747e-22)
(0.910651 0.0294255 4.5919e-23)
(0.888528 0.0360959 1.72984e-21)
(0.862214 0.0477814 -3.53005e-21)
(0.833627 0.0581997 3.08617e-21)
(0.800272 0.0759264 -7.03393e-21)
(0.764306 0.0907163 2.7898e-21)
(0.72363 0.118659 2.19859e-21)
(0.999121 0.00123035 9.1434e-22)
(0.997327 0.00272834 -1.78093e-21)
(0.991198 0.00562742 6.40081e-22)
(0.98428 0.0074233 -1.89257e-21)
(0.973897 0.0116216 1.12349e-21)
(0.962485 0.0145669 -8.50284e-22)
(0.947584 0.0207159 3.32187e-23)
(0.931348 0.0255345 9.56556e-22)
(0.911325 0.0347122 2.19112e-21)
(0.889677 0.0425493 -6.19029e-21)
(0.863786 0.056303 2.77014e-21)
(0.836065 0.0684908 2.02862e-21)
(0.803619 0.0893024 -1.51596e-21)
(0.769202 0.106541 -1.49869e-21)
(0.730326 0.139256 3.40746e-23)
(0.999093 0.00141445 1.40567e-21)
(0.997376 0.0031523 7.67633e-22)
(0.991184 0.00647372 -2.96984e-22)
(0.984395 0.00859643 3.69565e-22)
(0.973982 0.0133909 -1.87353e-21)
(0.962756 0.0168054 2.19444e-22)
(0.947879 0.0238624 8.08651e-22)
(0.931956 0.0294221 -3.02139e-21)
(0.912107 0.0399661 -1.33434e-23)
(0.891011 0.0489508 1.94143e-21)
(0.865607 0.0647431 -3.73061e-21)
(0.838894 0.0786411 1.87088e-21)
(0.807499 0.102469 3.19486e-21)
(0.774885 0.122035 1.43567e-21)
(0.738092 0.159361 1.30714e-21)
(0.999063 0.00159654 -1.25786e-21)
(0.997429 0.00357727 -2.58329e-22)
(0.991175 0.00731244 -1.84005e-21)
(0.984525 0.0097766 -3.4009e-21)
(0.974079 0.0151507 1.17781e-21)
(0.963063 0.0190418 1.84069e-21)
(0.948216 0.0269908 -5.76959e-22)
(0.932647 0.0332937 1.67423e-21)
(0.912994 0.0451823 4.15682e-21)
(0.892529 0.0552951 -5.80384e-21)
(0.867671 0.0730907 2.92266e-22)
(0.842109 0.0886327 3.96081e-21)
(0.811905 0.115397 6.31707e-22)
(0.781344 0.137151 -6.81159e-21)
(0.746905 0.178896 3.20356e-21)
(0.999031 0.00177652 -1.34955e-21)
(0.997487 0.00400289 -7.66963e-24)
(0.991168 0.00814005 5.75928e-23)
(0.984669 0.0109486 2.92858e-21)
(0.974191 0.0168994 2.25538e-22)
(0.963405 0.0212758 -1.5014e-21)
(0.948596 0.0300988 -1.04377e-21)
(0.933419 0.0371485 -1.23417e-21)
(0.913986 0.0503555 -1.51306e-21)
(0.894227 0.0615779 2.39972e-21)
(0.869975 0.0813347 5.67182e-21)
(0.845704 0.0984489 -5.61759e-21)
(0.816825 0.12806 -7.197e-21)
(0.78856 0.151843 3.45447e-21)
(0.756741 0.197786 1.07759e-20)
(0.998998 0.00195429 1.36503e-21)
(0.997548 0.00443031 -2.79222e-21)
(0.991167 0.00892991 8.92946e-22)
(0.984827 0.0121191 -2.2265e-21)
(0.974319 0.0186367 -4.458e-22)
(0.963779 0.0235068 3.6831e-22)
(0.949021 0.0331841 1.08522e-21)
(0.934271 0.0409858 7.11876e-22)
(0.915082 0.0554808 -1.14768e-21)
(0.896104 0.067796 4.04681e-22)
(0.872513 0.0894643 -1.23513e-21)
(0.849672 0.108074 7.927e-21)
(0.822248 0.140431 -1.1446e-20)
(0.796517 0.166063 5.79015e-21)
(0.767569 0.215957 3.84991e-21)
(0.998964 0.00212991 -5.03405e-22)
(0.997609 0.0048577 5.26123e-21)
(0.99117 0.0097371 1.83021e-21)
(0.985003 0.0132891 -1.52533e-21)
(0.974465 0.0203615 3.45147e-21)
(0.964187 0.0257341 1.83146e-21)
(0.949491 0.0362449 -4.29608e-22)
(0.935201 0.0448049 -1.33082e-21)
(0.916284 0.0605532 -9.26615e-22)
(0.898156 0.0739472 3.58301e-22)
(0.875282 0.097468 -7.2126e-21)
(0.854008 0.117494 2.76888e-21)
(0.828163 0.152483 7.9518e-21)
(0.805195 0.179764 -4.86685e-21)
(0.779356 0.233336 1.48648e-21)
(0.998928 0.00230327 9.41002e-23)
(0.997675 0.00528379 1.11884e-23)
(0.991179 0.0105889 -4.17451e-22)
(0.98519 0.0144595 1.29889e-21)
(0.974628 0.0220727 -1.71173e-21)
(0.964627 0.0279566 -1.15427e-21)
(0.95001 0.0392792 -3.64931e-21)
(0.936208 0.048605 8.3736e-22)
(0.917592 0.0655681 7.11829e-21)
(0.900381 0.08003 -8.70352e-21)
(0.87828 0.105334 5.45451e-21)
(0.858709 0.126697 4.45722e-21)
(0.834558 0.164191 1.05596e-21)
(0.814575 0.192898 -6.13755e-21)
(0.79207 0.249855 9.61723e-21)
(0.998892 0.00247394 6.00255e-22)
(0.997749 0.00571102 -2.38773e-21)
(0.991192 0.0114257 -3.044e-22)
(0.985389 0.0156266 -4.20816e-22)
(0.974812 0.0237695 1.70026e-21)
(0.9651 0.0301732 -7.02567e-22)
(0.950579 0.0422857 2.29317e-21)
(0.937294 0.0523855 3.0546e-22)
(0.919013 0.0705213 -5.4077e-21)
(0.90278 0.0860438 8.57044e-21)
(0.881507 0.11305 -7.03676e-21)
(0.863771 0.135672 -7.67772e-21)
(0.841422 0.175526 9.25197e-21)
(0.824639 0.205414 -1.29247e-21)
(0.805677 0.265453 8.45254e-21)
(0.998854 0.00264196 5.91814e-22)
(0.997827 0.00613228 -7.82641e-22)
(0.991212 0.0122431 1.22068e-21)
(0.985602 0.01679 -1.16849e-21)
(0.975016 0.0254515 1.78999e-21)
(0.965611 0.0323832 -1.24781e-21)
(0.951204 0.0452641 -5.67464e-23)
(0.938463 0.0561461 -6.7022e-21)
(0.920553 0.0754102 8.84453e-21)
(0.905356 0.0919892 -9.26422e-21)
(0.884973 0.120604 7.53616e-21)
(0.869197 0.144412 -1.67762e-21)
(0.848746 0.186458 -8.39585e-21)
(0.835374 0.21726 1.60613e-21)
(0.820146 0.280072 1.00528e-20)
(0.998815 0.0028082 -1.69311e-21)
(0.997912 0.00652814 -2.47513e-22)
(0.991238 0.0130474 6.95572e-22)
(0.985832 0.0179486 1.03055e-21)
(0.975245 0.0271165 -1.19734e-21)
(0.966165 0.0345833 1.20312e-21)
(0.951892 0.0482113 7.50979e-22)
(0.939724 0.0598835 1.74279e-21)
(0.922228 0.0802303 -8.82202e-21)
(0.908122 0.0978643 1.1889e-21)
(0.888692 0.127981 5.28669e-21)
(0.874996 0.152911 -5.06694e-21)
(0.856529 0.196951 -2.91528e-21)
(0.846781 0.228376 4.11324e-21)
(0.835459 0.293664 -1.96196e-21)
(0.998772 0.00297049 2.97884e-22)
(0.998003 0.00695297 -1.98241e-21)
(0.991273 0.01384 -1.51832e-21)
(0.986085 0.0190981 -1.68237e-21)
(0.975503 0.0287585 1.14347e-21)
(0.966773 0.0367634 -5.73036e-22)
(0.952655 0.051115 -2.24214e-21)
(0.941099 0.06358 4.14998e-21)
(0.924059 0.0849616 -1.27691e-21)
(0.911105 0.103648 7.86859e-21)
(0.8927 0.135153 -2.75351e-21)
(0.881198 0.161154 -1.39148e-21)
(0.864787 0.206958 -2.8871e-21)
(0.858883 0.238699 1.17856e-20)
(0.851618 0.306187 1.27465e-21)
(0.998729 0.00312798 1.44132e-21)
(0.998102 0.0074123 7.51112e-22)
(0.991314 0.0146273 1.69184e-21)
(0.986367 0.0202473 -6.21143e-22)
(0.975796 0.0303903 -2.59231e-22)
(0.967455 0.0389391 -5.73296e-22)
(0.95351 0.0539948 2.35486e-21)
(0.942626 0.0672559 -4.49204e-21)
(0.926088 0.0896275 4.04402e-21)
(0.914368 0.109362 1.40661e-21)
(0.897066 0.142138 2.18599e-21)
(0.887879 0.169178 -2.37678e-21)
(0.873584 0.216473 -8.00009e-21)
(0.871771 0.248219 1.4786e-20)
(0.868694 0.317743 -1.68526e-20)
(0.998683 0.00328596 -1.19376e-21)
(0.99821 0.00785898 1.65434e-22)
(0.991368 0.0154254 6.12057e-22)
(0.986691 0.0214352 -1.35965e-21)
(0.97614 0.0320752 2.33186e-21)
(0.968242 0.0412108 -1.30256e-21)
(0.954493 0.0569879 -2.04475e-21)
(0.944374 0.0710974 2.37913e-21)
(0.928388 0.094447 -4.29542e-21)
(0.91804 0.115265 5.23917e-21)
(0.901933 0.149161 -7.55123e-21)
(0.895235 0.177205 7.74785e-21)
(0.883116 0.225476 2.47217e-21)
(0.885754 0.256885 -9.88141e-21)
(0.886937 0.328373 2.24506e-21)
(0.998635 0.00344038 1.76315e-22)
(0.998335 0.00828035 -5.39934e-23)
(0.991448 0.0161812 3.47444e-22)
(0.987078 0.022565 2.68895e-22)
(0.97657 0.0336728 -5.49947e-22)
(0.969193 0.0433795 1.58666e-21)
(0.95568 0.0598345 2.42705e-21)
(0.946475 0.0747682 -5.46434e-21)
(0.931115 0.0990021 3.3654e-21)
(0.922391 0.120827 -2.35596e-21)
(0.907596 0.15556 -5.01349e-21)
(0.903737 0.184347 1.58617e-21)
(0.893931 0.232702 7.1089e-21)
(0.901899 0.263612 2.17703e-21)
(0.907727 0.335404 -5.52819e-21)
)
;

boundaryField
{
    inlet
    {
        type            uniformFixedValue;
        uniformValue    constant (1 0 0);
        value           uniform (1 0 0);
    }
    outlet
    {
        type            pressureInletOutletVelocity;
        value           nonuniform 0();
    }
    cylinder
    {
        type            fixedValue;
        value           uniform (0 0 0);
    }
    top
    {
        type            symmetryPlane;
    }
    bottom
    {
        type            symmetryPlane;
    }
    defaultFaces
    {
        type            empty;
    }
    procBoundary2to0
    {
        type            processor;
        value           nonuniform List<vector> 
26
(
(0.0181083 0.0134089 1.78219e-21)
(0.082051 0.0247312 -4.91627e-21)
(0.179784 0.0269189 -5.58552e-21)
(0.179784 0.0269189 -5.58552e-21)
(0.272671 -0.0252684 -5.36402e-21)
(0.35665 -0.0226006 4.74123e-21)
(0.431689 -0.0200189 2.38808e-21)
(0.498585 -0.0177382 -3.83782e-21)
(0.558326 -0.0157391 -4.48998e-21)
(0.611687 -0.0139713 6.69841e-22)
(0.659368 -0.0123971 -1.89712e-21)
(0.999215 -9.61334e-05 -8.42946e-23)
(0.997166 -0.000210445 8.25055e-23)
(0.991248 -0.000440193 -1.06882e-22)
(0.983926 -0.000580846 -1.51784e-22)
(0.973664 -0.000905225 1.42284e-22)
(0.961656 -0.00112962 2.25828e-22)
(0.946697 -0.00161144 1.56603e-22)
(0.929506 -0.00198419 -9.45623e-23)
(0.908945 -0.0026992 3.76931e-22)
(0.885635 -0.00331623 6.91844e-23)
(0.858237 -0.00438934 1.77177e-22)
(0.827477 -0.00536166 2.46623e-22)
(0.79182 -0.00699937 -5.12922e-24)
(0.751979 -0.00839042 -1.78623e-22)
(0.706742 -0.0109864 -2.88669e-23)
)
;
    }
    procBoundary2to3
    {
        type            processor;
        value           nonuniform List<vector> 
50
(
(-0.0184704 0.0146532 -1.68126e-20)
(-0.0244296 0.0243314 1.15236e-20)
(-0.0244296 0.0243314 1.15236e-20)
(0.0163678 0.0229274 -1.33625e-21)
(0.0368086 0.018116 4.49551e-20)
(0.0368086 0.018116 4.49551e-20)
(0.168066 0.0176003 -1.87011e-20)
(0.168066 0.0176003 -1.87011e-20)
(0.392448 0.0341308 1.66684e-20)
(0.392448 0.0341308 1.66684e-20)
(0.600576 0.0628432 -5.56035e-20)
(0.900812 0.118859 -9.03121e-21)
(0.900812 0.118859 -9.03121e-21)
(1.13037 0.173128 -2.46229e-20)
(1.13037 0.173128 -2.46229e-20)
(1.25314 0.209626 1.87219e-20)
(1.25314 0.209626 1.87219e-20)
(1.28774 0.212275 -8.1494e-21)
(1.2986 0.224495 -2.9479e-21)
(1.2986 0.224495 -2.9479e-21)
(1.29553 0.222773 5.8004e-21)
(1.28915 0.219294 8.66215e-22)
(1.28084 0.214518 -7.63439e-21)
(1.27167 0.208636 2.97838e-21)
(1.2625 0.202044 2.05373e-22)
(1.25386 0.195066 7.31173e-22)
(1.24583 0.18781 -2.95031e-21)
(1.23827 0.180297 -9.55354e-22)
(1.23109 0.172578 2.33387e-21)
(1.22422 0.164691 1.11479e-21)
(1.21761 0.156666 -7.68219e-23)
(1.21122 0.148527 8.30017e-22)
(1.20503 0.14031 -1.48212e-21)
(1.19901 0.132039 -1.74088e-21)
(1.19901 0.132039 -1.74088e-21)
(1.19672 0.123148 -3.829e-22)
(1.19087 0.114923 5.82504e-22)
(1.1852 0.106673 -1.19665e-21)
(1.17972 0.0984146 5.44626e-22)
(1.17444 0.090152 1.05469e-22)
(1.16938 0.0818869 -2.69416e-22)
(1.16456 0.0736161 -6.05346e-23)
(1.16002 0.0653311 5.95101e-22)
(1.15579 0.0570167 -6.73362e-23)
(1.15193 0.0486544 -1.87703e-22)
(1.1485 0.0402096 -3.93868e-22)
(1.14556 0.0316575 1.34752e-22)
(1.14319 0.0229235 3.14981e-22)
(1.14148 0.0139957 2.89846e-22)
(1.1405 0.00473771 1.66799e-22)
)
;
    }
}


// ************************************************************************* //
