/*--------------------------------*- C++ -*----------------------------------*\
  =========                 |
  \\      /  F ield         | OpenFOAM: The Open Source CFD Toolbox
   \\    /   O peration     | Website:  https://openfoam.org
    \\  /    A nd           | Version:  7
     \\/     M anipulation  |
\*---------------------------------------------------------------------------*/
FoamFile
{
    version     2.0;
    format      ascii;
    class       volVectorField;
    location    "135";
    object      U;
}
// * * * * * * * * * * * * * * * * * * * * * * * * * * * * * * * * * * * * * //

dimensions      [0 1 -1 0 0 0 0];

internalField   nonuniform List<vector> 
2125
(
(-0.0147285 0.0111996 -7.62687e-20)
(-0.0134116 0.00973165 2.75979e-20)
(-0.00230256 0.0119164 2.98222e-20)
(-0.011358 0.00798054 -1.87028e-20)
(0.0083676 0.00785227 -1.3905e-20)
(-0.00847624 0.00602424 3.90972e-20)
(0.0217327 0.00346921 -1.09273e-20)
(0.102114 -0.000244873 -6.49056e-21)
(-0.00465827 0.00393741 -1.4405e-20)
(0.0380551 -0.000957281 -8.55824e-20)
(0.136436 -0.00366019 8.93106e-21)
(0.289897 -0.00132894 3.07471e-20)
(0.000215559 0.00179557 -1.57745e-20)
(0.0575726 -0.00514123 3.03922e-20)
(0.175836 -0.00601486 3.96039e-20)
(0.351958 0.00132803 -2.84418e-20)
(0.57309 0.0209357 1.05036e-20)
(0.807165 0.0504693 -6.40265e-20)
(0.00626803 -0.000319528 -2.03672e-20)
(0.0804753 -0.00878473 -6.85373e-21)
(0.22029 -0.00681428 -7.17203e-20)
(0.419013 0.00669807 -1.12053e-20)
(0.655846 0.0339728 -1.1826e-21)
(0.890503 0.0691699 3.83826e-21)
(1.08235 0.102065 6.5745e-21)
(0.0136151 -0.00231497 -5.30914e-21)
(0.106883 -0.011576 2.49168e-20)
(0.269569 -0.00558635 3.50527e-20)
(0.489921 0.0151582 2.19e-20)
(0.738009 0.0500373 -6.48677e-21)
(0.967455 0.0896249 -5.32157e-21)
(1.14154 0.122803 5.23042e-20)
(1.25013 0.143835 6.80072e-21)
(0.0223557 -0.00408329 5.08101e-20)
(0.136822 -0.0131895 3.28771e-20)
(0.32322 -0.00189877 -3.3293e-20)
(0.563253 0.0269167 -6.62029e-21)
(0.817554 0.0688603 3.43025e-21)
(1.03677 0.111392 -1.24947e-20)
(1.19102 0.143594 -2.68433e-20)
(1.27913 0.161806 -4.42543e-21)
(1.31703 0.168417 3.19824e-22)
(1.32525 0.163929 1.04389e-20)
(0.0325624 -0.00550134 6.2552e-21)
(0.170211 -0.0132895 -1.79274e-20)
(0.380562 0.00461963 4.24209e-20)
(0.637421 0.042012 2.75817e-20)
(0.892754 0.0900816 8.13513e-22)
(1.0978 0.134081 1.94129e-20)
(1.23137 0.164242 2.85965e-21)
(1.30055 0.179169 -2.00779e-20)
(1.32519 0.18237 1.66394e-20)
(1.32594 0.176136 3.79274e-23)
(0.0442732 -0.00643158 -4.18861e-20)
(0.206843 -0.01154 -1.23314e-20)
(0.440716 0.0142561 -1.11403e-20)
(0.71081 0.0603353 -1.93344e-20)
(0.962279 0.113311 4.52355e-21)
(1.15034 0.157368 9.36093e-23)
(1.2634 0.184627 1.47449e-20)
(1.31559 0.195979 -2.42396e-21)
(1.32927 0.195888 -1.72036e-20)
(1.32427 0.188067 -1.56379e-20)
(0.0574855 -0.00672554 3.40222e-21)
(0.246388 -0.00761807 1.99556e-20)
(0.50264 0.0271951 9.65468e-21)
(0.781908 0.0816667 -3.01083e-20)
(1.02522 0.138168 -1.4975e-21)
(1.19457 0.181 -1.28341e-20)
(1.28799 0.20469 3.25905e-22)
(1.32531 0.21231 5.92358e-21)
(1.33013 0.209086 -6.43651e-21)
(1.32079 0.19982 1.77458e-20)
(0.0721513 -0.00622884 7.99718e-21)
(0.288387 -0.00123187 -1.95291e-20)
(0.565198 0.0435085 -4.60584e-20)
(0.849398 0.105714 4.23571e-20)
(1.08104 0.164301 -3.14699e-21)
(1.2309 0.20478 9.29687e-21)
(1.30606 0.224407 -1.24819e-21)
(1.33063 0.228243 8.73872e-21)
(1.32842 0.222063 -6.89666e-22)
(1.31584 0.211458 -1.37298e-20)
(0.088175 -0.00478756 -1.62917e-20)
(0.332269 0.00786108 2.54149e-20)
(0.627221 0.0631569 2.09591e-20)
(0.912211 0.132142 -3.01879e-20)
(1.12952 0.191393 -4.98742e-21)
(1.25989 0.228559 1.89956e-21)
(1.31846 0.24378 1.88115e-20)
(1.3323 0.243851 9.13477e-22)
(1.32462 0.234887 3.54254e-21)
(1.30968 0.223016 -7.61293e-21)
(0.105413 -0.00225517 1.23597e-20)
(0.377365 0.0198373 -1.11019e-20)
(0.687578 0.0860001 -9.44577e-21)
(0.969535 0.160598 1.61576e-20)
(1.17068 0.219163 5.56277e-21)
(1.28214 0.252223 4.17295e-21)
(1.32594 0.26282 -1.91587e-20)
(1.33092 0.259192 -6.46205e-21)
(1.31908 0.247603 -5.71085e-21)
(1.30246 0.2345 2.50807e-21)
(0.123674 0.00150015 -6.16754e-21)
(0.422941 0.0347947 -1.40256e-22)
(0.745226 0.111813 1.78759e-20)
(1.02081 0.190725 -6.54297e-21)
(1.20469 0.247361 -2.88194e-21)
(1.29827 0.275681 -1.89041e-21)
(1.32917 0.281538 4.62498e-21)
(1.32697 0.274304 7.89554e-21)
(1.31205 0.260227 -2.52034e-22)
(1.29428 0.245897 2.79432e-21)
(0.142725 0.00658848 4.34669e-21)
(0.468225 0.0527457 -1.2187e-21)
(0.799251 0.140303 -3.20196e-21)
(1.06567 0.222167 -2.89523e-21)
(1.23186 0.275762 2.59497e-21)
(1.30888 0.298856 2.00671e-21)
(1.32871 0.299934 -1.84246e-21)
(1.32081 0.289202 6.54645e-22)
(1.30369 0.272753 9.08553e-22)
(1.28518 0.257173 -1.18801e-21)
(0.162298 0.0130917 2.33748e-21)
(0.512437 0.073616 6.65303e-22)
(0.848886 0.171127 -3.97101e-21)
(1.10396 0.254576 -3.15754e-21)
(1.25255 0.304162 3.27643e-21)
(1.31453 0.321674 6.38515e-22)
(1.32502 0.317997 -1.45722e-21)
(1.31271 0.303879 1.36129e-21)
(1.29411 0.285149 7.46018e-22)
(1.2752 0.268283 -8.38608e-22)
(0.182095 0.0210581 -9.14638e-22)
(0.554823 0.0972475 1.85512e-21)
(0.893521 0.203904 1.22358e-20)
(1.13564 0.287614 -5.41498e-21)
(1.26716 0.332368 -2.63751e-21)
(1.3157 0.34406 -2.94067e-21)
(1.31846 0.335699 5.97449e-21)
(1.30285 0.318307 3.94225e-21)
(1.28337 0.297364 3.10102e-21)
(1.26437 0.279171 1.64744e-21)
(0.201798 0.0304987 1.87218e-20)
(0.594678 0.123406 -1.02645e-20)
(0.932697 0.238229 -1.1661e-20)
(1.16079 0.320951 1.57799e-20)
(1.27608 0.360197 8.23584e-21)
(1.31282 0.365935 -5.38256e-22)
(1.30934 0.352995 -9.92776e-21)
(1.29138 0.332434 -7.09141e-21)
(1.27153 0.309327 -7.21424e-21)
(1.25272 0.289773 4.1998e-21)
(0.221081 0.0413853 -2.53195e-20)
(0.63137 0.151792 2.37371e-20)
(0.966096 0.27368 2.72166e-20)
(1.17956 0.354267 -2.66945e-20)
(1.27971 0.387472 -9.17615e-21)
(1.30628 0.38721 5.80031e-21)
(1.29788 0.369822 1.04134e-20)
(1.2784 0.346189 1.59653e-21)
(1.25862 0.320949 -2.41669e-22)
(1.24024 0.300019 -5.64227e-21)
(0.239616 0.0536497 -3.63391e-21)
(0.66435 0.182048 -3.33662e-20)
(0.993523 0.30983 -3.56148e-20)
(1.19217 0.387251 3.96748e-20)
(1.27845 0.414017 -4.47863e-21)
(1.29641 0.407788 8.04709e-21)
(1.28428 0.386104 1.53252e-21)
(1.26397 0.359486 -4.37005e-21)
(1.24462 0.332133 2.33635e-21)
(1.22682 0.309841 -2.62064e-22)
(0.257086 0.0671855 7.37946e-21)
(0.693162 0.213775 2.06501e-20)
(1.0149 0.346248 1.16762e-20)
(1.19889 0.419604 -9.18853e-21)
(1.27264 0.439657 -1.4051e-20)
(1.28348 0.427563 -1.29313e-20)
(1.26869 0.401753 -2.56045e-21)
(1.24816 0.372243 6.60826e-21)
(1.2295 0.34281 -1.38862e-21)
(1.21226 0.319152 3.11957e-21)
(0.273192 0.0818507 -2.78336e-20)
(0.717453 0.246539 -2.58932e-20)
(1.03023 0.382504 -4.05402e-21)
(1.2 0.451033 -4.59399e-21)
(1.26263 0.464219 -1.02535e-20)
(1.26775 0.446417 6.17755e-21)
(1.25125 0.416666 -1.12955e-21)
(1.23101 0.384382 -5.76497e-21)
(1.21327 0.352993 5.19652e-21)
(1.19648 0.3278 -7.11672e-21)
(0.287659 0.0974712 6.69599e-21)
(0.736968 0.279888 2.19146e-20)
(1.03961 0.418179 1.8901e-20)
(1.19582 0.481258 2.04176e-20)
(1.24876 0.487526 4.87586e-22)
(1.24944 0.464223 1.72715e-20)
(1.23206 0.430726 1.02434e-21)
(1.21259 0.395794 -1.94184e-20)
(1.19603 0.362694 1.35689e-20)
(1.18005 0.335687 4.91805e-21)
(0.300248 0.113845 1.80099e-20)
(0.751549 0.313362 4.00019e-20)
(1.04319 0.452863 -5.3046e-21)
(1.18666 0.510009 -2.5633e-20)
(1.23131 0.509406 1.14679e-20)
(1.22874 0.48085 -1.17211e-20)
(1.21122 0.443811 -1.51191e-20)
(1.19298 0.406346 -1.04015e-21)
(1.17774 0.371622 -1.09488e-20)
(1.16312 0.343 4.07811e-21)
(0.310756 0.130748 8.36852e-21)
(0.761126 0.346502 6.06314e-21)
(1.04118 0.486165 4.92884e-20)
(1.17285 0.537024 9.08319e-21)
(1.21059 0.529688 -7.79501e-21)
(1.20584 0.496161 -3.97788e-21)
(1.18889 0.455795 2.27681e-20)
(1.17221 0.415959 1.82065e-20)
(1.15843 0.379666 8.78439e-21)
(1.14548 0.349489 -1.08713e-21)
(0.319024 0.147938 1.72165e-21)
(0.765708 0.378856 -4.07493e-20)
(1.03385 0.51771 -5.78058e-20)
(1.15476 0.562056 1.65751e-21)
(1.18686 0.548201 1.09378e-20)
(1.18095 0.510009 -1.49626e-20)
(1.16516 0.466549 -3.27152e-20)
(1.15031 0.424519 -9.42489e-21)
(1.13821 0.38673 -5.34971e-22)
(1.12713 0.355075 3.64084e-21)
(0.324933 0.165166 -1.44381e-20)
(0.76538 0.40999 3.61348e-20)
(1.0215 0.54715 3.45672e-20)
(1.13271 0.584871 -3.12849e-20)
(1.16041 0.56477 4.81707e-21)
(1.15424 0.522255 3.49667e-20)
(1.14012 0.475951 -7.05579e-21)
(1.12738 0.431913 6.01349e-21)
(1.11714 0.392722 -2.39149e-21)
(1.1081 0.35966 -3.0383e-21)
(0.328411 0.182175 -3.22437e-20)
(0.760304 0.439484 -5.70507e-20)
(1.00452 0.574178 -1.11109e-20)
(1.10701 0.605245 1.80119e-20)
(1.13147 0.579229 1.69892e-20)
(1.12587 0.53275 -3.43841e-20)
(1.11388 0.483876 1.78817e-20)
(1.10349 0.438033 -8.25816e-21)
(1.09529 0.397548 5.95348e-21)
(1.08847 0.363179 4.4251e-22)
(0.329433 0.198709 2.46353e-20)
(0.750726 0.466932 1.89246e-21)
(0.983248 0.598515 -5.4338e-21)
(1.07793 0.62296 -2.17525e-20)
(1.10033 0.591416 1.32879e-20)
(1.09604 0.541354 3.28349e-21)
(1.08657 0.490206 -9.25387e-21)
(1.07875 0.442777 2.28451e-21)
(1.07273 0.401115 -1.02802e-21)
(1.06833 0.365558 -3.97053e-22)
(0.32804 0.214525 -6.5872e-21)
(0.736963 0.491991 -8.93471e-21)
(0.957825 0.619808 2.31347e-20)
(1.0459 0.63788 1.06476e-20)
(1.06731 0.601159 -1.41333e-20)
(1.06492 0.54795 1.78098e-20)
(1.05834 0.494832 1.7222e-21)
(1.05327 0.446049 2.40156e-21)
(1.04956 0.403326 2.81185e-21)
(1.04775 0.366707 5.19519e-22)
(0.324323 0.229371 4.2375e-20)
(0.719323 0.514504 3.26325e-20)
(0.928462 0.637701 -2.6947e-21)
(1.01137 0.649761 -4.62711e-21)
(1.03264 0.608359 -5.55094e-21)
(1.03271 0.552422 -2.56264e-21)
(1.02931 0.497654 2.34693e-21)
(1.02716 0.447767 9.77459e-22)
(1.02586 0.404088 -2.26123e-21)
(1.02681 0.366532 -4.31233e-21)
(0.318355 0.242898 2.88185e-21)
(0.697906 0.534143 5.27054e-21)
(0.895932 0.652283 -2.86003e-20)
(0.974739 0.658368 1.22033e-20)
(0.996606 0.612899 1.78721e-21)
(0.999595 0.55467 -3.45861e-21)
(0.999646 0.498581 1.60324e-21)
(1.00052 0.447856 1.15649e-21)
(1.00176 0.403335 -4.1502e-21)
(1.00572 0.36498 5.39407e-21)
(0.310127 0.254847 -1.61065e-20)
(0.672934 0.550361 -1.12127e-20)
(0.860784 0.663318 8.3424e-21)
(0.936305 0.663689 1.37291e-21)
(0.959454 0.61468 -5.01296e-21)
(0.965777 0.554599 3.50502e-21)
(0.969476 0.497525 2.63158e-21)
(0.973473 0.44623 -1.03226e-20)
(0.977505 0.401003 2.41513e-20)
(0.985112 0.362085 9.52528e-21)
(0.29987 0.265019 -1.18465e-20)
(0.644962 0.562941 2.72747e-20)
(0.823312 0.670579 -1.64709e-20)
(0.896395 0.665636 -2.97173e-21)
(0.921448 0.61362 -1.50203e-21)
(0.93144 0.552132 -2.297e-21)
(0.938916 0.494403 -8.85626e-21)
(0.94613 0.442759 4.64443e-21)
(0.953513 0.396909 -1.26641e-21)
(0.965663 0.357899 -4.4219e-21)
(0.287829 0.27338 -1.43968e-21)
(0.614423 0.571768 -8.23904e-21)
(0.783929 0.673884 3.291e-21)
(0.855359 0.66413 -9.80908e-22)
(0.882854 0.609659 6.09563e-21)
(0.896769 0.547218 5.2496e-21)
(0.908093 0.489169 1.64925e-20)
(0.918685 0.437341 -1.2175e-20)
(0.930132 0.390687 -2.31295e-20)
(0.946678 0.351797 9.69197e-21)
(0.27414 0.279735 -1.19431e-21)
(0.581765 0.576711 -2.76549e-21)
(0.743059 0.673136 1.08661e-21)
(0.813546 0.659111 8.16548e-21)
(0.843936 0.602757 -1.31742e-20)
(0.861962 0.539827 -2.08439e-20)
(0.877194 0.481819 -6.27156e-21)
(0.891405 0.43009 -1.41216e-21)
(0.907356 0.382507 3.04939e-20)
(0.925391 0.340068 -6.81915e-21)
(0.25902 0.283938 2.46644e-21)
(0.547425 0.577666 -3.86407e-21)
(0.70113 0.668284 -3.39423e-23)
(0.771307 0.650542 6.47751e-22)
(0.804962 0.592888 -8.78224e-21)
(0.827235 0.529933 3.92223e-20)
(0.846474 0.472325 -2.70645e-20)
(0.8645 0.421092 3.23028e-20)
(0.884135 0.374234 -2.27252e-20)
(0.901992 0.333226 -2.99128e-20)
(0.242715 0.285882 -1.90188e-21)
(0.511832 0.574558 -4.09725e-22)
(0.658567 0.659311 2.14114e-22)
(0.728987 0.638418 1.39702e-20)
(0.766198 0.580046 -5.51519e-21)
(0.792815 0.51752 8.42278e-21)
(0.816138 0.460637 1.59496e-20)
(0.837999 0.410078 -8.40463e-21)
(0.860831 0.363775 -2.14511e-20)
(0.879743 0.323072 2.97761e-20)
(0.225478 0.285487 1.17908e-20)
(0.475417 0.567353 1.57234e-20)
(0.61579 0.646232 -1.48197e-20)
(0.686928 0.622758 -1.31722e-20)
(0.72791 0.564245 4.49327e-20)
(0.758921 0.5026 -4.54203e-20)
(0.786338 0.446801 5.41077e-20)
(0.811928 0.397268 -1.36175e-20)
(0.837679 0.35206 1.45782e-20)
(0.858301 0.312522 2.69048e-20)
(0.207568 0.282703 -4.52762e-21)
(0.438606 0.556052 -1.50845e-20)
(0.573206 0.629089 -8.61627e-21)
(0.645462 0.603607 -4.92176e-21)
(0.690363 0.54552 5.16341e-21)
(0.725773 0.485198 -1.16264e-20)
(0.757246 0.430825 -1.62189e-20)
(0.786443 0.382602 -3.49074e-20)
(0.814998 0.338736 3.45567e-20)
(0.837716 0.300566 -1.12622e-20)
(0.189246 0.277509 2.71757e-20)
(0.40182 0.540698 -3.12046e-21)
(0.531214 0.607958 -1.20446e-20)
(0.604912 0.581036 1.57249e-20)
(0.653815 0.523927 -2.82123e-20)
(0.69358 0.465359 7.47549e-20)
(0.729028 0.412758 -3.97543e-20)
(0.761712 0.366159 3.59362e-20)
(0.793007 0.323941 -6.60014e-20)
(0.81802 0.287328 -1.74585e-20)
(0.170772 0.26991 -8.95257e-21)
(0.365471 0.521367 2.87666e-20)
(0.490198 0.582943 6.87547e-21)
(0.565594 0.555139 -1.44658e-20)
(0.618516 0.499542 -2.48786e-20)
(0.662549 0.443144 -1.03025e-21)
(0.701858 0.392651 1.32643e-20)
(0.737899 0.347973 -3.22659e-20)
(0.771861 0.307656 1.59564e-20)
(0.799259 0.272751 2.132e-21)
(0.152404 0.259941 -4.67595e-20)
(0.329956 0.49817 -1.15539e-20)
(0.450527 0.554175 -3.12955e-21)
(0.527806 0.526032 3.71133e-20)
(0.58471 0.472461 -3.43514e-20)
(0.632879 0.418635 -9.00144e-21)
(0.675906 0.370575 -5.40867e-21)
(0.715162 0.328105 1.00785e-20)
(0.751699 0.289925 -1.26033e-20)
(0.781504 0.256873 -1.96861e-20)
(0.134394 0.247661 4.10035e-20)
(0.295656 0.471253 -2.32129e-20)
(0.412553 0.521814 1.19651e-21)
(0.491837 0.493857 -5.61676e-20)
(0.552627 0.4428 6.07935e-20)
(0.604765 0.391926 -1.91988e-20)
(0.651337 0.346612 1.15056e-20)
(0.693646 0.306621 9.9491e-21)
(0.732645 0.270792 2.88642e-20)
(0.764829 0.239741 -1.17729e-20)
(0.116983 0.233155 -1.6732e-20)
(0.262936 0.440792 4.80722e-20)
(0.376608 0.486046 2.7035e-20)
(0.457956 0.458775 4.40278e-20)
(0.522489 0.410691 -1.02198e-20)
(0.578391 0.363131 4.09644e-21)
(0.628309 0.32086 3.28915e-20)
(0.673491 0.283602 7.28396e-21)
(0.714814 0.250323 7.00413e-22)
(0.749312 0.221425 -1.40257e-20)
(0.100403 0.216531 -3.80126e-20)
(0.232135 0.406993 -2.83395e-21)
(0.343005 0.447081 -1.57894e-20)
(0.42642 0.420967 -7.06259e-20)
(0.494502 0.376287 -6.81154e-20)
(0.55393 0.332379 1.13967e-20)
(0.606971 0.293427 -2.79427e-20)
(0.654825 0.25914 1.77345e-20)
(0.698316 0.228595 9.6402e-21)
(0.735028 0.202003 2.02524e-20)
(0.0848726 0.197922 5.54934e-20)
(0.203572 0.370088 -4.53641e-20)
(0.312031 0.405154 -2.29641e-20)
(0.397464 0.380634 4.08121e-20)
(0.468861 0.339756 4.62444e-20)
(0.531546 0.299811 -1.52469e-20)
(0.587463 0.264437 -1.93126e-21)
(0.63777 0.233339 -5.5283e-20)
(0.683255 0.205698 -3.12559e-20)
(0.722049 0.181565 1.18883e-20)
(0.0705925 0.177477 -3.1516e-20)
(0.177538 0.330336 1.32878e-20)
(0.283952 0.360518 4.86611e-20)
(0.371304 0.337995 -2.16903e-20)
(0.445742 0.301281 1.65279e-21)
(0.511389 0.265584 6.1451e-20)
(0.569913 0.234023 2.87007e-21)
(0.622436 0.206313 5.28051e-20)
(0.669727 0.181732 2.20102e-20)
(0.710444 0.160207 -3.49621e-20)
(0.057748 0.155369 4.3376e-20)
(0.154298 0.288018 4.74645e-21)
(0.259006 0.313447 3.12104e-21)
(0.348137 0.293285 4.42568e-20)
(0.425308 0.26106 -5.94407e-21)
(0.493596 0.229867 -3.85123e-20)
(0.554437 0.202331 1.88339e-20)
(0.608927 0.178186 -3.00621e-20)
(0.657821 0.156806 -1.25936e-20)
(0.700273 0.138031 1.27004e-20)
(0.0465041 0.131783 -2.70675e-20)
(0.134088 0.243434 -5.18501e-20)
(0.237406 0.264233 1.19257e-20)
(0.328137 0.246754 -2.33645e-20)
(0.407702 0.219303 -1.41477e-20)
(0.478287 0.19284 3.41547e-20)
(0.541141 0.169516 -8.26589e-21)
(0.597332 0.149093 7.66492e-21)
(0.647616 0.131038 -9.28658e-21)
(0.691594 0.115145 1.83841e-20)
(0.0370057 0.106922 9.72783e-21)
(0.117111 0.196904 3.48412e-20)
(0.219337 0.213182 -4.82889e-20)
(0.311455 0.198662 2.28434e-20)
(0.39305 0.176231 -1.03945e-20)
(0.46557 0.154692 -2.92236e-20)
(0.530115 0.135742 2.38073e-20)
(0.587731 0.119174 5.00954e-21)
(0.639181 0.104553 -7.74644e-22)
(0.684454 0.0916572 -2.13693e-20)
(0.0293754 0.0810016 3.16334e-21)
(0.103541 0.148762 1.1158e-20)
(0.204953 0.160614 4.36023e-20)
(0.298219 0.149283 -8.33519e-21)
(0.381457 0.132077 -6.56418e-21)
(0.455533 0.115622 2.44186e-21)
(0.521436 0.101178 1.03278e-21)
(0.580194 0.0885776 8.87343e-21)
(0.632577 0.0774816 -1.1637e-20)
(0.678893 0.0676857 -7.40249e-21)
(0.023713 0.0542464 -7.93385e-21)
(0.0935182 0.0993555 -1.35854e-20)
(0.19438 0.106857 -3.379e-20)
(0.288533 0.0989006 1.69896e-20)
(0.373008 0.0870784 1.38628e-20)
(0.448251 0.0758333 5.87465e-22)
(0.515167 0.0660014 -2.31323e-20)
(0.574775 0.0574559 -1.02434e-20)
(0.627854 0.0499561 8.14389e-21)
(0.67495 0.0433399 8.6935e-21)
(0.0200942 0.0268903 1.37027e-21)
(0.0871478 0.0490413 -2.82376e-21)
(0.187715 0.0522525 6.42503e-21)
(0.282475 0.0478026 -4.35159e-21)
(0.367769 0.0414813 -3.80883e-21)
(0.443778 0.035538 -2.58552e-21)
(0.511356 0.0303943 4.74824e-21)
(0.571515 0.025966 1.80726e-20)
(0.625046 0.0221099 2.62416e-21)
(0.67264 0.0187078 -4.6464e-21)
(0.280097 -0.00371594 -3.66484e-21)
(0.365785 -0.00446441 3.48766e-21)
(0.442152 -0.00504946 1.57294e-21)
(0.510034 -0.00545758 -1.56746e-21)
(0.570442 -0.00572697 -7.12717e-21)
(0.624164 -0.00589816 2.34471e-21)
(0.671922 -0.0060057 -2.19218e-21)
(1.27022 0.242059 -1.3374e-22)
(1.27918 0.232931 -1.33026e-21)
(1.28745 0.223615 -2.64019e-22)
(1.29502 0.214139 -8.41162e-22)
(1.30183 0.204524 4.66753e-21)
(1.30782 0.19478 -4.41946e-21)
(1.31289 0.184904 2.81284e-21)
(1.31686 0.174872 1.1434e-20)
(1.2576 0.230589 -3.04166e-23)
(1.26635 0.222577 1.13819e-21)
(1.27455 0.214401 9.9738e-22)
(1.28218 0.206082 -4.89041e-21)
(1.28923 0.197637 1.60574e-21)
(1.29567 0.18908 -9.92604e-22)
(1.30143 0.180415 2.77037e-21)
(1.30643 0.171639 -5.39161e-21)
(1.24558 0.218991 3.54734e-22)
(1.2538 0.21195 8.09169e-22)
(1.26163 0.204783 4.72059e-22)
(1.26905 0.197507 2.39533e-21)
(1.27606 0.190139 3.17177e-21)
(1.28264 0.182692 4.6277e-21)
(1.28875 0.175174 -1.29469e-22)
(1.29435 0.167593 8.803e-22)
(1.23477 0.207676 -1.16508e-22)
(1.24237 0.201471 -1.38128e-21)
(1.24966 0.195178 -1.27864e-21)
(1.25667 0.188814 9.39284e-22)
(1.26339 0.18239 -3.57413e-21)
(1.26983 0.175919 -8.32905e-21)
(1.27596 0.169408 3.67919e-21)
(1.28178 0.162866 4.45046e-22)
(1.22509 0.196769 1.4915e-23)
(1.2321 0.191293 6.80652e-22)
(1.23887 0.185748 1.72866e-21)
(1.2454 0.180149 6.50041e-22)
(1.25173 0.174508 -1.34357e-22)
(1.25784 0.168835 2.02776e-21)
(1.26376 0.163137 1.52607e-21)
(1.26947 0.15742 -1.75865e-21)
(1.21622 0.186218 8.15426e-25)
(1.22271 0.181378 7.07649e-22)
(1.22901 0.17648 -1.23211e-21)
(1.23511 0.171536 -9.54952e-22)
(1.24104 0.166555 6.1098e-22)
(1.24679 0.161547 1.33549e-21)
(1.25239 0.156518 -2.36537e-21)
(1.25783 0.151474 -1.11911e-21)
(1.20794 0.175936 6.64364e-23)
(1.21398 0.171658 -7.35705e-22)
(1.21985 0.167331 1.10025e-21)
(1.22557 0.162963 6.93188e-22)
(1.23113 0.158563 1.36858e-21)
(1.23655 0.154139 -5.76446e-22)
(1.24183 0.149698 -3.79577e-21)
(1.24699 0.145246 2.54224e-21)
(1.20012 0.165929 -1.57724e-22)
(1.20575 0.162142 -3.18822e-22)
(1.21124 0.158314 -3.59925e-22)
(1.2166 0.154453 -4.20321e-22)
(1.22184 0.150567 2.32338e-22)
(1.22695 0.146661 1.53372e-21)
(1.23196 0.142742 4.15255e-21)
(1.23686 0.138816 8.61463e-22)
(1.19267 0.156157 7.49237e-23)
(1.19792 0.152805 -1.60295e-23)
(1.20305 0.149419 -1.42721e-22)
(1.20809 0.146006 -6.80803e-22)
(1.21302 0.142572 -1.20789e-21)
(1.21786 0.139122 -1.60769e-21)
(1.22262 0.135663 -1.08327e-21)
(1.22729 0.132196 -1.56578e-21)
(1.18557 0.146598 4.58647e-23)
(1.19046 0.143631 5.6908e-22)
(1.19526 0.140635 4.8852e-23)
(1.19998 0.137616 4.8835e-22)
(1.20462 0.134579 3.15754e-23)
(1.20919 0.131528 -2.23164e-21)
(1.2137 0.128468 -1.514e-22)
(1.21813 0.125402 1.31778e-21)
(1.17874 0.137317 -1.11478e-22)
(1.18329 0.134678 1.42383e-22)
(1.18777 0.132015 -1.59488e-22)
(1.19219 0.129334 -3.18e-22)
(1.19655 0.126638 -4.6525e-22)
(1.20086 0.12393 1.50145e-21)
(1.20512 0.121215 7.18256e-22)
(1.20933 0.118495 -1.23132e-21)
(1.17214 0.128258 3.54733e-23)
(1.17637 0.125908 -4.67166e-22)
(1.18055 0.123538 2.5605e-22)
(1.18468 0.121153 1.8579e-23)
(1.18877 0.118754 5.10872e-22)
(1.19283 0.116345 -5.27457e-22)
(1.19685 0.113929 7.02851e-22)
(1.20083 0.11151 9.55226e-22)
(1.16574 0.119428 2.1667e-23)
(1.16966 0.117332 1.8937e-22)
(1.17356 0.115218 -4.51393e-22)
(1.17742 0.11309 -8.05022e-23)
(1.18125 0.11095 -5.19022e-22)
(1.18505 0.108801 5.82533e-22)
(1.18883 0.106644 -2.22264e-21)
(1.19259 0.104484 -1.34722e-21)
(1.15952 0.11086 -5.22536e-23)
(1.16316 0.108981 5.85839e-23)
(1.16678 0.107087 3.65312e-22)
(1.17038 0.105181 -1.99566e-22)
(1.17396 0.103263 8.37701e-22)
(1.17751 0.101336 -2.97004e-22)
(1.18106 0.0994026 4.39421e-22)
(1.18459 0.0974641 7.64992e-22)
(1.15343 0.102516 4.99872e-23)
(1.15681 0.100831 -1.91211e-23)
(1.16017 0.0991331 -2.88485e-22)
(1.16352 0.0974223 6.76699e-22)
(1.16686 0.0957006 -4.00313e-22)
(1.17018 0.0939696 3.50192e-22)
(1.17349 0.0922308 3.64517e-22)
(1.17679 0.0904858 1.50203e-22)
(1.14751 0.0943905 2.52668e-23)
(1.15064 0.0928817 4.6308e-23)
(1.15376 0.0913588 1.35785e-22)
(1.15687 0.0898231 -4.85404e-22)
(1.15996 0.0882758 -3.21599e-22)
(1.16305 0.0867182 6.48462e-23)
(1.16613 0.0851514 -3.22895e-22)
(1.16921 0.0835768 3.58237e-22)
(1.17228 0.0819956 -1.46636e-21)
(1.14174 0.0865366 -3.753e-23)
(1.14463 0.0851795 -1.0968e-23)
(1.14751 0.0838087 -1.05973e-24)
(1.15039 0.0824252 3.38688e-22)
(1.15325 0.0810299 2.30753e-22)
(1.15612 0.0796237 -1.45811e-22)
(1.15897 0.0782074 -2.91601e-22)
(1.16183 0.0767819 5.01526e-23)
(1.16468 0.0753482 2.23467e-22)
(1.1361 0.0789168 2.51171e-23)
(1.13877 0.0776969 -4.65706e-24)
(1.14143 0.0764635 1.0399e-22)
(1.14408 0.0752175 -1.10868e-22)
(1.14673 0.0739594 -2.58557e-23)
(1.14938 0.0726897 3.10659e-22)
(1.15202 0.071409 1.30684e-22)
(1.15466 0.0701178 -4.25809e-22)
(1.1573 0.0688169 -1.80822e-22)
(1.13062 0.0715439 -2.49767e-23)
(1.13308 0.0704486 -3.20124e-23)
(1.13553 0.0693401 -2.46801e-23)
(1.13797 0.0682189 -1.72319e-23)
(1.14041 0.0670853 -1.84282e-22)
(1.14285 0.0659395 2.02884e-22)
(1.14528 0.0647819 -1.44499e-22)
(1.14771 0.0636128 -3.39419e-22)
(1.15014 0.0624326 5.06652e-22)
(1.1253 0.0644145 -1.09474e-23)
(1.12756 0.0634337 3.07298e-23)
(1.12982 0.06244 -1.16073e-23)
(1.13207 0.0614335 -4.16469e-23)
(1.13431 0.0604145 4.83684e-23)
(1.13655 0.059383 -1.31141e-22)
(1.13878 0.0583392 2.34419e-22)
(1.14101 0.0572831 2.21908e-22)
(1.14323 0.0562148 -3.22759e-23)
(1.12017 0.0575237 1.48902e-23)
(1.12225 0.0566493 -1.76125e-23)
(1.12433 0.0557625 -1.09343e-23)
(1.12639 0.0548632 -4.56944e-23)
(1.12845 0.0539514 1.70193e-23)
(1.1305 0.0530271 4.7627e-23)
(1.13254 0.0520901 -2.39663e-23)
(1.13458 0.0511405 -2.54454e-22)
(1.13661 0.0501781 1.77978e-22)
(1.11527 0.0508628 5.16113e-25)
(1.11718 0.0500892 -1.30929e-23)
(1.11908 0.0493036 -2.15915e-23)
(1.12098 0.0485059 1.42307e-23)
(1.12286 0.047696 6.43594e-23)
(1.12474 0.0468737 -6.80952e-23)
(1.12661 0.0460388 -1.4934e-22)
(1.12847 0.0451912 1.75964e-22)
(1.13031 0.0443306 -2.7314e-22)
(1.11063 0.0444258 -1.05219e-24)
(1.11239 0.0437473 -2.46143e-24)
(1.11414 0.0430579 2.13903e-23)
(1.11587 0.0423571 -4.28339e-24)
(1.1176 0.0416448 -5.30488e-23)
(1.11931 0.0409207 7.79106e-23)
(1.12102 0.0401844 -1.01121e-22)
(1.12271 0.0394357 -6.45677e-23)
(1.12439 0.0386743 2.12957e-22)
(1.1063 0.038186 -2.36614e-24)
(1.10792 0.0376004 7.71263e-24)
(1.10953 0.0370046 1.09995e-23)
(1.11112 0.0363985 -1.16982e-23)
(1.1127 0.0357816 -5.81419e-25)
(1.11427 0.0351537 -6.51338e-23)
(1.11583 0.0345144 -6.89046e-24)
(1.11737 0.0338633 8.13773e-23)
(1.11889 0.0332001 -1.35476e-22)
(1.10235 0.0321208 3.78501e-25)
(1.10384 0.0316268 3.02279e-27)
(1.10533 0.0311235 7.28733e-25)
(1.10679 0.0306107 9.07412e-24)
(1.10825 0.0300883 4.74169e-23)
(1.10968 0.0295558 -3.64086e-23)
(1.1111 0.0290129 2.55262e-23)
(1.1125 0.0284592 2.61547e-24)
(1.11389 0.0278942 -7.63276e-23)
(1.09883 0.0262068 -5.10518e-26)
(1.10022 0.0258018 -6.90844e-26)
(1.10159 0.0253888 1.25044e-24)
(1.10295 0.0249678 -8.87037e-24)
(1.10429 0.0245385 6.96038e-25)
(1.10561 0.0241004 1.19272e-23)
(1.10691 0.0236533 3.12486e-23)
(1.10819 0.0231968 1.2147e-23)
(1.10946 0.0227303 -3.34736e-24)
(1.09582 0.0203988 -1.28802e-24)
(1.09712 0.0200827 5.90753e-25)
(1.0984 0.0197604 -8.286e-25)
(1.09966 0.0194316 3.31469e-24)
(1.10091 0.019096 -9.77344e-24)
(1.10213 0.0187532 1.03473e-23)
(1.10334 0.0184029 1.14043e-23)
(1.10452 0.0180448 -3.26019e-23)
(1.10568 0.0176785 -2.85062e-23)
(1.0934 0.0146333 -3.40999e-25)
(1.09463 0.014406 3.45091e-24)
(1.09584 0.0141743 -1.00473e-24)
(1.09703 0.0139377 -5.41676e-26)
(1.0982 0.0136962 3.35826e-25)
(1.09935 0.0134494 -1.33839e-24)
(1.10048 0.013197 5.52234e-24)
(1.10158 0.0129388 -3.10005e-23)
(1.10266 0.0126743 5.13125e-23)
(1.09168 0.00887438 -2.02892e-26)
(1.09285 0.00873758 -8.92593e-25)
(1.09401 0.00859782 -6.25888e-25)
(1.09515 0.00845492 1.7605e-24)
(1.09627 0.00830873 -1.2795e-24)
(1.09736 0.00815903 -2.33213e-24)
(1.09843 0.00800565 7.0616e-24)
(1.09947 0.00784837 -6.59853e-25)
(1.1005 0.00768698 -9.87151e-24)
(1.09076 0.00295167 -1.78783e-25)
(1.0919 0.00290918 3.9434e-24)
(1.09303 0.00286606 -7.04715e-24)
(1.09413 0.00282215 -1.8212e-24)
(1.09521 0.0027773 3.9501e-24)
(1.09627 0.00273135 3.09661e-24)
(1.09731 0.00268416 9.58362e-26)
(1.09832 0.00263556 -2.62576e-25)
(1.09931 0.00258539 -3.78667e-24)
(0.967586 0.324476 2.14466e-21)
(0.986903 0.324547 -1.59245e-21)
(1.00466 0.325448 4.84747e-21)
(1.02233 0.326157 -1.0009e-21)
(1.0406 0.326283 5.71871e-23)
(1.05878 0.325854 -7.43015e-23)
(1.07651 0.32482 1.21641e-22)
(1.09383 0.323086 -2.59669e-22)
(1.11077 0.320615 9.08917e-23)
(1.12727 0.31742 -2.42016e-21)
(1.14328 0.313523 -1.91757e-21)
(1.15877 0.308961 1.97596e-21)
(1.17381 0.303749 -4.57275e-21)
(1.18812 0.297876 -1.25234e-21)
(1.20188 0.291121 2.35326e-21)
(1.21518 0.283772 -3.14236e-21)
(1.22765 0.276045 5.42401e-22)
(1.23931 0.267992 2.19738e-22)
(1.25027 0.259624 1.1914e-21)
(1.26058 0.250968 1.98332e-22)
(0.981165 0.308943 -3.44978e-21)
(1.0002 0.308807 2.47644e-21)
(1.01765 0.309422 -5.86943e-21)
(1.03345 0.309961 -4.65741e-21)
(1.04954 0.309796 -4.30488e-22)
(1.06578 0.308944 3.03817e-22)
(1.08161 0.307492 -1.67012e-22)
(1.09701 0.305409 7.32151e-22)
(1.11208 0.302672 -1.64322e-21)
(1.1268 0.299308 1.47903e-21)
(1.14114 0.295359 -3.79852e-22)
(1.15503 0.290841 -2.15092e-21)
(1.16849 0.285781 1.78493e-21)
(1.1813 0.280108 -1.23921e-21)
(1.19361 0.273965 3.31361e-22)
(1.20569 0.267437 -7.78446e-22)
(1.21723 0.260573 3.26218e-21)
(1.22814 0.25343 -6.41667e-22)
(1.23849 0.246039 -1.0033e-21)
(1.24831 0.238418 9.65032e-24)
(0.995122 0.29201 -1.77585e-21)
(1.0129 0.292357 -3.62632e-21)
(1.0298 0.292716 1.47754e-21)
(1.04427 0.292865 3.49262e-21)
(1.05854 0.292352 -7.53491e-22)
(1.07314 0.291128 2.4632e-23)
(1.08747 0.289341 -9.40149e-23)
(1.10133 0.287037 6.53716e-22)
(1.11481 0.284199 2.19672e-21)
(1.12796 0.280837 -1.33212e-22)
(1.14074 0.276989 2.60769e-21)
(1.15309 0.272675 -3.9367e-22)
(1.16499 0.267941 -4.38616e-22)
(1.17636 0.262775 1.73793e-22)
(1.18739 0.257385 -2.89061e-21)
(1.19828 0.251589 -1.84865e-21)
(1.20866 0.245477 -1.39048e-21)
(1.21852 0.23914 -3.52233e-22)
(1.22794 0.232606 -7.65938e-22)
(1.23696 0.225884 -3.70564e-22)
(1.0083 0.276493 -3.1951e-21)
(1.02455 0.276843 4.75355e-21)
(1.04039 0.276784 -1.91536e-21)
(1.05366 0.276409 1.04015e-22)
(1.06632 0.275522 -3.63766e-22)
(1.07934 0.274034 5.98344e-22)
(1.09228 0.272044 3.24824e-23)
(1.10478 0.269632 -1.12946e-21)
(1.11687 0.266798 -6.67769e-22)
(1.12866 0.26354 2.28703e-21)
(1.14012 0.259883 -1.36869e-21)
(1.15122 0.255858 2.46403e-21)
(1.16193 0.251513 -1.7685e-22)
(1.17226 0.246858 -1.61386e-21)
(1.1821 0.242022 4.40147e-21)
(1.19166 0.236786 1.91096e-21)
(1.20103 0.231269 -5.3888e-22)
(1.21003 0.225578 7.43699e-22)
(1.21863 0.219745 1.20595e-21)
(1.22686 0.213774 1.40552e-22)
(1.02043 0.261562 5.41918e-21)
(1.03511 0.261605 -3.49187e-21)
(1.04969 0.261114 1.23428e-21)
(1.06182 0.260289 -8.0801e-22)
(1.0731 0.259098 4.25442e-22)
(1.08468 0.257445 -2.64174e-22)
(1.0963 0.255365 1.62943e-23)
(1.10756 0.252931 5.81738e-22)
(1.11842 0.250163 -1.39406e-21)
(1.12898 0.247058 -2.67137e-21)
(1.13926 0.243628 -5.1196e-23)
(1.14924 0.239901 -9.95781e-22)
(1.15888 0.235902 5.62531e-22)
(1.1682 0.231651 -5.90422e-22)
(1.17712 0.227162 -1.29482e-21)
(1.18574 0.2225 5.13133e-23)
(1.19422 0.217642 -3.58919e-22)
(1.20242 0.212612 -1.27862e-21)
(1.21028 0.207445 -4.65558e-22)
(1.21782 0.202158 -5.48922e-23)
(1.03145 0.246792 9.11978e-23)
(1.0446 0.246524 2.68632e-21)
(1.0578 0.245723 7.91817e-22)
(1.06883 0.2446 1.4681e-21)
(1.07892 0.243207 -1.56607e-23)
(1.0892 0.241469 1.37677e-22)
(1.09958 0.239376 -1.32732e-23)
(1.1097 0.236981 2.96478e-22)
(1.11945 0.234315 1.16116e-21)
(1.12891 0.231383 8.41467e-22)
(1.13814 0.228189 6.8545e-22)
(1.14711 0.224754 -5.28743e-23)
(1.15579 0.221096 2.79937e-22)
(1.1642 0.217241 1.27156e-21)
(1.17229 0.213196 -1.03759e-21)
(1.18015 0.209019 -3.16084e-22)
(1.18786 0.204707 8.4686e-22)
(1.19535 0.200251 9.52845e-22)
(1.20256 0.19567 -6.83918e-22)
(1.20951 0.190987 2.70975e-23)
(1.04132 0.232231 -2.69288e-21)
(1.05302 0.23172 -2.13412e-21)
(1.06483 0.23072 4.08825e-22)
(1.07478 0.229415 5.2615e-22)
(1.08382 0.227899 -8.74793e-22)
(1.09294 0.226127 -7.96287e-22)
(1.1022 0.224068 -3.84438e-23)
(1.11126 0.221753 -8.50621e-22)
(1.12001 0.219216 -3.99786e-22)
(1.1285 0.216468 -8.16984e-23)
(1.13677 0.213513 1.746e-22)
(1.14484 0.210366 -4.46207e-22)
(1.15267 0.207043 -7.82338e-22)
(1.16028 0.203563 1.61387e-21)
(1.16763 0.199936 3.63853e-22)
(1.17479 0.196192 -7.09887e-22)
(1.18185 0.192338 -6.67331e-22)
(1.18869 0.188371 2.8205e-22)
(1.19531 0.184304 7.14306e-22)
(1.20172 0.180155 -9.45252e-23)
(1.05 0.218006 2.75752e-21)
(1.06038 0.217306 3.03662e-22)
(1.07083 0.216179 1.33764e-21)
(1.07975 0.214772 -1.42662e-21)
(1.08784 0.213194 1.50356e-21)
(1.09595 0.211424 9.82701e-22)
(1.10418 0.209428 1.73455e-23)
(1.11229 0.20722 -4.49118e-23)
(1.12014 0.20483 9.21741e-23)
(1.12775 0.202272 -2.97705e-22)
(1.13518 0.199552 -5.29184e-22)
(1.14244 0.196682 8.68357e-22)
(1.14952 0.193673 -3.73526e-22)
(1.1564 0.190547 -1.54245e-21)
(1.16308 0.187309 -1.00551e-21)
(1.1696 0.183997 -1.2153e-22)
(1.17604 0.180549 3.88307e-22)
(1.18233 0.176992 -7.52676e-22)
(1.18843 0.17336 3.0575e-22)
(1.19435 0.169671 1.49764e-22)
(1.05749 0.204181 -7.79435e-22)
(1.06666 0.203336 1.26523e-22)
(1.07585 0.20213 -1.58011e-21)
(1.08379 0.200678 5.18426e-22)
(1.09103 0.199085 -6.92613e-22)
(1.09825 0.197347 -6.85362e-22)
(1.10558 0.195434 5.68688e-23)
(1.11282 0.19335 1.67914e-22)
(1.11985 0.191115 1.37299e-22)
(1.12669 0.188747 1.21815e-22)
(1.13338 0.186251 2.41546e-22)
(1.13993 0.183637 6.65653e-24)
(1.14634 0.180912 6.81718e-22)
(1.1526 0.178092 6.65055e-22)
(1.15873 0.175185 4.49699e-22)
(1.16466 0.172212 7.98837e-22)
(1.17045 0.169136 5.50441e-22)
(1.17618 0.165972 -1.47246e-22)
(1.18181 0.162745 1.43558e-22)
(1.18731 0.159472 -9.38037e-23)
(1.06381 0.190776 -3.60856e-21)
(1.0719 0.189827 -1.1002e-21)
(1.07994 0.18858 1.54358e-21)
(1.08698 0.187126 -5.57067e-22)
(1.09346 0.185556 6.64695e-23)
(1.0999 0.183876 4.06645e-22)
(1.10641 0.182061 -1.58041e-22)
(1.11288 0.180108 1.81488e-22)
(1.11919 0.178033 -5.30042e-23)
(1.12534 0.175851 -1.76785e-22)
(1.13136 0.173567 8.17402e-23)
(1.13727 0.171187 -4.95518e-22)
(1.14307 0.168718 -2.6643e-22)
(1.14875 0.166164 -1.0838e-22)
(1.15431 0.163536 1.08752e-21)
(1.15974 0.160829 -9.8114e-23)
(1.16505 0.158081 -2.40459e-22)
(1.17032 0.155282 -1.42843e-22)
(1.17551 0.15243 -4.14555e-22)
(1.18059 0.149533 -4.07358e-23)
(1.06903 0.177801 2.86783e-21)
(1.07615 0.176789 5.81531e-22)
(1.08316 0.175535 -1.61816e-21)
(1.08939 0.174111 -3.19504e-22)
(1.09518 0.172593 -4.27141e-22)
(1.10093 0.170989 3.26269e-22)
(1.10674 0.169281 1.29481e-22)
(1.11251 0.167465 1.71973e-23)
(1.11817 0.165549 9.4085e-23)
(1.1237 0.163546 2.64554e-22)
(1.12913 0.161462 -1.77157e-22)
(1.13447 0.159301 -1.57636e-22)
(1.13972 0.157067 3.66919e-22)
(1.14488 0.154767 -2.58536e-22)
(1.14995 0.152408 -7.62128e-22)
(1.15492 0.149992 3.08271e-22)
(1.1598 0.147538 2.83616e-22)
(1.16464 0.145044 6.17519e-23)
(1.16942 0.142507 -1.10641e-22)
(1.17412 0.139929 7.88991e-23)
(1.07321 0.165268 6.14373e-22)
(1.07947 0.164227 -3.08862e-22)
(1.08558 0.162994 1.56983e-21)
(1.09109 0.161624 5.95159e-22)
(1.09626 0.160178 9.62387e-23)
(1.1014 0.158664 -5.48874e-22)
(1.10659 0.15707 -1.05783e-23)
(1.11175 0.15539 -5.33417e-23)
(1.11682 0.153629 -1.09637e-22)
(1.1218 0.151798 6.3371e-24)
(1.1267 0.149901 4.01445e-25)
(1.13153 0.147943 -4.91046e-23)
(1.1363 0.145926 -1.02627e-22)
(1.14099 0.143856 1.88164e-22)
(1.14562 0.141738 1.42108e-22)
(1.15017 0.139575 -1.29941e-22)
(1.15466 0.137377 1.30624e-23)
(1.15911 0.135147 -1.3923e-22)
(1.16351 0.132883 1.95897e-23)
(1.16785 0.130585 -1.3145e-25)
(1.07645 0.153184 -2.26953e-22)
(1.08195 0.152145 1.24486e-22)
(1.08728 0.150954 -6.37925e-22)
(1.09214 0.149655 6.03867e-23)
(1.09677 0.148294 8.65394e-22)
(1.10137 0.146879 6.11189e-23)
(1.10601 0.1454 6.79941e-23)
(1.11063 0.143853 1.64605e-23)
(1.11519 0.142242 -3.99782e-23)
(1.11968 0.140574 -1.43769e-22)
(1.12411 0.138852 -6.09599e-23)
(1.12848 0.137081 -9.55855e-23)
(1.13281 0.135263 4.70673e-22)
(1.13708 0.1334 -2.83033e-22)
(1.14131 0.131496 -2.4558e-22)
(1.14547 0.129555 8.82143e-23)
(1.1496 0.127577 1.89906e-22)
(1.15371 0.125578 2.63477e-22)
(1.15776 0.123555 1.81547e-22)
(1.16177 0.121504 -1.61538e-23)
(1.07883 0.141554 -1.24076e-21)
(1.08367 0.140539 4.07114e-23)
(1.08832 0.139406 7.25199e-22)
(1.09262 0.138189 -1.27474e-22)
(1.09676 0.13692 -6.2317e-22)
(1.10089 0.135608 5.51552e-24)
(1.10504 0.134245 -8.66979e-23)
(1.10919 0.132827 1.01423e-23)
(1.11329 0.131358 5.20371e-23)
(1.11734 0.129842 -7.10417e-23)
(1.12135 0.128283 1.6971e-22)
(1.12532 0.126684 1.65624e-22)
(1.12925 0.125048 -2.87034e-22)
(1.13315 0.123376 1.84669e-22)
(1.137 0.121674 1.94433e-22)
(1.1408 0.119942 -4.37172e-22)
(1.1446 0.118188 9.51356e-23)
(1.1484 0.116396 -1.96523e-22)
(1.15214 0.11457 -8.31127e-23)
(1.15585 0.112724 3.50694e-23)
(1.08044 0.130376 6.24489e-22)
(1.0847 0.129403 5.41388e-22)
(1.08877 0.128338 -2.59908e-22)
(1.09258 0.127208 4.04299e-22)
(1.09629 0.126035 -1.51559e-22)
(1.1 0.124826 3.8523e-22)
(1.10373 0.123576 -1.8209e-22)
(1.10746 0.122283 1.67119e-24)
(1.11116 0.120947 1.24704e-23)
(1.11482 0.119573 3.57691e-23)
(1.11846 0.118163 -6.80568e-23)
(1.12207 0.11672 1.59148e-22)
(1.12565 0.115246 -1.92895e-22)
(1.12922 0.113742 -6.88266e-24)
(1.13275 0.112213 -1.29485e-22)
(1.13627 0.11066 1.10098e-22)
(1.13974 0.109088 -2.27762e-22)
(1.14316 0.107481 7.80304e-23)
(1.14659 0.105843 5.8492e-23)
(1.15002 0.104187 -3.00085e-23)
(1.08136 0.119642 -1.92108e-22)
(1.08512 0.118723 -8.47507e-22)
(1.08869 0.117733 -1.22562e-22)
(1.09208 0.116692 -9.09014e-23)
(1.09541 0.115616 2.56953e-22)
(1.09875 0.114509 -9.38238e-23)
(1.10212 0.113369 1.27625e-22)
(1.10547 0.112192 -5.52723e-23)
(1.10881 0.110981 4.13603e-24)
(1.11213 0.109738 1.38122e-23)
(1.11543 0.108465 3.43592e-23)
(1.11872 0.107163 -8.39488e-23)
(1.12199 0.105833 -6.44126e-23)
(1.12524 0.104478 -5.06435e-23)
(1.12847 0.103096 4.52427e-23)
(1.13168 0.101691 1.30548e-22)
(1.13487 0.100259 1.7822e-22)
(1.13804 0.0988165 -3.87313e-23)
(1.1412 0.0973593 -6.26696e-23)
(1.14436 0.0958837 -2.27087e-23)
(1.08167 0.109341 3.87603e-23)
(1.085 0.108485 8.00084e-22)
(1.08815 0.107573 -6.99683e-22)
(1.09118 0.106621 -4.83427e-22)
(1.09417 0.10564 -2.4864e-22)
(1.09719 0.104632 -1.47248e-23)
(1.10023 0.103597 1.71806e-23)
(1.10326 0.102531 8.62443e-23)
(1.10628 0.101437 -5.98505e-24)
(1.1093 0.100315 2.959e-23)
(1.1123 0.0991673 9.80625e-24)
(1.11529 0.0979954 -4.24056e-23)
(1.11827 0.0967999 2.59888e-23)
(1.12125 0.095582 5.63934e-24)
(1.12421 0.0943425 8.20045e-23)
(1.12715 0.0930834 -1.17906e-22)
(1.13009 0.0918051 -1.46208e-22)
(1.133 0.0905124 -5.00371e-23)
(1.13592 0.0892041 8.36349e-23)
(1.13883 0.0878787 2.68172e-23)
(1.08145 0.0994584 -7.13596e-22)
(1.0844 0.0986694 -1.02937e-22)
(1.08721 0.097837 3.77955e-22)
(1.08992 0.0969727 1.35207e-22)
(1.09262 0.0960841 -9.16519e-23)
(1.09535 0.0951724 -2.6773e-22)
(1.0981 0.0942363 -1.16241e-22)
(1.10085 0.0932752 9.6158e-23)
(1.1036 0.0922897 5.5625e-23)
(1.10634 0.0912809 4.88967e-23)
(1.10908 0.09025 -2.19233e-23)
(1.11181 0.089198 8.4205e-24)
(1.11454 0.0881256 5.52198e-23)
(1.11726 0.0870336 -3.21673e-23)
(1.11997 0.0859229 -2.52117e-23)
(1.12268 0.0847945 -3.83049e-23)
(1.12537 0.0836488 -2.85066e-23)
(1.12806 0.0824884 8.36067e-24)
(1.13075 0.0813132 -2.93199e-23)
(1.13343 0.0801225 -1.27513e-23)
(1.08077 0.0899772 5.35352e-22)
(1.08341 0.089258 -2.06053e-22)
(1.08591 0.0885044 3.3675e-23)
(1.08836 0.0877254 1.54158e-22)
(1.09081 0.0869255 3.39096e-22)
(1.09329 0.0861054 2.01654e-22)
(1.09579 0.085264 -1.38823e-22)
(1.09829 0.0844012 -1.01083e-22)
(1.10079 0.0835175 -1.62785e-22)
(1.10329 0.0826138 4.08001e-23)
(1.10579 0.0816909 2.65572e-23)
(1.10829 0.0807494 -8.06315e-24)
(1.11079 0.0797901 2.52263e-23)
(1.11328 0.0788134 1.75559e-23)
(1.11577 0.0778199 -1.01435e-23)
(1.11826 0.0768105 7.75558e-25)
(1.12074 0.0757855 5.1241e-23)
(1.12321 0.0747463 4.6346e-24)
(1.12569 0.0736931 -4.19419e-24)
(1.12816 0.0726255 1.28984e-23)
(1.0797 0.0808776 3.25498e-22)
(1.08208 0.0802289 1.48896e-22)
(1.08433 0.0795526 -1.04366e-22)
(1.08655 0.0788556 -2.01756e-22)
(1.08878 0.0781405 -3.24887e-23)
(1.09105 0.0774075 2.29962e-22)
(1.09332 0.0766558 1.11197e-22)
(1.09561 0.0758856 -2.01372e-22)
(1.0979 0.0750973 -2.9331e-23)
(1.10018 0.0742915 -1.44812e-22)
(1.10247 0.0734689 -7.50201e-24)
(1.10477 0.0726299 1.41289e-23)
(1.10706 0.071775 5.55327e-24)
(1.10935 0.0709046 -1.2055e-24)
(1.11164 0.0700192 -6.8649e-24)
(1.11393 0.0691192 4.61531e-23)
(1.11621 0.068205 -4.39135e-23)
(1.11849 0.0672774 2.9949e-23)
(1.12076 0.0663365 -9.99712e-24)
(1.12303 0.0653822 -4.92375e-24)
(1.07833 0.0721375 -5.64969e-22)
(1.08048 0.0715587 2.85881e-22)
(1.08253 0.0709574 1.68075e-22)
(1.08455 0.0703389 7.41302e-23)
(1.0866 0.0697047 -1.28968e-22)
(1.08867 0.0690544 -9.97025e-23)
(1.09076 0.0683877 -2.31324e-22)
(1.09285 0.0677047 3.51546e-22)
(1.09495 0.0670059 2.18354e-22)
(1.09706 0.0662918 2.26655e-23)
(1.09916 0.0655628 -5.10948e-23)
(1.10127 0.0648192 -2.45192e-23)
(1.10338 0.0640614 9.17367e-24)
(1.10549 0.0632898 3.62118e-24)
(1.1076 0.0625046 1.2044e-24)
(1.1097 0.0617062 -1.64609e-24)
(1.1118 0.0608947 1.33646e-23)
(1.1139 0.0600707 -5.46503e-25)
(1.116 0.0592343 -2.6398e-24)
(1.11809 0.0583853 3.62306e-24)
(1.07673 0.0637323 4.65177e-22)
(1.07868 0.0632218 -4.9368e-22)
(1.08056 0.0626928 -2.35712e-22)
(1.08242 0.0621492 -1.08538e-23)
(1.08431 0.0615919 1.8677e-22)
(1.08622 0.0610202 -3.72488e-23)
(1.08814 0.060434 -7.0444e-23)
(1.09007 0.0598335 -1.02945e-22)
(1.09201 0.0592192 -2.2861e-22)
(1.09395 0.0585913 -2.24961e-24)
(1.09589 0.0579502 2.9904e-23)
(1.09784 0.0572962 -1.61333e-23)
(1.09979 0.0566296 -7.2961e-24)
(1.10173 0.0559505 1.95071e-23)
(1.10368 0.0552591 -1.70976e-25)
(1.10562 0.0545555 2.45651e-24)
(1.10756 0.0538401 -5.0306e-24)
(1.1095 0.0531125 1.97835e-24)
(1.11143 0.052374 7.24987e-24)
(1.11335 0.0516243 7.09752e-25)
(1.07497 0.0556336 -2.352e-22)
(1.07676 0.0551894 3.79155e-22)
(1.0785 0.0547298 2.68868e-22)
(1.08023 0.0542577 -1.53767e-22)
(1.08198 0.0537735 2.95829e-22)
(1.08375 0.0532767 -8.21396e-23)
(1.08553 0.052767 -5.98174e-24)
(1.08732 0.0522448 -9.67562e-23)
(1.08912 0.0517104 7.09821e-23)
(1.09092 0.0511642 6.65571e-23)
(1.09272 0.0506065 1.15588e-22)
(1.09452 0.0500375 1.29874e-24)
(1.09632 0.0494573 -4.87679e-23)
(1.09813 0.0488662 2.40857e-23)
(1.09993 0.0482644 -1.37347e-23)
(1.10172 0.047652 2.13258e-24)
(1.10351 0.047029 -4.74336e-24)
(1.1053 0.0463956 3.60326e-24)
(1.10709 0.0457504 -7.66393e-24)
(1.10887 0.0450936 1.5488e-25)
(1.07313 0.0478085 6.65287e-23)
(1.07479 0.0474284 2.88946e-23)
(1.07641 0.0470352 -1.92255e-22)
(1.07803 0.0466315 -4.43852e-22)
(1.07967 0.046217 -1.87437e-22)
(1.08132 0.0457915 6.72207e-23)
(1.08299 0.0453547 1.58489e-22)
(1.08466 0.0449071 -1.67888e-23)
(1.08633 0.0444489 1.77919e-22)
(1.08801 0.0439804 -5.85388e-23)
(1.08969 0.0435019 -9.87689e-23)
(1.09137 0.0430136 2.75825e-23)
(1.09305 0.0425155 -3.24325e-23)
(1.09473 0.0420078 2.08536e-23)
(1.0964 0.0414908 2.78199e-24)
(1.09807 0.0409644 -8.95119e-24)
(1.09974 0.0404287 -1.38643e-24)
(1.10139 0.0398838 -2.28909e-24)
(1.10303 0.0393282 -5.73094e-25)
(1.10467 0.038762 3.58765e-25)
(1.0713 0.0402185 -9.64542e-23)
(1.07286 0.0399 -3.0579e-22)
(1.07438 0.0395706 -6.50878e-23)
(1.07591 0.0392322 3.00986e-22)
(1.07745 0.0388846 9.33605e-23)
(1.07901 0.0385274 -1.77246e-22)
(1.08057 0.0381606 2.04954e-23)
(1.08214 0.0377845 -1.6983e-23)
(1.08372 0.0373994 -1.5702e-22)
(1.08529 0.0370055 8.07934e-23)
(1.08686 0.0366029 -1.73099e-22)
(1.08844 0.0361919 1.91888e-23)
(1.09001 0.0357725 -6.778e-24)
(1.09158 0.0353448 -3.08978e-24)
(1.09314 0.0349089 3.90641e-23)
(1.0947 0.0344646 -4.61992e-24)
(1.09625 0.0340121 2.62533e-24)
(1.09779 0.0335509 1.23997e-24)
(1.09932 0.0330823 -2.18035e-24)
(1.10084 0.0326059 -3.45896e-25)
(1.06955 0.0328168 -1.8439e-22)
(1.07103 0.0325579 3.23296e-22)
(1.07248 0.03229 -6.18439e-23)
(1.07394 0.0320146 1.43986e-22)
(1.0754 0.0317315 -2.19763e-24)
(1.07688 0.0314404 1.55603e-22)
(1.07836 0.0311413 8.87455e-23)
(1.07985 0.0308344 -3.80343e-23)
(1.08134 0.0305201 -3.82208e-23)
(1.08283 0.0301986 2.81227e-23)
(1.08431 0.0298699 2.66743e-23)
(1.0858 0.0295343 1.62025e-22)
(1.08728 0.0291918 8.66603e-24)
(1.08875 0.0288425 -8.38162e-23)
(1.09022 0.0284864 -5.34104e-24)
(1.09168 0.0281235 -1.94317e-23)
(1.09313 0.027754 1.79338e-23)
(1.09457 0.0273775 -4.78777e-24)
(1.096 0.0269944 2.24891e-24)
(1.09742 0.0266043 -1.14474e-24)
(1.06798 0.0255464 1.03502e-22)
(1.06939 0.0253454 -5.80372e-23)
(1.07079 0.0251373 8.24168e-23)
(1.07219 0.0249232 8.80266e-24)
(1.0736 0.0247029 4.28268e-24)
(1.07502 0.0244763 -2.4299e-22)
(1.07643 0.0242433 -1.57441e-22)
(1.07785 0.0240043 -8.78053e-23)
(1.07927 0.0237594 1.98915e-22)
(1.08069 0.0235089 1.48692e-23)
(1.08211 0.0232529 -2.02073e-22)
(1.08352 0.0229914 1.56473e-23)
(1.08492 0.0227246 9.62593e-23)
(1.08632 0.0224526 -4.47407e-23)
(1.08771 0.0221753 -6.76744e-24)
(1.08909 0.0218927 -8.58754e-26)
(1.09046 0.0216048 -2.52513e-23)
(1.09182 0.0213116 8.06615e-24)
(1.09317 0.021013 6.15006e-24)
(1.0945 0.0207088 -1.07951e-24)
(1.06667 0.018337 5.58617e-24)
(1.06804 0.0181929 -8.5642e-25)
(1.0694 0.0180435 -6.42816e-23)
(1.07076 0.0178897 6.08095e-23)
(1.07213 0.0177313 1.02867e-22)
(1.0735 0.0175682 8.92386e-23)
(1.07487 0.0174005 -3.16736e-22)
(1.07624 0.0172284 2.68989e-22)
(1.0776 0.0170519 6.36285e-24)
(1.07897 0.0168714 1.63896e-24)
(1.08033 0.016687 -8.16017e-23)
(1.08168 0.0164986 -1.00003e-22)
(1.08303 0.0163065 1.09565e-22)
(1.08437 0.0161105 1.7635e-23)
(1.0857 0.0159109 -3.12523e-24)
(1.08702 0.0157075 -1.34411e-23)
(1.08832 0.0155004 3.95434e-23)
(1.08962 0.0152895 -7.3818e-24)
(1.09089 0.0150748 4.70217e-24)
(1.09216 0.0148561 -8.63071e-25)
(1.06571 0.0111018 -7.7305e-23)
(1.06705 0.0110139 -4.05921e-23)
(1.06839 0.010923 4.07204e-23)
(1.06973 0.0108295 1.5539e-22)
(1.07107 0.0107335 -5.02817e-23)
(1.07241 0.0106348 -3.48533e-23)
(1.07374 0.0105336 4.67608e-23)
(1.07508 0.0104298 1.2798e-22)
(1.07641 0.0103237 5.14712e-23)
(1.07774 0.0102153 -2.2863e-23)
(1.07906 0.0101047 -2.96446e-23)
(1.08037 0.0099919 2.5266e-24)
(1.08168 0.00987689 -3.20103e-24)
(1.08297 0.0097597 -5.05171e-23)
(1.08426 0.00964031 9.23351e-24)
(1.08553 0.00951867 -3.14192e-23)
(1.08679 0.00939473 1.85193e-23)
(1.08804 0.00926842 7.09415e-24)
(1.08927 0.00913967 -1.41989e-24)
(1.09048 0.00900836 -1.38715e-24)
(1.06518 0.00373201 4.3978e-23)
(1.06652 0.00370014 -5.59639e-23)
(1.06786 0.00366636 1.24154e-22)
(1.06919 0.00363116 -1.83985e-22)
(1.07052 0.00359476 -1.04884e-22)
(1.07185 0.00355732 7.29172e-24)
(1.07318 0.00351899 2.07878e-23)
(1.0745 0.00347998 2.82944e-22)
(1.07581 0.00344046 -2.54969e-22)
(1.07712 0.00340057 2.48632e-22)
(1.07842 0.00336042 -1.23742e-22)
(1.07972 0.00332012 2.3478e-23)
(1.081 0.0032797 2.28908e-23)
(1.08227 0.00323921 2.65027e-23)
(1.08353 0.00319866 -2.56818e-23)
(1.08477 0.00315804 1.1984e-23)
(1.086 0.00311732 -1.88857e-23)
(1.08721 0.00307641 -2.33943e-23)
(1.08841 0.00303522 1.01319e-23)
(1.08959 0.00299365 1.95921e-25)
(0.998321 0.0022331 0)
(0.998872 0.00363626 0)
(0.991696 0.00929125 0)
(0.988268 0.0131005 0)
(0.977906 0.0230148 0)
(0.971781 0.0311384 0)
(0.958939 0.0470762 0)
(0.951501 0.0609711 0)
(0.937403 0.0850463 0)
(0.931277 0.106069 0)
(0.918461 0.141033 0)
(0.918386 0.169058 0)
(0.911405 0.218663 0)
(0.925521 0.247965 0)
(0.934122 0.324749 0)
(0.998255 0.00241987 0)
(0.999082 0.0040508 0)
(0.991857 0.0101303 0)
(0.988977 0.0141124 0)
(0.978723 0.0245143 0)
(0.973517 0.0327485 0)
(0.961112 0.0491914 0)
(0.955193 0.062969 0)
(0.942093 0.0874306 0)
(0.938385 0.10767 0)
(0.927416 0.142716 0)
(0.930857 0.168477 0)
(0.926829 0.217657 0)
(0.945104 0.241719 0)
(0.953724 0.309172 0)
(0.998214 0.0026109 0)
(0.99928 0.00447737 0)
(0.992095 0.0110285 0)
(0.98975 0.0152004 0)
(0.979739 0.0261602 0)
(0.975445 0.0345209 0)
(0.963662 0.0515552 0)
(0.959195 0.0651797 0)
(0.94733 0.0900755 0)
(0.945725 0.109308 0)
(0.93686 0.144218 0)
(0.94285 0.167091 0)
(0.941691 0.214317 0)
(0.961338 0.233018 0)
(0.971104 0.290712 0)
(0.998211 0.00280011 0)
(0.999444 0.00490304 0)
(0.992419 0.0119172 0)
(0.990546 0.0162619 0)
(0.980946 0.0277527 0)
(0.977487 0.0361942 0)
(0.966561 0.0537605 0)
(0.96339 0.0671431 0)
(0.953055 0.0923561 0)
(0.953174 0.110488 0)
(0.946653 0.144963 0)
(0.954339 0.165159 0)
(0.955803 0.209578 0)
(0.975569 0.224725 0)
(0.986846 0.274794 0)
(0.998256 0.00298698 0)
(0.99956 0.005318 0)
(0.992834 0.0127858 0)
(0.991333 0.0172719 0)
(0.982336 0.0292598 0)
(0.979584 0.037711 0)
(0.96976 0.0557268 0)
(0.967685 0.0687461 0)
(0.959139 0.0940976 0)
(0.960637 0.111043 0)
(0.95655 0.144693 0)
(0.965396 0.162556 0)
(0.96914 0.203727 0)
(0.988639 0.216569 0)
(1.00105 0.260431 0)
(0.998354 0.00317154 0)
(0.99962 0.00571625 0)
(0.993345 0.0136318 0)
(0.992096 0.0182236 0)
(0.983895 0.0306779 0)
(0.98171 0.0390676 0)
(0.973198 0.0574463 0)
(0.972036 0.0700007 0)
(0.965425 0.0952832 0)
(0.968059 0.111019 0)
(0.966296 0.143433 0)
(0.976011 0.159311 0)
(0.981647 0.196978 0)
(1.0007 0.208035 0)
(1.01378 0.246454 0)
(0.998505 0.00335322 0)
(0.999627 0.00609304 0)
(0.993947 0.0144475 0)
(0.992842 0.0191086 0)
(0.985598 0.0319887 0)
(0.983868 0.0402562 0)
(0.976803 0.0588871 0)
(0.976432 0.0709181 0)
(0.971762 0.0958829 0)
(0.975384 0.11047 0)
(0.975714 0.141257 0)
(0.986089 0.155476 0)
(0.993256 0.189522 0)
(1.01166 0.199022 0)
(1.02513 0.232574 0)
(0.9987 0.00353061 0)
(0.999597 0.00644432 0)
(0.994622 0.0152206 0)
(0.993588 0.0199185 0)
(0.987407 0.0331637 0)
(0.986072 0.0412676 0)
(0.9805 0.0600017 0)
(0.980861 0.0714989 0)
(0.978036 0.0958614 0)
(0.982538 0.109415 0)
(0.984696 0.138246 0)
(0.995514 0.151067 0)
(1.00391 0.181527 0)
(1.0215 0.189633 0)
(1.03514 0.218875 0)
(0.998924 0.00370113 0)
(0.999554 0.00676747 0)
(0.995345 0.0159355 0)
(0.994359 0.0206477 0)
(0.989282 0.0341703 0)
(0.988337 0.0420957 0)
(0.984225 0.060746 0)
(0.985295 0.0717398 0)
(0.984167 0.0952078 0)
(0.989435 0.107851 0)
(0.993171 0.134498 0)
(1.00421 0.146096 0)
(1.01355 0.173138 0)
(1.03021 0.179999 0)
(1.04386 0.205447 0)
(0.999158 0.00386063 0)
(0.999522 0.00706184 0)
(0.99609 0.0165734 0)
(0.995176 0.0212933 0)
(0.991188 0.0349759 0)
(0.990659 0.0427344 0)
(0.987932 0.0610887 0)
(0.989688 0.0716316 0)
(0.990098 0.0939413 0)
(0.996 0.105775 0)
(1.00108 0.130121 0)
(1.01214 0.140604 0)
(1.02218 0.164476 0)
(1.03785 0.170227 0)
(1.05135 0.192331 0)
(0.999382 0.00400348 0)
(0.999524 0.00732845 0)
(0.996836 0.0171142 0)
(0.996049 0.021852 0)
(0.993098 0.0355514 0)
(0.993022 0.0431737 0)
(0.991585 0.0610142 0)
(0.99399 0.0711593 0)
(0.995777 0.0921023 0)
(1.00217 0.103188 0)
(1.00836 0.12522 0)
(1.01931 0.134656 0)
(1.02978 0.155631 0)
(1.04446 0.160403 0)
(1.05766 0.17955 0)
(0.999584 0.00412304 0)
(0.999572 0.00756906 0)
(0.99757 0.0175376 0)
(0.996975 0.0223184 0)
(0.994996 0.0358744 0)
(0.995399 0.0433981 0)
(0.995152 0.0605222 0)
(0.998152 0.0703056 0)
(1.00115 0.0897418 0)
(1.00792 0.100104 0)
(1.01499 0.119885 0)
(1.0257 0.128326 0)
(1.03639 0.146676 0)
(1.05008 0.150599 0)
(1.06288 0.167125 0)
(0.999753 0.00421239 0)
(0.999668 0.00778481 0)
(0.998286 0.0178258 0)
(0.997942 0.0226828 0)
(0.996866 0.0359314 0)
(0.99776 0.0433872 0)
(0.9986 0.059625 0)
(1.00213 0.0690558 0)
(1.00618 0.0869131 0)
(1.01321 0.0965527 0)
(1.02093 0.114192 0)
(1.03134 0.121693 0)
(1.04206 0.137674 0)
(1.05478 0.140871 0)
(1.06708 0.15508 0)
(0.999887 0.00426511 0)
(0.999807 0.00797465 0)
(0.998981 0.0179651 0)
(0.998935 0.0229306 0)
(0.998694 0.0357176 0)
(1.00007 0.0431183 0)
(1.00189 0.058343 0)
(1.0059 0.0674027 0)
(1.0108 0.083667 0)
(1.01801 0.0925738 0)
(1.02618 0.108208 0)
(1.03624 0.114829 0)
(1.04682 0.128682 0)
(1.05862 0.131267 0)
(1.07035 0.143435 0)
(0.999988 0.0042761 0)
(0.999978 0.00813437 0)
(0.999651 0.0179475 0)
(0.999934 0.0230433 0)
(1.00046 0.0352361 0)
(1.00231 0.0425693 0)
(1.005 0.0567006 0)
(1.00941 0.0653497 0)
(1.01501 0.0800501 0)
(1.02232 0.0882162 0)
(1.03074 0.101991 0)
(1.04041 0.107801 0)
(1.05074 0.11975 0)
(1.06166 0.121823 0)
(1.07277 0.132199 0)
(1.00006 0.00424217 0)
(1.00017 0.00825625 0)
(1.0003 0.0177705 0)
(1.00092 0.0229992 0)
(1.00215 0.0344953 0)
(1.00445 0.0417225 0)
(1.00788 0.0547225 0)
(1.01265 0.0629107 0)
(1.01877 0.0761048 0)
(1.02611 0.0835313 0)
(1.03464 0.0955976 0)
(1.04389 0.100665 0)
(1.05388 0.11092 0)
(1.06396 0.112568 0)
(1.07444 0.121378 0)
(1.00011 0.00416229 0)
(1.00037 0.00832925 0)
(1.00091 0.017437 0)
(1.00189 0.0227763 0)
(1.00374 0.0335061 0)
(1.00647 0.0405677 0)
(1.01051 0.0524313 0)
(1.01558 0.0601083 0)
(1.02208 0.0718709 0)
(1.02939 0.0785705 0)
(1.0379 0.0890766 0)
(1.04671 0.0934727 0)
(1.05629 0.102228 0)
(1.0656 0.103525 0)
(1.07542 0.110969 0)
(1.00013 0.00403762 0)
(1.00056 0.00833974 0)
(1.00148 0.0169535 0)
(1.00281 0.022355 0)
(1.00522 0.0322791 0)
(1.00834 0.0391028 0)
(1.01288 0.0498483 0)
(1.01819 0.0569716 0)
(1.02493 0.0673864 0)
(1.03217 0.0733822 0)
(1.04054 0.082473 0)
(1.04893 0.0862648 0)
(1.05805 0.0936976 0)
(1.06664 0.0947083 0)
(1.07579 0.100964 0)
(1.00014 0.00387113 0)
(1.00075 0.00827297 0)
(1.00202 0.0163277 0)
(1.00368 0.0217207 0)
(1.00656 0.0308238 0)
(1.01005 0.0373339 0)
(1.01498 0.0469938 0)
(1.02048 0.0535329 0)
(1.02734 0.062688 0)
(1.03446 0.0680109 0)
(1.04263 0.0758253 0)
(1.05057 0.0790766 0)
(1.05921 0.085349 0)
(1.06714 0.0861268 0)
(1.07565 0.0913528 0)
(1.00014 0.00366703 0)
(1.00092 0.00811476 0)
(1.0025 0.015567 0)
(1.00449 0.0208653 0)
(1.00777 0.0291474 0)
(1.01157 0.0352732 0)
(1.01679 0.0438879 0)
(1.02243 0.049825 0)
(1.02932 0.0578101 0)
(1.0363 0.0624959 0)
(1.04419 0.0691656 0)
(1.05172 0.0719359 0)
(1.05985 0.0771936 0)
(1.06718 0.0777839 0)
(1.07506 0.0821193 0)
(1.00013 0.00342998 0)
(1.00107 0.00785332 0)
(1.00293 0.0146765 0)
(1.00523 0.0197876 0)
(1.00883 0.0272565 0)
(1.01291 0.032937 0)
(1.01833 0.0405508 0)
(1.02406 0.0458793 0)
(1.0309 0.0527838 0)
(1.0377 0.0568715 0)
(1.04529 0.0625192 0)
(1.05241 0.0648629 0)
(1.06004 0.0692365 0)
(1.06682 0.0696775 0)
(1.0741 0.073245 0)
(1.00012 0.00316433 0)
(1.0012 0.00748036 0)
(1.00331 0.0136588 0)
(1.00589 0.0184921 0)
(1.00975 0.025158 0)
(1.01407 0.0303437 0)
(1.0196 0.0370027 0)
(1.02538 0.0417251 0)
(1.03211 0.0476363 0)
(1.03872 0.0511654 0)
(1.04597 0.0559042 0)
(1.05271 0.0578709 0)
(1.05985 0.0614764 0)
(1.06615 0.0618 0)
(1.07285 0.0647073 0)
(1.00011 0.00287359 0)
(1.00132 0.00699168 0)
(1.00362 0.0125148 0)
(1.00647 0.016987 0)
(1.01052 0.0228597 0)
(1.01503 0.0275121 0)
(1.02062 0.0332627 0)
(1.02641 0.0373878 0)
(1.03299 0.0423889 0)
(1.03941 0.0453989 0)
(1.04631 0.0493313 0)
(1.0527 0.0509652 0)
(1.05937 0.0539053 0)
(1.06523 0.0541377 0)
(1.0714 0.0564795 0)
(1.00009 0.00256014 0)
(1.00141 0.006387 0)
(1.00389 0.0112443 0)
(1.00696 0.0152821 0)
(1.01116 0.0203702 0)
(1.01582 0.0244599 0)
(1.02142 0.0293474 0)
(1.02719 0.0328882 0)
(1.03359 0.0370569 0)
(1.03981 0.0395854 0)
(1.04638 0.0428034 0)
(1.05244 0.0441433 0)
(1.05866 0.046508 0)
(1.06415 0.0466708 0)
(1.06982 0.0485298 0)
(1.00008 0.00222525 0)
(1.0015 0.00566926 0)
(1.0041 0.00984726 0)
(1.00737 0.0133879 0)
(1.01167 0.0176982 0)
(1.01644 0.0212031 0)
(1.02202 0.0252699 0)
(1.02775 0.0282413 0)
(1.03396 0.0316483 0)
(1.03999 0.0337298 0)
(1.04623 0.0363144 0)
(1.052 0.0373937 0)
(1.05782 0.0392611 0)
(1.06298 0.0393718 0)
(1.06821 0.0408197 0)
(1.00006 0.00186921 0)
(1.00156 0.0048437 0)
(1.00426 0.00832433 0)
(1.00769 0.0113143 0)
(1.01207 0.0148518 0)
(1.01692 0.0177546 0)
(1.02244 0.0210386 0)
(1.02812 0.0234555 0)
(1.03415 0.0261625 0)
(1.04 0.0278274 0)
(1.04594 0.0298484 0)
(1.05146 0.0306953 0)
(1.05692 0.0321319 0)
(1.0618 0.0322046 0)
(1.06664 0.0333026 0)
(1.00005 0.00149178 0)
(1.00162 0.00391684 0)
(1.00439 0.00667715 0)
(1.00794 0.00907055 0)
(1.01236 0.0118373 0)
(1.01727 0.0141235 0)
(1.02273 0.016656 0)
(1.02835 0.0185309 0)
(1.0342 0.0205892 0)
(1.0399 0.0218629 0)
(1.04558 0.0233777 0)
(1.05089 0.0240152 0)
(1.05604 0.0250759 0)
(1.0607 0.0251215 0)
(1.06521 0.0259209 0)
(1.00004 0.00109249 0)
(1.00166 0.00289571 0)
(1.00447 0.00490832 0)
(1.00812 0.00666434 0)
(1.01256 0.00865834 0)
(1.01751 0.010314 0)
(1.02291 0.0121177 0)
(1.02848 0.0134589 0)
(1.03418 0.0149076 0)
(1.03975 0.0158086 0)
(1.04522 0.0168621 0)
(1.05036 0.0173072 0)
(1.05527 0.0180353 0)
(1.05976 0.018062 0)
(1.064 0.0186035 0)
(1.00003 0.000671273 0)
(1.00169 0.00178821 0)
(1.00453 0.00302179 0)
(1.00824 0.00410179 0)
(1.0127 0.00531425 0)
(1.01765 0.0063232 0)
(1.02301 0.00740979 0)
(1.02853 0.00821929 0)
(1.03413 0.00908388 0)
(1.03961 0.00962293 0)
(1.04493 0.0102459 0)
(1.04995 0.0105097 0)
(1.05469 0.0109359 0)
(1.05905 0.0109494 0)
(1.06311 0.0112626 0)
(1.00003 0.000227633 0)
(1.0017 0.000606955 0)
(1.00456 0.00102487 0)
(1.00831 0.00139102 0)
(1.01276 0.00180034 0)
(1.01773 0.00214078 0)
(1.02306 0.00250565 0)
(1.02855 0.00277706 0)
(1.03409 0.00306582 0)
(1.03952 0.00324532 0)
(1.04476 0.00345255 0)
(1.04971 0.00353939 0)
(1.05436 0.00368087 0)
(1.05866 0.00368374 0)
(1.06262 0.00378779 0)
(0.999151 -0.00100656 -6.7151e-23)
(0.997455 -0.00360865 4.72193e-23)
(0.992107 -0.00561463 -1.14398e-22)
(0.985548 -0.00728587 -7.71849e-23)
(0.976301 -0.00835078 8.51744e-23)
(0.965297 -0.00898031 1.58558e-22)
(0.95154 -0.0092681 1.09078e-22)
(0.935504 -0.00933243 1.26727e-22)
(0.9162 -0.00915629 1.9003e-22)
(0.894057 -0.00903384 1.68236e-22)
(0.867804 -0.00860015 1.19569e-22)
(0.838036 -0.00843838 9.31925e-23)
(0.803283 -0.00778013 -4.15036e-22)
(0.764047 -0.00767183 4.74622e-22)
(0.719198 -0.0061119 -4.26528e-23)
(0.99914 -0.000825709 4.06689e-22)
(0.997458 -0.00324736 -6.44498e-23)
(0.992083 -0.00481319 6.8323e-23)
(0.985512 -0.00624852 5.52776e-22)
(0.976234 -0.00667516 -3.51554e-22)
(0.965206 -0.0069126 -5.41911e-22)
(0.951416 -0.00625678 2.12075e-22)
(0.935363 -0.0056393 1.11289e-22)
(0.916032 -0.00406867 -3.67837e-22)
(0.893885 -0.0028443 -5.56623e-22)
(0.867642 -0.0003917 6.99296e-22)
(0.837893 0.00177243 -9.31476e-22)
(0.803178 0.0058208 1.13203e-21)
(0.764142 0.00879341 -6.43201e-22)
(0.719639 0.0156194 -1.8235e-22)
(0.999125 -0.000645203 -7.78179e-22)
(0.997471 -0.00288664 2.9833e-23)
(0.992057 -0.00401372 -5.64375e-22)
(0.985494 -0.00521323 -1.56472e-22)
(0.976178 -0.00500699 4.93266e-22)
(0.965157 -0.00485695 7.92671e-24)
(0.951334 -0.00327675 -2.25621e-22)
(0.935305 -0.00199215 -3.31636e-22)
(0.915962 0.000724876 3.91803e-22)
(0.893867 0.0032561 -1.78219e-22)
(0.867752 0.00794068 -2.02848e-21)
(0.838255 0.0120705 -4.94617e-22)
(0.803798 0.0195291 1.84767e-21)
(0.765149 0.0254801 2.01218e-22)
(0.721183 0.037484 2.17932e-21)
(0.999104 -0.000465585 1.03533e-21)
(0.997492 -0.00252617 -2.21071e-22)
(0.992028 -0.00321694 9.89691e-22)
(0.985496 -0.0041792 -2.78524e-22)
(0.976132 -0.00334622 -9.1289e-22)
(0.965145 -0.00281119 -2.42291e-22)
(0.95129 -0.000316562 2.55154e-22)
(0.935284 0.00155805 -3.50186e-23)
(0.916002 0.00572867 1.49488e-21)
(0.89415 0.00954074 -3.82782e-22)
(0.868184 0.0165042 -1.24738e-21)
(0.839022 0.0225032 2.14408e-21)
(0.804983 0.0331838 -1.35268e-21)
(0.767002 0.0418517 3.84677e-21)
(0.723902 0.059042 -6.11678e-21)
(0.999078 -0.000287182 -3.46885e-22)
(0.997523 -0.00216568 -5.25254e-22)
(0.991997 -0.00242354 1.71958e-22)
(0.985515 -0.00314574 2.72186e-22)
(0.976095 -0.00169292 1.03181e-21)
(0.965171 -0.000774689 4.88496e-22)
(0.95127 0.00261204 2.75559e-22)
(0.935398 0.00507785 -1.24452e-22)
(0.916202 0.0109917 -7.31411e-23)
(0.894597 0.0159067 1.3644e-21)
(0.868875 0.0249211 -7.22813e-22)
(0.84021 0.0327976 2.09016e-21)
(0.806747 0.0467036 -3.47015e-21)
(0.769706 0.058055 1.87145e-21)
(0.727794 0.0803527 4.46681e-21)
(0.999048 -0.000110316 -5.6231e-22)
(0.997561 -0.00180493 1.69683e-21)
(0.991964 -0.00163432 -1.27729e-21)
(0.985552 -0.00211266 1.62362e-21)
(0.976067 -4.73013e-05 -9.55964e-22)
(0.965229 0.00125815 1.23663e-21)
(0.951287 0.00531185 -2.77546e-22)
(0.935614 0.0087635 -6.22876e-22)
(0.916534 0.0160819 4.04501e-23)
(0.895242 0.0221696 1.48757e-21)
(0.869838 0.0332774 -3.04029e-21)
(0.841821 0.0429984 2.71533e-21)
(0.80909 0.0600891 -6.21174e-21)
(0.773256 0.0740562 2.47414e-21)
(0.732844 0.101348 1.99604e-21)
(0.999014 6.47075e-05 7.27587e-22)
(0.997607 -0.00144374 -1.42231e-21)
(0.99193 -0.000850045 5.1148e-22)
(0.985605 -0.00107999 -1.52627e-21)
(0.976048 0.00158888 9.13637e-22)
(0.965286 0.00328389 -6.95168e-22)
(0.951365 0.00825163 2.70037e-23)
(0.935965 0.0125253 8.01265e-22)
(0.91697 0.0211594 1.86606e-21)
(0.896083 0.0283973 -5.28829e-21)
(0.87107 0.0415809 2.39204e-21)
(0.84385 0.0530937 1.79087e-21)
(0.812005 0.0733084 -1.33004e-21)
(0.777643 0.0897907 -1.34086e-21)
(0.739034 0.121939 2.08679e-23)
(0.998977 0.000237614 1.12137e-21)
(0.997659 -0.00108195 6.14063e-22)
(0.991895 -7.14928e-05 -2.38548e-22)
(0.985673 -4.73896e-05 2.98173e-22)
(0.976037 0.00320969 -1.52661e-21)
(0.965418 0.00529573 1.77714e-22)
(0.951491 0.0114298 6.71504e-22)
(0.936368 0.0162377 -2.53251e-21)
(0.917515 0.0262135 -7.42861e-24)
(0.89712 0.0345838 1.68193e-21)
(0.872565 0.0498141 -3.22599e-21)
(0.84629 0.0630592 1.62782e-21)
(0.815482 0.0863281 2.83506e-21)
(0.782856 0.105207 1.30633e-21)
(0.746348 0.142047 1.22169e-21)
(0.998937 0.000408163 -1.00224e-21)
(0.997718 -0.00071948 -2.06691e-22)
(0.99186 0.000700646 -1.47963e-21)
(0.985755 0.000984835 -2.75432e-21)
(0.976036 0.00481755 9.5533e-22)
(0.965593 0.00722339 1.51639e-21)
(0.951668 0.0143917 -4.7326e-22)
(0.936858 0.0199187 1.3998e-21)
(0.918172 0.031236 3.53115e-21)
(0.898349 0.04072 -4.97981e-21)
(0.874318 0.0579643 2.31557e-22)
(0.849135 0.0728751 3.47603e-21)
(0.819512 0.0991184 5.88652e-22)
(0.78888 0.120254 -6.10214e-21)
(0.754761 0.16159 2.8741e-21)
(0.998894 0.000576148 -1.07856e-21)
(0.997782 -0.000356278 -6.44188e-24)
(0.991826 0.00146577 4.33136e-23)
(0.98585 0.00201563 2.37245e-21)
(0.976032 0.00640473 1.83389e-22)
(0.965807 0.00919783 -1.24052e-21)
(0.95191 0.0173469 -8.75102e-22)
(0.937436 0.0235899 -1.04936e-21)
(0.918938 0.036224 -1.30124e-21)
(0.899769 0.0468017 2.03834e-21)
(0.876325 0.0660204 4.92569e-21)
(0.85238 0.0825231 -4.92438e-21)
(0.824084 0.11165 -6.42864e-21)
(0.7957 0.134884 3.03016e-21)
(0.764247 0.18049 9.72942e-21)
(0.99885 0.000741397 1.09201e-21)
(0.997852 7.64204e-06 -2.24475e-21)
(0.991792 0.00222343 7.17066e-22)
(0.985955 0.00304644 -1.80942e-21)
(0.976048 0.00792014 -3.63293e-22)
(0.966062 0.0113292 3.03391e-22)
(0.952194 0.0202965 9.13256e-22)
(0.938095 0.0272477 6.08781e-22)
(0.919812 0.041172 -9.78292e-22)
(0.901377 0.0528245 3.41001e-22)
(0.87858 0.0739705 -1.08826e-21)
(0.856018 0.0919854 6.9669e-21)
(0.829188 0.123894 -1.01636e-20)
(0.803297 0.149044 5.15309e-21)
(0.774777 0.198668 3.48548e-21)
(0.998804 0.000903764 -4.02754e-22)
(0.997926 0.000372174 4.23135e-21)
(0.99176 0.00297353 1.47673e-21)
(0.986064 0.00407302 -1.244e-21)
(0.976089 0.00943789 2.82458e-21)
(0.966364 0.0134621 1.51626e-21)
(0.952518 0.023218 -3.61637e-22)
(0.938837 0.0308901 -1.13096e-21)
(0.920797 0.0460743 -7.95785e-22)
(0.903171 0.0587853 3.09728e-22)
(0.881079 0.0818024 -6.29177e-21)
(0.860045 0.101245 2.40276e-21)
(0.834811 0.135823 7.06342e-21)
(0.811653 0.162685 -4.33786e-21)
(0.786318 0.216048 1.34941e-21)
(0.998757 0.00106313 7.60257e-23)
(0.998005 0.000737173 1.17256e-23)
(0.991729 0.00371475 -3.37518e-22)
(0.986186 0.00509517 1.05415e-21)
(0.97615 0.0110739 -1.40533e-21)
(0.966704 0.0155645 -9.53362e-22)
(0.952887 0.0261161 -3.04756e-21)
(0.939662 0.0345177 7.00551e-22)
(0.921893 0.0509256 6.08161e-21)
(0.905149 0.0646815 -7.4962e-21)
(0.88382 0.0895033 4.72388e-21)
(0.864456 0.110288 3.92565e-21)
(0.840943 0.14741 9.67268e-22)
(0.820748 0.175754 -5.47126e-21)
(0.798837 0.232559 8.6692e-21)
(0.998709 0.00121941 4.82999e-22)
(0.998088 0.00110239 -1.92329e-21)
(0.991699 0.00444499 -2.45791e-22)
(0.986331 0.00610664 -3.44008e-22)
(0.976232 0.0127315 1.39521e-21)
(0.967073 0.0176552 -5.80279e-22)
(0.953305 0.0289895 1.92132e-21)
(0.94057 0.0381293 2.72706e-22)
(0.923104 0.0557208 -4.61566e-21)
(0.907312 0.0705113 7.39878e-21)
(0.886803 0.0970594 -6.10464e-21)
(0.86925 0.119101 -6.7802e-21)
(0.847571 0.158624 8.16432e-21)
(0.830565 0.188197 -1.15303e-21)
(0.812301 0.248132 7.60136e-21)
(0.99866 0.00137253 4.77229e-22)
(0.998175 0.00146776 -6.31436e-22)
(0.991671 0.00516142 9.86615e-22)
(0.986495 0.0070301 -9.56024e-22)
(0.976338 0.0143265 1.47157e-21)
(0.967478 0.0197353 -1.03348e-21)
(0.953777 0.0318373 -4.63255e-23)
(0.941566 0.0417244 -5.68654e-21)
(0.92444 0.0604564 7.54389e-21)
(0.909665 0.0762746 -7.99935e-21)
(0.890035 0.104458 6.55068e-21)
(0.874431 0.127675 -1.45782e-21)
(0.854688 0.169434 -7.44394e-21)
(0.841092 0.199953 1.3979e-21)
(0.826682 0.262707 8.97973e-21)
(0.998609 0.00152246 -1.36323e-21)
(0.998266 0.00183459 -1.99545e-22)
(0.991634 0.00583709 5.67003e-22)
(0.986681 0.00804549 8.45205e-22)
(0.97648 0.0159015 -9.86959e-22)
(0.967929 0.021807 9.97048e-22)
(0.954311 0.0346575 6.37387e-22)
(0.942661 0.0453003 1.49358e-21)
(0.925912 0.0651274 -7.54689e-21)
(0.91222 0.0819693 9.90739e-22)
(0.893532 0.111682 4.58988e-21)
(0.88001 0.136 -4.45627e-21)
(0.86229 0.179803 -2.60163e-21)
(0.85233 0.210958 3.6362e-21)
(0.841962 0.276231 -1.74191e-21)
(0.998557 0.00166935 2.39882e-22)
(0.998359 0.00219935 -1.60533e-21)
(0.991611 0.00652268 -1.23166e-21)
(0.986894 0.00917872 -1.37601e-21)
(0.976641 0.0174595 9.41198e-22)
(0.968435 0.0238606 -4.79534e-22)
(0.954916 0.0374373 -1.89914e-21)
(0.943874 0.0488391 3.49953e-21)
(0.927542 0.0697124 -1.10601e-21)
(0.915003 0.0875724 6.79582e-21)
(0.897327 0.1187 -2.38008e-21)
(0.886015 0.144058 -1.21933e-21)
(0.870391 0.18968 -2.55913e-21)
(0.864305 0.221141 1.04233e-20)
(0.858147 0.288658 1.1182e-21)
(0.998504 0.00181229 1.1641e-21)
(0.998459 0.00255577 6.07611e-22)
(0.991598 0.007264 1.37505e-21)
(0.987136 0.0102508 -5.07522e-22)
(0.976832 0.0189929 -2.09716e-22)
(0.969014 0.025903 -4.78896e-22)
(0.955611 0.0401887 1.97626e-21)
(0.94524 0.0523536 -3.82206e-21)
(0.929367 0.0742281 3.44151e-21)
(0.918073 0.0931014 1.2136e-21)
(0.901483 0.125526 1.91365e-21)
(0.892523 0.151883 -2.07153e-21)
(0.879055 0.199057 -7.04225e-21)
(0.877114 0.230482 1.30154e-20)
(0.875317 0.300094 -1.47865e-20)
(0.998448 0.00194772 -9.64517e-22)
(0.998571 0.00291518 1.33294e-22)
(0.991598 0.00801311 4.99005e-22)
(0.987416 0.0113389 -1.11777e-21)
(0.97707 0.0205697 1.92547e-21)
(0.969695 0.0280339 -1.08265e-21)
(0.956428 0.0430468 -1.72875e-21)
(0.946822 0.0560303 2.01342e-21)
(0.931455 0.0788959 -3.68422e-21)
(0.921548 0.0988223 4.52731e-21)
(0.90613 0.132395 -6.56842e-21)
(0.899715 0.159717 6.77393e-21)
(0.888454 0.207923 2.17427e-21)
(0.891062 0.238916 -8.65849e-21)
(0.893713 0.310559 1.97646e-21)
(0.998391 0.00208252 1.42989e-22)
(0.998696 0.00328583 -4.40846e-23)
(0.991623 0.00871691 2.81697e-22)
(0.987756 0.0123937 2.19067e-22)
(0.977387 0.0220904 -4.58884e-22)
(0.97053 0.0301037 1.32424e-21)
(0.957435 0.0458023 2.05974e-21)
(0.948737 0.0595859 -4.6374e-21)
(0.933942 0.0833457 2.88119e-21)
(0.925662 0.104248 -2.03613e-21)
(0.911524 0.138673 -4.37861e-21)
(0.907988 0.166683 1.36997e-21)
(0.899039 0.215008 6.21282e-21)
(0.907104 0.245327 1.88099e-21)
(0.914482 0.317392 -4.74001e-21)
)
;

boundaryField
{
    inlet
    {
        type            uniformFixedValue;
        uniformValue    constant (1 0 0);
        value           uniform (1 0 0);
    }
    outlet
    {
        type            pressureInletOutletVelocity;
        value           nonuniform 0();
    }
    cylinder
    {
        type            fixedValue;
        value           uniform (0 0 0);
    }
    top
    {
        type            symmetryPlane;
    }
    bottom
    {
        type            symmetryPlane;
    }
    defaultFaces
    {
        type            empty;
    }
    procBoundary2to0
    {
        type            processor;
        value           nonuniform List<vector> 
26
(
(0.0185705 -0.000826908 1.6963e-21)
(0.0845022 -0.00181661 -4.66427e-21)
(0.185021 -0.00285652 -5.28299e-21)
(0.185021 -0.00285652 -5.28299e-21)
(0.281429 -0.0553572 -5.01921e-21)
(0.367077 -0.050506 4.4163e-21)
(0.443392 -0.0457123 2.21035e-21)
(0.511218 -0.0413676 -3.52773e-21)
(0.571575 -0.0374628 -4.09363e-21)
(0.625261 -0.0339338 6.02149e-22)
(0.672966 -0.0307186 -1.70198e-21)
(0.999155 -0.00118678 -6.63019e-23)
(0.997461 -0.00397072 6.51514e-23)
(0.992129 -0.00641647 -8.44015e-23)
(0.985605 -0.00832389 -1.20841e-22)
(0.976379 -0.0100285 1.14007e-22)
(0.965431 -0.0110525 1.82733e-22)
(0.951709 -0.0122948 1.27918e-22)
(0.93574 -0.0130545 -7.83357e-23)
(0.916486 -0.0143143 3.12939e-22)
(0.894422 -0.0153735 5.78516e-23)
(0.868241 -0.0170832 1.50119e-22)
(0.83858 -0.0188369 2.12118e-22)
(0.803896 -0.0213897 -2.54824e-24)
(0.764779 -0.0239345 -1.5677e-22)
(0.72005 -0.0277438 -2.63439e-23)
)
;
    }
    procBoundary2to3
    {
        type            processor;
        value           nonuniform List<vector> 
50
(
(-0.0153821 0.0123016 -2.23e-20)
(-0.0105446 0.0153976 1.53987e-20)
(-0.0105446 0.0153976 1.53987e-20)
(0.0479589 0.00776316 -1.65558e-21)
(0.0727162 0.0037283 5.97289e-20)
(0.0727162 0.0037283 5.97289e-20)
(0.233618 -0.00179275 -2.47903e-20)
(0.233618 -0.00179275 -2.47903e-20)
(0.491883 0.0110288 2.2052e-20)
(0.491883 0.0110288 2.2052e-20)
(0.7193 0.0339731 -7.28207e-20)
(1.01328 0.081672 -1.20472e-20)
(1.01328 0.081672 -1.20472e-20)
(1.21232 0.125243 -3.06778e-20)
(1.21232 0.125243 -3.06778e-20)
(1.30372 0.1539 2.28392e-20)
(1.30372 0.1539 2.28392e-20)
(1.32146 0.151315 -9.57957e-21)
(1.31947 0.164637 -3.34797e-21)
(1.31947 0.164637 -3.34797e-21)
(1.31052 0.162736 6.58914e-21)
(1.29938 0.159948 8.91741e-22)
(1.28726 0.15629 -8.31261e-21)
(1.27497 0.151681 3.21656e-21)
(1.26313 0.146417 2.16228e-22)
(1.25204 0.140791 7.34409e-22)
(1.24168 0.134893 -2.90958e-21)
(1.23188 0.128731 -8.49359e-22)
(1.22251 0.122336 2.22973e-21)
(1.2135 0.115775 1.00992e-21)
(1.20479 0.10909 -7.5923e-23)
(1.19633 0.102321 6.74229e-22)
(1.1881 0.0955227 -1.1911e-21)
(1.18009 0.0887363 -1.28118e-21)
(1.18009 0.0887363 -1.28118e-21)
(1.17535 0.0804094 -2.77721e-22)
(1.16754 0.0739073 3.69966e-22)
(1.15993 0.0675068 -7.43575e-22)
(1.15257 0.0612416 3.28018e-22)
(1.14546 0.0551346 5.55467e-23)
(1.13864 0.0492029 -1.18426e-22)
(1.13215 0.0434569 -9.15854e-24)
(1.12605 0.0378999 2.11863e-22)
(1.1204 0.0325244 -3.26461e-23)
(1.11525 0.0273177 -5.41033e-23)
(1.1107 0.0222536 -8.51759e-23)
(1.10682 0.0173035 2.82601e-23)
(1.10371 0.0124034 4.54893e-23)
(1.10149 0.00752127 3.28438e-23)
(1.10027 0.0025335 1.79058e-23)
)
;
    }
}


// ************************************************************************* //
