/*--------------------------------*- C++ -*----------------------------------*\
  =========                 |
  \\      /  F ield         | OpenFOAM: The Open Source CFD Toolbox
   \\    /   O peration     | Website:  https://openfoam.org
    \\  /    A nd           | Version:  7
     \\/     M anipulation  |
\*---------------------------------------------------------------------------*/
FoamFile
{
    version     2.0;
    format      ascii;
    class       volScalarField;
    location    "255";
    object      p;
}
// * * * * * * * * * * * * * * * * * * * * * * * * * * * * * * * * * * * * * //

dimensions      [0 2 -2 0 0 0 0];

internalField   nonuniform List<scalar> 
8500
(
-0.431917
-0.434059
-0.43509
-0.436755
-0.439567
-0.443695
-0.44917
-0.455986
-0.464001
-0.473231
-0.441361
-0.443025
-0.444065
-0.446017
-0.449436
-0.454542
-0.461398
-0.470047
-0.480428
-0.492469
-0.450674
-0.451798
-0.452806
-0.454994
-0.458951
-0.464945
-0.473052
-0.483345
-0.495815
-0.510194
-0.459711
-0.460243
-0.461173
-0.463528
-0.467927
-0.474691
-0.483878
-0.495579
-0.509821
-0.525956
-0.468339
-0.468236
-0.469038
-0.471474
-0.476189
-0.48359
-0.493654
-0.506489
-0.522187
-0.539399
-0.476432
-0.475675
-0.476293
-0.478711
-0.483583
-0.491491
-0.502195
-0.515872
-0.532704
-0.550524
-0.483888
-0.482484
-0.482855
-0.485157
-0.490103
-0.498173
-0.509349
-0.523596
-0.541249
-0.559068
-0.490634
-0.488611
-0.488675
-0.490745
-0.495577
-0.503652
-0.515042
-0.529563
-0.547829
-0.565011
-0.496624
-0.494032
-0.493738
-0.495456
-0.499995
-0.507882
-0.519249
-0.533741
-0.552489
-0.568446
-0.50185
-0.498761
-0.498062
-0.499313
-0.503385
-0.510878
-0.521997
-0.536159
-0.555301
-0.569532
-0.506334
-0.502838
-0.501699
-0.502378
-0.505819
-0.512715
-0.523371
-0.536911
-0.55638
-0.568294
-0.510137
-0.506336
-0.504731
-0.504747
-0.507413
-0.513523
-0.523522
-0.536174
-0.555897
-0.564956
-0.51335
-0.50935
-0.507267
-0.506551
-0.508323
-0.513489
-0.522657
-0.534217
-0.55406
-0.559909
-0.516095
-0.511996
-0.509435
-0.507944
-0.508742
-0.512849
-0.521038
-0.531385
-0.551077
-0.553743
-0.518521
-0.514407
-0.511378
-0.509098
-0.508884
-0.511873
-0.518963
-0.528107
-0.547122
-0.547079
-0.520802
-0.516731
-0.513252
-0.510197
-0.508978
-0.510845
-0.516724
-0.524793
-0.542328
-0.540384
-0.523126
-0.519123
-0.515217
-0.511426
-0.509252
-0.510046
-0.514658
-0.52178
-0.536804
-0.533733
-0.52569
-0.52174
-0.517432
-0.512966
-0.509918
-0.509714
-0.513014
-0.519243
-0.530618
-0.526794
-0.528689
-0.524737
-0.520049
-0.514979
-0.511151
-0.510025
-0.511988
-0.517152
-0.523806
-0.519569
-0.532301
-0.528252
-0.5232
-0.517597
-0.513081
-0.511075
-0.511672
-0.515315
-0.516666
-0.513518
-0.536674
-0.532405
-0.526991
-0.520916
-0.515779
-0.512877
-0.512026
-0.513499
-0.510183
-0.509517
-0.54192
-0.537284
-0.531497
-0.524986
-0.519253
-0.515378
-0.512902
-0.511629
-0.504701
-0.498997
-0.548114
-0.542948
-0.536758
-0.529815
-0.52346
-0.518472
-0.514112
-0.509746
-0.499082
-0.487899
-0.555291
-0.549427
-0.542788
-0.535383
-0.528319
-0.522026
-0.515496
-0.507733
-0.49334
-0.477539
-0.563453
-0.556728
-0.549583
-0.541648
-0.533733
-0.525901
-0.516892
-0.505505
-0.487516
-0.467661
-0.57258
-0.564846
-0.557129
-0.548563
-0.539603
-0.529958
-0.518147
-0.503009
-0.481574
-0.458423
-0.582636
-0.573768
-0.565409
-0.556074
-0.545836
-0.534056
-0.519125
-0.500199
-0.475557
-0.449613
-0.593572
-0.583471
-0.574396
-0.564121
-0.552329
-0.538044
-0.519711
-0.497047
-0.469456
-0.441162
-0.605328
-0.593925
-0.584052
-0.572634
-0.558963
-0.541768
-0.519816
-0.493531
-0.463261
-0.432942
-0.617828
-0.60508
-0.594316
-0.581519
-0.565585
-0.545076
-0.519364
-0.489625
-0.456938
-0.424855
-0.630972
-0.616861
-0.605093
-0.590646
-0.572012
-0.547821
-0.518292
-0.485298
-0.450442
-0.416795
-0.644631
-0.629159
-0.616256
-0.599843
-0.578037
-0.549867
-0.51654
-0.48051
-0.443709
-0.408663
-0.65864
-0.641826
-0.627632
-0.608889
-0.583444
-0.551083
-0.514044
-0.475209
-0.43667
-0.40036
-0.672796
-0.654669
-0.639004
-0.617521
-0.588012
-0.551346
-0.510736
-0.469334
-0.429244
-0.391794
-0.686855
-0.667455
-0.650111
-0.625446
-0.591525
-0.550535
-0.506544
-0.462813
-0.421351
-0.382873
-0.700532
-0.679908
-0.660647
-0.632358
-0.593774
-0.548533
-0.501387
-0.45557
-0.412903
-0.373512
-0.713509
-0.691716
-0.670272
-0.63795
-0.594564
-0.545225
-0.495183
-0.447523
-0.403815
-0.363631
-0.725438
-0.702537
-0.678623
-0.641923
-0.593711
-0.540502
-0.487846
-0.438588
-0.394005
-0.353157
-0.73595
-0.712006
-0.685327
-0.643996
-0.591047
-0.534255
-0.47929
-0.428685
-0.383394
-0.342029
-0.744665
-0.719743
-0.690019
-0.643912
-0.586419
-0.526387
-0.469434
-0.417736
-0.371914
-0.330201
-0.751201
-0.725368
-0.692351
-0.64144
-0.579693
-0.516802
-0.458197
-0.405668
-0.35951
-0.31764
-0.755186
-0.728507
-0.692008
-0.636382
-0.570753
-0.50542
-0.445505
-0.392411
-0.346129
-0.304316
-0.756268
-0.728804
-0.688714
-0.628574
-0.559504
-0.492169
-0.431293
-0.377899
-0.331712
-0.290169
-0.754124
-0.725936
-0.682238
-0.617889
-0.545874
-0.476995
-0.415513
-0.362083
-0.316181
-0.275038
-0.748468
-0.719622
-0.672396
-0.604237
-0.529812
-0.459862
-0.398134
-0.344942
-0.299489
-0.258663
-0.739062
-0.709636
-0.659051
-0.58756
-0.511294
-0.440746
-0.379135
-0.32648
-0.281702
-0.240958
-0.725716
-0.695807
-0.642112
-0.56784
-0.490316
-0.419637
-0.358499
-0.306692
-0.262901
-0.222516
-0.708297
-0.678019
-0.621539
-0.545086
-0.466899
-0.396548
-0.336247
-0.285599
-0.242777
-0.203609
-0.68673
-0.656217
-0.597341
-0.519346
-0.441088
-0.371521
-0.312463
-0.263259
-0.221507
-0.183952
-0.660997
-0.630405
-0.569578
-0.490711
-0.412951
-0.344639
-0.287203
-0.239633
-0.199232
-0.163473
-0.631135
-0.600647
-0.538372
-0.459307
-0.38256
-0.315991
-0.260482
-0.214799
-0.176015
-0.142203
-0.597239
-0.567073
-0.503922
-0.425225
-0.350021
-0.285632
-0.232387
-0.188844
-0.151914
-0.120223
-0.559457
-0.529886
-0.466429
-0.388416
-0.315541
-0.253696
-0.203021
-0.161861
-0.127004
-0.0976413
-0.518001
-0.489348
-0.425861
-0.349253
-0.279207
-0.220319
-0.172503
-0.133947
-0.101375
-0.0745773
-0.473112
-0.445728
-0.381983
-0.30827
-0.241265
-0.185653
-0.140966
-0.10521
-0.0751137
-0.0511201
-0.425021
-0.399062
-0.335762
-0.265404
-0.201914
-0.14987
-0.108551
-0.0757605
-0.0483097
-0.0273569
-0.374001
-0.34939
-0.287966
-0.220936
-0.161345
-0.113149
-0.0753965
-0.0456942
-0.0211079
-0.00365837
-0.320493
-0.297415
-0.238569
-0.175162
-0.119774
-0.0756632
-0.0416145
-0.0150818
0.00619881
0.0190237
-0.264948
-0.243498
-0.187753
-0.128363
-0.0774378
-0.037591
-0.0073073
0.0159794
0.0332435
0.0400056
-0.207682
-0.188117
-0.135826
-0.0808242
-0.0345822
0.000874751
0.0273564
0.047216
0.0598878
0.0613733
-0.149131
-0.131697
-0.0831498
-0.0328399
0.00854065
0.0395173
0.0621005
0.0781639
0.0861144
0.088787
-0.0897482
-0.0746529
-0.0300984
0.0152849
0.0516754
0.078102
0.0966388
0.108702
0.112988
0.116375
-0.0299916
-0.0174022
0.0229514
0.0632401
0.0945606
0.116392
0.130798
0.138945
0.140179
0.142569
0.0296808
0.0396342
0.0756257
0.110714
0.13693
0.15415
0.164404
0.168769
0.167177
0.167701
0.0888122
0.0960358
0.127556
0.157397
0.178521
0.191153
0.19729
0.197992
0.193592
0.191748
0.146951
0.151387
0.17838
0.202985
0.219074
0.227183
0.229277
0.226428
0.219223
0.214775
0.203655
0.205282
0.227747
0.24718
0.258337
0.262026
0.260185
0.253896
0.24391
0.236763
0.258496
0.257327
0.275317
0.289696
0.296067
0.295478
0.289835
0.280232
0.267529
0.257667
0.311059
0.307143
0.320765
0.330258
0.332029
0.327338
0.318057
0.305286
0.289961
0.277423
0.360952
0.354372
0.363783
0.368606
0.366003
0.357418
0.344688
0.32892
0.311098
0.295958
0.407804
0.398677
0.40408
0.404493
0.39778
0.38554
0.369576
0.351004
0.330832
0.3132
0.451271
0.439743
0.441387
0.437692
0.427164
0.411538
0.392579
0.371417
0.349064
0.329079
0.491034
0.477282
0.475459
0.467994
0.453979
0.435259
0.413569
0.390047
0.3657
0.343532
0.526806
0.511034
0.50607
0.495209
0.478062
0.456567
0.432428
0.406794
0.380656
0.356498
0.558334
0.540769
0.533025
0.51917
0.499271
0.475339
0.44905
0.421567
0.393856
0.367926
0.585395
0.566288
0.556152
0.539732
0.517481
0.491469
0.463347
0.434289
0.405235
0.377773
0.607804
0.587422
0.575308
0.556773
0.532587
0.504867
0.475241
0.444893
0.414736
0.386002
0.625413
0.604037
0.590377
0.570195
0.544508
0.515462
0.484671
0.453326
0.422314
0.392586
0.63811
0.616034
0.601273
0.579925
0.553179
0.523201
0.491592
0.459548
0.427938
0.397506
0.645822
0.623347
0.607941
0.585916
0.55856
0.528049
0.495973
0.463532
0.431585
0.400752
0.648516
0.625945
0.610354
0.588145
0.560632
0.529989
0.497801
0.465266
0.433244
0.402306
0.646196
0.623834
0.608516
0.586616
0.559398
0.529024
0.497076
0.46475
0.432911
0.402174
0.638906
0.617052
0.602462
0.581358
0.554882
0.525173
0.493816
0.462
0.430603
0.40036
0.626729
0.605676
0.592256
0.572424
0.547131
0.518477
0.488055
0.457045
0.426344
0.396891
0.609786
0.589815
0.577992
0.559896
0.536211
0.508993
0.479841
0.449926
0.420168
0.391785
0.588235
0.569611
0.559793
0.543876
0.522213
0.496796
0.469239
0.440698
0.412122
0.38507
0.56227
0.545242
0.537809
0.524493
0.505245
0.48198
0.456328
0.429431
0.402262
0.376783
0.532121
0.516914
0.512218
0.501897
0.485436
0.464654
0.4412
0.416204
0.390656
0.36697
0.498051
0.484866
0.483226
0.476263
0.462933
0.444943
0.423964
0.401109
0.377379
0.355682
0.460352
0.449365
0.451061
0.447783
0.437901
0.422989
0.404738
0.384248
0.362519
0.342979
0.419349
0.410705
0.415976
0.416672
0.410524
0.398947
0.383655
0.365735
0.34617
0.328927
0.375392
0.369206
0.378244
0.383161
0.380997
0.372983
0.360856
0.345691
0.328432
0.313597
0.328855
0.32521
0.338159
0.3475
0.349532
0.345279
0.336497
0.324248
0.309414
0.297063
0.280133
0.279078
0.296034
0.309952
0.316354
0.316025
0.310738
0.301545
0.28923
0.279401
0.22964
0.23119
0.252195
0.270792
0.281696
0.28542
0.283753
0.277731
0.267998
0.260683
0.177805
0.181941
0.206982
0.230309
0.245802
0.253671
0.255716
0.252967
0.245846
0.240969
0.125067
0.131735
0.160748
0.1888
0.208923
0.22099
0.226811
0.227427
0.222926
0.220299
0.0718707
0.0809843
0.11385
0.146566
0.171317
0.187594
0.197215
0.201292
0.199426
0.198644
0.0186665
0.0301026
0.0666551
0.103914
0.133244
0.153704
0.167097
0.174739
0.175687
0.176011
-0.0340977
-0.0204975
0.019531
0.0611522
0.0949645
0.119552
0.136633
0.147893
0.152138
0.15208
-0.0859773
-0.0704104
-0.0271525
0.0185844
0.0567353
0.0853647
0.105994
0.120691
0.129125
0.12822
-0.136527
-0.119237
-0.0730307
-0.0234925
0.0188062
0.0513702
0.0754446
0.0932609
0.105763
0.109421
-0.18533
-0.16655
-0.11776
-0.0647926
-0.0185779
0.0177773
0.0452352
0.0659954
0.0820686
0.090915
-0.232225
-0.211824
-0.161064
-0.105041
-0.0551784
-0.0152261
0.015526
0.0391303
0.0581436
0.07101
-0.276584
-0.254844
-0.202815
-0.143967
-0.0907693
-0.0474656
-0.0135735
0.0127717
0.0343236
0.0502733
-0.318068
-0.294882
-0.242931
-0.181293
-0.125144
-0.0787703
-0.0419461
-0.0129946
0.0108872
0.0295088
-0.356488
-0.332181
-0.280348
-0.216824
-0.15811
-0.108971
-0.0694562
-0.0380679
-0.0120242
0.00904891
-0.391624
-0.366497
-0.314752
-0.250403
-0.189461
-0.137906
-0.0959677
-0.0623419
-0.0343245
-0.011016
-0.423255
-0.397557
-0.346339
-0.281561
-0.219067
-0.165434
-0.121356
-0.0857146
-0.0559298
-0.0305995
-0.451219
-0.42516
-0.374991
-0.310254
-0.246721
-0.191421
-0.145513
-0.108091
-0.0767578
-0.0495908
-0.475419
-0.449173
-0.400515
-0.336399
-0.272312
-0.21578
-0.168347
-0.129383
-0.0967387
-0.0678913
-0.49581
-0.469527
-0.422776
-0.359883
-0.295762
-0.238442
-0.189801
-0.14951
-0.115805
-0.0854433
-0.512405
-0.486217
-0.441715
-0.380616
-0.316998
-0.259314
-0.20985
-0.168449
-0.133852
-0.102276
-0.525271
-0.499295
-0.457324
-0.398548
-0.335971
-0.278345
-0.2284
-0.186191
-0.150734
-0.118587
-0.534534
-0.508872
-0.469643
-0.413668
-0.352656
-0.295515
-0.245419
-0.202683
-0.166621
-0.13444
-0.540371
-0.515113
-0.478766
-0.425998
-0.367053
-0.310826
-0.26091
-0.217917
-0.181427
-0.149001
-0.543012
-0.518242
-0.484829
-0.435598
-0.379187
-0.324295
-0.274884
-0.231881
-0.195099
-0.162311
-0.542727
-0.518529
-0.488018
-0.442563
-0.389108
-0.335954
-0.287364
-0.244589
-0.207686
-0.174634
-0.539825
-0.516284
-0.488565
-0.447028
-0.396892
-0.345855
-0.298391
-0.256079
-0.21925
-0.186118
-0.534639
-0.511843
-0.486747
-0.449164
-0.402639
-0.354066
-0.308022
-0.266401
-0.229831
-0.196805
-0.527521
-0.505561
-0.482875
-0.449178
-0.406471
-0.36067
-0.316324
-0.275614
-0.239464
-0.206701
-0.518832
-0.497795
-0.477287
-0.447308
-0.408534
-0.365765
-0.323373
-0.283776
-0.248188
-0.215823
-0.508926
-0.488899
-0.470334
-0.44382
-0.408993
-0.369456
-0.329247
-0.290954
-0.256054
-0.224201
-0.498146
-0.479207
-0.462368
-0.439
-0.408033
-0.371861
-0.334032
-0.297218
-0.26312
-0.231868
-0.486813
-0.469032
-0.453723
-0.433147
-0.405856
-0.373106
-0.337816
-0.302638
-0.269444
-0.238865
-0.475218
-0.458655
-0.444708
-0.426566
-0.402677
-0.373326
-0.340689
-0.307286
-0.275085
-0.245234
-0.463615
-0.448318
-0.435593
-0.41955
-0.398724
-0.372662
-0.342741
-0.311229
-0.280102
-0.251018
-0.452222
-0.438224
-0.426607
-0.412369
-0.394229
-0.371264
-0.344062
-0.314529
-0.284547
-0.256259
-0.441212
-0.428534
-0.417934
-0.405254
-0.38942
-0.369287
-0.344742
-0.317243
-0.288463
-0.260997
-0.43072
-0.419364
-0.409716
-0.398394
-0.384512
-0.366888
-0.344869
-0.31942
-0.291884
-0.265266
-0.420838
-0.410793
-0.402051
-0.391924
-0.379692
-0.364226
-0.344534
-0.321103
-0.294833
-0.269092
-0.411618
-0.402861
-0.394998
-0.385936
-0.375102
-0.36145
-0.343826
-0.322328
-0.297315
-0.272497
-0.403082
-0.395578
-0.388576
-0.380477
-0.370837
-0.358687
-0.342834
-0.323128
-0.299318
-0.275495
-0.395218
-0.388924
-0.382771
-0.375559
-0.366943
-0.356032
-0.341642
-0.323538
-0.300816
-0.278089
-0.387995
-0.382865
-0.377542
-0.371156
-0.363424
-0.353533
-0.340321
-0.323594
-0.301768
-0.280285
-0.381369
-0.377351
-0.372832
-0.367219
-0.360252
-0.3512
-0.338918
-0.323336
-0.302132
-0.282052
-0.375294
-0.372334
-0.368576
-0.363681
-0.357378
-0.349009
-0.337448
-0.322805
-0.301864
-0.283399
-0.369735
-0.367775
-0.364723
-0.360475
-0.354745
-0.346924
-0.335907
-0.322028
-0.300991
-0.284072
-0.36467
-0.36365
-0.361225
-0.357548
-0.352303
-0.34491
-0.334289
-0.321032
-0.299516
-0.284095
-0.360109
-0.359955
-0.358074
-0.354879
-0.350027
-0.342952
-0.332621
-0.319763
-0.297736
-0.281807
-0.356079
-0.356707
-0.35529
-0.35248
-0.34793
-0.341078
-0.330959
-0.318155
-0.296891
-0.266985
-0.352629
-0.35395
-0.352913
-0.350402
-0.34607
-0.339361
-0.329388
-0.316307
-0.296762
-0.26048
-0.349822
-0.351744
-0.351009
-0.348723
-0.34454
-0.337917
-0.328033
-0.314593
-0.29681
-0.259038
-0.347728
-0.350153
-0.349657
-0.347541
-0.343463
-0.336893
-0.327069
-0.313297
-0.296727
-0.258715
-0.346411
-0.349243
-0.348934
-0.346955
-0.342968
-0.336451
-0.326704
-0.312604
-0.296816
-0.25956
-0.345924
-0.349073
-0.348914
-0.347056
-0.343171
-0.336737
-0.32703
-0.312846
-0.29763
-0.261979
-0.346304
-0.349689
-0.349652
-0.347915
-0.344165
-0.337883
-0.328343
-0.314534
-0.299255
-0.265656
-0.347569
-0.35112
-0.351187
-0.349581
-0.346012
-0.339968
-0.330737
-0.317478
-0.302099
-0.271421
-0.34972
-0.353382
-0.35354
-0.352078
-0.348741
-0.343029
-0.334266
-0.321758
-0.306565
-0.278734
-0.352745
-0.356474
-0.356713
-0.355411
-0.352355
-0.347071
-0.338932
-0.327366
-0.31279
-0.288218
-0.356621
-0.360382
-0.360696
-0.35957
-0.356841
-0.352074
-0.344695
-0.334216
-0.320568
-0.298821
-0.361316
-0.365082
-0.365468
-0.364534
-0.362178
-0.358008
-0.35151
-0.342241
-0.329774
-0.31063
-0.366794
-0.370542
-0.370999
-0.370275
-0.368336
-0.36484
-0.359333
-0.351402
-0.340376
-0.323841
-0.373013
-0.376718
-0.377249
-0.376756
-0.375279
-0.372535
-0.368128
-0.361671
-0.352364
-0.338575
-0.379926
-0.383559
-0.384166
-0.383929
-0.382961
-0.381045
-0.377846
-0.373008
-0.365695
-0.354853
-0.387477
-0.391001
-0.391688
-0.391732
-0.391322
-0.390308
-0.388419
-0.385341
-0.38028
-0.372601
-0.395597
-0.398967
-0.399738
-0.400086
-0.400279
-0.400233
-0.399746
-0.398553
-0.395966
-0.391645
-0.404206
-0.407367
-0.40822
-0.408893
-0.409726
-0.410702
-0.411685
-0.412475
-0.412519
-0.411677
-0.413207
-0.416097
-0.417026
-0.418035
-0.41953
-0.421561
-0.424055
-0.426879
-0.429631
-0.43229
-0.422486
-0.425038
-0.426028
-0.427373
-0.429536
-0.432628
-0.436633
-0.441486
-0.446929
-0.452992
-0.489944
-0.500885
-0.493392
-0.449903
-0.387535
-0.341955
-0.3373
-0.353577
-0.343445
-0.284748
-0.214506
-0.159075
-0.134883
-0.124091
-0.143283
-0.165756
-0.157605
-0.117963
-0.0992836
-0.0773556
-0.071544
-0.0609848
-0.0628345
-0.0793373
-0.082227
-0.0507889
-0.0417655
-0.0515903
-0.0432665
-0.00595644
-0.513729
-0.527884
-0.520863
-0.472183
-0.399115
-0.339859
-0.321681
-0.328942
-0.319399
-0.266729
-0.203664
-0.154807
-0.135586
-0.128328
-0.150467
-0.175328
-0.166127
-0.122343
-0.100379
-0.0772345
-0.0706515
-0.0591271
-0.0606818
-0.0781675
-0.0812969
-0.0504142
-0.0417057
-0.0514509
-0.0433945
-0.0060615
-0.535763
-0.55258
-0.545983
-0.492134
-0.408849
-0.336684
-0.305235
-0.303613
-0.293876
-0.247358
-0.191787
-0.149996
-0.135912
-0.132365
-0.15735
-0.184553
-0.174173
-0.126526
-0.101349
-0.0770878
-0.0698306
-0.0574166
-0.0586203
-0.0769801
-0.0803165
-0.0500317
-0.0416305
-0.0513321
-0.0435603
-0.00616624
-0.555448
-0.574374
-0.568266
-0.5094
-0.416554
-0.332556
-0.288377
-0.278149
-0.26696
-0.226819
-0.178908
-0.144604
-0.135787
-0.136099
-0.163829
-0.193306
-0.18169
-0.130494
-0.102198
-0.0769153
-0.0690752
-0.0558582
-0.0566637
-0.075784
-0.0792934
-0.0496434
-0.0415396
-0.0512321
-0.0437608
-0.00626999
-0.572373
-0.592833
-0.587341
-0.523793
-0.422229
-0.327608
-0.271412
-0.252959
-0.239162
-0.205341
-0.16507
-0.138599
-0.135138
-0.13943
-0.169812
-0.201479
-0.188637
-0.134233
-0.102933
-0.0767164
-0.0683775
-0.0544549
-0.0548234
-0.0745879
-0.0782353
-0.0492513
-0.0414326
-0.0511494
-0.0439928
-0.00637206
-0.585503
-0.608071
-0.602631
-0.535546
-0.4265
-0.321993
-0.254764
-0.228333
-0.211128
-0.183179
-0.150352
-0.131961
-0.133898
-0.142265
-0.175223
-0.20898
-0.194978
-0.13773
-0.103562
-0.076491
-0.0677276
-0.053208
-0.0531078
-0.0734011
-0.0771496
-0.0488567
-0.0413089
-0.0510821
-0.0442522
-0.00647173
-0.595613
-0.619804
-0.614576
-0.544703
-0.429237
-0.315901
-0.238891
-0.204759
-0.183497
-0.160624
-0.134878
-0.124683
-0.132006
-0.144519
-0.179999
-0.215738
-0.200689
-0.140974
-0.104092
-0.0762391
-0.0671144
-0.0521167
-0.0515225
-0.072233
-0.0760434
-0.0484609
-0.0411678
-0.0510284
-0.044535
-0.00656825
-0.602701
-0.628128
-0.623185
-0.551375
-0.430733
-0.310009
-0.223764
-0.18251
-0.157298
-0.138023
-0.118816
-0.116768
-0.129407
-0.146122
-0.184096
-0.221698
-0.205754
-0.143955
-0.104531
-0.0759611
-0.0665262
-0.051178
-0.0500686
-0.0710925
-0.0749231
-0.048065
-0.0410082
-0.0509865
-0.0448368
-0.00666084
-0.607067
-0.633239
-0.628532
-0.555671
-0.431204
-0.304253
-0.210083
-0.161955
-0.133162
-0.115734
-0.102367
-0.108228
-0.126051
-0.147019
-0.18748
-0.226824
-0.21016
-0.146664
-0.104887
-0.0756577
-0.0659506
-0.0503866
-0.0487429
-0.069988
-0.0737942
-0.0476696
-0.0408293
-0.0509545
-0.0451529
-0.00674868
-0.609832
-0.635333
-0.630798
-0.557711
-0.430844
-0.299042
-0.198581
-0.142815
-0.111389
-0.0942128
-0.0857317
-0.0990813
-0.121894
-0.14717
-0.190133
-0.231101
-0.213905
-0.149095
-0.105167
-0.0753299
-0.0653758
-0.0497348
-0.0475392
-0.0689267
-0.0726612
-0.0472754
-0.0406298
-0.0509303
-0.0454783
-0.00683091
-0.608846
-0.634531
-0.63018
-0.557615
-0.429795
-0.294631
-0.188895
-0.12614
-0.0919044
-0.073615
-0.0691184
-0.0893551
-0.116897
-0.146548
-0.192045
-0.234529
-0.216989
-0.151242
-0.105379
-0.0749791
-0.0647906
-0.0492125
-0.0464492
-0.0679146
-0.0715274
-0.0468827
-0.0404085
-0.0509119
-0.0458079
-0.00690661
-0.605423
-0.631029
-0.626844
-0.555538
-0.428186
-0.291177
-0.181219
-0.111913
-0.0749812
-0.0546421
-0.0527789
-0.0790819
-0.111021
-0.145137
-0.193217
-0.237115
-0.219419
-0.153098
-0.10553
-0.0746076
-0.0641853
-0.048808
-0.0454632
-0.0669567
-0.0703948
-0.0464918
-0.0401643
-0.0508971
-0.0461362
-0.00697481
-0.599547
-0.625052
-0.620991
-0.55163
-0.426142
-0.288759
-0.175598
-0.100393
-0.0604458
-0.0381319
-0.0369135
-0.0682854
-0.104231
-0.142931
-0.193657
-0.238875
-0.221201
-0.154661
-0.10563
-0.0742184
-0.0635518
-0.0485076
-0.0445707
-0.0660561
-0.069264
-0.0461029
-0.039896
-0.0508833
-0.0464577
-0.00703446
-0.592192
-0.616871
-0.612849
-0.546056
-0.423766
-0.287401
-0.172028
-0.0916056
-0.0481371
-0.0241381
-0.0216898
-0.0569822
-0.0964874
-0.139928
-0.193382
-0.239826
-0.22234
-0.155924
-0.105679
-0.0738119
-0.0628832
-0.0482921
-0.0437601
-0.0652134
-0.0681341
-0.0457158
-0.0396023
-0.0508683
-0.0467669
-0.00708441
-0.583578
-0.606734
-0.602643
-0.538979
-0.421108
-0.287019
-0.170398
-0.0854213
-0.0379511
-0.0123975
-0.00733035
-0.0451788
-0.0877493
-0.136129
-0.192411
-0.239988
-0.222847
-0.156868
-0.105663
-0.0733818
-0.0621743
-0.0481369
-0.0430181
-0.0644265
-0.0670026
-0.0453305
-0.0392821
-0.0508492
-0.0470596
-0.00712354
-0.573998
-0.59491
-0.590603
-0.530507
-0.418048
-0.287281
-0.170349
-0.081508
-0.0297756
-0.00253777
0.00591114
-0.032882
-0.0779724
-0.131532
-0.190765
-0.239396
-0.222743
-0.157481
-0.105577
-0.0729257
-0.0614242
-0.0480303
-0.0423332
-0.0636852
-0.0658654
-0.0449466
-0.0389346
-0.0508235
-0.0473306
-0.00715107
-0.563774
-0.58175
-0.577068
-0.520862
-0.414566
-0.287987
-0.171655
-0.0796776
-0.0236482
0.00569385
0.0178372
-0.0201245
-0.0671077
-0.126137
-0.188466
-0.238093
-0.222057
-0.157817
-0.105507
-0.0724876
-0.06064
-0.0480037
-0.0417156
-0.0629537
-0.0647164
-0.0445635
-0.0385589
-0.0507877
-0.0475661
-0.00716656
-0.553308
-0.567699
-0.56263
-0.510916
-0.4118
-0.290374
-0.175414
-0.0807411
-0.0201983
0.0120396
0.0281414
-0.00705426
-0.0551194
-0.119917
-0.185529
-0.235976
-0.220704
-0.158008
-0.105635
-0.0721587
-0.0598302
-0.0480968
-0.0412011
-0.0620927
-0.0635504
-0.0441802
-0.0381529
-0.0507349
-0.0477416
-0.00716842
-0.543039
-0.552853
-0.547247
-0.500925
-0.41038
-0.295138
-0.182176
-0.0850223
-0.0195177
0.016629
0.0365841
0.0058453
-0.0419488
-0.112896
-0.181959
-0.232738
-0.21843
-0.157902
-0.105776
-0.0718412
-0.0589676
-0.0481497
-0.0407218
-0.0614751
-0.0623737
-0.0437986
-0.0377117
-0.0506599
-0.0478666
-0.00715121
-0.532167
-0.537037
-0.529022
-0.485913
-0.402293
-0.292991
-0.183316
-0.0858878
-0.0170052
0.0229222
0.0449577
0.0189487
-0.0280414
-0.104969
-0.177826
-0.229675
-0.215698
-0.156479
-0.104635
-0.0708819
-0.0579645
-0.0476213
-0.0399131
-0.0610269
-0.061085
-0.0434206
-0.0372708
-0.050628
-0.0480885
-0.00710523
-0.515653
-0.520463
-0.507823
-0.462844
-0.381277
-0.276296
-0.17113
-0.0767115
-0.00805876
0.0346306
0.0597796
0.0415949
-0.00551797
-0.0948667
-0.178435
-0.232535
-0.214633
-0.153363
-0.101354
-0.0687424
-0.0566939
-0.0461193
-0.0382809
-0.0579795
-0.0586135
-0.0428249
-0.0369526
-0.0508259
-0.0487143
-0.00703198
-0.49156
-0.492436
-0.473017
-0.427673
-0.35209
-0.255521
-0.158008
-0.0688289
-0.00130036
0.0434907
0.0708288
0.0602695
0.0147355
-0.0840087
-0.174726
-0.227467
-0.207243
-0.146935
-0.0970516
-0.0661153
-0.0543401
-0.0446197
-0.0384693
-0.0571206
-0.0572999
-0.0420039
-0.0363298
-0.0501789
-0.0490601
-0.0069182
-0.46517
-0.461922
-0.437596
-0.393432
-0.324665
-0.236674
-0.146481
-0.062378
0.00367611
0.0501168
0.0808249
0.0767474
0.0310131
-0.075162
-0.169822
-0.219367
-0.197692
-0.139687
-0.0924228
-0.0632309
-0.0517851
-0.0431135
-0.0387959
-0.0557572
-0.0563798
-0.0409316
-0.0355266
-0.0491846
-0.0491614
-0.00680921
-0.437065
-0.430702
-0.403348
-0.360811
-0.298529
-0.218833
-0.135846
-0.0570088
0.007023
0.0544443
0.0890855
0.0919797
0.0461852
-0.0664455
-0.164328
-0.209324
-0.186218
-0.131395
-0.0873281
-0.0601059
-0.0489608
-0.0415525
-0.0390381
-0.0543131
-0.0552636
-0.0396811
-0.0346561
-0.0481082
-0.0489874
-0.00669674
-0.407447
-0.399571
-0.370818
-0.330179
-0.273946
-0.202175
-0.126178
-0.0526336
0.00887794
0.0564147
0.0944967
0.104469
0.0596683
-0.0572189
-0.157345
-0.196552
-0.172791
-0.122137
-0.0818101
-0.0567414
-0.0458675
-0.0398695
-0.0392158
-0.0528145
-0.0539024
-0.0383441
-0.0337564
-0.0469162
-0.0484783
-0.00657321
-0.377353
-0.369164
-0.340323
-0.301814
-0.251089
-0.18671
-0.11741
-0.0491263
0.00946532
0.0562486
0.0965464
0.112612
0.0697477
-0.0476779
-0.147725
-0.180996
-0.157685
-0.11205
-0.075905
-0.0531348
-0.0424937
-0.0380191
-0.0392707
-0.0511834
-0.0523705
-0.0369373
-0.0328047
-0.0455307
-0.047586
-0.00642997
-0.347754
-0.339885
-0.311953
-0.27576
-0.229987
-0.172398
-0.109465
-0.0463842
0.00901857
0.0542825
0.0952635
0.115407
0.0754145
-0.0379386
-0.134756
-0.16291
-0.141323
-0.101336
-0.0696671
-0.0492839
-0.0388345
-0.0359394
-0.0391053
-0.0493519
-0.0506668
-0.0354319
-0.0317767
-0.0439222
-0.0462691
-0.00625633
-0.319155
-0.311956
-0.285629
-0.25191
-0.210589
-0.159182
-0.102254
-0.0443096
0.0077313
0.0508805
0.0909979
0.112881
0.0769719
-0.0277948
-0.118251
-0.142846
-0.124255
-0.0902513
-0.0631621
-0.0451857
-0.034888
-0.0335569
-0.0386014
-0.0472293
-0.0487195
-0.0338029
-0.03067
-0.0420776
-0.0444905
-0.00603955
-0.291872
-0.285505
-0.261213
-0.230088
-0.192805
-0.146993
-0.0957002
-0.0427961
0.00575057
0.046407
0.0844366
0.10611
0.075621
-0.0170732
-0.0988317
-0.121715
-0.107119
-0.0790851
-0.056464
-0.0408368
-0.0306568
-0.0307866
-0.0376211
-0.0446992
-0.0464305
-0.0320415
-0.0294886
-0.0399795
-0.0422207
-0.00576513
-0.266102
-0.260595
-0.238559
-0.210104
-0.176521
-0.135763
-0.0897358
-0.0417311
0.00321334
0.0411819
0.076356
0.0966655
0.0725196
-0.00624844
-0.0781281
-0.100692
-0.0905457
-0.0681224
-0.0496485
-0.0362348
-0.0261477
-0.0275315
-0.0360029
-0.0416242
-0.043691
-0.03014
-0.0282285
-0.0376088
-0.039441
-0.0054172
-0.241927
-0.237245
-0.217539
-0.191773
-0.161616
-0.125422
-0.0843011
-0.0410046
0.000264712
0.0354546
0.0674239
0.0859619
0.0681897
0.00351275
-0.0582668
-0.0809233
-0.0750451
-0.0576044
-0.0427881
-0.0313823
-0.0213742
-0.0236821
-0.033563
-0.0378462
-0.0403738
-0.0280761
-0.026872
-0.0349506
-0.0361486
-0.00497939
-0.219365
-0.215451
-0.198047
-0.174936
-0.147972
-0.115905
-0.0793378
-0.0405168
-0.00294536
0.0294246
0.0581438
0.0749095
0.0626925
0.0111045
-0.0408875
-0.0632182
-0.0609357
-0.0477046
-0.0359508
-0.0262909
-0.0163611
-0.0191203
-0.0300998
-0.0331873
-0.0363185
-0.0258094
-0.0253841
-0.0319958
-0.0323613
-0.0044366
-0.198415
-0.195196
-0.179994
-0.159455
-0.135475
-0.107146
-0.0747862
-0.0401799
-0.00626441
0.0233209
0.0488862
0.0639972
0.0561614
0.0160616
-0.0267461
-0.0479612
-0.0483494
-0.0385293
-0.029202
-0.0209873
-0.0111492
-0.0137453
-0.0253975
-0.0274566
-0.0313291
-0.0232855
-0.0237073
-0.0287432
-0.0281193
-0.00377762
-0.179049
-0.176445
-0.163307
-0.145216
-0.12402
-0.0990818
-0.0705877
-0.0399166
-0.00955184
0.0172751
0.0399316
0.0535324
0.0490062
0.0186217
-0.0158124
-0.0351815
-0.0372921
-0.0301295
-0.0226089
-0.0155209
-0.00579414
-0.00750852
-0.0192663
-0.020471
-0.0251878
-0.0204429
-0.0217621
-0.0252031
-0.0234909
-0.00299918
-0.161226
-0.159158
-0.147917
-0.132123
-0.113511
-0.0916508
-0.0666871
-0.0396596
-0.0126825
0.0114501
0.0315022
0.0437546
0.041717
0.0193276
-0.0076281
-0.0247017
-0.027699
-0.022518
-0.0162435
-0.00996782
-0.000368063
-0.000429279
-0.0115976
-0.012106
-0.0177016
-0.0172189
-0.0194491
-0.0213979
-0.0185779
-0.0021116
-0.14489
-0.143284
-0.13376
-0.120093
-0.103865
-0.0847952
-0.0630339
-0.0393524
-0.0155537
0.00599429
0.0237577
0.0348324
0.0346777
0.0187232
-0.00161463
-0.0162703
-0.0194752
-0.0156841
-0.0101873
-0.00442564
0.00503211
0.00738004
-0.00241853
-0.00237815
-0.00880463
-0.0135407
-0.016669
-0.0173663
-0.0135084
-0.00114308
-0.129979
-0.128763
-0.120777
-0.109057
-0.0950083
-0.0784621
-0.0595865
-0.0389506
-0.0180866
0.00102759
0.0167928
0.0268613
0.0281303
0.0172306
0.00279614
-0.00964263
-0.0125153
-0.0096043
-0.00453184
0.000995093
0.0102837
0.0156375
0.00801767
0.00847375
0.00132476
-0.00933893
-0.013354
-0.0131572
-0.00843111
-0.000136399
-0.11642
-0.115533
-0.108909
-0.0989515
-0.0868798
-0.0726047
-0.0563122
-0.0384227
-0.02023
-0.0033677
0.0106513
0.0198757
0.0222104
0.0151041
0.00294776
-0.0046387
-0.00670433
-0.00424908
0.000634649
0.00617071
0.0152469
0.0238404
0.0191193
0.0198916
0.01214
-0.00457741
-0.00948996
-0.00874249
-0.00352223
0.000862786
-0.104156
-0.103535
-0.0981058
-0.0897247
-0.0794287
-0.0671847
-0.053188
-0.0377517
-0.0219601
-0.00714591
0.00533977
0.0138609
0.0170037
0.0129506
0.00490657
-0.000715848
-0.00190609
0.000414177
0.0052516
0.0109662
0.0197819
0.0313192
0.0299676
0.0308436
0.022648
0.000731527
-0.00513224
-0.00445807
0.00101915
0.00181109
-0.0931167
-0.0927205
-0.0883193
-0.0813295
-0.0726138
-0.0621721
-0.050201
-0.0369356
-0.0232766
-0.0102965
0.000837245
0.00876817
0.0125194
0.0108617
0.00602212
0.00229217
0.00200402
0.0044197
0.00929327
0.0152581
0.023806
0.0374014
0.0390895
0.0399334
0.0315981
0.0065243
-0.000396459
-0.000338581
0.00500008
0.0026701
-0.0832304
-0.0830192
-0.0794978
-0.0737257
-0.0664026
-0.0575469
-0.0473489
-0.0359838
-0.0241996
-0.0128405
-0.00290003
0.00452637
0.00872478
0.00890443
0.00654678
0.00454837
0.0051424
0.00780521
0.0127581
0.0189448
0.0272302
0.0416921
0.0455082
0.046136
0.0380714
0.0125777
0.00450066
0.00348265
0.00826508
0.00341022
-0.0744342
-0.0743622
-0.0715943
-0.0668795
-0.0607717
-0.0532973
-0.0446371
-0.0349202
-0.0247643
-0.0148221
-0.00593114
0.00105061
0.00556408
0.00713395
0.00667987
0.00619504
0.00761807
0.0106132
0.0156604
0.0219689
0.0299688
0.0440629
0.049025
0.0493533
0.0419141
0.0183662
0.009218
0.00686605
0.0107277
0.00402069
-0.0666802
-0.0667336
-0.0645805
-0.060767
-0.0557055
-0.0494201
-0.0420795
-0.033777
-0.0250202
-0.016302
-0.00832776
-0.00174949
0.00296922
0.00558768
0.00656452
0.00735918
0.00953229
0.0128923
0.0180239
0.0243352
0.031996
0.0448107
0.0503174
0.0503857
0.0436181
0.0232779
0.013419
0.00970279
0.01239
0.00450893
-0.0599074
-0.060061
-0.0584217
-0.0553677
-0.0511947
-0.0459215
-0.0396996
-0.0325944
-0.0250254
-0.0173523
-0.0101705
-0.00396342
0.00086133
0.00409229
0.00629509
0.00815121
0.0109776
0.0146961
0.0198849
0.0261004
0.0333576
0.0444682
0.050111
0.0501205
0.043898
0.0269558
0.016899
0.0119822
0.0133407
0.00488606
-0.054084
-0.0543172
-0.0530942
-0.0506714
-0.0472414
-0.042815
-0.037526
-0.0314201
-0.0248402
-0.0180459
-0.0115413
-0.00567205
-0.000792565
0.00298945
0.00597721
0.00866792
0.0120383
0.0160823
0.0212953
0.0273482
0.0341623
0.043533
0.0490106
0.049173
0.0433986
0.0294229
0.0196158
0.0137626
0.0137286
0.00515515
-0.0491825
-0.0494737
-0.0486014
-0.0466819
-0.0438556
-0.0401206
-0.0355936
-0.0303044
-0.0245333
-0.0184622
-0.0125234
-0.00695769
-0.0020681
0.00208851
0.00565475
0.00898656
0.0127909
0.01711
0.0223194
0.0281761
0.0345468
0.0423738
0.0474887
0.0479183
0.0425805
0.0309318
0.0216244
0.0151318
0.0137289
0.00531033
-0.0451899
-0.0455235
-0.0449182
-0.0433995
-0.0410523
-0.0378671
-0.0339434
-0.0293004
-0.0241725
-0.0186863
-0.0131953
-0.0078981
-0.00299684
0.00138816
0.00536105
0.00916827
0.013303
0.0178392
0.0230281
0.0286827
0.0346497
0.0412331
0.0458977
0.0466006
0.0417248
0.0317687
0.0230174
0.016172
0.013515
0.00535338
-0.0421147
-0.0424778
-0.0420674
-0.0408461
-0.0388602
-0.0360909
-0.0326208
-0.0284639
-0.0238237
-0.0187691
-0.0136167
-0.00848115
-0.00365722
0.000873355
0.00511844
0.00926086
0.0136328
0.0183267
0.0234902
0.0289606
0.0345945
0.0402615
0.0444879
0.0454049
0.0409882
0.0321773
0.0239068
0.01694
0.0132303
0.00531217
-0.039988
-0.0403703
-0.0400919
-0.0390807
-0.0373229
-0.0348427
-0.0316777
-0.0278468
-0.0235275
-0.0187748
-0.0138644
-0.00888405
-0.00408717
0.000530264
0.00494313
0.00930042
0.0138268
0.0186222
0.0237641
0.0290913
0.0344846
0.0395498
0.0434347
0.0444887
0.040452
0.0323411
0.0244163
0.0174581
0.0129749
0.00523875
-0.0388664
-0.0392607
-0.0390536
-0.0381597
-0.0365635
-0.0341937
-0.0311747
-0.0275046
-0.023332
-0.0187564
-0.0139775
-0.00908107
-0.00430132
0.000354627
0.00485025
0.00931261
0.0139181
0.0187622
0.0238926
0.0291374
0.0344026
0.0391621
0.0428577
0.0439823
0.040168
0.0323874
0.0246499
0.0177278
0.0128197
0.00518086
-0.300901
-0.3122
-0.322957
-0.333211
-0.34301
-0.352413
-0.361485
-0.370295
-0.378919
-0.387435
-0.395928
-0.404486
-0.413208
-0.422207
-0.431591
-0.441614
-0.45229
-0.464961
-0.478378
-0.500519
-0.279886
-0.290468
-0.300606
-0.310337
-0.319706
-0.328765
-0.337569
-0.346177
-0.354651
-0.363063
-0.371486
-0.380017
-0.388741
-0.397837
-0.407338
-0.417786
-0.428658
-0.442039
-0.454205
-0.474289
-0.260118
-0.269943
-0.279409
-0.288552
-0.297412
-0.306032
-0.314458
-0.322739
-0.330927
-0.339084
-0.347268
-0.355574
-0.364039
-0.372863
-0.381896
-0.39171
-0.401307
-0.41279
-0.422929
-0.440035
-0.241563
-0.250674
-0.259501
-0.268077
-0.276434
-0.284604
-0.292626
-0.30054
-0.308387
-0.316217
-0.324064
-0.332007
-0.340023
-0.348285
-0.356556
-0.36539
-0.373991
-0.384279
-0.394272
-0.409348
-0.224198
-0.232629
-0.240833
-0.248838
-0.256668
-0.264348
-0.271909
-0.279384
-0.2868
-0.294198
-0.301591
-0.309045
-0.316525
-0.324197
-0.331901
-0.340128
-0.34837
-0.357834
-0.3673
-0.380032
-0.207927
-0.215698
-0.223282
-0.230702
-0.237979
-0.245132
-0.252183
-0.259159
-0.26608
-0.272979
-0.279867
-0.286803
-0.293776
-0.30092
-0.308138
-0.315715
-0.323313
-0.331565
-0.340053
-0.350969
-0.192638
-0.199771
-0.206747
-0.213586
-0.220304
-0.226916
-0.23344
-0.239897
-0.246305
-0.25269
-0.259066
-0.265477
-0.27192
-0.278468
-0.285057
-0.291832
-0.29866
-0.305931
-0.313696
-0.323327
-0.178246
-0.184776
-0.191169
-0.197442
-0.203611
-0.209688
-0.215688
-0.221627
-0.22752
-0.233388
-0.23924
-0.245105
-0.250981
-0.256911
-0.262879
-0.268979
-0.275199
-0.281739
-0.288772
-0.297223
-0.164714
-0.17067
-0.176504
-0.182232
-0.187869
-0.193426
-0.198912
-0.204341
-0.209725
-0.215077
-0.220408
-0.225736
-0.231071
-0.236442
-0.241858
-0.247365
-0.252974
-0.258779
-0.265005
-0.272413
-0.151998
-0.157408
-0.16271
-0.167919
-0.173046
-0.178101
-0.18309
-0.188025
-0.192914
-0.197769
-0.2026
-0.207422
-0.212244
-0.217084
-0.221951
-0.226864
-0.231848
-0.236975
-0.242474
-0.24899
-0.140044
-0.144939
-0.14974
-0.154459
-0.159105
-0.163683
-0.1682
-0.172664
-0.177083
-0.181465
-0.18582
-0.190157
-0.194483
-0.19881
-0.203147
-0.207512
-0.211932
-0.216467
-0.221306
-0.227006
-0.128811
-0.133226
-0.13756
-0.141822
-0.146015
-0.150146
-0.154218
-0.158239
-0.162215
-0.166152
-0.170056
-0.173935
-0.177796
-0.181649
-0.185502
-0.189369
-0.193271
-0.197255
-0.201477
-0.206429
-0.118256
-0.122232
-0.126135
-0.129973
-0.133747
-0.137461
-0.14112
-0.144728
-0.14829
-0.151812
-0.155297
-0.158753
-0.162186
-0.165602
-0.169008
-0.172413
-0.175834
-0.179312
-0.182977
-0.187257
-0.108337
-0.11192
-0.115434
-0.118882
-0.122269
-0.1256
-0.128878
-0.132105
-0.135287
-0.138426
-0.141526
-0.144593
-0.147631
-0.150645
-0.15364
-0.156625
-0.159611
-0.162636
-0.165803
-0.169481
-0.0990672
-0.102284
-0.105436
-0.108526
-0.11156
-0.114539
-0.117467
-0.120346
-0.123179
-0.125968
-0.128716
-0.131428
-0.134107
-0.136756
-0.139381
-0.141987
-0.144584
-0.147201
-0.149924
-0.153066
-0.0904199
-0.0932991
-0.0961201
-0.0988848
-0.101596
-0.104255
-0.106865
-0.109426
-0.111941
-0.114412
-0.116842
-0.119233
-0.121587
-0.123908
-0.1262
-0.128466
-0.130714
-0.132969
-0.1353
-0.137969
-0.0823589
-0.0849351
-0.0874581
-0.0899288
-0.0923486
-0.094719
-0.097041
-0.0993159
-0.101545
-0.10373
-0.105873
-0.107975
-0.110039
-0.112067
-0.114061
-0.116025
-0.117965
-0.1199
-0.121886
-0.124141
-0.0748712
-0.0771765
-0.0794322
-0.0816388
-0.0837972
-0.085908
-0.0879721
-0.0899902
-0.0919634
-0.0938926
-0.0957792
-0.0976245
-0.0994299
-0.101197
-0.102928
-0.104626
-0.106294
-0.107948
-0.109633
-0.111527
-0.0679436
-0.0700073
-0.0720245
-0.0739955
-0.0759205
-0.0777999
-0.0796341
-0.0814235
-0.0831688
-0.0848707
-0.08653
-0.0881476
-0.0897248
-0.0912626
-0.0927623
-0.0942262
-0.0956576
-0.0970686
-0.0984945
-0.100079
-0.0615641
-0.0634136
-0.0652193
-0.0669812
-0.0686993
-0.0703736
-0.0720042
-0.0735913
-0.0751352
-0.0766365
-0.0780956
-0.0795131
-0.0808899
-0.0822266
-0.0835243
-0.0847846
-0.0860099
-0.0872095
-0.0884112
-0.0897295
-0.0557233
-0.057384
-0.0590033
-0.060581
-0.0621168
-0.0636105
-0.065062
-0.0664714
-0.0678387
-0.0691642
-0.0704482
-0.071691
-0.0728931
-0.0740552
-0.0751778
-0.0762622
-0.0773102
-0.078329
-0.0793404
-0.080434
-0.0504141
-0.0519096
-0.0533658
-0.0547823
-0.0561587
-0.0574946
-0.0587899
-0.0600444
-0.061258
-0.0624307
-0.0635628
-0.0646544
-0.0657058
-0.0667175
-0.0676899
-0.0686239
-0.0695209
-0.0703861
-0.0712362
-0.0721402
-0.0456324
-0.0469843
-0.0482989
-0.0495755
-0.0508137
-0.052013
-0.0531731
-0.0542937
-0.0553746
-0.0564158
-0.0574173
-0.0583793
-0.0593018
-0.0601851
-0.0610296
-0.061836
-0.0626053
-0.0633414
-0.0640568
-0.0648038
-0.0413768
-0.0426054
-0.0437982
-0.0449548
-0.0460744
-0.0471566
-0.0482009
-0.0492071
-0.0501747
-0.0511038
-0.0519942
-0.052846
-0.0536592
-0.054434
-0.0551706
-0.0558695
-0.0565315
-0.0571594
-0.0577623
-0.0583787
-0.0376517
-0.0387756
-0.0398652
-0.0409197
-0.0419388
-0.0429218
-0.0438682
-0.0447777
-0.0456499
-0.0464846
-0.0472818
-0.0480413
-0.0487632
-0.0494476
-0.0500946
-0.0507045
-0.051278
-0.0518171
-0.0523281
-0.0528387
-0.034462
-0.035499
-0.0365033
-0.0374738
-0.0384098
-0.0393108
-0.0401764
-0.0410062
-0.0417998
-0.042557
-0.0432776
-0.0439616
-0.0446089
-0.0452196
-0.0457937
-0.0463316
-0.0468336
-0.0473012
-0.0477386
-0.0481645
-0.0318281
-0.0327944
-0.033729
-0.0346309
-0.0354995
-0.0363342
-0.0371346
-0.0379003
-0.0386309
-0.0393262
-0.0399859
-0.0406099
-0.0411982
-0.0417507
-0.0422676
-0.0427491
-0.0431953
-0.0436073
-0.0439876
-0.0443483
-0.0297792
-0.0306908
-0.0315717
-0.0324207
-0.0332374
-0.0340212
-0.0347716
-0.0354882
-0.0361707
-0.0368188
-0.0374322
-0.0380108
-0.0385546
-0.0390635
-0.0395376
-0.0399769
-0.0403817
-0.0407527
-0.041091
-0.0414036
-0.0283395
-0.0292126
-0.0300555
-0.0308676
-0.0316483
-0.032397
-0.0331132
-0.0337965
-0.0344466
-0.0350631
-0.0356459
-0.0361947
-0.0367093
-0.0371899
-0.0376362
-0.0380484
-0.0384266
-0.0387711
-0.0390823
-0.0393637
-0.0275985
-0.0284469
-0.0292657
-0.0300543
-0.030812
-0.0315385
-0.0322333
-0.0328961
-0.0335266
-0.0341245
-0.0346896
-0.0352217
-0.0357207
-0.0361864
-0.0366188
-0.0370179
-0.0373836
-0.0377163
-0.0380155
-0.0382831
0.0542174
0.0323342
0.0125335
-0.00734751
-0.0284628
-0.049793
-0.0706739
-0.0911083
-0.111126
-0.130635
-0.149549
-0.167823
-0.185437
-0.202371
-0.218603
-0.234387
-0.249391
-0.263396
-0.276552
-0.289029
0.0465709
0.0250073
0.00432877
-0.0143794
-0.0335985
-0.053192
-0.0722705
-0.0907212
-0.108704
-0.126219
-0.1432
-0.159614
-0.175461
-0.190714
-0.205296
-0.218915
-0.23231
-0.245135
-0.257278
-0.268834
0.0376811
0.0170944
-0.00340102
-0.0208701
-0.0379364
-0.0554684
-0.0726945
-0.0892647
-0.105332
-0.120989
-0.136185
-0.150871
-0.16502
-0.178597
-0.191562
-0.203938
-0.216262
-0.228061
-0.239242
-0.2499
0.028104
0.00901289
-0.0103276
-0.0264037
-0.0414897
-0.0570085
-0.0724726
-0.0873657
-0.101733
-0.115713
-0.129306
-0.14246
-0.155152
-0.167381
-0.179143
-0.190438
-0.201382
-0.212052
-0.222307
-0.232126
0.0189195
0.001638
-0.0160821
-0.0307449
-0.0441388
-0.0578452
-0.0716632
-0.0850405
-0.0979016
-0.110385
-0.122537
-0.134325
-0.145724
-0.156737
-0.167367
-0.177607
-0.187393
-0.19706
-0.206456
-0.215493
0.01066
-0.00480527
-0.0207492
-0.034036
-0.0459906
-0.0581081
-0.0704048
-0.0823885
-0.0939023
-0.10505
-0.115906
-0.126461
-0.136688
-0.146583
-0.156148
-0.165384
-0.174294
-0.183094
-0.191662
-0.199932
0.00345785
-0.0103314
-0.0244851
-0.036427
-0.0471236
-0.0578563
-0.0687668
-0.0794664
-0.0897659
-0.0997241
-0.109421
-0.118868
-0.128042
-0.136935
-0.145548
-0.153887
-0.16197
-0.169984
-0.177777
-0.185319
-0.00268967
-0.014967
-0.0273986
-0.0380367
-0.0476076
-0.0571348
-0.0668027
-0.0763286
-0.0855299
-0.0944282
-0.103093
-0.111548
-0.119781
-0.127784
-0.13556
-0.143117
-0.150461
-0.157639
-0.164681
-0.171554
-0.00781426
-0.0187267
-0.0295575
-0.0389606
-0.0475127
-0.0559871
-0.0645544
-0.073019
-0.0812274
-0.0891778
-0.0969233
-0.10449
-0.111876
-0.119074
-0.126088
-0.13292
-0.139572
-0.146004
-0.152363
-0.158612
-0.0119606
-0.0216382
-0.0310218
-0.0392858
-0.046914
-0.0544632
-0.0620613
-0.0695749
-0.0768879
-0.0839882
-0.0909118
-0.0976825
-0.104302
-0.110765
-0.11707
-0.123219
-0.129213
-0.135047
-0.140805
-0.146464
-0.0151935
-0.0237566
-0.0318578
-0.0390935
-0.0458859
-0.0526165
-0.0593614
-0.0660287
-0.0725372
-0.078874
-0.0850617
-0.0911183
-0.0970472
-0.102845
-0.108511
-0.114045
-0.119451
-0.12473
-0.129934
-0.135043
-0.017593
-0.0251554
-0.0321361
-0.0384576
-0.044497
-0.0504995
-0.0564923
-0.0624092
-0.0681983
-0.0738503
-0.0793786
-0.0847952
-0.0901031
-0.0953005
-0.100387
-0.105363
-0.110232
-0.114998
-0.119698
-0.124304
-0.0192464
-0.0259149
-0.031927
-0.0374447
-0.0428088
-0.0481618
-0.0534904
-0.0587438
-0.0638921
-0.0689315
-0.0738699
-0.0787139
-0.083465
-0.088122
-0.092683
-0.0971464
-0.101513
-0.105792
-0.110044
-0.114199
-0.0202422
-0.0261164
-0.0312983
-0.0361155
-0.0408766
-0.0456497
-0.0503911
-0.0550585
-0.059638
-0.0641309
-0.068542
-0.0728743
-0.0771285
-0.0813043
-0.0854021
-0.0894237
-0.0933698
-0.0972354
-0.100983
-0.104686
-0.0206673
-0.025839
-0.0303145
-0.0345256
-0.0387506
-0.0430064
-0.0472281
-0.0513786
-0.0554542
-0.0594603
-0.0634004
-0.0672745
-0.0710817
-0.0748212
-0.0784922
-0.0820941
-0.0856248
-0.0890817
-0.0924593
-0.0957888
-0.0206053
-0.0251584
-0.0290368
-0.0327267
-0.0364774
-0.0402722
-0.0440342
-0.0477291
-0.0513593
-0.0549331
-0.058453
-0.0619175
-0.0653243
-0.0686721
-0.0719602
-0.0751877
-0.0783538
-0.0814575
-0.0844956
-0.0874837
-0.0201361
-0.0241467
-0.0275232
-0.0307675
-0.0341006
-0.0374859
-0.0408415
-0.0441355
-0.047373
-0.0505641
-0.0537108
-0.0568108
-0.059861
-0.0628599
-0.0658064
-0.0686998
-0.0715392
-0.0743235
-0.077051
-0.0797299
-0.0193355
-0.0228721
-0.0258288
-0.0286941
-0.0316613
-0.0346841
-0.0376814
-0.0406232
-0.0435157
-0.0463692
-0.0491857
-0.0519625
-0.0546961
-0.0573847
-0.0600271
-0.0626225
-0.0651697
-0.0676676
-0.0701152
-0.0725168
-0.0182746
-0.0213989
-0.0240059
-0.0265504
-0.0291988
-0.0319022
-0.0345844
-0.0372176
-0.0398079
-0.0423647
-0.0448903
-0.0473816
-0.0498352
-0.052249
-0.0546217
-0.0569523
-0.0592395
-0.0614824
-0.0636797
-0.0658339
-0.0170203
-0.0197873
-0.0221042
-0.0243782
-0.0267504
-0.029174
-0.0315802
-0.033944
-0.0362704
-0.0385677
-0.0408379
-0.0430782
-0.0452852
-0.0474567
-0.0495913
-0.0516878
-0.053745
-0.0557617
-0.0577368
-0.0596714
-0.0156349
-0.0180938
-0.0201707
-0.0222178
-0.0243522
-0.026532
-0.0286978
-0.0308274
-0.0329243
-0.0349955
-0.0370428
-0.0390635
-0.0410544
-0.0430134
-0.0449389
-0.0468297
-0.0486844
-0.0505019
-0.0522809
-0.0540218
-0.0141763
-0.0163711
-0.0182501
-0.0201077
-0.0220388
-0.024008
-0.0259655
-0.0278924
-0.0297909
-0.0316665
-0.0335202
-0.03535
-0.0371528
-0.0389265
-0.0406696
-0.0423806
-0.0440582
-0.0457013
-0.0473086
-0.0488801
-0.0126984
-0.0146684
-0.0163851
-0.0180853
-0.0198439
-0.0216325
-0.0234113
-0.0251641
-0.0268922
-0.0285995
-0.0302866
-0.0319515
-0.0335918
-0.0352051
-0.0367901
-0.0383453
-0.0398693
-0.041361
-0.0428191
-0.0442436
-0.0112514
-0.013032
-0.0146163
-0.0161867
-0.0178004
-0.0194361
-0.0210629
-0.0226678
-0.0242508
-0.0258147
-0.0273597
-0.0288838
-0.0303849
-0.0318609
-0.0333103
-0.0347315
-0.0361233
-0.0374843
-0.0388136
-0.0401126
-0.00988207
-0.0115053
-0.0129828
-0.0144474
-0.0159413
-0.0174493
-0.0189487
-0.0204295
-0.0218908
-0.0233343
-0.0247596
-0.0261651
-0.0275489
-0.0289091
-0.0302442
-0.031553
-0.0328341
-0.0340862
-0.035308
-0.0364953
-0.00863457
-0.01013
-0.0115228
-0.0129028
-0.0142996
-0.0157032
-0.0170982
-0.0184767
-0.0198378
-0.0211817
-0.022508
-0.0238152
-0.0251014
-0.026365
-0.0276045
-0.0288186
-0.030006
-0.0311653
-0.0322951
-0.0333938
-0.00755135
-0.0089467
-0.0102747
-0.0115894
-0.0129101
-0.0142313
-0.0155432
-0.0168403
-0.0181211
-0.0193852
-0.0206319
-0.0218598
-0.0230672
-0.0242526
-0.0254147
-0.0265521
-0.0276636
-0.0287481
-0.0298044
-0.0308311
-0.0066743
-0.00799649
-0.00927805
-0.0105455
-0.0118102
-0.0130701
-0.0143198
-0.0155556
-0.0167759
-0.0179796
-0.0191658
-0.0203332
-0.0214805
-0.0226061
-0.0237088
-0.0247875
-0.0258408
-0.0268677
-0.0278671
-0.0288376
-0.00604585
-0.00732216
-0.00857537
-0.00981287
-0.0110407
-0.0122595
-0.0134669
-0.0146604
-0.0158383
-0.0169995
-0.0181428
-0.0192672
-0.0203713
-0.0214539
-0.0225139
-0.0235501
-0.0245615
-0.0255471
-0.0265059
-0.027437
-0.00570732
-0.00696609
-0.00821164
-0.00944087
-0.0106564
-0.0118596
-0.0130498
-0.0142251
-0.0153841
-0.0165252
-0.0176473
-0.0187495
-0.0198305
-0.0208894
-0.021925
-0.0229365
-0.0239227
-0.0248829
-0.025816
-0.0267213
0.120851
0.123291
0.126166
0.131638
0.136996
0.144416
0.150984
0.158868
0.164282
0.169698
0.169544
0.167372
0.154069
0.1356
0.0930947
0.119804
0.122112
0.124778
0.129852
0.134732
0.141402
0.147059
0.153648
0.157531
0.160864
0.15847
0.153151
0.137329
0.114582
0.0769956
0.118671
0.120832
0.123262
0.127898
0.132244
0.138107
0.142791
0.148045
0.1504
0.15174
0.147383
0.13952
0.122445
0.0984708
0.0654409
0.117446
0.119446
0.121623
0.125788
0.129575
0.134585
0.138281
0.14216
0.143046
0.142431
0.136395
0.12637
0.108735
0.0843913
0.0538132
0.116127
0.11795
0.119865
0.12353
0.126743
0.130864
0.13358
0.136069
0.135574
0.13309
0.125639
0.113832
0.0958822
0.0715117
0.0424546
0.114708
0.11634
0.117984
0.121121
0.123748
0.126954
0.128703
0.129814
0.128033
0.123824
0.115188
0.102004
0.0838598
0.0598417
0.0321953
0.113188
0.114613
0.115978
0.118563
0.120595
0.122867
0.12367
0.123436
0.12047
0.114723
0.105096
0.0909362
0.0727426
0.0494333
0.0232841
0.111562
0.112766
0.113845
0.115858
0.117288
0.118621
0.118504
0.116988
0.112936
0.105867
0.0954267
0.0806606
0.0625923
0.0402384
0.0156458
0.10983
0.110796
0.111586
0.113011
0.113837
0.11424
0.113236
0.110526
0.105487
0.0973287
0.0862442
0.0711932
0.0534266
0.0321683
0.00915092
0.107989
0.108705
0.109201
0.110031
0.110254
0.109752
0.107896
0.104104
0.0981816
0.0891669
0.0776057
0.0625342
0.045231
0.025143
0.00369994
0.10604
0.106495
0.106694
0.10693
0.106553
0.105187
0.102522
0.0977755
0.0910757
0.0814271
0.0695568
0.0546732
0.037974
0.019096
-0.000788672
0.103984
0.104169
0.104068
0.103723
0.102751
0.100579
0.0971506
0.0915869
0.0842248
0.0741438
0.0621286
0.0475942
0.0316135
0.013964
-0.00439487
0.101823
0.101736
0.101331
0.100426
0.0988698
0.0959585
0.0918244
0.0855814
0.0776791
0.0673429
0.0553382
0.0412768
0.0261
0.00968002
-0.00720092
0.0995617
0.0992054
0.0984916
0.0970583
0.0949339
0.0913594
0.0865859
0.0797972
0.0714818
0.061043
0.0491884
0.0356944
0.0213784
0.00617277
-0.00929006
0.0972069
0.0965891
0.095564
0.0936401
0.0909715
0.0868137
0.0814772
0.0742682
0.0656671
0.0552556
0.0436705
0.0308134
0.0173896
0.00336854
-0.0107448
0.0947673
0.0939028
0.0925648
0.090193
0.0870135
0.0823528
0.0765382
0.0690242
0.0602599
0.0499849
0.0387663
0.0265939
0.0140725
0.00119333
-0.0116456
0.0922548
0.0911637
0.0895149
0.0867401
0.0830926
0.0780078
0.071805
0.064091
0.0552755
0.0452278
0.0344499
0.0229906
0.0113641
-0.000425933
-0.0120706
0.0896848
0.0883916
0.0864391
0.0833061
0.079242
0.0738094
0.0673093
0.0594891
0.0507213
0.0409735
0.0306895
0.0199542
0.009201
-0.0015606
-0.0120945
0.0870765
0.085608
0.0833656
0.0799178
0.0754946
0.0697871
0.0630776
0.0552342
0.0465972
0.0372051
0.0274488
0.0174333
0.00751991
-0.00227985
-0.0117886
0.0844532
0.082837
0.0803257
0.0766043
0.0718826
0.065969
0.0591316
0.0513363
0.0428968
0.0338998
0.024688
0.0153747
0.00625839
-0.00265019
-0.0112202
0.0818425
0.0801052
0.0773524
0.073397
0.0684369
0.062381
0.0554883
0.0478006
0.0396088
0.0310308
0.022365
0.0137253
0.00535566
-0.00273516
-0.0104529
0.0792764
0.0774424
0.0744805
0.0703295
0.0651875
0.0590469
0.0521608
0.0446273
0.0367178
0.0285679
0.0204366
0.0124325
0.00475315
-0.00259506
-0.00954626
0.0767911
0.0748819
0.0717461
0.0674364
0.0621639
0.0559882
0.0491587
0.0418133
0.0342055
0.0264797
0.0188593
0.011445
0.00439496
-0.00228676
-0.00855591
0.0744272
0.0724612
0.0691869
0.064754
0.0593954
0.0532249
0.0464893
0.0393527
0.0320519
0.0247337
0.0175906
0.0107136
0.00422821
-0.00186363
-0.0075339
0.0722294
0.0702219
0.0668425
0.0623194
0.0569112
0.0507763
0.0441586
0.0372383
0.0302367
0.0232985
0.0165898
0.010192
0.00420332
-0.00137559
-0.00652881
0.0702465
0.0682101
0.0647553
0.0601709
0.0547418
0.0486618
0.042173
0.0354637
0.0287407
0.0221445
0.0158191
0.00983681
0.00427424
-0.000869225
-0.00558624
0.0685323
0.0664767
0.062971
0.0583494
0.0529194
0.046903
0.0405409
0.0340245
0.0275477
0.0212458
0.0152447
0.00960901
0.0043986
-0.000387992
-0.00474946
0.0671452
0.0650777
0.0615401
0.0568989
0.0514796
0.0455251
0.0392751
0.0329212
0.0266467
0.0205813
0.0148376
0.00947409
0.00453807
2.76368e-05
-0.00406004
0.0661492
0.0640749
0.0605187
0.0558691
0.0504636
0.0445596
0.0383953
0.0321619
0.026034
0.0201377
0.014576
0.00940329
0.00465876
0.000340186
-0.00355829
0.0656136
0.0635366
0.0599712
0.0553186
0.049922
0.0440474
0.0379314
0.0317647
0.0257165
0.0199111
0.0144462
0.00937461
0.00473101
0.00051372
-0.0032843
0.13079
0.134038
0.137762
0.145512
0.153219
0.164884
0.176877
0.192732
0.209531
0.230079
0.252149
0.277914
0.305285
0.336258
0.368251
0.130523
0.133755
0.137457
0.145167
0.152829
0.164428
0.176336
0.192093
0.208748
0.22915
0.251002
0.276534
0.303577
0.334157
0.365606
0.130231
0.133441
0.137122
0.144783
0.152391
0.16391
0.175713
0.191344
0.207806
0.228003
0.249523
0.274684
0.301191
0.331151
0.361707
0.129913
0.133098
0.136756
0.14436
0.151909
0.163333
0.17501
0.190487
0.206705
0.226635
0.247717
0.272384
0.298153
0.327259
0.356562
0.12957
0.132728
0.136361
0.143899
0.151382
0.162695
0.174225
0.189518
0.205443
0.225044
0.245583
0.269635
0.294465
0.322483
0.350171
0.129203
0.132332
0.135936
0.1434
0.15081
0.161997
0.173361
0.18844
0.204022
0.223232
0.243127
0.26644
0.290131
0.31683
0.342545
0.12881
0.131906
0.135483
0.142864
0.150195
0.161241
0.172419
0.187253
0.202446
0.221205
0.240351
0.262808
0.285161
0.310315
0.333701
0.128393
0.131454
0.135002
0.142293
0.149537
0.160428
0.171401
0.185961
0.200719
0.218965
0.237264
0.258746
0.279565
0.302953
0.323659
0.127952
0.130975
0.134493
0.141686
0.148838
0.159559
0.170309
0.184563
0.198844
0.216516
0.233871
0.254265
0.273354
0.294763
0.312447
0.127488
0.130472
0.133958
0.141046
0.148099
0.158635
0.169146
0.183064
0.196825
0.213864
0.23018
0.249374
0.26654
0.285766
0.300095
0.127001
0.129944
0.133396
0.140374
0.147321
0.157659
0.167914
0.181465
0.194669
0.211011
0.226199
0.244083
0.259138
0.275988
0.28664
0.126491
0.129393
0.132808
0.13967
0.146505
0.156632
0.166615
0.179769
0.192379
0.207964
0.221939
0.238402
0.251163
0.265456
0.272122
0.125961
0.128817
0.132195
0.138936
0.145653
0.155555
0.165251
0.17798
0.189961
0.204725
0.217409
0.232342
0.242633
0.2542
0.256583
0.125409
0.128221
0.131558
0.138174
0.144766
0.154432
0.163826
0.176099
0.18742
0.201301
0.212621
0.225912
0.233568
0.242254
0.240068
0.124838
0.127616
0.130897
0.137385
0.143846
0.153265
0.162342
0.174132
0.18476
0.197697
0.207586
0.219122
0.22399
0.229653
0.222614
0.124247
0.126975
0.130213
0.136569
0.142893
0.152053
0.1608
0.172081
0.181986
0.193917
0.202315
0.211978
0.213928
0.216433
0.204255
0.123635
0.126318
0.12951
0.135729
0.141908
0.1508
0.159201
0.169946
0.179098
0.189964
0.196819
0.204491
0.203422
0.202632
0.185021
0.123004
0.125647
0.128789
0.134872
0.140904
0.149521
0.157566
0.167755
0.176126
0.185873
0.191132
0.196691
0.192525
0.188294
0.164886
0.122362
0.124961
0.128054
0.134003
0.139887
0.148233
0.155915
0.165538
0.173098
0.181674
0.18526
0.188564
0.181199
0.173326
0.143581
0.121693
0.124242
0.127265
0.13305
0.138752
0.146774
0.154038
0.163016
0.169692
0.176987
0.178839
0.179757
0.169328
0.157357
0.120525
0.13074
0.133726
0.137522
0.144535
0.151715
0.161655
0.171207
0.18286
0.192783
0.2036
0.20986
0.215245
0.210719
0.204377
0.176586
0.130966
0.133979
0.137819
0.144934
0.152222
0.162378
0.172234
0.184378
0.195026
0.206915
0.214705
0.222229
0.220543
0.217808
0.196098
0.131174
0.134209
0.138067
0.145251
0.152613
0.162935
0.173037
0.185597
0.196893
0.209747
0.218993
0.228507
0.229721
0.230401
0.214225
0.131361
0.13442
0.138293
0.145568
0.152997
0.163492
0.173839
0.186811
0.198732
0.212511
0.223134
0.234512
0.238501
0.24238
0.23139
0.131525
0.134605
0.138454
0.145895
0.153357
0.164014
0.174595
0.18796
0.200476
0.215129
0.227075
0.240203
0.246877
0.253793
0.247722
0.131666
0.13477
0.138636
0.145993
0.15368
0.164487
0.175286
0.189018
0.202097
0.217568
0.230779
0.245546
0.254802
0.264609
0.263195
0.131784
0.134912
0.138781
0.146256
0.153958
0.16491
0.175913
0.189985
0.203596
0.219827
0.23424
0.250535
0.262242
0.274796
0.277782
0.131878
0.135029
0.138899
0.14645
0.154192
0.165283
0.176475
0.190861
0.204971
0.221903
0.237449
0.255162
0.269172
0.284324
0.291445
0.131948
0.135122
0.13899
0.146594
0.154421
0.165608
0.17697
0.191642
0.206216
0.22379
0.240395
0.259416
0.27557
0.29316
0.304143
0.131993
0.135188
0.139053
0.146697
0.154394
0.165881
0.177397
0.192324
0.207327
0.225482
0.243067
0.263287
0.281416
0.301274
0.315829
0.132013
0.135228
0.139087
0.14677
0.154552
0.166098
0.177752
0.192904
0.208298
0.226975
0.245454
0.266764
0.286691
0.308634
0.326463
0.132008
0.13524
0.139092
0.146813
0.154626
0.166171
0.178038
0.193382
0.209126
0.228265
0.247549
0.269838
0.291381
0.315215
0.336002
0.131977
0.135224
0.139067
0.146821
0.154639
0.166267
0.178244
0.193755
0.209805
0.229347
0.249342
0.272498
0.29547
0.320993
0.344412
0.131921
0.135179
0.139012
0.146792
0.154618
0.166342
0.178364
0.194017
0.210332
0.230217
0.250827
0.274734
0.298947
0.325944
0.351661
0.131838
0.135105
0.138927
0.146727
0.154555
0.166309
0.178493
0.194184
0.210704
0.230872
0.251996
0.276538
0.301798
0.330052
0.357722
0.131729
0.135002
0.13881
0.146623
0.154446
0.166203
0.178158
0.194263
0.210924
0.231307
0.252843
0.2779
0.304015
0.3333
0.362574
0.131594
0.134869
0.138663
0.14648
0.154293
0.166053
0.178142
0.194047
0.210987
0.231531
0.253365
0.278812
0.305586
0.335672
0.366198
0.131432
0.134707
0.138485
0.146298
0.154094
0.165854
0.177954
0.193896
0.210809
0.231584
0.253573
0.279274
0.306518
0.337168
0.368589
0.131244
0.134514
0.138275
0.146076
0.153851
0.165594
0.177678
0.193628
0.210509
0.231087
0.25337
0.279268
0.306838
0.337802
0.36975
0.13103
0.134291
0.138034
0.145815
0.15356
0.165273
0.177325
0.193244
0.210119
0.230732
0.252925
0.278778
0.306245
0.337371
0.369561
0.0938928
0.0922401
0.0893963
0.0856589
0.0812672
0.0763976
0.0712323
0.0659191
0.0606045
0.0553948
0.050388
0.0456407
0.0412026
0.0370844
0.0332974
0.0943146
0.0926714
0.0898512
0.0861357
0.0817586
0.0768876
0.071706
0.0663601
0.0610002
0.0557335
0.0506629
0.045846
0.0413363
0.0371445
0.0332837
0.0950973
0.0934734
0.0906977
0.0870255
0.0826779
0.0778084
0.0726003
0.067197
0.0617547
0.0563831
0.0511928
0.0462447
0.0415993
0.0372685
0.0332701
0.096183
0.0945874
0.0918794
0.088274
0.0839755
0.0791159
0.073878
0.0684003
0.0628464
0.0573293
0.0519704
0.0468356
0.0419962
0.0374659
0.0332687
0.0975172
0.0959599
0.0933459
0.0898344
0.0856092
0.0807744
0.0755113
0.0699502
0.0642635
0.0585673
0.0529973
0.0476256
0.0425376
0.0377501
0.0332954
0.0990499
0.0975419
0.0950518
0.0916643
0.0875422
0.0827537
0.0774787
0.0718338
0.0660019
0.0601005
0.0542827
0.0486279
0.0432399
0.0381391
0.0333693
0.100735
0.099289
0.0969556
0.0937246
0.0897404
0.0850273
0.0797628
0.0740435
0.0680628
0.0619376
0.0558411
0.0498612
0.044124
0.0386548
0.0335122
0.102531
0.101161
0.0990192
0.095978
0.0921724
0.087571
0.0823489
0.0765741
0.0704509
0.0640912
0.0576917
0.0513485
0.0452149
0.0393225
0.0337482
0.104399
0.103122
0.101207
0.0983891
0.0948077
0.0903613
0.0852231
0.0794221
0.0731728
0.0665766
0.0598566
0.0531163
0.0465415
0.0401708
0.0341044
0.106305
0.105141
0.103485
0.100924
0.0976168
0.0933747
0.0883714
0.0825834
0.0762354
0.0694103
0.0623604
0.0551944
0.048136
0.0412317
0.0346109
0.108219
0.10719
0.105821
0.10355
0.100571
0.0965866
0.0917783
0.0860527
0.079645
0.0726093
0.0652294
0.0576151
0.0500336
0.0425405
0.0353012
0.110114
0.109246
0.108185
0.106237
0.103641
0.0999716
0.0954263
0.0898221
0.083406
0.0761899
0.0684904
0.0604126
0.052273
0.0441363
0.0362122
0.111969
0.111287
0.110547
0.108958
0.106797
0.103503
0.0992954
0.0938804
0.0875202
0.0801665
0.0721703
0.0636225
0.0548953
0.0460616
0.037385
0.113766
0.113294
0.112882
0.111688
0.110009
0.107153
0.103362
0.0982125
0.0919856
0.0845509
0.0762946
0.0672814
0.0579442
0.0483625
0.0388648
0.11549
0.115252
0.115164
0.114404
0.113247
0.110893
0.1076
0.102799
0.0967959
0.089351
0.0808871
0.0714256
0.0614655
0.0510887
0.0407013
0.11713
0.117145
0.117375
0.117087
0.116482
0.114696
0.111977
0.107617
0.101939
0.0945693
0.085968
0.0760904
0.0655063
0.0542933
0.0429489
0.118681
0.118961
0.119497
0.119718
0.119684
0.118534
0.11646
0.112641
0.107398
0.100203
0.0915536
0.0813092
0.0701143
0.0580322
0.0456665
0.120136
0.120688
0.12152
0.122281
0.122826
0.12238
0.12101
0.117841
0.113145
0.106243
0.0976546
0.0871114
0.0753374
0.0623641
0.0489171
0.121494
0.122317
0.123433
0.124758
0.125885
0.126207
0.12559
0.123185
0.119148
0.112674
0.104274
0.0935219
0.0812225
0.0673489
0.0527673
0.122753
0.123842
0.125232
0.127136
0.128843
0.129986
0.130162
0.128638
0.125365
0.119476
0.111406
0.10056
0.0878143
0.0730462
0.0572863
0.123914
0.125258
0.126915
0.129401
0.131682
0.133691
0.13469
0.134163
0.13175
0.126623
0.119031
0.108241
0.0951542
0.0795139
0.0625447
0.124979
0.126563
0.128481
0.131543
0.134392
0.137293
0.139141
0.139717
0.138253
0.134081
0.127121
0.116574
0.103278
0.0868081
0.0686136
0.12595
0.127757
0.12993
0.133553
0.136962
0.140767
0.143485
0.145254
0.144823
0.141808
0.135632
0.125565
0.112212
0.0949884
0.0755685
0.12683
0.128843
0.131264
0.135425
0.139386
0.144091
0.147697
0.150726
0.151409
0.149748
0.144511
0.135209
0.121969
0.104124
0.0835001
0.127623
0.129824
0.132485
0.137158
0.14166
0.147246
0.151754
0.156084
0.157962
0.157838
0.1537
0.145486
0.132531
0.114291
0.0925224
0.128332
0.130705
0.133597
0.138751
0.143779
0.150218
0.155638
0.161287
0.164436
0.166004
0.163143
0.156367
0.143849
0.12553
0.102706
0.128962
0.13149
0.134603
0.140207
0.145745
0.153001
0.159335
0.166298
0.170795
0.174173
0.172791
0.167813
0.155877
0.137811
0.113863
0.129519
0.132185
0.13551
0.141531
0.14756
0.155591
0.162834
0.171087
0.176998
0.182254
0.18258
0.17974
0.168646
0.151159
0.125338
0.130005
0.132794
0.136316
0.142718
0.14921
0.157962
0.166092
0.175582
0.18294
0.190091
0.19235
0.191974
0.182342
0.16626
0.136866
0.130427
0.133324
0.137011
0.143754
0.15065
0.160061
0.169001
0.179668
0.188441
0.197527
0.201908
0.204473
0.197318
0.185287
0.152253
0.0308325
0.02954
0.0282464
0.0269576
0.0256722
0.0243885
0.0231066
0.0218279
0.0205537
0.0192853
0.0180238
0.01677
0.015525
0.0142898
0.0130653
0.0118526
0.0106524
0.00946596
0.0082941
0.00713706
0.0307738
0.0294688
0.0281668
0.0268698
0.0255743
0.0242783
0.0229825
0.0216883
0.0203973
0.0191108
0.0178298
0.0165552
0.0152882
0.0140298
0.0127812
0.0115433
0.0103173
0.00910403
0.00790453
0.00671973
0.0306713
0.0293295
0.027996
0.0266677
0.0253384
0.0240062
0.0226726
0.0213398
0.0200096
0.0186832
0.0173615
0.0160459
0.0147373
0.0134371
0.0121464
0.0108665
0.00959841
0.00834341
0.00710277
0.00587679
0.0305374
0.0291353
0.0277508
0.0263731
0.0249922
0.023606
0.0222174
0.0208291
0.0194431
0.0180606
0.0166825
0.0153101
0.0139446
0.0125873
0.0112394
0.00990221
0.00857693
0.00726474
0.00596699
0.00468392
0.0303899
0.0289046
0.0274495
0.0260042
0.0245534
0.0230951
0.0216331
0.0201713
0.0187119
0.0172559
0.0158043
0.0143582
0.0129191
0.0114882
0.0100668
0.00865641
0.00725814
0.00587336
0.00450379
0.00314884
0.0302482
0.0286564
0.02711
0.0255782
0.0240393
0.0224903
0.0209367
0.0193836
0.0178332
0.0162867
0.0147447
0.0132085
0.0116795
0.0101591
0.00864873
0.00714968
0.00566337
0.00419127
0.00273565
0.00129422
0.0301336
0.0284107
0.0267508
0.0251124
0.0234661
0.0218073
0.0201432
0.0184801
0.0168208
0.0151659
0.0135162
0.0118728
0.0102372
0.00861073
0.00699481
0.00539065
0.00379974
0.002224
0.000669354
-0.000872467
0.0300691
0.0281886
0.0263905
0.0246237
0.0228493
0.0210605
0.0192659
0.0174732
0.0156857
0.0139039
0.0121285
0.0103606
0.00860162
0.00685314
0.00511664
0.00339352
0.00168507
-7.65577e-06
-0.00168727
-0.00334893
0.03008
0.0280129
0.0260486
0.0241289
0.0222039
0.0202633
0.0183165
0.0163729
0.0144364
0.0125075
0.0105867
0.00867493
0.00677366
0.00488444
0.00300868
0.00114765
-0.000697615
-0.00252636
-0.00434079
-0.00613646
0.0301943
0.0279084
0.025746
0.0236456
0.0215453
0.0194291
0.0173065
0.0151887
0.0130805
0.0109827
0.00889524
0.00681903
0.00475547
0.00270606
0.000672161
-0.00134497
-0.0033442
-0.00532452
-0.00728824
-0.00923239
0.0304433
0.0279028
0.0255049
0.0231923
0.0208894
0.0185716
0.0162473
0.0139297
0.011625
0.00933432
0.00705737
0.00479473
0.00254767
0.000317687
-0.00189389
-0.0040858
-0.00625692
-0.00840616
-0.0105371
-0.0126474
0.0308617
0.0280264
0.0253498
0.0227887
0.0202527
0.0177046
0.0151501
0.0126043
0.0100756
0.00756577
0.0050742
0.00260104
0.000147322
-0.00228555
-0.00469625
-0.00708352
-0.00944619
-0.0117829
-0.0140996
-0.016394
0.0314884
0.0283132
0.0253073
0.022456
0.0196529
0.016843
0.0140263
0.0112206
0.00843733
0.00567919
0.00294534
0.000235194
-0.00245059
-0.00511071
-0.00774387
-0.0103487
-0.0129239
-0.0154673
-0.0179889
-0.0204867
0.0323669
0.028801
0.0254067
0.0222172
0.0191093
0.0160025
0.0128883
0.00978701
0.00671478
0.00367604
0.000669316
-0.00230696
-0.00525269
-0.00816662
-0.0110474
-0.0138935
-0.0167035
-0.0194732
-0.0222206
-0.0249431
0.0335455
0.0295322
0.0256806
0.0220981
0.0186431
0.0152008
0.0117491
0.00831221
0.0049127
0.00155746
-0.00175596
-0.00503078
-0.00826774
-0.0114656
-0.0146226
-0.0177358
-0.0208021
-0.0238145
-0.0268074
-0.0297771
0.035078
0.0305538
0.0261652
0.0221269
0.0182781
0.0144572
0.0106232
0.00680542
0.00303592
-0.000675193
-0.00433191
-0.0079398
-0.0115012
-0.015016
-0.0184846
-0.0219059
-0.0252734
-0.028547
-0.0318039
-0.0350367
0.0370235
0.031918
0.0269007
0.0223358
0.0180413
0.0137935
0.00952594
0.00527587
0.00108817
-0.00302284
-0.00706326
-0.011041
-0.014958
-0.0188119
-0.0225992
-0.0263195
-0.029981
-0.0336454
-0.0372398
-0.0407598
0.0394466
0.0336821
0.0279319
0.0227611
0.0179639
0.0132348
0.00847491
0.00373372
-0.000926886
-0.00548822
-0.00996038
-0.0143553
-0.0186765
-0.0229223
-0.0270909
-0.0311829
-0.0352006
-0.0391772
-0.0430865
-0.0469204
0.0424163
0.035908
0.0293088
0.0234453
0.0180825
0.0128102
0.00749082
0.00219199
-0.00300245
-0.00806998
-0.0130268
-0.0178895
-0.0226618
-0.0273407
-0.0319226
-0.0364068
-0.0407934
-0.0451292
-0.0493952
-0.053577
0.0460051
0.0386613
0.0310864
0.024437
0.01844
0.0125538
0.00659781
0.000666861
-0.0051283
-0.0107633
-0.0162633
-0.0216496
-0.0269251
-0.0320845
-0.0371232
-0.0420403
-0.046831
-0.0515648
-0.0562237
-0.0607824
0.0502863
0.0420089
0.0333237
0.0257913
0.0190857
0.0125041
0.00582277
-0.000823153
-0.0072921
-0.0135624
-0.0196715
-0.0256459
-0.0314865
-0.0371852
-0.0427322
-0.0481173
-0.0533345
-0.0585031
-0.0635944
-0.0685618
0.0553306
0.0460142
0.0360813
0.0275704
0.0200761
0.0127034
0.00519479
-0.00225697
-0.00947874
-0.0164589
-0.0232497
-0.0298799
-0.0363495
-0.0426587
-0.0488111
-0.0547963
-0.0604446
-0.0660721
-0.0716123
-0.0769986
0.0611996
0.0507292
0.0394181
0.0298436
0.0214739
0.0131965
0.00474512
-0.00360999
-0.0116709
-0.0194464
-0.027002
-0.0343582
-0.0414996
-0.0484052
-0.0550695
-0.0615224
-0.0680403
-0.0743089
-0.0803216
-0.0861338
0.0679425
0.0561878
0.0433898
0.0326866
0.0233449
0.0140279
0.00450787
-0.00485146
-0.0138464
-0.0225185
-0.0309424
-0.0391283
-0.0470573
-0.0547179
-0.0621164
-0.0692613
-0.0763031
-0.0831209
-0.0896731
-0.0959822
0.0755957
0.0624119
0.0480601
0.0361861
0.0257545
0.0152396
0.00452203
-0.00594222
-0.0159764
-0.0256618
-0.0350689
-0.0441906
-0.0530008
-0.0614845
-0.0696351
-0.0774473
-0.0851451
-0.0926102
-0.0997639
-0.106614
0.0841691
0.0694296
0.0535249
0.040449
0.0287701
0.0168767
0.0048378
-0.00683167
-0.0180236
-0.028851
-0.0393611
-0.0495262
-0.0593229
-0.0687434
-0.0777768
-0.0863437
-0.0947819
-0.102936
-0.110711
-0.118123
0.093558
0.0772514
0.0599142
0.0456078
0.0324669
0.0189964
0.0055206
-0.00746455
-0.0199545
-0.0320669
-0.0438062
-0.0551246
-0.0659931
-0.0764034
-0.0863621
-0.0959768
-0.105297
-0.114174
-0.122592
-0.130597
0.103327
0.085684
0.0672965
0.0517853
0.036936
0.0217066
0.00668829
-0.00775404
-0.0217155
-0.0352769
-0.0483984
-0.0610225
-0.0730999
-0.0845899
-0.0954987
-0.106333
-0.116635
-0.126313
-0.135447
-0.144105
0.112585
0.0940133
0.0753926
0.0588064
0.0420781
0.0250311
0.00839386
-0.00767412
-0.0232902
-0.0384653
-0.0531442
-0.0672966
-0.0808823
-0.0938076
-0.105833
-0.117621
-0.128844
-0.139372
-0.149287
-0.158654
0.120779
0.101893
0.0840447
0.0664527
0.0480117
0.029389
0.01116
-0.00663475
-0.0240134
-0.0409049
-0.0572368
-0.0729838
-0.0881402
-0.102699
-0.116493
-0.129741
-0.142065
-0.153518
-0.164256
-0.174344
0.0059955
0.00487048
0.00376294
0.0026736
0.00160307
0.000551929
-0.000479234
-0.00148986
-0.00247943
-0.00344743
-0.00439341
-0.00531691
-0.00621755
-0.00709489
-0.00794865
-0.00877835
-0.00958402
-0.0103646
-0.011122
-0.0118518
0.00555071
0.00439839
0.00326359
0.00214708
0.00104964
-2.79745e-05
-0.00108506
-0.00212095
-0.00313502
-0.00412669
-0.00509541
-0.00604068
-0.00696205
-0.00785904
-0.00873135
-0.00957846
-0.0104005
-0.0111962
-0.0119684
-0.0127128
0.00466642
0.00347288
0.00229727
0.00114045
3.21573e-06
-0.0011137
-0.00220959
-0.00328377
-0.00433562
-0.00536458
-0.00637012
-0.00735178
-0.00830914
-0.00924179
-0.0101495
-0.0110318
-0.011889
-0.0127199
-0.0135286
-0.0143116
0.00341664
0.00216647
0.000934492
-0.00027842
-0.00147148
-0.00264394
-0.00379507
-0.00492422
-0.00603077
-0.00711416
-0.0081739
-0.00920955
-0.0102207
-0.0112071
-0.0121684
-0.0131042
-0.0140152
-0.0149
-0.0157646
-0.0166061
0.00180965
0.000487797
-0.000815498
-0.00209935
-0.003363
-0.00460576
-0.00582691
-0.00702583
-0.00820194
-0.00935472
-0.0104837
-0.0115886
-0.012669
-0.0137247
-0.0147556
-0.0157611
-0.0167425
-0.0176979
-0.0186362
-0.0195555
-0.000131712
-0.00153997
-0.00292908
-0.00429823
-0.00564683
-0.00697427
-0.0082799
-0.00956314
-0.0108235
-0.0120604
-0.0132737
-0.014463
-0.0156281
-0.0167687
-0.017885
-0.0189766
-0.0200448
-0.021088
-0.0221179
-0.0231342
-0.00239985
-0.00390937
-0.00539903
-0.00686803
-0.00831599
-0.00974248
-0.011147
-0.012529
-0.013888
-0.0152238
-0.0165361
-0.0178247
-0.0190895
-0.0203304
-0.0215477
-0.0227409
-0.0239122
-0.0250595
-0.0261984
-0.0273305
-0.004992
-0.00661614
-0.00822044
-0.00980389
-0.0113658
-0.0129059
-0.0144236
-0.0159188
-0.017391
-0.0188401
-0.020266
-0.0216685
-0.0230479
-0.0244041
-0.0257377
-0.0270481
-0.0283384
-0.029606
-0.0308712
-0.0321382
-0.00791163
-0.00966583
-0.0113989
-0.0131107
-0.0148007
-0.0164684
-0.0181136
-0.0197359
-0.0213354
-0.0229119
-0.0244657
-0.0259967
-0.0275053
-0.0289915
-0.0304564
-0.0318994
-0.0333244
-0.0347285
-0.036137
-0.037558
-0.0111551
-0.0130556
-0.0149338
-0.0167897
-0.018623
-0.0204334
-0.0222207
-0.023985
-0.0257262
-0.0274448
-0.0291408
-0.0308147
-0.032467
-0.0340981
-0.0357091
-0.0372996
-0.0388746
-0.0404309
-0.0419997
-0.043594
-0.0147347
-0.016798
-0.0188374
-0.0208527
-0.0228443
-0.0248121
-0.0267561
-0.0286766
-0.030574
-0.0324486
-0.0343011
-0.036132
-0.0379421
-0.0397321
-0.0415035
-0.043256
-0.0449957
-0.0467193
-0.0484647
-0.0502511
-0.0186634
-0.0209063
-0.0231229
-0.0253135
-0.0274788
-0.0296189
-0.0317343
-0.0338254
-0.0358929
-0.0379375
-0.03996
-0.0419614
-0.0439429
-0.0459051
-0.0478504
-0.0497783
-0.0516964
-0.0536013
-0.055538
-0.0575346
-0.0229564
-0.0253963
-0.0278067
-0.0301886
-0.0325431
-0.0348706
-0.0371719
-0.0394477
-0.041699
-0.0439269
-0.0461327
-0.0483174
-0.0504827
-0.0526296
-0.054761
-0.0568764
-0.0589849
-0.0610835
-0.0632249
-0.0654484
-0.0276337
-0.0302892
-0.0329105
-0.0354998
-0.0380588
-0.0405885
-0.0430899
-0.045564
-0.0480121
-0.0504359
-0.0528368
-0.0552165
-0.057577
-0.0599196
-0.0622475
-0.0645608
-0.0668696
-0.0691719
-0.0715284
-0.0739932
-0.0327106
-0.0356019
-0.0384527
-0.0412667
-0.0440466
-0.0467937
-0.0495095
-0.0521952
-0.0548528
-0.0574842
-0.0600913
-0.0626762
-0.0652413
-0.0677883
-0.0703212
-0.0728402
-0.0753569
-0.0778701
-0.080449
-0.0831661
-0.0382275
-0.0413703
-0.0444673
-0.0475222
-0.0505378
-0.0535161
-0.0564588
-0.0593681
-0.062246
-0.065095
-0.0679176
-0.0707159
-0.0734929
-0.0762504
-0.0789931
-0.0817216
-0.0844491
-0.0871765
-0.0899809
-0.0929576
-0.0442188
-0.0476259
-0.0509846
-0.0542959
-0.0575616
-0.0607839
-0.0639653
-0.0671084
-0.0702159
-0.0732904
-0.076335
-0.0793526
-0.0823465
-0.0853188
-0.088274
-0.0912125
-0.0941487
-0.0970864
-0.100112
-0.103349
-0.0506841
-0.0543845
-0.0580262
-0.0616118
-0.0651435
-0.068624
-0.0720564
-0.0754438
-0.0787893
-0.0820958
-0.0853665
-0.0886048
-0.0918145
-0.0949994
-0.0981647
-0.101312
-0.104453
-0.107595
-0.110831
-0.11432
-0.057673
-0.0616891
-0.0656327
-0.0695087
-0.0733205
-0.077071
-0.0807638
-0.0844029
-0.0879921
-0.0915352
-0.0950353
-0.0984955
-0.101918
-0.105307
-0.108668
-0.112006
-0.115337
-0.118672
-0.122107
-0.125835
-0.0652337
-0.0695856
-0.0738489
-0.0780307
-0.0821351
-0.0861654
-0.0901255
-0.0940198
-0.0978526
-0.101629
-0.105354
-0.109032
-0.112666
-0.116258
-0.119806
-0.123318
-0.126802
-0.130292
-0.133888
-0.137837
-0.0733944
-0.0781049
-0.0827078
-0.0872116
-0.0916212
-0.0959409
-0.100175
-0.104329
-0.108405
-0.11241
-0.116344
-0.120219
-0.124036
-0.127811
-0.131535
-0.135225
-0.138857
-0.142481
-0.146178
-0.150304
-0.0822266
-0.0873126
-0.0922698
-0.0971061
-0.101827
-0.106439
-0.110947
-0.115358
-0.119677
-0.123909
-0.128053
-0.132115
-0.136084
-0.139989
-0.143813
-0.147623
-0.151362
-0.155144
-0.158928
-0.163231
-0.091775
-0.0972556
-0.102582
-0.10776
-0.112797
-0.117699
-0.122473
-0.127127
-0.131668
-0.136108
-0.140447
-0.144701
-0.148841
-0.152898
-0.156794
-0.160648
-0.164331
-0.168167
-0.171935
-0.176489
-0.102077
-0.107976
-0.113688
-0.119219
-0.124577
-0.129771
-0.134805
-0.139687
-0.144422
-0.149022
-0.153489
-0.15786
-0.162113
-0.166325
-0.170359
-0.174384
-0.178036
-0.181885
-0.185362
-0.190147
-0.113195
-0.119533
-0.125642
-0.131532
-0.137212
-0.142693
-0.147982
-0.153089
-0.158013
-0.162763
-0.167324
-0.171729
-0.175942
-0.180097
-0.184059
-0.18819
-0.19191
-0.196105
-0.199363
-0.204545
-0.125212
-0.132002
-0.138511
-0.144751
-0.150736
-0.156479
-0.161995
-0.167297
-0.172394
-0.177298
-0.181996
-0.186499
-0.190733
-0.194793
-0.198469
-0.202269
-0.205533
-0.20985
-0.212926
-0.219156
-0.13822
-0.145477
-0.152385
-0.158959
-0.165216
-0.171171
-0.176843
-0.18225
-0.187414
-0.192362
-0.19711
-0.201693
-0.206067
-0.210299
-0.214107
-0.217875
-0.220666
-0.224524
-0.226519
-0.233838
-0.152308
-0.160062
-0.167382
-0.174287
-0.180795
-0.186921
-0.19268
-0.19809
-0.20317
-0.207949
-0.212461
-0.216764
-0.220899
-0.224998
-0.228966
-0.233162
-0.236661
-0.241186
-0.242815
-0.251099
-0.167484
-0.175779
-0.183551
-0.190818
-0.197597
-0.203903
-0.209748
-0.215144
-0.220101
-0.22463
-0.228746
-0.232483
-0.235888
-0.239081
-0.242158
-0.24554
-0.249025
-0.25429
-0.257915
-0.268967
-0.183788
-0.192596
-0.200788
-0.208383
-0.215402
-0.221868
-0.227799
-0.233213
-0.238121
-0.242531
-0.246445
-0.249864
-0.252792
-0.255253
-0.257297
-0.259092
-0.260763
-0.26337
-0.26616
-0.277005
-0.0136641
-0.0161506
-0.018223
-0.0197822
-0.0207319
-0.0209888
-0.0204626
-0.0190985
-0.0168162
-0.0136289
-0.00949792
-0.00452667
0.00121502
0.00755326
0.0142312
0.0210674
0.0275393
0.0333431
0.0376127
0.0398755
0.0401166
0.039437
0.0392084
0.0402575
0.0432363
0.0454044
0.0449471
0.0415503
0.0354964
0.0147454
-0.0145841
-0.0171226
-0.0192134
-0.0207687
-0.0217006
-0.0219322
-0.0213706
-0.0199564
-0.0176028
-0.0143232
-0.0100749
-0.00496727
0.000929779
0.00744321
0.0143009
0.021336
0.0279887
0.033949
0.0382556
0.0403695
0.0403442
0.0392529
0.0388964
0.039944
0.0431534
0.0455612
0.0452186
0.0421022
0.0362468
0.0146306
-0.0163107
-0.0189526
-0.0210764
-0.0226228
-0.0235258
-0.0237128
-0.023085
-0.0215777
-0.0190901
-0.0156377
-0.0111694
-0.00580603
0.000382068
0.00722496
0.0144207
0.0218335
0.0288389
0.0351043
0.0394878
0.0413164
0.0407704
0.0388232
0.038278
0.0392896
0.0429511
0.0458053
0.0456753
0.0431406
0.0375292
0.0143316
-0.0187884
-0.0215764
-0.0237448
-0.0252773
-0.0261345
-0.0262574
-0.0255361
-0.0238971
-0.0212196
-0.0175223
-0.0127428
-0.00701765
-0.000418015
0.00689195
0.0145658
0.022522
0.0300533
0.0367777
0.0412777
0.0426919
0.0413625
0.0380271
0.0373303
0.038243
0.0425657
0.0460263
0.0461842
0.0445975
0.0390518
0.0137131
-0.0219744
-0.0249453
-0.027163
-0.0286715
-0.029468
-0.02951
-0.0286714
-0.0268669
-0.0239498
-0.0199428
-0.0147702
-0.00858849
-0.00147051
0.0064289
0.0147025
0.0233563
0.0315963
0.0389413
0.0436076
0.0444756
0.0420935
0.037895
0.0360319
0.0367304
0.0419048
0.0460679
0.0465811
0.0463524
0.0404196
0.0126509
-0.0258417
-0.0290268
-0.0312924
-0.0327641
-0.0334837
-0.0334295
-0.0324534
-0.0304538
-0.0272535
-0.0228777
-0.0172381
-0.0105145
-0.00278423
0.00581159
0.0147857
0.0242791
0.0334259
0.0415572
0.0464644
0.0466266
0.0427248
0.0369329
0.0341834
0.0346612
0.0408543
0.0457427
0.0466404
0.0481196
0.0411223
0.0111329
-0.0303763
-0.0338002
-0.0361048
-0.0375224
-0.0381468
-0.0379838
-0.0368542
-0.0346349
-0.0311136
-0.0263152
-0.020142
-0.0127989
-0.00437445
0.00500805
0.0147579
0.0252166
0.0354836
0.0445648
0.0498281
0.0490854
0.0430546
0.0350767
0.0316336
0.0319496
0.0392844
0.0448586
0.0460435
0.0493096
0.04054
0.00934435
-0.0355714
-0.0392507
-0.0415752
-0.0429114
-0.0434261
-0.0431469
-0.0418532
-0.0393953
-0.0355218
-0.0302511
-0.0234835
-0.0154491
-0.00626051
0.00398011
0.0145479
0.0260752
0.0376701
0.0478748
0.0536528
0.0517481
0.0428613
0.0324378
0.0282524
0.0285159
0.0370733
0.0432351
0.0444069
0.0489959
0.0380077
0.00765138
-0.041426
-0.045368
-0.0476806
-0.0488746
-0.0492952
-0.0488975
-0.0474348
-0.0447265
-0.0404768
-0.034688
-0.0272698
-0.0184751
-0.0084631
0.00268619
0.0140725
0.0267472
0.0398906
0.0513495
0.0578285
0.054432
0.0418416
0.0288969
0.0238909
0.0242999
0.0341367
0.0407134
0.0414101
0.0461841
0.0329976
0.00639596
-0.0479426
-0.0521453
-0.0544158
-0.0554844
-0.0557441
-0.0552172
-0.0535867
-0.0506256
-0.0459838
-0.0396345
-0.0315117
-0.0218867
-0.0110008
0.00108564
0.0132409
0.0271126
0.0422913
0.05477
0.0621202
0.0568393
0.0395916
0.0240421
0.0183817
0.0192828
0.0304296
0.0371931
0.0369603
0.0403323
0.0254081
0.00564707
-0.0551225
-0.0595686
-0.0617441
-0.0626332
-0.062728
-0.0620807
-0.0602976
-0.0570946
-0.0520547
-0.0451057
-0.0362233
-0.0256925
-0.0138866
-0.000854711
0.0119605
0.0269626
0.0437852
0.0577649
0.0660976
0.058517
0.0356274
0.0172384
0.0115651
0.0134922
0.0259357
0.0326744
0.0312157
0.0317799
0.0157251
0.00522853
-0.0629661
-0.0676192
-0.069628
-0.0702822
-0.0702058
-0.0694616
-0.0675578
-0.0641406
-0.0587088
-0.0511238
-0.0414213
-0.0298985
-0.0171254
-0.00315201
0.010161
0.0261398
0.0444009
0.0598818
0.0690665
0.0588289
0.029463
0.00810797
0.00333505
0.00699379
0.0206532
0.0272553
0.0245051
0.0213504
0.0048178
0.00490527
-0.07147
-0.0762711
-0.0780222
-0.0783819
-0.0781326
-0.0773317
-0.0753586
-0.071777
-0.0659739
-0.0577193
-0.0471246
-0.0345091
-0.0207144
-0.00580337
0.00781072
0.0245065
0.0437119
0.0603929
0.0700486
0.0570187
0.0208148
-0.00357742
-0.00632466
-0.000118563
0.0146299
0.0211364
0.0172866
0.0100716
-0.00636935
0.00451907
-0.080626
-0.0854884
-0.0868689
-0.0868703
-0.0864566
-0.0856594
-0.0836921
-0.080024
-0.073888
-0.0649319
-0.0533536
-0.0395275
-0.0246432
-0.00878464
0.0049316
0.0219966
0.0413865
0.0582252
0.0678354
0.0523732
0.0099621
-0.0175027
-0.0172746
-0.00770933
0.00796888
0.0145648
0.0100063
-0.00116566
-0.0170476
0.0040342
-0.0904187
-0.0952221
-0.0960939
-0.0956712
-0.0951188
-0.0944095
-0.0925516
-0.0889103
-0.0825021
-0.0728121
-0.0601303
-0.0449577
-0.0288939
-0.0120589
0.00159998
0.0186622
0.0373387
0.0522516
0.0612075
0.0443136
-0.00232033
-0.0330807
-0.029153
-0.0156068
0.000798875
0.00778341
0.00301673
-0.011675
-0.0266102
0.00342815
-0.100824
-0.105409
-0.105606
-0.104693
-0.104051
-0.103541
-0.101931
-0.0984751
-0.0918827
-0.0814203
-0.0674799
-0.0508041
-0.0334405
-0.0155861
-0.00207365
0.0146749
0.031808
0.0422581
0.0497764
0.0326473
-0.0151935
-0.0491358
-0.0414037
-0.0236231
-0.00673607
0.00101071
-0.00344224
-0.0210369
-0.0347038
0.00269877
-0.111806
-0.115966
-0.115297
-0.113835
-0.113176
-0.113004
-0.111826
-0.108771
-0.102114
-0.090827
-0.075432
-0.057071
-0.0382523
-0.019329
-0.00597408
0.0102691
0.0252603
0.0292637
0.0348388
0.0181864
-0.0282242
-0.0643741
-0.053451
-0.0315762
-0.0144777
-0.00557031
-0.00924757
-0.0290523
-0.0412117
0.00187478
-0.123319
-0.126793
-0.125039
-0.12298
-0.122408
-0.122743
-0.122234
-0.119867
-0.113301
-0.101111
-0.0840217
-0.0637604
-0.0433008
-0.0232506
-0.00998976
0.00568328
0.0183279
0.0164039
0.018865
0.00278304
-0.0411928
-0.0784144
-0.0648143
-0.039302
-0.0222625
-0.0118174
-0.0143561
-0.0356949
-0.0461833
0.00100189
-0.135305
-0.137771
-0.134687
-0.132003
-0.131654
-0.13269
-0.13316
-0.131856
-0.125569
-0.11236
-0.0932879
-0.070871
-0.0485647
-0.0273096
-0.0140249
0.00111814
0.0116336
0.00499764
0.00411635
-0.0116686
-0.0536601
-0.0908245
-0.0751221
-0.0466599
-0.0299344
-0.0176293
-0.0187774
-0.0410523
-0.0497672
0.000126778
-0.147689
-0.148756
-0.144082
-0.140775
-0.140805
-0.142767
-0.144617
-0.144854
-0.139067
-0.124669
-0.103271
-0.0783982
-0.0540299
-0.0314612
-0.0180059
-0.00327888
0.00559507
-0.00433478
-0.00831288
-0.0240832
-0.0650133
-0.101279
-0.0841202
-0.0535393
-0.0373502
-0.0229418
-0.0225549
-0.0452773
-0.0521585
-0.000712044
-0.160374
-0.159577
-0.153058
-0.14916
-0.149741
-0.152881
-0.156627
-0.159005
-0.153964
-0.138138
-0.11401
-0.0863351
-0.0596846
-0.0356647
-0.0218843
-0.00742617
0.000380182
-0.0115929
-0.0182526
-0.0341632
-0.0747555
-0.109588
-0.0916574
-0.059862
-0.0443826
-0.0277266
-0.0257509
-0.0485461
-0.0535652
-0.00148752
-0.173235
-0.170041
-0.161438
-0.157011
-0.158297
-0.162905
-0.169212
-0.17447
-0.170443
-0.152872
-0.125539
-0.0946724
-0.0655153
-0.0398886
-0.0256325
-0.0113052
-0.00401028
-0.0170982
-0.0259848
-0.0420457
-0.0826363
-0.115731
-0.0976778
-0.06558
-0.0509277
-0.0319844
-0.0284345
-0.0510354
-0.0541878
-0.00218336
-0.186069
-0.179923
-0.169037
-0.164152
-0.166254
-0.172666
-0.182373
-0.191399
-0.188677
-0.168966
-0.137885
-0.103397
-0.0715061
-0.0441106
-0.0292418
-0.0149477
-0.00765832
-0.0212538
-0.0319616
-0.0480616
-0.0886258
-0.119846
-0.102213
-0.0706735
-0.0569096
-0.0357366
-0.030675
-0.0529116
-0.0542083
-0.00279171
-0.198572
-0.188964
-0.175649
-0.170366
-0.173332
-0.181909
-0.196021
-0.209879
-0.208794
-0.186486
-0.151056
-0.11249
-0.0776387
-0.0483143
-0.0327199
-0.0184159
-0.0106757
-0.0244344
-0.0366377
-0.0526162
-0.0928434
-0.122177
-0.105361
-0.075147
-0.0622813
-0.0390174
-0.0325373
-0.0543205
-0.053787
-0.0033112
-0.210398
-0.196907
-0.181055
-0.175374
-0.179184
-0.190339
-0.209871
-0.229823
-0.230802
-0.205437
-0.165031
-0.121923
-0.0838905
-0.0524874
-0.0360869
-0.0217846
-0.0131814
-0.0269393
-0.0403771
-0.0561078
-0.0955145
-0.123016
-0.107267
-0.0790243
-0.0670219
-0.0418681
-0.0340794
-0.0553825
-0.0530616
-0.00374613
-0.221065
-0.203529
-0.185033
-0.178858
-0.183401
-0.197266
-0.223426
-0.250841
-0.254486
-0.225713
-0.179744
-0.131655
-0.0902341
-0.056621
-0.0393702
-0.0251303
-0.0152936
-0.0289853
-0.0434124
-0.0588174
-0.0969759
-0.122657
-0.108096
-0.0823419
-0.071133
-0.0443323
-0.0353521
-0.0561922
-0.0521399
-0.00410644
-0.230098
-0.20869
-0.187428
-0.180542
-0.185583
-0.202246
-0.236019
-0.272185
-0.279311
-0.247046
-0.195066
-0.141619
-0.0966275
-0.0607067
-0.0425998
-0.0285247
-0.0171337
-0.0307525
-0.0458191
-0.060826
-0.0976089
-0.121454
-0.108025
-0.0851415
-0.0746329
-0.0464538
-0.0363986
-0.0568225
-0.051083
-0.0044039
-0.237927
-0.212558
-0.188331
-0.18041
-0.185566
-0.204914
-0.246925
-0.292877
-0.30444
-0.268949
-0.210804
-0.151765
-0.103046
-0.0647396
-0.0458074
-0.0320319
-0.0188079
-0.0324102
-0.0475644
-0.062141
-0.0976694
-0.119873
-0.107273
-0.0874922
-0.077552
-0.0482759
-0.0372561
-0.0573312
-0.0498991
-0.00463951
-0.245337
-0.215636
-0.188115
-0.178884
-0.183739
-0.20541
-0.255661
-0.312147
-0.329179
-0.290905
-0.226592
-0.161884
-0.10941
-0.0687254
-0.0490267
-0.0357406
-0.0203695
-0.0337997
-0.048886
-0.0631685
-0.0972675
-0.118061
-0.10607
-0.0895252
-0.0799365
-0.049834
-0.0379566
-0.0577638
-0.0486345
-0.00479139
-0.250403
-0.218164
-0.187294
-0.176923
-0.18149
-0.205313
-0.262783
-0.329303
-0.352414
-0.312819
-0.242953
-0.172513
-0.116008
-0.0726557
-0.0522786
-0.0397495
-0.0220939
-0.0351456
-0.0514401
-0.0652019
-0.0965082
-0.115088
-0.104203
-0.0910802
-0.081883
-0.0512073
-0.0385299
-0.0581523
-0.0476242
-0.00483782
-0.268195
-0.222874
-0.188148
-0.176631
-0.181201
-0.206968
-0.266963
-0.336711
-0.364575
-0.32665
-0.254947
-0.181131
-0.122225
-0.077155
-0.0555087
-0.0441223
-0.0258666
-0.0401205
-0.0572499
-0.0687028
-0.0953331
-0.110372
-0.100825
-0.0908656
-0.0826167
-0.0521698
-0.0390514
-0.0585754
-0.0475813
-0.004835
-0.260335
-0.215349
-0.185668
-0.176008
-0.182004
-0.212077
-0.278115
-0.352211
-0.378844
-0.336878
-0.260561
-0.183936
-0.123823
-0.0785613
-0.0572433
-0.04671
-0.0279279
-0.0410749
-0.0595202
-0.0702008
-0.0947222
-0.10826
-0.0997872
-0.0909085
-0.0834329
-0.0527096
-0.0394409
-0.0583821
-0.0473955
-0.00480596
-0.261799
-0.214164
-0.185111
-0.176475
-0.184433
-0.219034
-0.290291
-0.367717
-0.392646
-0.344096
-0.261886
-0.182766
-0.12224
-0.0780696
-0.0581061
-0.0482911
-0.0296146
-0.0426141
-0.0616627
-0.0715358
-0.0939156
-0.106211
-0.0989452
-0.0910118
-0.0842832
-0.0530042
-0.0397741
-0.0579101
-0.0471103
-0.00478667
-0.260242
-0.211432
-0.18621
-0.178166
-0.18777
-0.226531
-0.302276
-0.382098
-0.404973
-0.350672
-0.263358
-0.181953
-0.121028
-0.0779418
-0.0592266
-0.0501054
-0.0318168
-0.0445689
-0.0639681
-0.0726791
-0.0929905
-0.103969
-0.0977996
-0.0910199
-0.0850394
-0.0532251
-0.0400658
-0.0574254
-0.0467903
-0.00478129
-0.26065
-0.211543
-0.188897
-0.181029
-0.192095
-0.234784
-0.314532
-0.396886
-0.416382
-0.356946
-0.26531
-0.18193
-0.120672
-0.0785065
-0.0608503
-0.0524986
-0.0347042
-0.0469067
-0.066348
-0.073656
-0.0919466
-0.101585
-0.096447
-0.0909222
-0.0856782
-0.0534152
-0.0403322
-0.0569716
-0.0464452
-0.00478772
-0.263226
-0.213512
-0.193197
-0.185141
-0.197525
-0.243769
-0.32697
-0.413032
-0.426811
-0.362494
-0.266991
-0.181951
-0.120595
-0.0794121
-0.0628484
-0.0553921
-0.0382356
-0.049653
-0.0687814
-0.074484
-0.0908004
-0.0990928
-0.0949562
-0.0907361
-0.0862112
-0.0535605
-0.0405768
-0.0565224
-0.0460822
-0.00480518
-0.260886
-0.217439
-0.199138
-0.190616
-0.204111
-0.253363
-0.339319
-0.424411
-0.435916
-0.367088
-0.26817
-0.181764
-0.120576
-0.0805126
-0.0651696
-0.0587672
-0.0424382
-0.0528238
-0.0712541
-0.0751792
-0.0895666
-0.0965084
-0.0933345
-0.0904677
-0.0866432
-0.0536503
-0.0407982
-0.0560688
-0.0457116
-0.00483315
-0.265102
-0.223549
-0.206775
-0.197581
-0.211887
-0.263421
-0.351306
-0.434558
-0.443584
-0.370651
-0.26889
-0.18144
-0.120691
-0.0818467
-0.0678595
-0.0626949
-0.0473731
-0.0564013
-0.0737454
-0.0757564
-0.0882607
-0.09385
-0.0915734
-0.0901184
-0.0869721
-0.0536858
-0.0409959
-0.0556173
-0.045343
-0.00487103
-0.270938
-0.231831
-0.216213
-0.206185
-0.220867
-0.273754
-0.362599
-0.443908
-0.449711
-0.373093
-0.269149
-0.18103
-0.121009
-0.0834611
-0.0709766
-0.0672473
-0.0530808
-0.0603484
-0.0762326
-0.0762294
-0.0868985
-0.0911364
-0.089716
-0.0896897
-0.0871956
-0.0536716
-0.041171
-0.0551759
-0.0449846
-0.00491815
-0.27793
-0.242368
-0.227683
-0.216601
-0.231042
-0.284133
-0.372831
-0.451828
-0.454108
-0.374304
-0.268886
-0.180514
-0.121542
-0.0853697
-0.0745643
-0.0724654
-0.0595724
-0.0646176
-0.0786927
-0.076611
-0.0854962
-0.0883871
-0.087752
-0.0891837
-0.0873134
-0.0536119
-0.0413247
-0.0547491
-0.044644
-0.00497386
-0.287402
-0.254888
-0.241409
-0.229056
-0.242376
-0.294305
-0.381591
-0.457767
-0.456537
-0.374181
-0.268035
-0.179859
-0.122276
-0.0875748
-0.0786543
-0.0783643
-0.0668263
-0.069155
-0.0811033
-0.0769131
-0.0840703
-0.0856219
-0.0856908
-0.0886025
-0.0873259
-0.0535094
-0.0414576
-0.0543403
-0.0443273
-0.00503748
-0.299103
-0.27066
-0.256817
-0.243737
-0.254832
-0.304006
-0.388471
-0.461287
-0.456762
-0.372634
-0.266537
-0.179036
-0.123198
-0.0900802
-0.0832693
-0.0849396
-0.0747614
-0.0739024
-0.0834441
-0.0771468
-0.0826371
-0.0828602
-0.0835451
-0.0879485
-0.0872343
-0.0533669
-0.0415703
-0.0539522
-0.04404
-0.00510832
-0.31297
-0.28879
-0.275152
-0.260461
-0.268394
-0.312986
-0.393089
-0.462011
-0.454578
-0.369577
-0.264335
-0.17802
-0.124293
-0.0928891
-0.0884186
-0.0921701
-0.0827068
-0.0787986
-0.0856969
-0.0773219
-0.081212
-0.0801213
-0.0813277
-0.0872243
-0.0870402
-0.0531873
-0.0416632
-0.053587
-0.0437867
-0.00518569
-0.329098
-0.309321
-0.296239
-0.279439
-0.282963
-0.321032
-0.395131
-0.459629
-0.449825
-0.364931
-0.261368
-0.176784
-0.125539
-0.0960003
-0.0940924
-0.100026
-0.0916633
-0.0837928
-0.0878459
-0.0774468
-0.0798101
-0.0774236
-0.0790526
-0.0864326
-0.0867462
-0.0529737
-0.0417369
-0.0532465
-0.0435711
-0.0052689
-0.3475
-0.332297
-0.319984
-0.300944
-0.297888
-0.327987
-0.394385
-0.453937
-0.442393
-0.358629
-0.257573
-0.175295
-0.126904
-0.0994047
-0.100259
-0.108449
-0.101
-0.0888363
-0.0898784
-0.0775286
-0.0784445
-0.0747844
-0.0767344
-0.0855768
-0.0863552
-0.0527293
-0.041792
-0.0529318
-0.043396
-0.00535723
-0.368078
-0.357575
-0.346166
-0.324284
-0.313292
-0.333744
-0.390772
-0.444847
-0.432234
-0.350619
-0.25289
-0.17352
-0.128349
-0.103084
-0.106864
-0.117363
-0.110569
-0.0938862
-0.0917848
-0.0775732
-0.0771274
-0.0722201
-0.0743881
-0.0846604
-0.085871
-0.052457
-0.0418292
-0.0526435
-0.0432638
-0.00545001
-0.390607
-0.384808
-0.37436
-0.349036
-0.329016
-0.338107
-0.384388
-0.432381
-0.419368
-0.340873
-0.247264
-0.171424
-0.129827
-0.107008
-0.113832
-0.126682
-0.120242
-0.0989022
-0.0935583
-0.0775849
-0.0758687
-0.0697455
-0.0720301
-0.0836875
-0.085298
-0.0521603
-0.041849
-0.0523817
-0.0431757
-0.00554653
-0.414674
-0.413469
-0.403946
-0.374639
-0.344688
-0.34106
-0.375515
-0.416679
-0.403882
-0.329381
-0.240646
-0.16897
-0.131283
-0.111134
-0.121068
-0.136301
-0.129891
-0.103848
-0.0951953
-0.0775671
-0.0746764
-0.0673737
-0.0696781
-0.0826629
-0.0846411
-0.0518421
-0.041852
-0.0521464
-0.0431323
-0.00564612
-0.439677
-0.442881
-0.434171
-0.400451
-0.359949
-0.34263
-0.364496
-0.39801
-0.385926
-0.316162
-0.232996
-0.166119
-0.132658
-0.115405
-0.128466
-0.146106
-0.139402
-0.108691
-0.0966944
-0.0775223
-0.0735562
-0.0651163
-0.0673498
-0.0815921
-0.0839061
-0.0515055
-0.0418388
-0.0519367
-0.0431337
-0.00574808
-0.465074
-0.472284
-0.464244
-0.425783
-0.374364
-0.342892
-0.351693
-0.376788
-0.365707
-0.301262
-0.224287
-0.162834
-0.133882
-0.119752
-0.135911
-0.155969
-0.148671
-0.113405
-0.0980564
-0.0774516
-0.0725118
-0.0629837
-0.0650628
-0.0804813
-0.0830991
-0.0511536
-0.0418099
-0.0517517
-0.0431788
-0.00585175
)
;

boundaryField
{
    inlet
    {
        type            zeroGradient;
    }
    outlet
    {
        type            fixedValue;
        value           uniform 0;
    }
    cylinder
    {
        type            zeroGradient;
    }
    top
    {
        type            symmetryPlane;
    }
    bottom
    {
        type            symmetryPlane;
    }
    defaultFaces
    {
        type            empty;
    }
}


// ************************************************************************* //
