/*--------------------------------*- C++ -*----------------------------------*\
  =========                 |
  \\      /  F ield         | OpenFOAM: The Open Source CFD Toolbox
   \\    /   O peration     | Website:  https://openfoam.org
    \\  /    A nd           | Version:  7
     \\/     M anipulation  |
\*---------------------------------------------------------------------------*/
FoamFile
{
    version     2.0;
    format      ascii;
    class       surfaceScalarField;
    location    "235";
    object      phi;
}
// * * * * * * * * * * * * * * * * * * * * * * * * * * * * * * * * * * * * * //

dimensions      [0 3 -1 0 0 0 0];

internalField   nonuniform List<scalar> 
4137
(
0.000826659
9.21001e-05
0.000734559
0.000200334
0.000129427
0.000605132
-0.000428608
0.000170375
0.000434757
0.000922805
-0.00118104
-0.00553968
0.000214328
0.000220429
0.00109708
-0.00206379
0.00295048
-0.00739307
-0.0161257
0.000260898
-4.04688e-05
0.00127826
-0.00308116
0.00334127
-0.00945608
0.00659415
-0.0193786
0.0107719
-0.0321375
-0.0459089
0.000309764
-0.000350233
0.00146331
-0.00423471
0.00372246
-0.0117152
0.00712739
-0.0227835
0.0112562
-0.0362663
0.0153808
-0.0500335
-0.0622999
0.000360548
-0.000710781
0.00164877
-0.00552293
0.00408239
-0.0141488
0.00757678
-0.0262779
0.0115742
-0.0402638
0.0153494
-0.0538086
0.0184389
-0.0653895
-0.0747224
0.000412676
-0.00112346
0.00183061
-0.00694087
0.00440919
-0.0167274
0.00792686
-0.0297956
0.0117248
-0.0440617
0.0151247
-0.0572085
0.0177855
-0.0680503
0.0197095
-0.0766463
0.0211001
-0.0837019
-0.0901449
0.000465359
-0.00158882
0.00200426
-0.00847977
0.00469164
-0.0194148
0.00816789
-0.0332719
0.0117146
-0.0476084
0.0147313
-0.0602252
0.0169936
-0.0703126
0.0185824
-0.0782352
0.0197218
-0.0848413
-0.0910164
0.0205934
0.000517596
-0.00210641
0.00216483
-0.010127
0.00492015
-0.0221701
0.00829604
-0.0366478
0.011556
-0.0508683
0.014195
-0.0628642
0.0160927
-0.0722103
0.0173881
-0.0795306
0.0183099
-0.0857631
-0.0917273
0.0190208
0.000568227
-0.00267464
0.00230743
-0.0118662
0.00508746
-0.0249501
0.00831272
-0.039873
0.0112649
-0.0538205
0.0135406
-0.0651399
0.0151085
-0.0737782
0.0161468
-0.0805689
0.0168775
-0.0864938
-0.0922915
0.0174416
0.000616002
-0.00329064
0.00242753
-0.0136778
0.00518914
-0.0277117
0.00822356
-0.0429074
0.0108586
-0.0564555
0.0127913
-0.0670725
0.0140628
-0.0750498
0.0148746
-0.0813807
0.0154344
-0.0870536
-0.0927182
0.0158612
0.000659655
-0.00395029
0.00252129
-0.0155394
0.00522366
-0.0304141
0.00803714
-0.0457209
0.0103549
-0.0587733
0.0119676
-0.0686853
0.0129733
-0.0760555
0.0135839
-0.0819912
0.0139878
-0.0874575
-0.0930137
0.0142833
0.000697978
-0.00464827
0.00258578
-0.0174272
0.00519213
-0.0330205
0.00776386
-0.0482926
0.00977081
-0.0607802
0.0110877
-0.0700022
0.0118547
-0.0768224
0.0122841
-0.0824207
0.012543
-0.0877164
-0.0931817
0.012711
0.000729877
-0.00537815
0.00261916
-0.0193165
0.0050978
-0.0354991
0.00741499
-0.0506098
0.0091221
-0.0624874
0.0101668
-0.0710468
0.0107184
-0.0773741
0.0109826
-0.0826849
0.0111042
-0.087838
-0.0932244
0.0111469
0.000754424
-0.00613257
0.00262069
-0.0211827
0.0049455
-0.0378239
0.00700195
-0.0526663
0.008423
-0.0639084
0.00921767
-0.0718415
0.00957385
-0.0777303
0.00968491
-0.0827959
0.00967439
-0.0878275
-0.0931434
0.00959338
0.000770886
-0.00690346
0.00259065
-0.0230025
0.00474108
-0.0399743
0.00653576
-0.054461
0.00768601
-0.0650586
0.00825105
-0.0724065
0.00842814
-0.0779074
0.00839526
-0.082763
0.00825609
-0.0876883
-0.0929392
0.00805192
0.000778746
-0.00768221
0.00253023
-0.024754
0.00449093
-0.0419351
0.00602677
-0.0559968
0.00692197
-0.0659538
0.00727556
-0.0727601
0.00728691
-0.0779187
0.00711685
-0.082593
0.00685136
-0.0874228
-0.0926111
0.00652318
0.000777706
-0.00845991
0.00244131
-0.0264176
0.00420162
-0.0436954
0.00548438
-0.0572796
0.00614013
-0.0666096
0.00629827
-0.0729183
0.00615458
-0.077775
0.00585203
-0.0822904
0.00546168
-0.0870325
-0.0921579
0.00500854
0.000767679
-0.00922759
0.00232631
-0.0279762
0.00387955
-0.0452486
0.00491703
-0.058317
0.00534832
-0.0670409
0.00532496
-0.0728949
0.00503481
-0.0774849
0.00460282
-0.0818584
0.00408757
-0.0865172
-0.0915789
0.00350855
0.000748784
-0.00997638
0.00218793
-0.0294154
0.00353084
-0.0465915
0.00433212
-0.0591183
0.00455305
-0.0672618
0.00436027
-0.0727021
0.0039309
-0.0770555
0.00337219
-0.0812997
0.00272913
-0.0858742
-0.0908689
0.0020191
0.000721355
-0.0106977
0.00202927
-0.0307233
0.00316117
-0.0477234
0.00373607
-0.0596932
0.00375967
-0.0672854
0.00340775
-0.0723502
0.00284524
-0.076493
0.0021642
-0.0806187
0.00139074
-0.0851007
-0.090002
0.000523845
0.000685912
-0.0113836
0.00185353
-0.0318909
0.00277579
-0.0486457
0.00313443
-0.0600519
0.00297261
-0.0671236
0.00247024
-0.0718478
0.00177885
-0.0758016
0.000978051
-0.0798179
0.000102509
-0.0842252
-0.0889923
-0.00090721
0.000643107
-0.0120267
0.00166368
-0.0329115
0.00237937
-0.0493613
0.00253193
-0.0602044
0.00219553
-0.0667872
0.00155027
-0.0712026
0.000732908
-0.0749843
-0.000195377
-0.0788896
-0.00120728
-0.0832133
-0.0878964
-0.0023031
0.000593696
-0.0126204
0.00146256
-0.0337803
0.0019761
-0.0498749
0.00193256
-0.0601609
0.00143132
-0.0662859
0.00064949
-0.0704208
-0.000290564
-0.0740442
-0.00132675
-0.0778534
-0.0024695
-0.0820705
-0.0866811
-0.00368487
0.000538517
-0.013159
0.00125284
-0.0344947
0.00156981
-0.0501919
0.00133951
-0.0599306
0.000682427
-0.0656289
-0.000231005
-0.0695073
-0.00128372
-0.0729915
-0.00244127
-0.0766959
-0.00370232
-0.0808095
-0.08534
-0.00504335
0.000478502
-0.0136375
0.00103715
-0.0350533
0.00116379
-0.0503185
0.000755522
-0.0595223
-4.99746e-05
-0.0648234
-0.00108509
-0.0684722
-0.00225527
-0.0718213
-0.0035293
-0.0754218
-0.0049079
-0.0794309
-0.0838742
-0.00637377
0.000414641
-0.0140521
0.000818224
-0.0354569
0.000760397
-0.0502607
0.000186082
-0.058948
-0.000760745
-0.0638765
-0.00191814
-0.0673148
-0.00320173
-0.0705377
-0.00458945
-0.0740341
-0.00608519
-0.0779351
-0.0822856
-0.00767379
0.000347791
-0.0143999
0.000598998
-0.0357081
0.000362997
-0.0500247
-0.000374256
-0.0582107
-0.00145371
-0.0627971
-0.00272781
-0.0660407
-0.004122
-0.0691435
-0.00562105
-0.0725351
-0.00723267
-0.0763235
-0.0805766
-0.00894161
0.000278778
-0.0146787
0.000380861
-0.0358102
-2.5238e-06
-0.0496413
-0.000915062
-0.0572982
-0.00212688
-0.0615853
-0.0035136
-0.064654
-0.00501548
-0.0676416
-0.0066236
-0.0709269
-0.00834916
-0.0745979
-0.0787513
-0.0101745
0.000209108
-0.0148878
0.000165163
-0.0357662
-0.000417246
-0.0490589
-0.00144727
-0.0562682
-0.00277876
-0.0602538
-0.00427462
-0.0631581
-0.00588163
-0.0660346
-0.00759665
-0.0692119
-0.00943353
-0.072761
-0.0768164
-0.0113684
0.000137862
-0.0150256
-3.55953e-05
-0.0355928
-0.000791413
-0.0483031
-0.00196315
-0.0550964
-0.00340909
-0.0588078
-0.00501019
-0.061557
-0.00671992
-0.0643249
-0.00853959
-0.0673923
-0.0104847
-0.0708159
-0.0747774
-0.0125237
6.06679e-05
-0.0150863
-0.000277271
-0.0352548
-0.00115757
-0.0474228
-0.00246039
-0.0537936
-0.00401734
-0.0572509
-0.00572012
-0.0598543
-0.00753007
-0.0625149
-0.00945201
-0.0654703
-0.0115029
-0.0687651
-0.0726299
-0.0136503
-1.87189e-05
-0.0150676
-0.000494403
-0.0347792
-0.0015129
-0.0464043
-0.0029387
-0.0523678
-0.00460243
-0.0555872
-0.00640407
-0.0580526
-0.00831262
-0.0606064
-0.0103354
-0.0634475
-0.0124884
-0.0666122
-0.0703701
-0.0147482
-8.95113e-05
-0.0149781
-0.00070184
-0.0341668
-0.00185547
-0.0452506
-0.00339808
-0.0508252
-0.00516384
-0.0538214
-0.00706152
-0.0561549
-0.00906822
-0.0585997
-0.0111937
-0.0613221
-0.0134376
-0.0643682
-0.068018
-0.0157897
-0.000162149
-0.0148159
-0.000901816
-0.0334272
-0.00218442
-0.043968
-0.00383796
-0.0491717
-0.00570095
-0.0519584
-0.00769143
-0.0541645
-0.00979452
-0.0564966
-0.0120238
-0.0590928
-0.0143863
-0.0620057
-0.0657354
-0.0166689
-0.000233568
-0.0145824
-0.00109463
-0.0325661
-0.00249925
-0.0425634
-0.00425788
-0.047413
-0.00621342
-0.0500029
-0.00829288
-0.052085
-0.0104863
-0.0543032
-0.0127932
-0.0567859
-0.0151698
-0.0596291
-0.0629021
-0.0180031
-0.000303051
-0.0142793
-0.00127994
-0.0315892
-0.00279963
-0.0410437
-0.00465754
-0.0455551
-0.00670117
-0.0479592
-0.00886536
-0.0499208
-0.0111403
-0.0520283
-0.0135201
-0.0544061
-0.0160222
-0.057127
-0.0600902
-0.0188341
-0.000370237
-0.0139091
-0.0014573
-0.0305022
-0.00308525
-0.0394158
-0.0050367
-0.0436037
-0.00716391
-0.045832
-0.00940873
-0.047676
-0.0117638
-0.0496732
-0.014233
-0.0519369
-0.0168526
-0.0545074
-0.0572599
-0.0196829
-0.000434853
-0.0134742
-0.00162627
-0.0293107
-0.00335584
-0.0376862
-0.00539515
-0.0415644
-0.00760126
-0.0436259
-0.00992218
-0.0453551
-0.0123534
-0.047242
-0.0149046
-0.0493856
-0.017608
-0.051804
-0.0543851
-0.0204828
-0.000496659
-0.0129776
-0.0017865
-0.0280209
-0.00361115
-0.0358615
-0.00573275
-0.0394428
-0.00801316
-0.0413455
-0.0104062
-0.0429621
-0.0129105
-0.0447377
-0.0155391
-0.046757
-0.0183171
-0.049026
-0.0514534
-0.0212488
-0.000555441
-0.0124221
-0.00193766
-0.0266387
-0.00385098
-0.0339482
-0.00604936
-0.0372444
-0.00839945
-0.0389954
-0.0108604
-0.0405011
-0.0134338
-0.0421643
-0.0161337
-0.0440571
-0.0189804
-0.0461794
-0.0484584
-0.0219753
-0.000611002
-0.0118111
-0.00207951
-0.0251702
-0.00407516
-0.0319526
-0.0063449
-0.0349747
-0.00876009
-0.0365802
-0.0112848
-0.0379763
-0.0139231
-0.0395261
-0.0166893
-0.0412909
-0.019601
-0.0432677
-0.0453989
-0.0226606
-0.000663171
-0.011148
-0.00221181
-0.0236215
-0.00428354
-0.0298808
-0.0066193
-0.0326389
-0.009095
-0.0341045
-0.0116793
-0.035392
-0.014378
-0.0368274
-0.0172058
-0.038463
-0.0201791
-0.0402944
-0.042276
-0.023302
-0.000711795
-0.0104362
-0.00233438
-0.0219989
-0.00447603
-0.0277392
-0.00687251
-0.0302424
-0.00940413
-0.0315729
-0.0120436
-0.0327526
-0.0147983
-0.0340727
-0.0176834
-0.0355779
-0.0207146
-0.0372632
-0.0390926
-0.0238979
-0.000756741
-0.00967942
-0.00244707
-0.0203086
-0.00465252
-0.0255337
-0.00710449
-0.0277905
-0.0096874
-0.02899
-0.0123776
-0.0300624
-0.0151839
-0.0312664
-0.0181217
-0.0326401
-0.0212068
-0.0341782
-0.0358525
-0.0244469
-0.000797893
-0.00888152
-0.00254975
-0.0185568
-0.00481294
-0.0232706
-0.00731519
-0.0252882
-0.00994476
-0.0263604
-0.0126812
-0.027326
-0.0155346
-0.028413
-0.0185207
-0.0296541
-0.0216553
-0.0310435
-0.0325601
-0.0249477
-0.000835151
-0.00804637
-0.00264231
-0.0167496
-0.00495725
-0.0209556
-0.0075046
-0.0227409
-0.0101762
-0.0236889
-0.0129543
-0.0245478
-0.0158502
-0.0255171
-0.0188799
-0.0266244
-0.0220595
-0.027864
-0.0292201
-0.0253995
-0.000868429
-0.00717794
-0.00272466
-0.0148934
-0.00508538
-0.0185949
-0.00767268
-0.0201536
-0.0103815
-0.02098
-0.0131968
-0.0217325
-0.0161306
-0.0225834
-0.0191992
-0.0235558
-0.0224188
-0.0246443
-0.0258376
-0.0258014
-0.000897654
-0.00628029
-0.00279672
-0.0129943
-0.00519731
-0.0161943
-0.00781942
-0.0175314
-0.0105608
-0.0182386
-0.0134086
-0.0188847
-0.0163755
-0.0196165
-0.0194782
-0.0204531
-0.0227331
-0.0213895
-0.0224177
-0.0261529
-0.000922764
-0.00535753
-0.00285842
-0.0110586
-0.005293
-0.0137597
-0.00794478
-0.0148797
-0.010714
-0.0154693
-0.0135896
-0.0160091
-0.0165849
-0.0166212
-0.0197168
-0.0173212
-0.0230018
-0.0181045
-0.018966
-0.0264535
-0.000943707
-0.00441382
-0.00290973
-0.00909262
-0.00537242
-0.011297
-0.00804876
-0.0122033
-0.0108411
-0.012677
-0.0137397
-0.0131104
-0.0167586
-0.0136023
-0.0199148
-0.0141651
-0.0232247
-0.0147945
-0.0154876
-0.0267031
-0.000960441
-0.00345338
-0.00295059
-0.00710247
-0.00543555
-0.00881208
-0.00813133
-0.00950755
-0.010942
-0.00986634
-0.0138589
-0.0101935
-0.0168965
-0.0105648
-0.020072
-0.0109896
-0.0234018
-0.0114647
-0.0119882
-0.0269012
-0.000972933
-0.00248045
-0.00298097
-0.00509444
-0.00548237
-0.00631068
-0.00819248
-0.00679744
-0.0110166
-0.00704221
-0.0139471
-0.00726297
-0.0169986
-0.0075133
-0.0201883
-0.0077998
-0.0235329
-0.00812021
-0.0084732
-0.0270479
-0.00098116
-0.00300084
-0.00551287
-0.00823221
-0.0040781
-0.011065
-0.00420939
-0.0140043
-0.00432373
-0.0170647
-0.00445288
-0.0202638
-0.00460074
-0.0236178
-0.00476614
-0.00494795
-0.0271431
-0.00825049
-0.0110872
-0.0140304
-0.0170948
-0.0202981
-0.0236564
-0.0271857
0.0616985
0.00903916
-0.0611442
0.0622558
0.0105896
0.0628162
0.0121506
0.0633799
0.0137196
0.0639466
0.0152945
0.0645156
0.0168727
0.0650848
0.0184515
0.0200278
0.0639168
0.00848725
-0.0633649
0.064478
0.0100284
0.0650494
0.0115792
0.0656315
0.0131375
0.0662249
0.0147011
0.0668297
0.0162679
0.0674455
0.0178357
0.0194021
0.0662444
0.00795207
-0.0657092
0.0667961
0.00947663
0.0673655
0.0110098
0.0679534
0.0125496
0.0685606
0.0140939
0.0691876
0.0156409
0.0698348
0.0171885
0.0187347
0.0687102
0.00743833
-0.0681964
0.0692454
0.00894141
0.0698034
0.0104518
0.0703856
0.0119674
0.070993
0.0134864
0.071627
0.0150069
0.0722885
0.016527
0.0180449
0.0713142
0.00694378
-0.0708196
0.0718332
0.00842245
0.072378
0.00990689
0.0729504
0.0113951
0.0735518
0.012885
0.0741837
0.014375
0.0748476
0.0158632
0.0173477
0.0740543
0.00646883
-0.0735794
0.0745569
0.00791993
0.0750882
0.00937555
0.0756497
0.0108336
0.0762427
0.012292
0.0768688
0.013749
0.0775291
0.0152029
0.0166517
0.0769242
0.00601291
-0.0764682
0.0774106
0.00743352
0.0779285
0.0088576
0.0784791
0.010283
0.0790634
0.0117077
0.0796826
0.0131298
0.0803379
0.0145476
0.0159591
0.0799267
0.00557623
-0.07949
0.0803965
0.00696372
0.0809005
0.00835362
0.0814396
0.00974391
0.0820146
0.0111326
0.0826265
0.0125179
0.0832763
0.0138978
0.0152706
0.0830621
0.00515854
-0.0826444
0.0835157
0.00651018
0.0840057
0.00786356
0.0845331
0.00921656
0.0850985
0.0105672
0.0857027
0.0119137
0.0863464
0.0132541
0.0145865
0.0863415
0.00476076
-0.0859437
0.0867775
0.00607417
0.0872524
0.0073886
0.087767
0.00870201
0.0883217
0.0100125
0.0889173
0.0113182
0.0895541
0.0126172
0.0139078
0.0897668
0.00438304
-0.0893891
0.0901852
0.00565578
0.0906449
0.00692893
0.0911463
0.00820055
0.0916901
0.00946877
0.0922765
0.0107317
0.092906
0.0119877
0.0132347
0.0933461
0.00402531
-0.0929884
0.0937469
0.00525501
0.0941912
0.00648466
0.0946794
0.00771235
0.0952119
0.00893628
0.095789
0.0101546
0.096411
0.0113656
0.0125675
0.0970875
0.00368726
-0.0967494
0.0974708
0.00487164
0.0978999
0.0060556
0.098375
0.00723728
0.0988963
0.00841491
0.0994642
0.00958674
0.100079
0.0107511
0.0119061
0.101
0.00336858
-0.100681
0.101366
0.00450535
0.10178
0.00564139
0.102243
0.00677492
0.102753
0.00790423
0.103312
0.00902763
0.10392
0.0101434
0.01125
0.105093
0.00306836
-0.104792
0.105443
0.00415526
0.105843
0.00524121
0.106293
0.0063245
0.106794
0.00740347
0.107345
0.00847649
0.107947
0.00954195
0.0105982
0.109379
0.0027861
-0.109096
0.109713
0.00382085
0.1101
0.00485445
0.110539
0.00588529
0.111031
0.0069118
0.111575
0.0079324
0.112171
0.00894554
0.11282
0.00994968
0.0109433
0.113869
0.00252098
-0.113604
0.114189
0.00350113
0.114563
0.00448002
0.114992
0.00545614
0.115476
0.00642797
0.116015
0.00739402
0.116607
0.00835281
0.117254
0.00930285
0.0102427
0.118577
0.00227182
-0.118328
0.118883
0.00319489
0.119247
0.00411666
0.119667
0.00503569
0.120145
0.00595055
0.120679
0.00685983
0.121269
0.00776211
0.121916
0.00865598
0.00954006
0.123517
0.00203738
-0.123283
0.123811
0.00290081
0.124165
0.00376296
0.124578
0.00462245
0.125051
0.00547794
0.125583
0.0063281
0.126173
0.0071716
0.126822
0.0080071
0.0088333
0.128706
0.00181632
-0.128485
0.12899
0.00261748
0.129335
0.00341738
0.129743
0.00421475
0.130212
0.00500835
0.130744
0.00579692
0.131336
0.00657922
0.131989
0.00735401
0.00812007
0.134162
0.00160724
-0.133952
0.134436
0.00234334
0.134775
0.00307826
0.135179
0.00381081
0.135647
0.00453986
0.13618
0.00526423
0.136776
0.00598278
0.137436
0.00669436
0.00739784
0.139903
0.00140864
-0.139705
0.14017
0.00207679
0.140504
0.00274385
0.140906
0.00340875
0.141376
0.00407044
0.141912
0.00472785
0.142515
0.00537994
0.143183
0.00602566
0.00666396
0.145953
0.00121896
-0.145763
0.146214
0.00181613
0.146545
0.00241232
0.146947
0.00300658
0.14742
0.00359795
0.147962
0.00418548
0.148574
0.00476823
0.149254
0.00534526
0.00591562
0.152336
0.00103661
-0.152153
0.152592
0.0015596
0.152923
0.00208176
0.153327
0.00260222
0.153805
0.00312015
0.154356
0.00363471
0.154979
0.00414507
0.155674
0.0046504
0.00514987
0.159079
0.000859923
-0.158902
0.159333
0.0013054
0.159664
0.00175017
0.160073
0.00219351
0.160559
0.0026347
0.16112
0.00307301
0.161758
0.00350774
0.16247
0.00393818
0.00436362
0.166214
0.000687269
-0.166041
0.166468
0.00105168
0.166802
0.00141552
0.167218
0.00177821
0.167713
0.00213915
0.168288
0.00249774
0.168943
0.0028534
0.169675
0.00320554
0.00355359
0.173777
0.000516908
-0.173606
0.174032
0.000796482
0.174372
0.00107564
0.174796
0.00135393
0.175304
0.00163088
0.175896
0.00190605
0.17657
0.00217896
0.177327
0.00244918
0.00271626
0.181809
0.000346955
-0.181639
0.182068
0.000537709
0.182415
0.000728193
0.182851
0.000918096
0.183375
0.0011071
0.183986
0.00129488
0.184684
0.00148114
0.185467
0.00166556
0.00184784
0.190357
0.000175298
-0.190186
0.190622
0.000272951
0.19098
0.000370483
0.19143
0.000467727
0.191973
0.000564519
0.192607
0.000660698
0.193332
0.000756099
0.194147
0.000850564
0.00094393
0.199481
-0.199306
0.199754
0.200125
0.200593
0.201157
0.201818
0.202574
0.203424
0.0508241
-0.0169545
-0.0505385
0.0513017
-0.0162673
0.0518317
-0.0152782
0.0523716
-0.0141902
0.0529139
-0.0130659
0.0534595
-0.0119141
0.0540064
-0.0107214
0.0545526
-0.00948787
0.0550983
-0.00821946
0.0556439
-0.00691934
0.0561895
-0.00558894
0.0567349
-0.00423032
0.0572773
-0.00284549
0.0578124
-0.00144227
0.0584046
-6.83682e-05
0.0589495
0.00147418
0.0594966
0.00296141
0.0600445
0.00446073
0.0605931
0.00597448
0.00750082
0.054153
-0.0174076
-0.0536999
0.0545704
-0.0166847
0.0550231
-0.0157309
0.0554919
-0.014659
0.0559516
-0.0135256
0.0564082
-0.0123707
0.0568691
-0.0111822
0.0573345
-0.00995325
0.0578039
-0.00868892
0.0582783
-0.00739372
0.0587585
-0.00606916
0.0592453
-0.00471713
0.0597402
-0.00334032
0.0602421
-0.00194419
0.0607091
-0.000535352
0.0612388
0.00094448
0.0617605
0.00243966
0.062287
0.0039342
0.0628218
0.00543976
0.0069577
0.0575597
-0.0178045
-0.0571629
0.0579239
-0.0170488
0.0582941
-0.0161012
0.0586845
-0.0150493
0.0590748
-0.013916
0.0594619
-0.0127578
0.0598537
-0.0115741
0.0602529
-0.0103525
0.0606585
-0.00909449
0.0610703
-0.00780557
0.0614893
-0.00648816
0.0619158
-0.00514355
0.0623495
-0.00377403
0.0627879
-0.0023826
0.0632296
-0.000977097
0.063713
0.000461073
0.0641942
0.00195852
0.0646849
0.00344343
0.0651896
0.0049351
0.0064381
0.0610684
-0.0181134
-0.0607595
0.0613635
-0.0173439
0.0616585
-0.0163962
0.0619708
-0.0153616
0.0622918
-0.014237
0.0626136
-0.0130796
0.0629404
-0.0119008
0.0632764
-0.0106884
0.0636215
-0.0094396
0.0639753
-0.00815937
0.0643384
-0.00685126
0.0647113
-0.00551652
0.0650941
-0.00415677
0.0654847
-0.00277319
0.0658788
-0.00137124
0.0663315
8.3909e-06
0.0667693
0.00152074
0.0672272
0.00298545
0.0677027
0.00445966
0.00594435
0.064675
-0.0183443
-0.0644441
0.0649034
-0.0175724
0.0651293
-0.0166221
0.0653676
-0.0155999
0.0656186
-0.014488
0.0658751
-0.0133361
0.0661379
-0.0121636
0.0664111
-0.0109616
0.0666961
-0.00972463
0.066993
-0.00845619
0.0673021
-0.00716039
0.0676247
-0.00583917
0.0679622
-0.00449421
0.0683167
-0.00312774
0.0686897
-0.0017442
0.0690501
-0.000352042
0.0694688
0.00110203
0.0698987
0.00255556
0.0703482
0.00401022
0.00547287
0.0683979
-0.0185002
-0.068242
0.0685585
-0.0177329
0.0687155
-0.0167791
0.0688809
-0.0157653
0.0690605
-0.0146677
0.0692505
-0.0135261
0.0694496
-0.0123627
0.0696607
-0.0111727
0.0698864
-0.00995026
0.0701271
-0.00869694
0.0703835
-0.00741678
0.0706566
-0.00611228
0.0709475
-0.00478505
0.0712567
-0.00343698
0.0715831
-0.00207065
0.0719243
-0.000693222
0.072306
0.000720305
0.0727072
0.00215444
0.0731308
0.00358655
0.00502433
0.0722476
-0.018578
-0.0721698
0.0723352
-0.0178206
0.0724212
-0.016865
0.0725137
-0.0158579
0.0726217
-0.0147756
0.0727444
-0.0136488
0.0728799
-0.0124982
0.07303
-0.0113228
0.0731972
-0.0101175
0.0733827
-0.00888248
0.0735872
-0.0076213
0.0738116
-0.00633666
0.0740569
-0.00503029
0.0743239
-0.00370403
0.0746135
-0.00236025
0.0749237
-0.00100344
0.0752726
0.000371457
0.0756439
0.00178313
0.0760419
0.00318857
0.00459794
0.0762254
-0.0185749
-0.0762285
0.0762358
-0.017831
0.0762486
-0.0168778
0.0762687
-0.015878
0.0763055
-0.0148125
0.0763608
-0.0137041
0.0764331
-0.0125705
0.0765232
-0.0114129
0.0766331
-0.0102274
0.0767645
-0.00901392
0.0769184
-0.00777513
0.0770954
-0.00651372
0.0772966
-0.00523149
0.0775227
-0.00393008
0.0777736
-0.00261115
0.0780486
-0.00127843
0.0783714
4.86182e-05
0.0787119
0.00144257
0.0790852
0.0028153
0.00419314
0.0803305
-0.0184905
-0.0804149
0.0802618
-0.0177623
0.0802003
-0.0168162
0.0801486
-0.0158263
0.0801156
-0.0147795
0.0801044
-0.0136928
0.0801141
-0.0125802
0.080145
-0.0114438
0.0801989
-0.0102813
0.0802774
-0.0090924
0.0803816
-0.00787935
0.0805125
-0.00664462
0.0806712
-0.00539015
0.0808588
-0.00411774
0.081077
-0.00282933
0.0813263
-0.00152777
0.081596
-0.000221029
0.0819137
0.00112486
0.0822621
0.00246693
0.00381076
0.0845645
-0.0183258
-0.0847293
0.0844166
-0.0176144
0.0842806
-0.0166802
0.0841581
-0.0157038
0.0840567
-0.0146782
0.0839801
-0.0136162
0.0839281
-0.0125283
0.0839009
-0.0114166
0.0838999
-0.0102802
0.0839265
-0.00911903
0.0839821
-0.00793493
0.0840676
-0.00673013
0.084184
-0.00550657
0.0843322
-0.00426597
0.0845131
-0.00301018
0.0847267
-0.00174135
0.0849707
-0.000465074
0.0852592
0.000836402
0.0855832
0.00214288
0.0034503
0.0889314
-0.018082
-0.0891751
0.0887049
-0.0173879
0.088495
-0.0164703
0.0883028
-0.0155116
0.0881345
-0.01451
0.0879939
-0.0134756
0.0878813
-0.0124157
0.087797
-0.0113323
0.087742
-0.0102252
0.0877178
-0.00909479
0.0877256
-0.0079427
0.0877663
-0.00677089
0.087841
-0.00558122
0.0879504
-0.0043754
0.0880954
-0.00315519
0.0882767
-0.0019226
0.0884929
-0.000681278
0.0887529
0.000576369
0.0890513
0.00184447
0.00311252
0.0934367
-0.0177606
-0.0937582
0.0931331
-0.0170843
0.0928504
-0.0161876
0.0925896
-0.0152507
0.0923559
-0.0142763
0.0921527
-0.0132723
0.0919807
-0.0122437
0.0918403
-0.0111919
0.0917323
-0.0101173
0.0916582
-0.00902066
0.091619
-0.00790354
0.0916158
-0.0067677
0.0916495
-0.00561487
0.0917208
-0.00444673
0.0918306
-0.00326498
0.0919795
-0.00207149
0.0921672
-0.00086895
0.0923999
0.00034362
0.0926732
0.00157124
0.00279727
0.0980879
-0.0173629
-0.0984856
0.0977087
-0.0167051
0.0973544
-0.0158333
0.0970263
-0.0149226
0.0967286
-0.0139786
0.0964641
-0.0130078
0.0962339
-0.0120134
0.0960384
-0.0109964
0.0958785
-0.00995738
0.0957554
-0.00889755
0.0956701
-0.00781832
0.0956238
-0.00672133
0.0956171
-0.0056082
0.0956509
-0.00448055
0.0957259
-0.00334
0.0958427
-0.00218829
0.0960015
-0.00102771
0.096208
0.000137076
0.0964564
0.00132293
0.00250421
0.102893
-0.0168904
-0.103366
0.10244
-0.016252
0.102016
-0.015409
0.101622
-0.0145285
0.101261
-0.0136182
0.100937
-0.0126834
0.100649
-0.011726
0.1004
-0.0107468
0.100189
-0.00974647
0.100018
-0.00872635
0.0998873
-0.00768788
0.0997986
-0.00663259
0.0997523
-0.00556198
0.0997494
-0.0044776
0.0997904
-0.00338101
0.0998759
-0.00227382
0.100006
-0.001158
0.100185
-4.19998e-05
0.10041
0.00109856
0.00223279
0.107862
-0.0163446
-0.108408
0.107337
-0.0157269
0.106844
-0.0149161
0.106385
-0.0140698
0.105963
-0.0131962
0.10558
-0.0123002
0.105237
-0.0113827
0.104934
-0.0104441
0.104673
-0.00948543
0.104455
-0.00850791
0.10428
-0.00751304
0.104149
-0.00650224
0.104064
-0.00547697
0.104025
-0.00443869
0.104033
-0.00338894
0.104089
-0.00232928
0.104192
-0.00126149
0.10434
-0.000189468
0.104542
0.000896716
0.00198206
0.113005
-0.0157269
-0.113622
0.112409
-0.0151314
0.111849
-0.0143563
0.111327
-0.0135475
0.110845
-0.0127139
0.110404
-0.0118593
0.110006
-0.0109844
0.109651
-0.0100894
0.109341
-0.00917512
0.109076
-0.00824302
0.108857
-0.00729451
0.108686
-0.00633095
0.108563
-0.0053537
0.108488
-0.00436417
0.108463
-0.0033638
0.108488
-0.00235408
0.108563
-0.0013366
0.108688
-0.000314109
0.108866
0.000718185
0.00175173
0.118333
-0.0150388
-0.119021
0.117669
-0.0144673
0.117044
-0.0137309
0.116459
-0.0129631
0.115918
-0.0121722
0.11542
-0.0113619
0.114968
-0.0105322
0.114562
-0.0096834
0.114203
-0.00881636
0.113893
-0.00793245
0.113631
-0.00703303
0.11342
-0.00611941
0.113259
-0.00519288
0.11315
-0.00425478
0.113092
-0.00330645
0.113087
-0.00234932
0.113136
-0.00138488
0.113237
-0.000415214
0.113393
0.000561782
0.00154103
0.123861
-0.0142813
-0.124618
0.12313
-0.0137361
0.12244
-0.0130414
0.121795
-0.0123175
0.121195
-0.0115723
0.120641
-0.0108088
0.120136
-0.010027
0.11968
-0.00922707
0.119273
-0.00840997
0.118918
-0.00757697
0.118614
-0.00672937
0.118363
-0.0058684
0.118166
-0.00499529
0.118022
-0.0041113
0.117934
-0.0032177
0.1179
-0.00231585
0.117922
-0.00140712
0.118
-0.000493232
0.118136
0.0004264
0.00134884
0.129602
-0.0134557
-0.130428
0.128805
-0.0129392
0.128053
-0.0122889
0.127347
-0.0116119
0.12669
-0.010915
0.126082
-0.0102009
0.125524
-0.00946951
0.125018
-0.00872119
0.124565
-0.00795673
0.124166
-0.00717734
0.123821
-0.00638427
0.123531
-0.00557867
0.123297
-0.00476169
0.12312
-0.00393453
0.123001
-0.00309839
0.12294
-0.00225452
0.122937
-0.00140421
0.122993
-0.000548969
0.123108
0.00031093
0.00117395
0.135573
-0.012563
-0.136466
0.134712
-0.0120779
0.133898
-0.0114746
0.133133
-0.0108471
0.132419
-0.0102012
0.131757
-0.00953894
0.131148
-0.00886063
0.130594
-0.0081665
0.130094
-0.00745734
0.129651
-0.00673428
0.129265
-0.00599845
0.128938
-0.00525096
0.128669
-0.00449287
0.12846
-0.00372529
0.128311
-0.00294937
0.128222
-0.00216625
0.128195
-0.00137715
0.12823
-0.00058338
0.128326
0.000214218
0.00101513
0.141794
-0.0116039
-0.142753
0.140869
-0.0111531
0.139994
-0.0105994
0.139171
-0.0100239
0.138401
-0.00943141
0.137686
-0.00882366
0.137026
-0.00820097
0.136423
-0.00756365
0.135878
-0.00691247
0.135393
-0.00624843
0.134967
-0.0055726
0.134602
-0.00488598
0.134298
-0.00418957
0.134057
-0.00348439
0.13388
-0.00277151
0.133765
-0.00205198
0.133715
-0.00132692
0.133729
-0.000597517
0.133808
0.000135046
0.000871076
0.148285
-0.010579
-0.149309
0.147297
-0.0101657
0.146362
-0.00966401
0.145481
-0.00914295
0.144656
-0.00860629
0.143888
-0.00805552
0.143178
-0.00749102
0.142527
-0.00691316
0.141937
-0.00632263
0.141409
-0.00572037
0.140944
-0.00510731
0.140542
-0.00448438
0.140205
-0.0038525
0.139933
-0.00321261
0.139728
-0.00256566
0.139588
-0.00191265
0.139516
-0.00125457
0.139511
-0.000592489
0.139574
7.21271e-05
0.000740415
0.155069
-0.00948878
-0.15616
0.15402
-0.00911611
0.153025
-0.00866878
0.152086
-0.0082045
0.151206
-0.00772611
0.150385
-0.00723486
0.149625
-0.00673115
0.148928
-0.0062154
0.148293
-0.00568826
0.147724
-0.00515055
0.147219
-0.00460311
0.146782
-0.00404676
0.146412
-0.00348233
0.14611
-0.00291068
0.145877
-0.00233266
0.145713
-0.00174917
0.14562
-0.0011611
0.145597
-0.000569399
0.145645
2.40866e-05
0.000621747
0.162175
-0.00833326
-0.163331
0.161064
-0.00800449
0.160009
-0.00761387
0.159013
-0.00720868
0.158078
-0.00679099
0.157205
-0.00636178
0.156395
-0.0059215
0.15565
-0.00547059
0.154972
-0.00500962
0.15436
-0.00453931
0.153818
-0.00406039
0.153345
-0.00357358
0.152942
-0.00307964
0.152611
-0.00257929
0.152351
-0.00207331
0.152164
-0.00156248
0.152051
-0.00104758
0.152011
-0.000529459
0.152045
-9.93358e-06
0.000513588
0.169633
-0.00711226
-0.170854
0.168459
-0.00683068
0.167344
-0.00649912
0.166291
-0.00615534
0.1653
-0.00580076
0.164375
-0.00543618
0.163515
-0.00506203
0.162724
-0.00467872
0.162001
-0.00428679
0.161348
-0.00388681
0.160767
-0.00347942
0.160259
-0.00306524
0.159824
-0.0026449
0.159464
-0.00221905
0.159179
-0.00178835
0.15897
-0.00135345
0.158837
-0.000915056
0.158782
-0.00047386
0.158803
-3.09795e-05
0.000414429
0.177475
-0.0058253
-0.178762
0.176239
-0.00559416
0.175064
-0.00532401
0.173952
-0.00504399
0.172907
-0.00475502
0.171928
-0.00445771
0.171018
-0.00415244
0.170179
-0.00383961
0.169412
-0.00351965
0.168718
-0.00319305
0.168099
-0.0028603
0.167556
-0.00252194
0.16709
-0.00217847
0.166701
-0.00183044
0.166391
-0.00147837
0.16616
-0.00112283
0.16601
-0.000764379
0.165939
-0.000403589
0.16595
-4.12588e-05
0.000322878
0.185742
-0.00447161
-0.187096
0.184442
-0.00429407
0.183206
-0.00408774
0.182035
-0.00387388
0.180933
-0.00365307
0.179901
-0.00342574
0.178941
-0.00319222
0.178054
-0.00295283
0.177243
-0.00270791
0.176508
-0.00245784
0.17585
-0.002203
0.175272
-0.00194378
0.174774
-0.0016806
0.174358
-0.00141386
0.174023
-0.00114399
0.173772
-0.000871401
0.173604
-0.00059654
0.17352
-0.00031985
0.173521
-4.19156e-05
0.000237366
0.194476
-0.00305019
-0.195897
0.193111
-0.00292924
0.191813
-0.00278916
0.190583
-0.00264397
0.189424
-0.00249398
0.188337
-0.00233946
0.187326
-0.00218066
0.186391
-0.00201781
0.185534
-0.00185114
0.184757
-0.0016809
0.184061
-0.00150737
0.183448
-0.00133081
0.182919
-0.00115151
0.182475
-0.000969737
0.182117
-0.000785788
0.181846
-0.000599955
0.181662
-0.000412536
0.181566
-0.000223835
0.181558
-3.42137e-05
0.000156245
0.203727
-0.00155985
-0.205217
0.202296
-0.00149823
0.200934
-0.00142689
0.199643
-0.00135293
0.198425
-0.0012765
0.197284
-0.00119773
0.19622
-0.00111674
0.195235
-0.00103365
0.194333
-0.000948591
0.193514
-0.000861682
0.192779
-0.000773062
0.192131
-0.000682868
0.191571
-0.000591245
0.1911
-0.000498334
0.190718
-0.000404287
0.190428
-0.000309253
0.190228
-0.00021339
0.190121
-0.000116857
0.190107
-1.98854e-05
7.76682e-05
0.213551
-0.21511
0.212052
0.210625
0.209272
0.207996
0.206798
0.205682
0.204648
0.203699
0.202838
0.202065
0.201382
0.20079
0.200292
0.199888
0.199579
0.199365
0.199248
0.199228
0.0503846
0.00170406
-0.00163768
0.0502537
0.00404444
-0.00391353
0.0500219
0.00693564
-0.00670386
0.0497524
0.00855842
-0.00828891
0.0493931
0.0110905
-0.0107311
0.0490234
0.0123993
-0.0120297
0.0485782
0.0150122
-0.014567
0.0481821
0.0163677
-0.0159716
0.0477409
0.0193216
-0.0188804
0.0474714
0.0207668
-0.0204973
0.047199
0.0241421
-0.0238697
0.0473372
0.0253209
-0.0254591
0.0474814
0.0291779
-0.0293221
0.0485798
0.029061
-0.0301594
0.0333438
-0.0353024
0.052855
0.00177028
0.0527286
0.00417092
0.0524985
0.0071657
0.0522396
0.00881728
0.0518906
0.0114395
0.0515463
0.0127435
0.0511306
0.0154279
0.0507909
0.0167075
0.0504162
0.0196962
0.0502544
0.0209286
0.0501142
0.0242823
0.0504172
0.025018
0.0508748
0.0287203
0.0520598
0.027876
0.0317037
0.0554473
0.00183553
0.0553259
0.00429227
0.0551023
0.00738936
0.0548566
0.00906294
0.0545255
0.0117706
0.0542115
0.0130575
0.0538359
0.0158035
0.0535582
0.0169852
0.0532628
0.0199916
0.0532079
0.0209835
0.0532133
0.0242769
0.0536528
0.0245785
0.0543436
0.0280295
0.0554444
0.0267752
0.0299852
0.0581667
0.00189946
0.0580527
0.0044063
0.057838
0.00760403
0.0576103
0.00929059
0.0573023
0.0120787
0.0570259
0.0133339
0.0566981
0.0161313
0.0564899
0.0171935
0.0562833
0.0201983
0.0563333
0.0209335
0.0564884
0.0241218
0.0570279
0.024039
0.0578903
0.0271671
0.058986
0.0256796
0.0282117
0.0610196
0.00196174
0.0609151
0.00451078
0.0607119
0.00780719
0.060507
0.00949558
0.0602271
0.0123585
0.0599949
0.0135661
0.0597234
0.0164028
0.0595894
0.0173274
0.0594831
0.0203046
0.0596314
0.0207852
0.0599401
0.0238131
0.0605564
0.0234227
0.0615604
0.0261631
0.0627009
0.024539
0.0264686
0.0640125
0.00202195
0.0639198
0.00460345
0.063731
0.00799602
0.0635529
0.00967363
0.0633071
0.0126044
0.0631241
0.0137491
0.0629183
0.0166086
0.06286
0.0173857
0.0628657
0.0202988
0.0631043
0.0205466
0.0635644
0.023353
0.0642517
0.0227354
0.065367
0.0250478
0.0665573
0.0233486
0.0247839
0.0671525
0.00207945
0.0670736
0.00468234
0.0669026
0.00816698
0.0667549
0.00982129
0.06655
0.0128093
0.0664192
0.0138799
0.0662897
0.0167381
0.0663061
0.0173694
0.0664326
0.0201723
0.0667556
0.0202236
0.067357
0.0227516
0.0681159
0.0219766
0.0693094
0.0238543
0.0705375
0.0221205
0.0231516
0.0704471
0.0021332
0.0703835
0.00474595
0.0702349
0.00831555
0.07012
0.00993615
0.0699641
0.0129652
0.0698869
0.0139571
0.0698438
0.0167812
0.0699335
0.0172797
0.0701842
0.0199216
0.070589
0.0198188
0.0713146
0.022026
0.0721446
0.0211466
0.0733882
0.0226107
0.0746401
0.0208686
0.0215632
0.0739044
0.00218171
0.0738569
0.00479344
0.0737362
0.00843623
0.0736556
0.0100167
0.0735573
0.0130635
0.0735346
0.0139798
0.0735858
0.01673
0.0737486
0.0171169
0.0741207
0.0195495
0.0746072
0.0193323
0.0754363
0.0211969
0.0763335
0.0202495
0.0776066
0.0213375
0.07887
0.0196053
0.0200183
0.0775326
0.00222296
0.0775015
0.0048246
0.0774149
0.00852282
0.0773698
0.0100618
0.0773371
0.0130962
0.0773705
0.0139464
0.0775203
0.0165802
0.0777579
0.0168793
0.0782432
0.0190641
0.0788115
0.018764
0.0797236
0.0202847
0.0806805
0.0192926
0.0819684
0.0200496
0.0832317
0.018342
0.0185208
0.0813406
0.00225463
0.0813256
0.00483957
0.0812795
0.00856895
0.0812712
0.0100701
0.0813107
0.0130567
0.0814028
0.0138544
0.0816519
0.0163311
0.0819667
0.0165645
0.0825542
0.0184766
0.0832026
0.0181156
0.0841795
0.0193078
0.0851859
0.0182862
0.0864771
0.0187583
0.0877298
0.0170893
0.0170754
0.085337
0.0022742
0.085338
0.00483863
0.0853383
0.00856864
0.0853691
0.0100392
0.0854851
0.0129407
0.0856395
0.0137
0.0859852
0.0159854
0.0863797
0.01617
0.0870569
0.0177995
0.0877812
0.0173912
0.0888076
0.0182815
0.0898516
0.0172421
0.0911364
0.0174736
0.0923692
0.0158565
0.0156864
0.089531
0.00227924
0.0895479
0.00482166
0.0895996
0.00851694
0.0896728
0.00996604
0.0898673
0.0127462
0.0900885
0.0134788
0.0905255
0.0155483
0.0910011
0.0156945
0.0917554
0.0170452
0.0925491
0.0165976
0.0936117
0.0172189
0.0946814
0.0161725
0.0959509
0.0162041
0.0971563
0.0146511
0.0143571
0.0939317
0.00226763
0.0939655
0.00478784
0.094072
0.0084104
0.0941917
0.00984642
0.0944644
0.0124734
0.0947567
0.0131866
0.0952785
0.0150265
0.0958344
0.0151386
0.0966545
0.0162251
0.0975085
0.0157436
0.0985962
0.0161312
0.09968
0.0150887
0.100926
0.0149576
0.102099
0.013479
0.01309
0.0985487
0.00223778
0.098601
0.00473552
0.0987641
0.00824722
0.0989351
0.00967547
0.0992841
0.0121244
0.099651
0.0128197
0.10025
0.0144271
0.100884
0.0145054
0.101759
0.0153497
0.102663
0.0148391
0.103766
0.0150287
0.104854
0.0140009
0.10607
0.0137411
0.107204
0.0123448
0.0118867
0.103392
0.00218881
0.103465
0.00466206
0.103685
0.00802735
0.103912
0.00944813
0.104334
0.0117023
0.104778
0.0123763
0.105448
0.0137574
0.106153
0.0137999
0.107074
0.0144287
0.108018
0.0138948
0.109127
0.0139204
0.11021
0.0129179
0.111391
0.0125601
0.112483
0.0112521
0.0107477
0.108471
0.00212065
0.108569
0.00456399
0.108844
0.00775211
0.109133
0.0091598
0.109624
0.0112109
0.110144
0.0118563
0.110877
0.0130242
0.111648
0.0130292
0.112606
0.0134707
0.11358
0.0129206
0.114686
0.0128144
0.115757
0.0118471
0.116898
0.011419
0.117946
0.0102036
0.00967269
0.113797
0.00203393
0.113924
0.00443731
0.114252
0.00742379
0.114605
0.00880699
0.115162
0.010654
0.115757
0.0112618
0.116547
0.0122341
0.117375
0.0122012
0.118361
0.0124839
0.119356
0.011926
0.120453
0.0117179
0.121505
0.0107947
0.122603
0.0103209
0.123606
0.00920063
0.00866045
0.119382
0.00192992
0.119542
0.00427795
0.119921
0.00704505
0.12034
0.00838784
0.120958
0.0100352
0.121624
0.0105967
0.122464
0.0113933
0.123341
0.0113243
0.124349
0.0114758
0.125356
0.0109194
0.126437
0.0106368
0.127466
0.0097656
0.12852
0.00926756
0.129476
0.00824398
0.00770907
0.125238
0.00181024
0.125434
0.00408224
0.125861
0.00661836
0.126346
0.00790234
0.127024
0.00935799
0.127754
0.0098662
0.12864
0.0105077
0.129557
0.0104069
0.13058
0.0104534
0.131591
0.0099079
0.132652
0.00957552
0.133654
0.00876332
0.134662
0.00825973
0.135573
0.00733329
0.00681591
0.131379
0.00167662
0.131614
0.00384742
0.132086
0.00614579
0.132636
0.00735217
0.133369
0.00862577
0.134159
0.00907617
0.135083
0.00958297
0.136034
0.00945658
0.137064
0.00942264
0.138075
0.00889753
0.139113
0.00853745
0.140086
0.00779015
0.141049
0.00729694
0.141915
0.00646731
0.00597764
0.137817
0.00153065
0.138093
0.00357185
0.13861
0.00562887
0.139222
0.00674032
0.140006
0.00784195
0.140849
0.00823263
0.141808
0.00862453
0.142784
0.00848011
0.143818
0.00838822
0.144823
0.00789274
0.145836
0.00752439
0.146779
0.00684702
0.147699
0.00637764
0.148522
0.00564391
0.00519031
0.144569
0.00137364
0.144886
0.00325509
0.145446
0.00506871
0.146116
0.00607048
0.146948
0.00700993
0.14784
0.00734128
0.148827
0.00763697
0.149824
0.00748299
0.150859
0.00735361
0.151855
0.00689648
0.152843
0.00653669
0.153756
0.00593351
0.154635
0.00549917
0.155419
0.00486004
0.00444927
0.151651
0.00120647
0.152008
0.0028978
0.15261
0.0044662
0.153334
0.00534651
0.154211
0.00613298
0.155146
0.00640709
0.156159
0.00662391
0.157172
0.00646924
0.158205
0.00632069
0.159192
0.00590995
0.160155
0.00557319
0.161041
0.00504774
0.161883
0.00465772
0.162631
0.00411173
0.00374923
0.159078
0.00102966
0.159474
0.00250138
0.160118
0.0038222
0.160893
0.00457186
0.161812
0.00521386
0.162785
0.00543399
0.163821
0.00558768
0.164849
0.00544108
0.16588
0.0052895
0.166858
0.00493255
0.1678
0.00463106
0.168661
0.00418638
0.169471
0.00384831
0.170188
0.00339401
0.00308414
0.166868
0.000843379
0.167301
0.0020677
0.167986
0.00313752
0.168808
0.00374929
0.169768
0.00425449
0.170777
0.00442445
0.171836
0.00452891
0.172879
0.00439869
0.17391
0.00425806
0.174881
0.00396155
0.175806
0.00370568
0.176648
0.00334442
0.177432
0.0030646
0.178125
0.0027008
0.00244711
0.175038
0.000647561
0.175507
0.0015987
0.176232
0.00241284
0.177101
0.00288064
0.1781
0.00325551
0.179145
0.00337918
0.180228
0.00344619
0.181287
0.0033399
0.182323
0.00322202
0.183292
0.00299198
0.184207
0.00279038
0.185037
0.00251506
0.185803
0.00229876
0.186479
0.00202473
0.00183029
0.183609
0.000441951
0.184112
0.0010962
0.184876
0.00164857
0.18579
0.00196668
0.18683
0.00221596
0.187912
0.00229667
0.189023
0.00233568
0.190103
0.00225982
0.19115
0.00217439
0.192126
0.00201621
0.19304
0.00187614
0.193866
0.00168937
0.194624
0.00154111
0.195292
0.00135683
0.00122446
0.1926
0.000226207
0.193134
0.000561817
0.193938
0.000844612
0.194898
0.00100703
0.195981
0.00113306
0.197104
0.0011729
0.198249
0.00119066
0.199359
0.00115041
0.200428
0.00110502
0.201421
0.00102351
0.202346
0.000951087
0.203179
0.00085582
0.203941
0.000779853
0.204611
0.000686342
0.000618212
0.20203
0.202592
0.203436
0.204444
0.205577
0.206749
0.20794
0.209091
0.210196
0.211219
0.21217
0.213026
0.213806
0.214492
0.0357653
-9.83958e-05
0.0360771
0.000798839
0.0362293
0.00156696
0.0363045
0.00203946
0.0362182
0.00244233
0.0360553
0.00256896
0.0357194
0.00274648
0.035292
0.00274851
0.0346743
0.00285325
0.033939
0.00286268
0.0329866
0.00298178
0.031891
0.00304301
0.0305355
0.00321993
0.0290276
0.00331476
0.00357851
0.0357579
-0.000500907
0.0360618
0.000494883
0.036207
0.00142181
0.0362753
0.00197115
0.0361832
0.00253439
0.0360152
0.00273699
0.0356749
0.00308673
0.0352444
0.00317904
0.0346238
0.00347387
0.0338874
0.00359903
0.032934
0.00393523
0.0318389
0.00413812
0.0304846
0.00457424
0.0289802
0.00481909
0.00541569
0.0357431
-0.000888631
0.0360322
0.000205713
0.0361644
0.00128969
0.0362199
0.0019156
0.036117
0.00263729
0.035939
0.00291502
0.0355902
0.00343554
0.0351526
0.00361661
0.0345256
0.00410084
0.0337854
0.00433928
0.0328285
0.00489209
0.0317329
0.00523373
0.0303795
0.00592762
0.0288794
0.00631924
0.00724713
0.035721
-0.00125425
0.0359884
-6.1777e-05
0.0361015
0.00117665
0.0361385
0.00187864
0.0360197
0.00275604
0.0358268
0.00310793
0.0354652
0.00379712
0.0350167
0.00406512
0.0343799
0.00473761
0.033633
0.00508625
0.0326704
0.00585462
0.0315731
0.00633107
0.0302201
0.00728065
0.0287248
0.00781449
0.00907074
0.0356915
-0.00159042
0.0359306
-0.000300863
0.0360185
0.00108879
0.0360311
0.00186603
0.0358915
0.00289562
0.0356788
0.00332058
0.0353003
0.00417563
0.0348369
0.00452851
0.034187
0.00538758
0.0334305
0.00584275
0.0324599
0.00682521
0.0313595
0.00743147
0.0300062
0.00863394
0.0285167
0.00930398
0.0108844
0.0356548
-0.00188993
0.0358586
-0.000504638
0.0359154
0.00103202
0.0358979
0.00188353
0.0357325
0.00306098
0.0354953
0.00355782
0.0350957
0.0045752
0.0346135
0.00501074
0.0339469
0.00605417
0.033178
0.00661167
0.0321969
0.00780631
0.031092
0.00853633
0.0297378
0.00998815
0.0282549
0.0107869
0.0126857
0.035611
-0.00214556
0.0357727
-0.000666388
0.0357925
0.00101228
0.0357392
0.00193682
0.0355431
0.00325702
0.0352765
0.00382448
0.0348518
0.00499991
0.0343467
0.00551583
0.0336601
0.00674071
0.0328758
0.00739596
0.0318817
0.0088004
0.030771
0.0096471
0.0294151
0.011344
0.0279394
0.0122626
0.0144722
0.0355599
-0.00235017
0.035673
-0.000779485
0.0356499
0.00103547
0.0355552
0.00203151
0.0353236
0.00348863
0.0350227
0.00412538
0.0345688
0.00545378
0.0340368
0.00604784
0.033327
0.00745051
0.0325243
0.00819868
0.0315147
0.00980997
0.0303965
0.0107653
0.0290381
0.0127024
0.0275705
0.0137303
0.0162413
0.0355019
-0.00249669
0.0355598
-0.000837386
0.0354878
0.00110744
0.0353462
0.00217312
0.0350742
0.00376061
0.0347343
0.00446525
0.0342473
0.00594077
0.0336843
0.00661087
0.032948
0.00818678
0.0321237
0.00902302
0.0310962
0.0108375
0.0299689
0.0118925
0.0286072
0.0140641
0.0271483
0.0151892
0.0179901
0.0354368
-0.00257812
0.035433
-0.000833652
0.0353065
0.00123397
0.0351125
0.00236711
0.0347954
0.00407777
0.0344118
0.0048488
0.0338878
0.00646482
0.0332896
0.00720904
0.0325237
0.00895267
0.0316745
0.00987225
0.0306266
0.0118854
0.0294887
0.0130304
0.0281227
0.0154302
0.0266734
0.0166384
0.0197159
0.0353648
-0.00258758
0.0352931
-0.000761962
0.0351063
0.00142078
0.0348546
0.00261879
0.0344876
0.00444483
0.0340557
0.00528063
0.0334907
0.0070298
0.0328533
0.00784646
0.0320548
0.00975124
0.0311772
0.0107498
0.0301067
0.0129559
0.0289565
0.0141807
0.0275852
0.0168014
0.0261466
0.0180771
0.0214156
0.0352861
-0.00251829
0.0351402
-0.000616124
0.0348875
0.00167351
0.0345729
0.00293338
0.0341512
0.00486648
0.0336666
0.00576526
0.0330568
0.00763957
0.0323761
0.00852722
0.0315418
0.0105855
0.0306324
0.0116592
0.0295372
0.0140511
0.0283728
0.015345
0.0269955
0.0181788
0.0255687
0.0195038
0.0230864
0.0352007
-0.00236364
0.0349746
-0.000390054
0.0346504
0.00199773
0.0342678
0.00331596
0.033787
0.00534734
0.0332451
0.00630708
0.0325868
0.00829795
0.0318586
0.00925534
0.0309858
0.0114583
0.0300409
0.0126042
0.028919
0.015173
0.0277386
0.0165254
0.0263544
0.019563
0.0249413
0.0209169
0.0247257
0.0351088
-0.00211712
0.0347965
-7.7774e-05
0.0343955
0.00239882
0.0339399
0.0037715
0.0333953
0.00589195
0.032792
0.00691034
0.0320813
0.00900872
0.0313019
0.0100347
0.0303876
0.0123727
0.0294034
0.0135883
0.0282533
0.0163231
0.0270547
0.017724
0.0256632
0.0209544
0.024266
0.0223141
0.0263311
0.0350104
-0.00177219
0.0346065
0.000326162
0.034123
0.00288227
0.0335898
0.00430476
0.032977
0.00650475
0.0323082
0.00757912
0.0315413
0.00977563
0.0307069
0.0108691
0.0297482
0.0133313
0.0287211
0.0146154
0.0275415
0.0175027
0.0263222
0.0189434
0.0249237
0.0223529
0.0235453
0.0236926
0.027901
0.0349059
-0.00132279
0.0344044
0.000827697
0.0338336
0.00345301
0.033218
0.00492036
0.0325328
0.00719002
0.0317946
0.00831732
0.0309679
0.0106023
0.030075
0.011762
0.0290691
0.0143373
0.0279956
0.0156889
0.0267855
0.0187128
0.0255424
0.0201864
0.0241381
0.0237572
0.0227823
0.0250484
0.0294345
0.0347954
-0.000762802
0.0341908
0.00143227
0.0335278
0.00411602
0.0328254
0.00562277
0.0320635
0.00795186
0.0312522
0.00912863
0.0303623
0.0114922
0.0294077
0.0127166
0.0283518
0.0153932
0.0272286
0.016812
0.0259871
0.0199543
0.0247169
0.0214567
0.0233097
0.0251643
0.0219809
0.0263772
0.0309327
0.0346789
-8.63711e-05
0.0339661
0.00214511
0.033206
0.00487612
0.0324124
0.00641634
0.03157
0.00879428
0.0306819
0.0100167
0.0297253
0.0124488
0.028706
0.0137359
0.0275973
0.016502
0.0264221
0.0179872
0.0251487
0.0212277
0.0238483
0.0227572
0.022444
0.0265686
0.0211458
0.0276753
0.0323956
0.0345569
0.000712092
0.0337308
0.00297118
0.0328693
0.00573764
0.0319807
0.00730488
0.0310545
0.00972053
0.0300868
0.0109844
0.0290612
0.0134744
0.0279753
0.0148218
0.0268122
0.017665
0.025584
0.0192154
0.0242791
0.0225327
0.0229473
0.024089
0.0215564
0.0279595
0.0202934
0.0289383
0.0338549
0.0344297
0.0334874
0.0325212
0.0315371
0.0305266
0.0294813
0.0283887
0.0272388
0.0260235
0.0247416
0.0234046
0.0220344
0.0206719
0.0194507
)
;

boundaryField
{
    inlet
    {
        type            calculated;
        value           nonuniform List<scalar> 
50
(
-0.050451
-0.0529213
-0.0555125
-0.0582306
-0.0610819
-0.0640727
-0.06721
-0.0705008
-0.0739529
-0.0775739
-0.0813723
-0.0853566
-0.089536
-0.0939201
-0.0985188
-0.103343
-0.108403
-0.113711
-0.119278
-0.125119
-0.131245
-0.137671
-0.144412
-0.151483
-0.158901
-0.166681
-0.174843
-0.183404
-0.192384
-0.201804
-0.0353553
-0.0353553
-0.0353553
-0.0353553
-0.0353553
-0.0353553
-0.0353553
-0.0353553
-0.0353553
-0.0353553
-0.0353553
-0.0353553
-0.0353553
-0.0353553
-0.0353553
-0.0353553
-0.0353553
-0.0353553
-0.0353553
-0.0353553
)
;
    }
    outlet
    {
        type            calculated;
        value           nonuniform 0();
    }
    cylinder
    {
        type            calculated;
        value           uniform 0;
    }
    top
    {
        type            symmetryPlane;
        value           uniform 0;
    }
    bottom
    {
        type            symmetryPlane;
        value           nonuniform 0();
    }
    defaultFaces
    {
        type            empty;
        value           nonuniform 0();
    }
    procBoundary2to0
    {
        type            processor;
        value           nonuniform List<scalar> 
26
(
-0.00149929
-0.00307476
-0.00379864
0.00552704
-0.00135465
-0.00137269
-0.00138057
-0.0013884
-0.00139748
-0.00140782
-0.00141866
-0.000311573
-0.00111066
-0.00171909
-0.0021147
-0.00235607
-0.00240605
-0.00241054
-0.00232111
-0.0022356
-0.00212734
-0.00202936
-0.0019474
-0.00186448
-0.0018069
-0.00173656
)
;
    }
    procBoundary2to3
    {
        type            processor;
        value           nonuniform List<scalar> 
50
(
-0.000885981
5.93217e-05
-0.000715217
0.000606983
0.000758369
0.00390141
0.00256107
0.0130789
0.00599727
0.0279598
0.0414827
0.0151981
0.0587599
0.0189207
0.0724176
0.0207437
0.0823113
0.0890926
0.0221524
0.0656504
0.0680712
0.0705023
0.0729783
0.0755447
0.0782251
0.0810304
0.0839648
0.0870305
0.0902328
0.0935791
0.0970782
0.10074
0.104576
0.108598
-0.0116437
0.11352
0.117955
0.122619
0.127529
0.132702
0.138158
0.143917
0.150003
0.156439
0.163256
0.170485
0.178164
0.186336
0.195051
0.204368
)
;
    }
}


// ************************************************************************* //
