/*--------------------------------*- C++ -*----------------------------------*\
  =========                 |
  \\      /  F ield         | OpenFOAM: The Open Source CFD Toolbox
   \\    /   O peration     | Website:  https://openfoam.org
    \\  /    A nd           | Version:  7
     \\/     M anipulation  |
\*---------------------------------------------------------------------------*/
FoamFile
{
    version     2.0;
    format      ascii;
    class       volScalarField;
    location    "45";
    object      p;
}
// * * * * * * * * * * * * * * * * * * * * * * * * * * * * * * * * * * * * * //

dimensions      [0 2 -2 0 0 0 0];

internalField   nonuniform List<scalar> 
8500
(
-0.251683
-0.253638
-0.254555
-0.255294
-0.255923
-0.256467
-0.25695
-0.257386
-0.257749
-0.258094
-0.251877
-0.253811
-0.254715
-0.255441
-0.256058
-0.256587
-0.257054
-0.257473
-0.257817
-0.258129
-0.252261
-0.254154
-0.255033
-0.255734
-0.256323
-0.256824
-0.257259
-0.257644
-0.257946
-0.258191
-0.25283
-0.254662
-0.255504
-0.256166
-0.256715
-0.257172
-0.257557
-0.257888
-0.258129
-0.25826
-0.253576
-0.25533
-0.256123
-0.256732
-0.257225
-0.257623
-0.257939
-0.258194
-0.258352
-0.258311
-0.25449
-0.25615
-0.25688
-0.257424
-0.257846
-0.258166
-0.258393
-0.258546
-0.258602
-0.258307
-0.255562
-0.257112
-0.257769
-0.258232
-0.258566
-0.258791
-0.258906
-0.258929
-0.258868
-0.258205
-0.25678
-0.258209
-0.258779
-0.259147
-0.259377
-0.259489
-0.259469
-0.259326
-0.259141
-0.257945
-0.258135
-0.259433
-0.259904
-0.26016
-0.260269
-0.260249
-0.260071
-0.259723
-0.259422
-0.257434
-0.25962
-0.260776
-0.261134
-0.261264
-0.261234
-0.261065
-0.260709
-0.260111
-0.25974
-0.256589
-0.261226
-0.262232
-0.262464
-0.26245
-0.262264
-0.26193
-0.261381
-0.260483
-0.260116
-0.255698
-0.262952
-0.263798
-0.263889
-0.263713
-0.263354
-0.26284
-0.262086
-0.260838
-0.260237
-0.254801
-0.264798
-0.265474
-0.265406
-0.265049
-0.264497
-0.263789
-0.262828
-0.261344
-0.260299
-0.253599
-0.266768
-0.267264
-0.267017
-0.266454
-0.26569
-0.264773
-0.263586
-0.261873
-0.260461
-0.252137
-0.268872
-0.269173
-0.268724
-0.26793
-0.26693
-0.265788
-0.264368
-0.262427
-0.26068
-0.250552
-0.271125
-0.271214
-0.270537
-0.26948
-0.268214
-0.266826
-0.265162
-0.26303
-0.260871
-0.249043
-0.273551
-0.273406
-0.272466
-0.271113
-0.269546
-0.267883
-0.265949
-0.263695
-0.260885
-0.247778
-0.27618
-0.27577
-0.274532
-0.272843
-0.270938
-0.268966
-0.266718
-0.264439
-0.260497
-0.246662
-0.279048
-0.278331
-0.276766
-0.274696
-0.272411
-0.270093
-0.26749
-0.265313
-0.259646
-0.245995
-0.282206
-0.281131
-0.279196
-0.276703
-0.273998
-0.271297
-0.268305
-0.266286
-0.258847
-0.249668
-0.285703
-0.284212
-0.281863
-0.278907
-0.275743
-0.272623
-0.26921
-0.267104
-0.258651
-0.263719
-0.289594
-0.287626
-0.284814
-0.281358
-0.277701
-0.274123
-0.270259
-0.267662
-0.259137
-0.262936
-0.293942
-0.291419
-0.2881
-0.28411
-0.279932
-0.27585
-0.271494
-0.268069
-0.259646
-0.260159
-0.298807
-0.295642
-0.291772
-0.287219
-0.282492
-0.277854
-0.272923
-0.268494
-0.259926
-0.257404
-0.304249
-0.300348
-0.295885
-0.290741
-0.285432
-0.280168
-0.274539
-0.268974
-0.259918
-0.254529
-0.310318
-0.305583
-0.300489
-0.294724
-0.28879
-0.282809
-0.27633
-0.26948
-0.259558
-0.251671
-0.317059
-0.311391
-0.30563
-0.299213
-0.292587
-0.285772
-0.278259
-0.269948
-0.258833
-0.248762
-0.324503
-0.317808
-0.311349
-0.304238
-0.296829
-0.289031
-0.280264
-0.270292
-0.257736
-0.245741
-0.332668
-0.32486
-0.317677
-0.309815
-0.301502
-0.292533
-0.282253
-0.270418
-0.256257
-0.242531
-0.341556
-0.332563
-0.324626
-0.315938
-0.306568
-0.296189
-0.28411
-0.270237
-0.254382
-0.239071
-0.351146
-0.34091
-0.332191
-0.322572
-0.311953
-0.299874
-0.285711
-0.269668
-0.252091
-0.2353
-0.361392
-0.349876
-0.340335
-0.329655
-0.317544
-0.303434
-0.286931
-0.268639
-0.249356
-0.231167
-0.372218
-0.359405
-0.34899
-0.337084
-0.323185
-0.306699
-0.287653
-0.267081
-0.246139
-0.226621
-0.383514
-0.369408
-0.358047
-0.344714
-0.328677
-0.309492
-0.287762
-0.26493
-0.242398
-0.221611
-0.395134
-0.379758
-0.367359
-0.352351
-0.333797
-0.311639
-0.287152
-0.262121
-0.238083
-0.216086
-0.406892
-0.390284
-0.376735
-0.359756
-0.338309
-0.312975
-0.285724
-0.258588
-0.23314
-0.209998
-0.418562
-0.400777
-0.385937
-0.366653
-0.341974
-0.313341
-0.28338
-0.254263
-0.22751
-0.203296
-0.429881
-0.410985
-0.394688
-0.372745
-0.344559
-0.312591
-0.280027
-0.249077
-0.221134
-0.195934
-0.440552
-0.420623
-0.402676
-0.377726
-0.345845
-0.310587
-0.275574
-0.242961
-0.213953
-0.187869
-0.450251
-0.429374
-0.40956
-0.381296
-0.34563
-0.307204
-0.269937
-0.235846
-0.20591
-0.179064
-0.458631
-0.436898
-0.414991
-0.383167
-0.343729
-0.302327
-0.263034
-0.227668
-0.196952
-0.169484
-0.465337
-0.442844
-0.418619
-0.38308
-0.339981
-0.295853
-0.254792
-0.218367
-0.187034
-0.159102
-0.470015
-0.446855
-0.420112
-0.380801
-0.334244
-0.287692
-0.245142
-0.207887
-0.176119
-0.147906
-0.472318
-0.448583
-0.419168
-0.376131
-0.326402
-0.277768
-0.234026
-0.196179
-0.164172
-0.13588
-0.471921
-0.447702
-0.415522
-0.368908
-0.316365
-0.266023
-0.221396
-0.183198
-0.151149
-0.122955
-0.468531
-0.443914
-0.408953
-0.359008
-0.304067
-0.252417
-0.207226
-0.168923
-0.137001
-0.108953
-0.461891
-0.436963
-0.399291
-0.346347
-0.289471
-0.23693
-0.191503
-0.15335
-0.121721
-0.0936835
-0.45179
-0.426646
-0.386414
-0.330879
-0.272564
-0.219556
-0.174215
-0.136485
-0.105377
-0.077288
-0.438071
-0.412817
-0.370246
-0.312595
-0.253353
-0.200291
-0.155357
-0.118362
-0.0879749
-0.0604392
-0.42063
-0.395385
-0.350766
-0.291522
-0.23187
-0.179149
-0.134992
-0.0991216
-0.0694293
-0.0430184
-0.399421
-0.374317
-0.327996
-0.267731
-0.208177
-0.156201
-0.113339
-0.0786221
-0.0499014
-0.0248939
-0.374455
-0.34964
-0.302012
-0.241326
-0.182383
-0.131664
-0.0902378
-0.0569797
-0.0294865
-0.00606883
-0.345799
-0.321447
-0.272978
-0.212398
-0.154582
-0.105517
-0.0658399
-0.0342833
-0.00825965
0.0133774
-0.313575
-0.289914
-0.241152
-0.180949
-0.124883
-0.0778669
-0.0402515
-0.0106285
0.0137033
0.0333396
-0.277966
-0.255275
-0.206661
-0.147146
-0.0934213
-0.0488513
-0.0135935
0.0138855
0.0363251
0.0537331
-0.239205
-0.217761
-0.168951
-0.111775
-0.0604571
-0.0186265
0.0140054
0.0391564
0.0595248
0.0744666
-0.19751
-0.177522
-0.128969
-0.0746311
-0.0261856
0.0126359
0.0424162
0.0650894
0.0831652
0.0952018
-0.153134
-0.134511
-0.087501
-0.0359736
0.00920885
0.0447647
0.0715267
0.0916068
0.106974
0.115127
-0.106498
-0.089411
-0.0445419
0.00390382
0.0455165
0.0775904
0.101233
0.118613
0.130628
0.133684
-0.0580287
-0.042565
-0.000291821
0.0447155
0.0825043
0.11093
0.131378
0.145878
0.154039
0.152608
-0.00804538
0.00558604
0.0449383
0.0861761
0.11993
0.144578
0.161715
0.173002
0.177175
0.176712
0.0430316
0.0546326
0.0907963
0.127992
0.157545
0.178311
0.191981
0.199851
0.200885
0.20097
0.0947633
0.104171
0.136917
0.169862
0.195094
0.211902
0.222004
0.226491
0.224855
0.224003
0.146707
0.153791
0.182935
0.211482
0.232319
0.245121
0.251609
0.252798
0.248658
0.246124
0.198417
0.203083
0.228484
0.252544
0.26896
0.277749
0.280629
0.278596
0.271959
0.267325
0.249451
0.251636
0.273207
0.292748
0.304759
0.309568
0.308884
0.303708
0.294571
0.287637
0.299372
0.299046
0.31675
0.331795
0.339467
0.340367
0.336195
0.32796
0.316342
0.307019
0.347751
0.344919
0.358774
0.369399
0.372839
0.369939
0.362384
0.351192
0.337146
0.325411
0.394176
0.388876
0.39895
0.405283
0.404641
0.398084
0.38728
0.373255
0.356862
0.342739
0.438252
0.430554
0.436967
0.439181
0.434648
0.424612
0.410721
0.39401
0.375377
0.358929
0.479603
0.469609
0.472528
0.470846
0.462648
0.449343
0.432554
0.413326
0.392584
0.373904
0.517879
0.505722
0.50536
0.500044
0.488445
0.472108
0.452635
0.431081
0.408381
0.387594
0.552758
0.538599
0.535209
0.526562
0.511856
0.492753
0.470832
0.447163
0.422674
0.399932
0.583944
0.567971
0.561846
0.550206
0.532715
0.511136
0.487027
0.461468
0.435377
0.410858
0.611177
0.593602
0.585068
0.570801
0.550876
0.527133
0.501112
0.473906
0.446412
0.42032
0.634227
0.615284
0.604696
0.588199
0.56621
0.540634
0.512995
0.484396
0.455712
0.428273
0.652902
0.632842
0.620581
0.602272
0.578609
0.551547
0.522596
0.492871
0.463222
0.434679
0.667046
0.646135
0.632602
0.612917
0.587986
0.559798
0.529853
0.499275
0.468894
0.439509
0.676542
0.655057
0.640667
0.620057
0.594274
0.56533
0.534719
0.503568
0.472695
0.442741
0.681309
0.659536
0.644715
0.62364
0.597429
0.568106
0.537159
0.505721
0.474601
0.444361
0.68131
0.659536
0.644715
0.62364
0.597429
0.568106
0.537159
0.505721
0.474602
0.444361
0.676542
0.655057
0.640667
0.620057
0.594274
0.56533
0.534719
0.503568
0.472695
0.442741
0.667047
0.646136
0.632602
0.612917
0.587986
0.559799
0.529854
0.499275
0.468894
0.439509
0.652903
0.632843
0.620582
0.602272
0.57861
0.551548
0.522597
0.492871
0.463222
0.434679
0.634228
0.615285
0.604697
0.5882
0.566211
0.540635
0.512995
0.484397
0.455713
0.428273
0.611178
0.593603
0.585069
0.570802
0.550877
0.527134
0.501113
0.473907
0.446412
0.420321
0.583946
0.567973
0.561848
0.550207
0.532716
0.511138
0.487028
0.461469
0.435378
0.410859
0.55276
0.538601
0.535211
0.526564
0.511857
0.492754
0.470834
0.447164
0.422675
0.399933
0.517882
0.505724
0.505362
0.500046
0.488447
0.47211
0.452636
0.431083
0.408383
0.387595
0.479605
0.469611
0.47253
0.470848
0.46265
0.449345
0.432556
0.413328
0.392586
0.373905
0.438255
0.430556
0.436969
0.439184
0.43465
0.424614
0.410723
0.394012
0.375379
0.35893
0.394179
0.388879
0.398953
0.405285
0.404643
0.398086
0.387282
0.373257
0.356863
0.342741
0.347754
0.344923
0.358777
0.369402
0.372842
0.369941
0.362386
0.351194
0.337148
0.325412
0.299375
0.29905
0.316753
0.331798
0.33947
0.34037
0.336197
0.327962
0.316345
0.307021
0.249455
0.25164
0.27321
0.292751
0.304762
0.309571
0.308887
0.303711
0.294574
0.28764
0.198422
0.203087
0.228488
0.252548
0.268963
0.277752
0.280632
0.278599
0.271961
0.267328
0.146711
0.153796
0.182939
0.211485
0.232323
0.245124
0.251612
0.252801
0.248661
0.246127
0.0947683
0.104175
0.136922
0.169867
0.195098
0.211905
0.222007
0.226494
0.224858
0.224005
0.0430369
0.0546378
0.0908011
0.127996
0.157549
0.178315
0.191984
0.199855
0.200888
0.200973
-0.00803965
0.0055916
0.0449435
0.0861808
0.119934
0.144582
0.161719
0.173006
0.177178
0.176716
-0.0580226
-0.0425591
-0.000286338
0.0447205
0.0825089
0.110934
0.131382
0.145881
0.154043
0.152611
-0.106492
-0.0894048
-0.0445361
0.00390915
0.0455214
0.077595
0.101237
0.118617
0.130632
0.133688
-0.153127
-0.134504
-0.0874949
-0.035968
0.00921402
0.0447694
0.0715311
0.0916109
0.106978
0.115131
-0.197503
-0.177515
-0.128962
-0.0746252
-0.0261801
0.0126409
0.0424208
0.0650937
0.0831692
0.0952055
-0.239197
-0.217754
-0.168944
-0.111769
-0.0604514
-0.0186213
0.0140103
0.0391609
0.059529
0.0744705
-0.277958
-0.255267
-0.206654
-0.14714
-0.0934153
-0.0488458
-0.0135884
0.0138903
0.0363295
0.0537372
-0.313567
-0.289906
-0.241145
-0.180942
-0.124877
-0.0778611
-0.0402461
-0.0106235
0.0137079
0.0333439
-0.34579
-0.321438
-0.27297
-0.212391
-0.154575
-0.105511
-0.0658343
-0.0342781
-0.00825484
0.0133818
-0.374446
-0.349631
-0.302004
-0.241318
-0.182376
-0.131657
-0.0902319
-0.0569742
-0.0294815
-0.0060642
-0.399412
-0.374308
-0.327987
-0.267723
-0.20817
-0.156195
-0.113333
-0.0786165
-0.0498962
-0.024889
-0.420621
-0.395375
-0.350757
-0.291514
-0.231862
-0.179143
-0.134986
-0.0991157
-0.0694239
-0.0430134
-0.438061
-0.412807
-0.370237
-0.312586
-0.253345
-0.200284
-0.155351
-0.118356
-0.0879693
-0.0604341
-0.45178
-0.426636
-0.386404
-0.33087
-0.272556
-0.219548
-0.174208
-0.136479
-0.105371
-0.0772827
-0.46188
-0.436953
-0.399281
-0.346338
-0.289463
-0.236923
-0.191496
-0.153343
-0.121715
-0.093678
-0.46852
-0.443904
-0.408943
-0.358998
-0.304059
-0.252409
-0.207219
-0.168916
-0.136995
-0.108948
-0.47191
-0.447691
-0.415511
-0.368898
-0.316356
-0.266015
-0.221389
-0.183191
-0.151143
-0.122949
-0.472307
-0.448572
-0.419158
-0.376121
-0.326393
-0.27776
-0.234018
-0.196171
-0.164165
-0.135874
-0.470003
-0.446843
-0.420102
-0.380791
-0.334234
-0.287683
-0.245134
-0.20788
-0.176112
-0.1479
-0.465326
-0.442832
-0.418608
-0.38307
-0.339971
-0.295844
-0.254784
-0.218359
-0.187027
-0.159096
-0.458619
-0.436887
-0.41498
-0.383157
-0.34372
-0.302318
-0.263026
-0.22766
-0.196945
-0.169477
-0.450239
-0.429362
-0.409549
-0.381285
-0.34562
-0.307195
-0.269928
-0.235838
-0.205903
-0.179057
-0.440541
-0.420612
-0.402664
-0.377716
-0.345835
-0.310578
-0.275565
-0.242952
-0.213945
-0.187862
-0.42987
-0.410974
-0.394677
-0.372735
-0.344549
-0.312582
-0.280018
-0.249069
-0.221126
-0.195927
-0.418551
-0.400765
-0.385926
-0.366642
-0.341963
-0.313332
-0.283371
-0.254255
-0.227501
-0.203288
-0.406881
-0.390273
-0.376723
-0.359745
-0.338299
-0.312965
-0.285715
-0.258579
-0.233131
-0.20999
-0.395123
-0.379746
-0.367348
-0.35234
-0.333787
-0.311629
-0.287143
-0.262112
-0.238075
-0.216078
-0.383503
-0.369397
-0.358036
-0.344703
-0.328666
-0.309481
-0.287752
-0.264921
-0.242389
-0.221602
-0.372206
-0.359394
-0.348979
-0.337073
-0.323174
-0.306688
-0.287643
-0.267072
-0.24613
-0.226612
-0.361381
-0.349865
-0.340324
-0.329644
-0.317534
-0.303424
-0.286921
-0.268629
-0.249346
-0.231158
-0.351135
-0.340899
-0.33218
-0.322561
-0.311942
-0.299864
-0.285701
-0.269658
-0.252082
-0.235291
-0.341545
-0.332552
-0.324616
-0.315927
-0.306557
-0.296178
-0.284099
-0.270227
-0.254372
-0.239061
-0.332657
-0.32485
-0.317666
-0.309805
-0.301492
-0.292523
-0.282242
-0.270408
-0.256246
-0.242521
-0.324492
-0.317797
-0.311339
-0.304228
-0.296819
-0.289021
-0.280254
-0.270282
-0.257725
-0.24573
-0.317048
-0.31138
-0.305619
-0.299203
-0.292576
-0.285762
-0.278248
-0.269938
-0.258822
-0.248751
-0.310308
-0.305572
-0.300478
-0.294714
-0.288779
-0.282799
-0.276319
-0.269469
-0.259546
-0.251659
-0.304238
-0.300337
-0.295875
-0.29073
-0.285422
-0.280158
-0.274529
-0.268963
-0.259906
-0.254517
-0.298797
-0.295632
-0.291762
-0.287209
-0.282482
-0.277843
-0.272912
-0.268483
-0.259914
-0.257391
-0.293931
-0.291408
-0.288089
-0.2841
-0.279922
-0.27584
-0.271483
-0.268057
-0.259633
-0.260145
-0.289583
-0.287616
-0.284804
-0.281348
-0.277691
-0.274113
-0.270248
-0.267651
-0.259124
-0.262922
-0.285693
-0.284202
-0.281853
-0.278897
-0.275733
-0.272613
-0.269198
-0.267092
-0.258638
-0.263705
-0.282195
-0.28112
-0.279186
-0.276693
-0.273987
-0.271287
-0.268294
-0.266274
-0.258833
-0.249653
-0.279037
-0.278321
-0.276756
-0.274686
-0.272401
-0.270082
-0.267479
-0.265301
-0.259632
-0.245979
-0.276169
-0.27576
-0.274522
-0.272833
-0.270928
-0.268955
-0.266707
-0.264427
-0.260482
-0.246646
-0.273541
-0.273396
-0.272456
-0.271103
-0.269536
-0.267873
-0.265937
-0.263682
-0.260871
-0.247761
-0.271115
-0.271204
-0.270527
-0.26947
-0.268204
-0.266815
-0.26515
-0.263018
-0.260857
-0.249027
-0.268862
-0.269163
-0.268715
-0.267921
-0.26692
-0.265777
-0.264356
-0.262414
-0.260665
-0.250536
-0.266758
-0.267254
-0.267008
-0.266445
-0.265681
-0.264762
-0.263574
-0.26186
-0.260446
-0.252121
-0.264789
-0.265465
-0.265397
-0.265039
-0.264488
-0.263779
-0.262817
-0.261332
-0.260285
-0.253583
-0.262944
-0.263789
-0.26388
-0.263704
-0.263344
-0.26283
-0.262075
-0.260826
-0.260224
-0.254786
-0.261218
-0.262224
-0.262456
-0.262442
-0.262256
-0.261921
-0.261371
-0.260472
-0.260103
-0.255683
-0.259612
-0.260768
-0.261126
-0.261256
-0.261226
-0.261056
-0.2607
-0.260101
-0.259728
-0.256576
-0.258128
-0.259426
-0.259897
-0.260153
-0.260262
-0.260241
-0.260062
-0.259713
-0.259411
-0.257421
-0.256773
-0.258203
-0.258773
-0.259141
-0.25937
-0.259481
-0.259461
-0.259317
-0.259131
-0.257933
-0.255556
-0.257107
-0.257763
-0.258226
-0.25856
-0.258785
-0.258899
-0.258921
-0.258859
-0.258194
-0.254485
-0.256145
-0.256875
-0.257419
-0.25784
-0.25816
-0.258386
-0.258539
-0.258594
-0.258298
-0.253572
-0.255326
-0.256119
-0.256728
-0.257221
-0.257618
-0.257934
-0.258188
-0.258345
-0.258303
-0.252827
-0.254659
-0.255501
-0.256163
-0.256711
-0.257168
-0.257553
-0.257883
-0.258124
-0.258254
-0.252259
-0.254152
-0.255031
-0.255731
-0.256321
-0.256822
-0.257256
-0.25764
-0.257943
-0.258186
-0.251876
-0.25381
-0.254714
-0.25544
-0.256056
-0.256586
-0.257052
-0.257471
-0.257815
-0.258127
-0.251683
-0.253638
-0.254554
-0.255293
-0.255923
-0.256466
-0.256949
-0.257385
-0.257748
-0.258093
-0.259593
-0.258662
-0.260058
-0.259491
-0.259752
-0.25895
-0.258055
-0.256322
-0.254005
-0.250737
-0.246457
-0.240914
-0.23383
-0.225199
-0.214357
-0.201956
-0.186403
-0.170253
-0.150175
-0.131473
-0.109554
-0.0901522
-0.07101
-0.0530413
-0.0398011
-0.0252617
-0.0180013
-0.00754126
-0.00530664
0.00197676
-0.259719
-0.258695
-0.260119
-0.259539
-0.2598
-0.258999
-0.258102
-0.256369
-0.254051
-0.250784
-0.246505
-0.240964
-0.233885
-0.225267
-0.214433
-0.202046
-0.186503
-0.170361
-0.150279
-0.131568
-0.109629
-0.0902008
-0.0710417
-0.0530546
-0.0398096
-0.0252738
-0.018017
-0.00756353
-0.0053303
0.00196289
-0.259966
-0.258757
-0.260238
-0.259632
-0.259894
-0.259093
-0.258194
-0.256464
-0.254147
-0.250884
-0.24661
-0.241075
-0.233986
-0.225401
-0.214583
-0.202213
-0.18668
-0.170548
-0.150457
-0.131733
-0.109767
-0.0903028
-0.0711214
-0.0531041
-0.0398501
-0.0253097
-0.0180518
-0.00760083
-0.00536369
0.0019407
-0.260326
-0.25884
-0.260407
-0.259764
-0.260028
-0.259229
-0.258328
-0.256603
-0.254288
-0.251033
-0.246767
-0.241243
-0.234208
-0.225606
-0.214803
-0.202455
-0.186932
-0.170812
-0.150706
-0.131966
-0.109966
-0.0904569
-0.0712485
-0.0531899
-0.0399228
-0.0253698
-0.0181059
-0.00765345
-0.0054066
0.00191021
-0.260789
-0.258935
-0.260617
-0.259929
-0.260195
-0.2594
-0.258497
-0.256779
-0.25447
-0.251226
-0.246972
-0.241462
-0.234433
-0.225871
-0.215089
-0.202767
-0.187254
-0.171146
-0.151022
-0.132261
-0.110224
-0.0906612
-0.0714221
-0.0533121
-0.0400278
-0.0254549
-0.0181794
-0.00772178
-0.00545887
0.0018714
-0.261342
-0.259032
-0.260858
-0.260119
-0.260387
-0.259598
-0.258694
-0.256985
-0.254685
-0.251456
-0.247218
-0.241728
-0.234727
-0.22619
-0.215433
-0.20314
-0.187637
-0.171543
-0.151399
-0.132617
-0.110536
-0.0909138
-0.071641
-0.0534709
-0.0401651
-0.0255656
-0.0182728
-0.00780633
-0.00552033
0.00182421
-0.26197
-0.259119
-0.261114
-0.260325
-0.260594
-0.259814
-0.25891
-0.257214
-0.254924
-0.251715
-0.247497
-0.24203
-0.235059
-0.226555
-0.215826
-0.203566
-0.188075
-0.171997
-0.151831
-0.133028
-0.110899
-0.0912114
-0.0719038
-0.0536662
-0.0403347
-0.0257026
-0.0183862
-0.00790767
-0.0055908
0.00176856
-0.262661
-0.259184
-0.261373
-0.260535
-0.260804
-0.260038
-0.259135
-0.257456
-0.25518
-0.251994
-0.247799
-0.242361
-0.235423
-0.226957
-0.216258
-0.204035
-0.188559
-0.1725
-0.152308
-0.133482
-0.111315
-0.0915522
-0.0722092
-0.0538979
-0.0405367
-0.0258669
-0.01852
-0.00802641
-0.00567015
0.00170437
-0.263423
-0.259209
-0.261618
-0.260738
-0.261006
-0.260258
-0.25936
-0.257701
-0.255443
-0.252284
-0.248116
-0.242705
-0.235811
-0.227386
-0.216722
-0.20454
-0.189079
-0.173043
-0.152832
-0.133974
-0.111775
-0.0919333
-0.0725557
-0.0541659
-0.0407708
-0.0260591
-0.0186745
-0.00816316
-0.00575822
0.00163155
-0.264241
-0.259182
-0.261841
-0.260921
-0.261189
-0.260464
-0.259573
-0.257939
-0.255702
-0.252575
-0.248437
-0.24306
-0.236211
-0.227833
-0.217206
-0.205073
-0.189624
-0.173612
-0.153394
-0.134504
-0.112276
-0.0923522
-0.0729421
-0.0544701
-0.0410369
-0.0262799
-0.0188497
-0.00831849
-0.00585485
0.00155002
-0.264825
-0.259204
-0.262012
-0.261072
-0.261341
-0.260643
-0.259765
-0.25816
-0.255949
-0.252857
-0.248754
-0.243482
-0.236615
-0.228287
-0.217701
-0.205614
-0.190196
-0.174206
-0.153984
-0.135064
-0.112813
-0.0928062
-0.0733667
-0.0548102
-0.0413348
-0.02653
-0.019046
-0.0084929
-0.00595989
0.00145976
-0.265324
-0.259287
-0.262049
-0.261214
-0.261443
-0.260787
-0.259923
-0.258353
-0.256173
-0.253121
-0.249056
-0.243806
-0.237014
-0.228739
-0.218199
-0.206165
-0.190777
-0.174816
-0.154598
-0.135648
-0.113386
-0.093293
-0.0738283
-0.0551858
-0.041664
-0.0268098
-0.0192633
-0.00868677
-0.00607318
0.00136078
-0.265815
-0.259325
-0.26203
-0.261294
-0.261491
-0.260883
-0.260038
-0.25851
-0.256365
-0.253359
-0.249337
-0.24414
-0.237398
-0.229181
-0.21869
-0.206715
-0.19136
-0.175434
-0.155229
-0.136251
-0.113989
-0.0938103
-0.0743252
-0.0555965
-0.0420242
-0.0271195
-0.0195016
-0.00890037
-0.00619453
0.00125314
-0.266264
-0.259329
-0.261943
-0.261299
-0.261472
-0.260916
-0.2601
-0.258618
-0.256515
-0.253558
-0.249543
-0.244442
-0.237758
-0.229604
-0.219165
-0.207254
-0.191941
-0.176054
-0.155874
-0.136869
-0.114621
-0.0943561
-0.0748562
-0.0560418
-0.0424148
-0.0274591
-0.0197607
-0.0091338
-0.00632372
0.00113699
-0.266633
-0.259319
-0.261764
-0.261217
-0.261373
-0.260877
-0.260096
-0.258668
-0.256613
-0.253714
-0.249837
-0.244708
-0.238085
-0.23
-0.219618
-0.207777
-0.192511
-0.176669
-0.156527
-0.137498
-0.115278
-0.094928
-0.0754192
-0.0565205
-0.0428347
-0.0278282
-0.0200403
-0.00938689
-0.00646049
0.00101252
-0.26687
-0.259288
-0.261483
-0.261032
-0.261178
-0.260751
-0.260016
-0.258649
-0.25665
-0.253811
-0.249978
-0.244928
-0.238371
-0.23036
-0.220039
-0.208275
-0.193065
-0.177271
-0.157183
-0.138132
-0.115955
-0.095522
-0.0760106
-0.0570302
-0.043282
-0.0282258
-0.0203394
-0.0096592
-0.00660447
0.000880038
-0.266852
-0.259197
-0.261097
-0.260732
-0.260879
-0.26053
-0.25985
-0.258553
-0.256615
-0.253841
-0.250066
-0.245095
-0.238607
-0.230676
-0.22042
-0.208738
-0.193594
-0.177855
-0.157834
-0.138766
-0.116648
-0.0961361
-0.0766292
-0.0575704
-0.0437566
-0.0286516
-0.0206582
-0.00995057
-0.0067556
0.000739859
-0.266484
-0.259041
-0.260607
-0.260307
-0.260462
-0.260203
-0.259591
-0.258372
-0.256504
-0.253799
-0.250092
-0.245203
-0.238789
-0.230946
-0.220765
-0.209176
-0.194109
-0.178435
-0.1585
-0.139421
-0.117377
-0.0967882
-0.0772908
-0.0581526
-0.0442672
-0.0291109
-0.0210002
-0.0102625
-0.00691471
0.000592145
-0.266064
-0.258746
-0.259931
-0.259671
-0.259851
-0.259707
-0.259187
-0.258069
-0.256296
-0.253685
-0.250045
-0.245251
-0.238926
-0.231188
-0.221095
-0.209614
-0.194641
-0.179043
-0.159212
-0.140123
-0.118166
-0.0974958
-0.0780069
-0.0587843
-0.0448171
-0.0296055
-0.0213651
-0.0105947
-0.00708116
0.000437258
-0.2636
-0.257499
-0.25888
-0.258681
-0.258945
-0.258962
-0.258568
-0.257574
-0.255912
-0.253406
-0.249869
-0.245185
-0.238948
-0.231311
-0.2213
-0.209913
-0.195031
-0.179492
-0.159774
-0.140672
-0.118819
-0.0980894
-0.0786273
-0.0593546
-0.0453194
-0.0300803
-0.0217151
-0.0109285
-0.00724394
0.000277553
-0.251653
-0.254967
-0.257704
-0.257629
-0.257988
-0.258166
-0.257889
-0.257005
-0.255449
-0.253109
-0.249552
-0.244888
-0.238686
-0.231087
-0.221122
-0.20977
-0.19497
-0.179452
-0.159881
-0.140785
-0.11911
-0.0983982
-0.0790431
-0.0598157
-0.0457617
-0.0305666
-0.0220812
-0.0113175
-0.00742661
7.91931e-05
-0.246728
-0.252377
-0.255467
-0.255477
-0.255992
-0.256418
-0.256312
-0.255559
-0.254079
-0.251725
-0.248307
-0.24375
-0.237611
-0.230083
-0.22019
-0.208912
-0.194258
-0.178823
-0.159518
-0.140511
-0.119156
-0.0985574
-0.0794113
-0.0603082
-0.0462689
-0.0311592
-0.0225356
-0.011804
-0.00765626
-0.00016629
-0.243507
-0.248992
-0.252014
-0.252348
-0.253157
-0.253913
-0.254053
-0.253491
-0.252153
-0.249939
-0.246621
-0.242154
-0.236085
-0.22864
-0.21884
-0.207656
-0.193186
-0.177864
-0.158885
-0.140015
-0.119043
-0.098613
-0.0797206
-0.060789
-0.046782
-0.0317841
-0.0230183
-0.0123264
-0.00790257
-0.000426783
-0.239954
-0.244384
-0.24715
-0.248099
-0.249383
-0.250564
-0.251044
-0.250755
-0.249636
-0.247626
-0.244454
-0.24012
-0.234164
-0.22684
-0.217176
-0.206118
-0.191886
-0.176712
-0.158117
-0.139421
-0.118882
-0.0986609
-0.0800447
-0.061317
-0.0473397
-0.0324703
-0.0235438
-0.012896
-0.00816778
-0.000702891
-0.234638
-0.238512
-0.240996
-0.242684
-0.244592
-0.24628
-0.247182
-0.247247
-0.246419
-0.244666
-0.241708
-0.237567
-0.231779
-0.224622
-0.215151
-0.204263
-0.190329
-0.175346
-0.157199
-0.138726
-0.118667
-0.0987025
-0.0803834
-0.0618941
-0.0479431
-0.0332187
-0.0241128
-0.0135122
-0.00845231
-0.000992285
-0.227302
-0.231505
-0.233837
-0.236228
-0.238834
-0.241078
-0.242453
-0.242929
-0.242451
-0.241012
-0.238327
-0.234444
-0.228881
-0.221943
-0.212726
-0.202056
-0.188486
-0.173748
-0.156109
-0.137918
-0.118382
-0.098728
-0.0807258
-0.0625114
-0.0485857
-0.0340223
-0.0247221
-0.0141704
-0.00875569
-0.0012913
-0.218465
-0.22356
-0.22599
-0.228979
-0.232274
-0.23509
-0.236954
-0.237867
-0.237776
-0.236693
-0.234335
-0.230757
-0.225475
-0.218803
-0.209902
-0.199502
-0.186359
-0.171923
-0.154846
-0.136999
-0.118021
-0.0987337
-0.0810654
-0.063161
-0.0492617
-0.0348735
-0.0253679
-0.014865
-0.0090772
-0.00159578
-0.208632
-0.214897
-0.21772
-0.221211
-0.225124
-0.2285
-0.230849
-0.232201
-0.232507
-0.231801
-0.229797
-0.226563
-0.221612
-0.215246
-0.206712
-0.19663
-0.18397
-0.169891
-0.15342
-0.135978
-0.117587
-0.0987177
-0.0813966
-0.0638339
-0.0499644
-0.035763
-0.0260453
-0.0155891
-0.00941572
-0.00190133
-0.198251
-0.205747
-0.209209
-0.213148
-0.217587
-0.221493
-0.224314
-0.226091
-0.226791
-0.226464
-0.224822
-0.221924
-0.217371
-0.21134
-0.203215
-0.193492
-0.181353
-0.167685
-0.151849
-0.13487
-0.11708
-0.0986771
-0.0817136
-0.0645193
-0.0506859
-0.0366796
-0.0267485
-0.0163348
-0.00976967
-0.00220346
-0.187717
-0.196317
-0.200568
-0.204947
-0.209826
-0.214218
-0.217497
-0.219686
-0.22077
-0.220813
-0.219543
-0.217012
-0.212841
-0.207167
-0.19948
-0.190148
-0.178558
-0.165343
-0.150157
-0.133689
-0.116506
-0.0986091
-0.0820107
-0.0652058
-0.0514175
-0.0376113
-0.0274709
-0.0170933
-0.010137
-0.00249799
-0.17728
-0.186769
-0.191868
-0.196705
-0.201958
-0.206785
-0.210507
-0.213098
-0.214557
-0.21496
-0.214063
-0.211892
-0.208109
-0.202811
-0.195577
-0.186661
-0.17563
-0.162905
-0.148368
-0.132451
-0.115871
-0.0985109
-0.082283
-0.065882
-0.0521504
-0.0385462
-0.0282055
-0.0178559
-0.0105153
-0.00278129
-0.167088
-0.177239
-0.183165
-0.18848
-0.194066
-0.199276
-0.203418
-0.206403
-0.208231
-0.208985
-0.208458
-0.206644
-0.203256
-0.19834
-0.191566
-0.183084
-0.172612
-0.160402
-0.146506
-0.131168
-0.115184
-0.0983801
-0.0825263
-0.0665376
-0.0528764
-0.0394731
-0.0289455
-0.0186143
-0.010902
-0.00305052
-0.157242
-0.16784
-0.174513
-0.180312
-0.186206
-0.191751
-0.196284
-0.199654
-0.201847
-0.202946
-0.202784
-0.201327
-0.198334
-0.193807
-0.187493
-0.179458
-0.169539
-0.157862
-0.144593
-0.12985
-0.114451
-0.0982144
-0.0827375
-0.067164
-0.0535882
-0.0403822
-0.0296845
-0.0193609
-0.0112942
-0.0033037
-0.147809
-0.158666
-0.165972
-0.172239
-0.178425
-0.184259
-0.189149
-0.192889
-0.195442
-0.196882
-0.197079
-0.195979
-0.19338
-0.189246
-0.18339
-0.175812
-0.166436
-0.155303
-0.142644
-0.128506
-0.113678
-0.0980122
-0.0829144
-0.0677541
-0.0542798
-0.0412651
-0.0304168
-0.0200894
-0.0116891
-0.00353972
-0.138836
-0.149792
-0.157606
-0.164301
-0.170761
-0.176847
-0.182055
-0.186144
-0.189049
-0.190825
-0.191374
-0.19063
-0.188422
-0.184686
-0.179281
-0.172168
-0.163323
-0.152738
-0.140672
-0.127141
-0.11287
-0.0977727
-0.0830559
-0.0683029
-0.054946
-0.0421152
-0.0311372
-0.0207944
-0.0120838
-0.00375826
-0.130355
-0.141281
-0.149476
-0.156542
-0.163254
-0.169559
-0.175044
-0.179455
-0.182699
-0.184804
-0.185698
-0.185307
-0.183485
-0.180148
-0.175188
-0.168542
-0.160216
-0.15018
-0.13869
-0.12576
-0.112034
-0.0974958
-0.0831613
-0.0688064
-0.0555828
-0.0429271
-0.0318412
-0.0214718
-0.0124754
-0.00395962
-0.12239
-0.133183
-0.14164
-0.149009
-0.155943
-0.162437
-0.168159
-0.172862
-0.176425
-0.178852
-0.18008
-0.180037
-0.178593
-0.175654
-0.171131
-0.164951
-0.157131
-0.147639
-0.136707
-0.124369
-0.111174
-0.0971825
-0.0832309
-0.0692624
-0.0561866
-0.0436966
-0.0325245
-0.0221181
-0.0128609
-0.00414455
-0.114956
-0.125536
-0.134149
-0.14175
-0.148869
-0.155523
-0.161446
-0.166405
-0.170265
-0.173
-0.174551
-0.174847
-0.173772
-0.171227
-0.167131
-0.161411
-0.154084
-0.145127
-0.134735
-0.122974
-0.110297
-0.0968351
-0.0832656
-0.0696696
-0.0567547
-0.0444205
-0.033183
-0.0227308
-0.0132371
-0.00431402
-0.108061
-0.118369
-0.127047
-0.13481
-0.142073
-0.148858
-0.154947
-0.160129
-0.164259
-0.167285
-0.169145
-0.16977
-0.169051
-0.166891
-0.16321
-0.157942
-0.151092
-0.142655
-0.132788
-0.121583
-0.10941
-0.096457
-0.0832666
-0.0700275
-0.0572844
-0.0450962
-0.0338127
-0.023308
-0.013601
-0.00446907
-0.101707
-0.111704
-0.12037
-0.128232
-0.135598
-0.142484
-0.148707
-0.154079
-0.158448
-0.161745
-0.163898
-0.164838
-0.16446
-0.162674
-0.159394
-0.154565
-0.148176
-0.140241
-0.130877
-0.120206
-0.10852
-0.0960531
-0.083236
-0.070337
-0.0577735
-0.0457218
-0.0344097
-0.0238479
-0.0139495
-0.00461069
-0.0958929
-0.105554
-0.114151
-0.122054
-0.129483
-0.136441
-0.142769
-0.148298
-0.152877
-0.156423
-0.158849
-0.160088
-0.160035
-0.158607
-0.155711
-0.151302
-0.145355
-0.1379
-0.129018
-0.118854
-0.107636
-0.0956294
-0.0831765
-0.0705994
-0.05822
-0.046296
-0.0349701
-0.0243491
-0.0142797
-0.0047397
-0.0906153
-0.0999325
-0.108415
-0.116313
-0.123769
-0.130771
-0.137177
-0.142834
-0.147593
-0.151362
-0.15404
-0.15556
-0.155812
-0.154722
-0.15219
-0.148181
-0.142654
-0.135652
-0.127228
-0.117541
-0.106767
-0.0951935
-0.0830917
-0.0708172
-0.0586226
-0.0468177
-0.0354903
-0.0248104
-0.0145885
-0.00485673
-0.0858711
-0.0948468
-0.103185
-0.111041
-0.118494
-0.125516
-0.131975
-0.137734
-0.142644
-0.146609
-0.149516
-0.151295
-0.151831
-0.151056
-0.148866
-0.145231
-0.140099
-0.133519
-0.125525
-0.116281
-0.105927
-0.0947541
-0.0829861
-0.0709933
-0.0589802
-0.0472864
-0.0359667
-0.0252304
-0.0148735
-0.00496215
-0.0816584
-0.090306
-0.0984828
-0.106271
-0.113697
-0.120718
-0.12721
-0.133046
-0.138081
-0.142215
-0.145326
-0.147339
-0.148135
-0.14765
-0.145775
-0.142485
-0.137717
-0.131528
-0.123931
-0.115093
-0.105126
-0.0943213
-0.0828654
-0.0711316
-0.0592927
-0.0477016
-0.0363961
-0.0256077
-0.0151322
-0.0050561
-0.0779777
-0.0863201
-0.0943307
-0.102035
-0.109417
-0.116422
-0.122928
-0.128821
-0.133957
-0.138233
-0.141522
-0.143743
-0.144773
-0.144548
-0.142958
-0.139978
-0.135542
-0.129704
-0.122467
-0.113995
-0.10438
-0.0939066
-0.0827361
-0.0712363
-0.0595601
-0.0480628
-0.0367756
-0.0259404
-0.0153622
-0.00513847
-0.0748356
-0.0829036
-0.0907535
-0.0983674
-0.105697
-0.112674
-0.119183
-0.125114
-0.130328
-0.134722
-0.138162
-0.140562
-0.141796
-0.141799
-0.140459
-0.137753
-0.133609
-0.12808
-0.121161
-0.11301
-0.103706
-0.0935227
-0.0826057
-0.0713123
-0.0597831
-0.0483693
-0.0371022
-0.0262266
-0.0155613
-0.00520893
-0.0722438
-0.0800766
-0.0877809
-0.0953071
-0.102581
-0.109527
-0.11603
-0.121985
-0.127259
-0.131745
-0.135308
-0.137857
-0.139263
-0.139457
-0.138329
-0.135854
-0.131958
-0.12669
-0.120041
-0.112162
-0.103121
-0.0931836
-0.0824829
-0.0713646
-0.0599626
-0.0486204
-0.0373731
-0.0264637
-0.0157272
-0.00526693
-0.0702253
-0.0778691
-0.0854521
-0.0929019
-0.100126
-0.107041
-0.113533
-0.119504
-0.124819
-0.129375
-0.133033
-0.135698
-0.137238
-0.137585
-0.136625
-0.134333
-0.130635
-0.125575
-0.119141
-0.111477
-0.102647
-0.0929045
-0.0823769
-0.0713982
-0.060099
-0.0488145
-0.0375846
-0.0266486
-0.0158571
-0.00531166
-0.0688183
-0.0763259
-0.0838205
-0.091213
-0.0983989
-0.105289
-0.111771
-0.117749
-0.123091
-0.127694
-0.131417
-0.134163
-0.135799
-0.136253
-0.135412
-0.13325
-0.129691
-0.124779
-0.118498
-0.110987
-0.102306
-0.0927016
-0.0822975
-0.0714178
-0.0601927
-0.0489489
-0.0377328
-0.0267771
-0.0159482
-0.00534196
-0.0680595
-0.0755029
-0.0829509
-0.0903119
-0.0974771
-0.104354
-0.110831
-0.116811
-0.122168
-0.126795
-0.130553
-0.133341
-0.135028
-0.135539
-0.134762
-0.132669
-0.129186
-0.124352
-0.118153
-0.110723
-0.102123
-0.0925914
-0.0822542
-0.0714267
-0.0602425
-0.0490193
-0.0378121
-0.0268441
-0.0159966
-0.00535666
-0.160539
-0.169356
-0.177572
-0.18521
-0.192294
-0.198851
-0.204907
-0.210488
-0.21562
-0.22033
-0.224645
-0.228607
-0.232278
-0.235759
-0.239207
-0.24289
-0.247137
-0.252869
-0.259749
-0.273533
-0.147623
-0.156153
-0.164186
-0.171744
-0.178849
-0.185522
-0.191785
-0.197663
-0.203182
-0.208376
-0.213293
-0.218005
-0.222616
-0.22729
-0.232206
-0.237729
-0.243769
-0.251437
-0.257601
-0.27051
-0.13574
-0.143919
-0.151693
-0.159086
-0.16612
-0.172819
-0.179207
-0.185313
-0.19117
-0.196824
-0.202327
-0.20775
-0.213154
-0.218642
-0.224141
-0.229873
-0.235064
-0.241256
-0.24488
-0.25575
-0.124822
-0.132665
-0.140187
-0.147408
-0.154349
-0.161031
-0.167478
-0.173714
-0.179767
-0.185666
-0.191431
-0.197087
-0.202595
-0.207996
-0.213075
-0.218211
-0.222668
-0.228546
-0.232672
-0.242571
-0.114879
-0.122387
-0.12964
-0.136655
-0.143446
-0.150032
-0.156427
-0.162648
-0.168702
-0.174602
-0.180336
-0.185918
-0.191299
-0.196593
-0.201658
-0.207028
-0.212023
-0.218275
-0.222964
-0.231168
-0.105819
-0.112982
-0.11994
-0.126706
-0.133289
-0.139702
-0.145954
-0.152053
-0.158002
-0.163811
-0.169477
-0.175043
-0.18049
-0.185964
-0.191317
-0.196911
-0.20205
-0.207802
-0.212361
-0.219199
-0.0975382
-0.104351
-0.110997
-0.117486
-0.123825
-0.130023
-0.136088
-0.142027
-0.147848
-0.153567
-0.159188
-0.164752
-0.170228
-0.175691
-0.180974
-0.186296
-0.19123
-0.196543
-0.201331
-0.207526
-0.0899661
-0.0964292
-0.102757
-0.108957
-0.115035
-0.120999
-0.126855
-0.132613
-0.138278
-0.143861
-0.14936
-0.154789
-0.160112
-0.165374
-0.170488
-0.175628
-0.180603
-0.185824
-0.190824
-0.196515
-0.0830519
-0.0891697
-0.0951785
-0.101083
-0.10689
-0.112603
-0.118228
-0.123771
-0.129233
-0.134621
-0.139928
-0.145166
-0.150324
-0.155441
-0.160488
-0.16555
-0.170518
-0.175544
-0.180465
-0.185755
-0.0767473
-0.0825264
-0.0882171
-0.0938236
-0.0993494
-0.104798
-0.110173
-0.115478
-0.120715
-0.125888
-0.130999
-0.136059
-0.141066
-0.146038
-0.150952
-0.155832
-0.160636
-0.165433
-0.170234
-0.175278
-0.0709936
-0.0764446
-0.0818236
-0.0871337
-0.0923773
-0.0975571
-0.102676
-0.107737
-0.112742
-0.117696
-0.122601
-0.127461
-0.132273
-0.13704
-0.141756
-0.146433
-0.151072
-0.155703
-0.160369
-0.165193
-0.0657441
-0.0708796
-0.0759563
-0.0809764
-0.0859416
-0.0908541
-0.0957161
-0.10053
-0.105297
-0.11002
-0.114699
-0.119336
-0.123931
-0.128488
-0.133009
-0.137499
-0.141965
-0.14641
-0.150884
-0.155473
-0.0609637
-0.0657964
-0.0705815
-0.0753199
-0.0800127
-0.0846617
-0.0892681
-0.0938333
-0.0983585
-0.102845
-0.107294
-0.111706
-0.116085
-0.120432
-0.124748
-0.129032
-0.133292
-0.137526
-0.141788
-0.146144
-0.0566068
-0.0611527
-0.0656595
-0.0701273
-0.074557
-0.0789495
-0.0833057
-0.0876265
-0.0919127
-0.0961652
-0.100385
-0.104574
-0.108731
-0.112858
-0.116956
-0.121025
-0.125071
-0.129095
-0.133142
-0.13726
-0.0526336
-0.0569105
-0.0611533
-0.0653636
-0.0695418
-0.0736881
-0.0778029
-0.0818866
-0.0859397
-0.0899628
-0.0939565
-0.0979209
-0.101857
-0.105765
-0.109646
-0.113501
-0.117335
-0.121145
-0.124972
-0.128848
-0.0490308
-0.0530525
-0.0570448
-0.0610096
-0.0649471
-0.068857
-0.0727392
-0.0765938
-0.080421
-0.0842208
-0.0879937
-0.0917397
-0.0954594
-0.0991528
-0.102821
-0.106463
-0.110085
-0.113682
-0.117289
-0.120928
-0.0457721
-0.0495519
-0.0533074
-0.0570394
-0.060748
-0.0644325
-0.0680925
-0.0717278
-0.0753382
-0.0789235
-0.0824838
-0.086019
-0.0895291
-0.0930139
-0.0964744
-0.099909
-0.103323
-0.106712
-0.110106
-0.113516
-0.0428162
-0.046371
-0.0499055
-0.0534198
-0.0569136
-0.0603859
-0.0638363
-0.0672641
-0.0706689
-0.0740504
-0.0774082
-0.0807419
-0.0840516
-0.0873366
-0.0905977
-0.0938334
-0.0970479
-0.100237
-0.103426
-0.106618
-0.0401479
-0.0434937
-0.0468224
-0.0501335
-0.0534261
-0.0566996
-0.059953
-0.0631855
-0.0663966
-0.0695856
-0.072752
-0.0758952
-0.079015
-0.0821107
-0.0851827
-0.0882295
-0.0912544
-0.0942529
-0.0972473
-0.100235
-0.0377449
-0.0408976
-0.0440355
-0.0471578
-0.0502637
-0.053352
-0.0564218
-0.0594722
-0.0625023
-0.0655113
-0.0684985
-0.0714633
-0.0744052
-0.0773233
-0.0802179
-0.0830873
-0.0859344
-0.0887546
-0.0915668
-0.0943647
-0.0355888
-0.0385641
-0.0415265
-0.0444749
-0.0474084
-0.0503257
-0.0532258
-0.0561075
-0.0589698
-0.061812
-0.0646331
-0.0674324
-0.0702091
-0.0729625
-0.0756924
-0.0783974
-0.0810795
-0.0837346
-0.0863781
-0.0890024
-0.0336646
-0.0364779
-0.0392798
-0.0420692
-0.0448448
-0.0476054
-0.0503497
-0.0530766
-0.055785
-0.058474
-0.0611425
-0.0637897
-0.0664149
-0.0690171
-0.0715959
-0.0741501
-0.0766811
-0.0791851
-0.0816748
-0.0841418
-0.0319596
-0.0346262
-0.0372827
-0.0399277
-0.04256
-0.0451781
-0.0477809
-0.0503671
-0.0529356
-0.0554853
-0.0580153
-0.0605245
-0.0630121
-0.0654772
-0.0679193
-0.070337
-0.0727314
-0.0750993
-0.0774505
-0.0797772
-0.0304638
-0.0329989
-0.035525
-0.0380404
-0.040544
-0.0430342
-0.0455099
-0.0479698
-0.0504128
-0.0528376
-0.0552434
-0.057629
-0.0599936
-0.0623363
-0.0646564
-0.0669526
-0.0692257
-0.0714729
-0.0737016
-0.0759051
-0.0291677
-0.0315872
-0.0339981
-0.036399
-0.0387886
-0.0411658
-0.0435291
-0.0458774
-0.0482094
-0.0505241
-0.0528204
-0.0550973
-0.0573539
-0.0595893
-0.0618027
-0.063993
-0.0661606
-0.0683031
-0.0704259
-0.0725239
-0.0280702
-0.0303897
-0.0327007
-0.0350021
-0.037293
-0.0395721
-0.0418381
-0.0440898
-0.046326
-0.0485457
-0.0507478
-0.0529314
-0.0550955
-0.0572392
-0.0593618
-0.0614623
-0.0635406
-0.065595
-0.067629
-0.0696391
-0.0271714
-0.0294052
-0.0316311
-0.0338481
-0.0360552
-0.0382513
-0.040435
-0.0426054
-0.0447612
-0.0469014
-0.0490251
-0.0511313
-0.0532191
-0.0552876
-0.0573362
-0.0593638
-0.0613703
-0.0633543
-0.0653178
-0.0672589
-0.0264837
-0.0286482
-0.0308052
-0.032954
-0.0350933
-0.0372222
-0.0393395
-0.0414442
-0.0435353
-0.0456119
-0.047673
-0.0497178
-0.0517454
-0.0537551
-0.0557462
-0.057718
-0.05967
-0.0616012
-0.0635128
-0.0654039
-0.0259883
-0.0281006
-0.0302063
-0.0323045
-0.0343941
-0.0364743
-0.038544
-0.0406022
-0.042648
-0.0446806
-0.0466991
-0.0487027
-0.0506907
-0.0526624
-0.0546169
-0.0565536
-0.0584719
-0.0603712
-0.0622514
-0.0641128
-0.0257637
-0.0278387
-0.0299067
-0.031967
-0.0340191
-0.0360622
-0.0380957
-0.0401189
-0.0421311
-0.0441318
-0.0461204
-0.0480962
-0.0500589
-0.052008
-0.0539429
-0.0558632
-0.0577686
-0.0596588
-0.0615336
-0.0633938
0.14485
0.125813
0.107825
0.0901388
0.0716038
0.0528864
0.0345761
0.0167184
-0.000708006
-0.0176354
-0.0340007
-0.0497777
-0.0649671
-0.0794718
-0.093606
-0.106731
-0.118879
-0.130269
-0.141004
-0.151094
0.136195
0.117399
0.0984701
0.0816657
0.0647398
0.0474829
0.0306385
0.0143755
-0.00142704
-0.0167827
-0.0316352
-0.0459261
-0.0595784
-0.0724374
-0.085061
-0.0970389
-0.108281
-0.118907
-0.129003
-0.138576
0.12633
0.108405
0.0895562
0.0737114
0.0585809
0.0430517
0.0277235
0.0129786
-0.00127699
-0.0151257
-0.0285229
-0.0413972
-0.0537013
-0.0654499
-0.0770235
-0.0881372
-0.0986459
-0.108606
-0.118092
-0.127135
0.115775
0.0991278
0.0811935
0.066446
0.0529484
0.0390988
0.0252195
0.0118307
-0.00105813
-0.0135711
-0.025718
-0.0374611
-0.0487784
-0.0596535
-0.0699063
-0.0800498
-0.0898497
-0.099188
-0.108101
-0.116639
0.105429
0.0902982
0.0736771
0.0600609
0.0479564
0.0356138
0.0230869
0.0109211
-0.000764909
-0.0120897
-0.0231036
-0.0337764
-0.0440686
-0.0539564
-0.0634306
-0.0728146
-0.0819301
-0.0906657
-0.0990396
-0.107101
0.0957537
0.0821328
0.0669569
0.0544485
0.0435262
0.032499
0.0212178
0.0101734
-0.000439777
-0.0107071
-0.0207032
-0.0304206
-0.0398283
-0.0489186
-0.0576955
-0.0663904
-0.0748433
-0.0829846
-0.0908371
-0.098441
0.0868657
0.0746282
0.060909
0.0494834
0.0395894
0.029704
0.0195538
0.00953931
-0.000112202
-0.00944489
-0.018539
-0.0274047
-0.0360142
-0.0443543
-0.0524474
-0.0605533
-0.0684224
-0.0760188
-0.0833836
-0.0905516
0.0787607
0.0677618
0.0554452
0.0450692
0.0360905
0.0271954
0.0180565
0.00898063
0.000194154
-0.00831274
-0.0166152
-0.0247405
-0.0326803
-0.0404253
-0.0479742
-0.0553054
-0.0625606
-0.0696715
-0.0766015
-0.0833606
0.0714101
0.061521
0.0505127
0.0411323
0.0329777
0.0249442
0.0167002
0.0084723
0.000466395
-0.00730366
-0.0148993
-0.0223527
-0.0296606
-0.0368088
-0.0437838
-0.0505462
-0.0572813
-0.0639357
-0.0704499
-0.0768167
0.0647759
0.0558847
0.0460694
0.0376112
0.0302
0.0229205
0.0154648
0.00799772
0.00069692
-0.00641042
-0.0133701
-0.0202125
-0.0269379
-0.0335338
-0.0399914
-0.0462997
-0.0525768
-0.0587878
-0.0648896
-0.0708725
0.0588094
0.0508148
0.0420708
0.0344513
0.0277096
0.021094
0.0143325
0.00754506
0.000879732
-0.00563086
-0.0120193
-0.0183123
-0.0245132
-0.0306135
-0.0366075
-0.042492
-0.0483466
-0.054142
-0.0598501
-0.065465
0.0534545
0.0462631
0.0384712
0.0316055
0.025465
0.0194369
0.0132881
0.00710625
0.00101218
-0.00496107
-0.010836
-0.0166348
-0.0223621
-0.0280118
-0.0335797
-0.0390661
-0.0445313
-0.0499425
-0.0552812
-0.0605464
0.0486531
0.0421788
0.0352271
0.0290335
0.0234318
0.0179253
0.0123187
0.0066759
0.00109466
-0.00439415
-0.00980555
-0.0151573
-0.0204546
-0.025694
-0.0308739
-0.0359954
-0.041105
-0.0461602
-0.0511504
-0.0560825
0.0443495
0.038513
0.0322991
0.0267015
0.0215817
0.0165393
0.011413
0.00624962
0.00112742
-0.0039259
-0.00891962
-0.0138664
-0.0187689
-0.0236216
-0.0284222
-0.0331807
-0.037984
-0.0427251
-0.0473984
-0.0520224
0.040492
0.0352212
0.0296528
0.0245819
0.0198929
0.015264
0.0105639
0.00582695
0.001115
-0.0035484
-0.00816969
-0.0127602
-0.0173247
-0.0218639
-0.0263737
-0.0308419
-0.0352039
-0.0395838
-0.043966
-0.0483193
0.0370344
0.032264
0.0272592
0.0226529
0.0183484
0.0140889
0.00976829
0.00541185
0.00106861
-0.00324132
-0.00752131
-0.0117788
-0.0160159
-0.0202297
-0.0244146
-0.0285647
-0.0326704
-0.0367812
-0.0408901
-0.0449768
0.0339357
0.0296071
0.0250935
0.0208963
0.0169351
0.0130058
0.00902354
0.00500708
0.000995113
-0.00299537
-0.00696576
-0.0109212
-0.0148629
-0.0187892
-0.0226964
-0.0265809
-0.0304354
-0.0342887
-0.0381365
-0.0419667
0.0311601
0.0272207
0.0231346
0.0192972
0.015642
0.0120077
0.00832693
0.00461377
0.000898562
-0.00280454
-0.00649568
-0.0101782
-0.0138529
-0.017518
-0.0211703
-0.0248069
-0.0284235
-0.0320381
-0.0356466
-0.0392409
0.0286762
0.025079
0.0213645
0.0178429
0.0144598
0.0110887
0.00767639
0.00423345
0.000783607
-0.00266141
-0.00610091
-0.00953692
-0.0129696
-0.0163973
-0.0198173
-0.0232269
-0.0266234
-0.030018
-0.0334073
-0.0367852
0.0264574
0.0231599
0.019768
0.0165231
0.0133814
0.0102443
0.00707059
0.00386792
0.000654872
-0.0025589
-0.00577218
-0.00898598
-0.0122
-0.0154126
-0.0186213
-0.0218238
-0.0250178
-0.0282106
-0.031399
-0.0345781
0.0244807
0.021445
0.0183322
0.0153289
0.0124006
0.00947117
0.00650873
0.0035191
0.000516699
-0.00249056
-0.00550113
-0.00851525
-0.0115323
-0.0145506
-0.0175679
-0.020582
-0.0235908
-0.0265994
-0.0296043
-0.0326017
0.0227273
0.0199189
0.0170466
0.0142536
0.0115128
0.00876652
0.00599042
0.00318886
0.000373002
-0.00245067
-0.00528043
-0.00811597
-0.0109564
-0.0138
-0.0166446
-0.0194883
-0.0223292
-0.0251706
-0.028009
-0.0308411
0.0211816
0.018569
0.0159028
0.0132914
0.0107143
0.00812841
0.0055155
0.00287889
0.000227161
-0.00243438
-0.00510394
-0.0077808
-0.0104639
-0.0131515
-0.0158416
-0.0185324
-0.0212222
-0.0239132
-0.0266015
-0.0292842
0.0198313
0.0173855
0.0148942
0.0124381
0.0100023
0.00755537
0.00508395
0.0025906
8.19122e-05
-0.00243779
-0.0049667
-0.00750382
-0.0100479
-0.0125973
-0.01515
-0.0177045
-0.0202591
-0.0228168
-0.0253715
-0.0279209
0.0186675
0.0163612
0.014016
0.0116906
0.00937484
0.00704633
0.00469567
0.00232487
-6.10618e-05
-0.0024586
-0.00486599
-0.00728209
-0.00970559
-0.0121349
-0.0145681
-0.0170035
-0.0194392
-0.0218743
-0.0243089
-0.0267408
0.0176847
0.0154921
0.0132657
0.0110477
0.00883133
0.00660134
0.00435141
0.00208315
-0.000199626
-0.00249409
-0.0047986
-0.00711195
-0.00943283
-0.0117597
-0.0140909
-0.0164243
-0.0187574
-0.0210841
-0.0234135
-0.0257437
0.016881
0.0147768
0.0126434
0.0105099
0.00837255
0.00622149
0.00405273
0.00186763
-0.000330902
-0.00254056
-0.00475978
-0.00698732
-0.00922184
-0.0114619
-0.0137058
-0.015952
-0.0181985
-0.0204424
-0.0226872
-0.0249313
0.0162588
0.0142176
0.0121511
0.0100792
0.00800002
0.00590753
0.00379948
0.00167704
-0.000457541
-0.00260238
-0.00475605
-0.00691732
-0.0090849
-0.0112574
-0.0134334
-0.0156112
-0.017789
-0.0199642
-0.0221394
-0.0243134
0.0158257
0.0138212
0.0117953
0.00976189
0.00772022
0.00566676
0.00360026
0.00152167
-0.000567295
-0.00266512
-0.00477055
-0.00688248
-0.00899976
-0.0111212
-0.0132456
-0.0153716
-0.0174982
-0.0196239
-0.0217485
-0.0238705
0.015598
0.0136019
0.0115848
0.0095583
0.00752378
0.00547963
0.00342522
0.00136142
-0.000710318
-0.00278858
-0.00487217
-0.00695999
-0.00905097
-0.011144
-0.0132378
-0.0153313
-0.017423
-0.0195111
-0.0215979
-0.0236828
0.15913
0.162063
0.16599
0.172787
0.179938
0.189365
0.198399
0.208858
0.217405
0.225953
0.229727
0.231435
0.223398
0.210425
0.176631
0.1583
0.161108
0.164829
0.171248
0.177931
0.186639
0.194788
0.204007
0.21107
0.217639
0.219249
0.218018
0.207511
0.190562
0.160532
0.157382
0.160051
0.163532
0.169526
0.175677
0.183598
0.190782
0.198701
0.204247
0.208886
0.208526
0.204849
0.192904
0.174645
0.148307
0.156373
0.158885
0.162108
0.167641
0.173227
0.180309
0.186499
0.193069
0.197127
0.199854
0.197748
0.191951
0.179185
0.160411
0.136015
0.155265
0.157605
0.160557
0.165596
0.170597
0.176799
0.181987
0.187184
0.189818
0.190702
0.187074
0.179482
0.166143
0.147135
0.123885
0.154055
0.156208
0.158875
0.163389
0.167782
0.17307
0.177256
0.181078
0.18236
0.181516
0.176565
0.167523
0.153737
0.134803
0.112597
0.152737
0.154686
0.157057
0.161015
0.164784
0.169129
0.172319
0.174781
0.174789
0.172366
0.166267
0.15611
0.142016
0.123452
0.102359
0.151307
0.153035
0.155099
0.158474
0.161603
0.164989
0.167195
0.168337
0.16715
0.163322
0.156233
0.145271
0.131028
0.113045
0.0931064
0.149761
0.151252
0.152998
0.155769
0.158247
0.160667
0.161907
0.161791
0.159492
0.154448
0.146521
0.135026
0.120792
0.103507
0.0847285
0.148096
0.149333
0.150755
0.152903
0.154723
0.156186
0.156483
0.155194
0.151867
0.1458
0.137182
0.125382
0.111298
0.0947744
0.0771417
0.146311
0.14728
0.148369
0.149886
0.151042
0.151571
0.150953
0.148589
0.144326
0.137423
0.128262
0.116336
0.102524
0.0867934
0.0702805
0.144403
0.145093
0.145841
0.146728
0.147218
0.14685
0.145353
0.142023
0.13692
0.129351
0.11979
0.107882
0.094439
0.079517
0.0640854
0.142375
0.142778
0.143178
0.143444
0.143268
0.142053
0.139718
0.135536
0.129698
0.121616
0.111791
0.10001
0.0870107
0.0728978
0.0584987
0.140228
0.140341
0.140385
0.140049
0.139214
0.137211
0.13409
0.129167
0.122702
0.11424
0.104274
0.0927081
0.0802028
0.0668878
0.0534654
0.137968
0.137794
0.137474
0.136563
0.135083
0.132353
0.128508
0.122951
0.115969
0.107245
0.097244
0.0859589
0.0739787
0.0614395
0.0489339
0.135601
0.13515
0.134459
0.133006
0.130902
0.127513
0.123014
0.116923
0.109533
0.100646
0.090698
0.0797428
0.0683018
0.0565078
0.0448569
0.133139
0.132423
0.13136
0.1294
0.126705
0.122723
0.117646
0.111115
0.103416
0.0944527
0.0846288
0.0740375
0.0631367
0.0520507
0.0411916
0.130596
0.129635
0.128201
0.125771
0.122525
0.118017
0.112442
0.105557
0.0976396
0.088672
0.0790265
0.0688193
0.0584497
0.0480297
0.0379
0.12799
0.126805
0.12501
0.122147
0.118399
0.11343
0.107435
0.100275
0.0922189
0.0833063
0.0738789
0.0640647
0.0542088
0.0444102
0.0349485
0.125344
0.12396
0.121818
0.118561
0.114364
0.108996
0.102659
0.0952943
0.0871663
0.0783556
0.0691732
0.0597509
0.0503849
0.0411613
0.0323078
0.122688
0.121128
0.118661
0.115047
0.110456
0.104752
0.0981418
0.0906363
0.0824919
0.073818
0.0648963
0.0558565
0.0469518
0.0382558
0.0299528
0.120054
0.118341
0.115579
0.111645
0.106715
0.100734
0.0939142
0.0863213
0.0782045
0.0696913
0.0610359
0.0523626
0.0438867
0.0356705
0.0278622
0.117482
0.115638
0.112613
0.108398
0.103182
0.0969768
0.0900041
0.0823685
0.0743122
0.0659737
0.0575816
0.049253
0.0411703
0.0333861
0.0260185
0.115016
0.113062
0.109809
0.105351
0.0998979
0.0935185
0.0864401
0.0787974
0.0708242
0.0626651
0.0545256
0.0465149
0.0387873
0.0313871
0.0244079
0.112707
0.11066
0.107216
0.102553
0.0969088
0.0903977
0.0832523
0.0756285
0.0677516
0.0597682
0.0518639
0.0441398
0.0367268
0.0296625
0.0230203
0.11061
0.108487
0.104886
0.100057
0.0942625
0.0876561
0.0804736
0.0728858
0.0651091
0.05729
0.049597
0.0421241
0.0349829
0.0282056
0.0218496
0.108786
0.106603
0.10288
0.0979199
0.0920116
0.0853393
0.0781413
0.0705976
0.0629165
0.0552431
0.0477318
0.0404705
0.0335555
0.027015
0.020894
0.107302
0.105075
0.101259
0.0962031
0.0902136
0.083499
0.0762991
0.0687995
0.0612015
0.053648
0.0462827
0.0391889
0.0324515
0.0260956
0.0201567
0.106234
0.103975
0.100097
0.094976
0.0889337
0.0821948
0.0749994
0.0675364
0.0600012
0.0525351
0.0452742
0.0382989
0.0316861
0.0254594
0.0196474
0.105658
0.103384
0.0994723
0.0943174
0.0882477
0.0814979
0.0743069
0.0668661
0.0593659
0.0519478
0.0447429
0.0378309
0.0312841
0.0251264
0.0193828
0.165077
0.168547
0.172962
0.181378
0.190166
0.202737
0.215915
0.232784
0.250687
0.272178
0.295085
0.321464
0.349282
0.380367
0.412227
0.165048
0.168514
0.172928
0.181336
0.190116
0.202672
0.21583
0.23267
0.250523
0.271954
0.294758
0.321014
0.34864
0.379496
0.411013
0.164989
0.168449
0.172861
0.181252
0.190018
0.202543
0.215659
0.232441
0.250195
0.271506
0.294105
0.320116
0.347357
0.377758
0.408586
0.164901
0.16835
0.17276
0.181126
0.189871
0.20235
0.215404
0.232099
0.249705
0.270836
0.293127
0.318773
0.345438
0.375158
0.404952
0.164784
0.16822
0.172625
0.18096
0.189675
0.202094
0.215065
0.231645
0.249054
0.269946
0.291829
0.31699
0.342887
0.371704
0.400121
0.164638
0.168058
0.172459
0.180742
0.189429
0.201775
0.214645
0.231079
0.248245
0.268838
0.290214
0.314772
0.339712
0.367406
0.394104
0.164464
0.167864
0.172262
0.180509
0.189134
0.201393
0.214143
0.230403
0.24728
0.267516
0.288288
0.312127
0.335922
0.362278
0.386919
0.164261
0.16764
0.172032
0.180228
0.188791
0.200951
0.213562
0.229618
0.246164
0.265983
0.286056
0.309063
0.331528
0.356335
0.378588
0.16403
0.167386
0.171769
0.179896
0.188404
0.20045
0.212904
0.228728
0.244899
0.264243
0.283525
0.30559
0.326541
0.349598
0.369138
0.163771
0.167102
0.171472
0.17953
0.187973
0.19989
0.212171
0.227733
0.243491
0.262301
0.280703
0.301716
0.320974
0.342087
0.3586
0.163485
0.166791
0.171131
0.179125
0.1875
0.199274
0.211365
0.226636
0.241943
0.26016
0.277598
0.297452
0.314842
0.333828
0.347012
0.163173
0.166454
0.1708
0.178681
0.186984
0.198603
0.210488
0.225441
0.24026
0.257825
0.27422
0.292808
0.308163
0.324847
0.334414
0.162834
0.166089
0.170412
0.178201
0.186427
0.197879
0.209543
0.224149
0.238447
0.255302
0.270578
0.287794
0.300953
0.315173
0.32085
0.16247
0.165697
0.169989
0.17769
0.18583
0.197104
0.208532
0.222765
0.236509
0.252596
0.266683
0.282421
0.293234
0.304839
0.306367
0.16208
0.165274
0.169541
0.177148
0.185195
0.19628
0.207458
0.221292
0.23445
0.249712
0.262547
0.276698
0.28503
0.293875
0.291009
0.161668
0.164819
0.169064
0.176574
0.184523
0.195408
0.206321
0.219733
0.232275
0.246656
0.258178
0.270633
0.276366
0.282312
0.274813
0.161232
0.164376
0.168559
0.17597
0.183813
0.194489
0.205122
0.218086
0.229982
0.243427
0.253584
0.264235
0.267275
0.270181
0.257813
0.160772
0.163878
0.168033
0.175345
0.183078
0.193539
0.203881
0.21638
0.227601
0.24006
0.248799
0.257536
0.257805
0.257511
0.240035
0.160291
0.163364
0.167489
0.174707
0.182334
0.192587
0.202637
0.214666
0.225188
0.236621
0.243866
0.250565
0.247955
0.244255
0.221362
0.159783
0.162815
0.166886
0.173976
0.181459
0.191453
0.201155
0.21264
0.22239
0.2327
0.238385
0.242917
0.237503
0.230203
0.201396
0.159784
0.162815
0.166886
0.173976
0.18146
0.191453
0.201155
0.212641
0.222391
0.232701
0.238387
0.242919
0.237505
0.230205
0.201399
0.160291
0.163364
0.16749
0.174707
0.182335
0.192588
0.202638
0.214667
0.225189
0.236622
0.243867
0.250566
0.247957
0.244258
0.221364
0.160772
0.163878
0.168033
0.175345
0.183079
0.19354
0.203882
0.216381
0.227602
0.240061
0.2488
0.257537
0.257807
0.257513
0.240038
0.161232
0.164376
0.168559
0.175971
0.183813
0.194489
0.205122
0.218087
0.229983
0.243428
0.253585
0.264236
0.267276
0.270183
0.257815
0.161668
0.16482
0.169064
0.176575
0.184523
0.195408
0.206321
0.219733
0.232276
0.246656
0.258179
0.270634
0.276367
0.282314
0.274815
0.162081
0.165274
0.169541
0.177148
0.185196
0.19628
0.207458
0.221293
0.234451
0.249713
0.262548
0.276699
0.285031
0.293876
0.291011
0.16247
0.165697
0.169989
0.177691
0.18583
0.197104
0.208532
0.222766
0.236509
0.252597
0.266684
0.282422
0.293235
0.30484
0.306369
0.162834
0.16609
0.170412
0.178202
0.186427
0.197879
0.209543
0.224149
0.238447
0.255303
0.270579
0.287795
0.300954
0.315174
0.320852
0.163173
0.166454
0.1708
0.178681
0.186984
0.198603
0.210489
0.225441
0.24026
0.257826
0.274221
0.292809
0.308164
0.324848
0.334415
0.163485
0.166791
0.171132
0.179125
0.1875
0.199274
0.211365
0.226636
0.241943
0.26016
0.277599
0.297453
0.314843
0.333829
0.347013
0.163771
0.167102
0.171472
0.179531
0.187974
0.19989
0.212171
0.227733
0.243491
0.262301
0.280703
0.301717
0.320975
0.342088
0.358601
0.16403
0.167386
0.171769
0.179896
0.188404
0.20045
0.212904
0.228728
0.2449
0.264244
0.283525
0.30559
0.326542
0.349599
0.369139
0.164261
0.16764
0.172032
0.180228
0.188791
0.200951
0.213562
0.229619
0.246164
0.265983
0.286056
0.309064
0.331529
0.356336
0.378589
0.164464
0.167864
0.172262
0.180509
0.189134
0.201393
0.214143
0.230403
0.247281
0.267516
0.288288
0.312127
0.335923
0.362278
0.38692
0.164638
0.168058
0.172459
0.180742
0.189429
0.201775
0.214645
0.231079
0.248245
0.268838
0.290215
0.314772
0.339713
0.367406
0.394105
0.164784
0.16822
0.172625
0.18096
0.189675
0.202094
0.215066
0.231645
0.249054
0.269946
0.29183
0.31699
0.342887
0.371704
0.400121
0.164901
0.168351
0.17276
0.181127
0.189871
0.20235
0.215404
0.232099
0.249705
0.270836
0.293128
0.318773
0.345438
0.375159
0.404952
0.164989
0.168449
0.172861
0.181252
0.190018
0.202543
0.215659
0.232441
0.250195
0.271506
0.294105
0.320116
0.347357
0.377759
0.408586
0.165048
0.168514
0.172928
0.181336
0.190116
0.202672
0.21583
0.23267
0.250523
0.271954
0.294758
0.321014
0.34864
0.379497
0.411013
0.165077
0.168547
0.172962
0.181378
0.190166
0.202737
0.215915
0.232784
0.250687
0.272178
0.295086
0.321464
0.349282
0.380367
0.412228
0.105659
0.103384
0.0994726
0.0943177
0.088248
0.0814981
0.074307
0.0668661
0.0593659
0.0519477
0.0447427
0.0378305
0.0312837
0.0251259
0.0193821
0.106234
0.103975
0.100098
0.0949763
0.0889339
0.082195
0.0749995
0.0675365
0.0600012
0.052535
0.045274
0.0382986
0.0316857
0.0254589
0.0196468
0.107303
0.105075
0.10126
0.0962034
0.0902139
0.0834993
0.0762993
0.0687996
0.0612015
0.0536479
0.0462826
0.0391887
0.0324512
0.0260951
0.0201561
0.108786
0.106603
0.10288
0.0979202
0.0920119
0.0853396
0.0781415
0.0705978
0.0629166
0.0552431
0.0477317
0.0404703
0.0335552
0.0270147
0.0208935
0.11061
0.108487
0.104887
0.100058
0.0942629
0.0876564
0.0804738
0.072886
0.0651092
0.0572901
0.049597
0.0421241
0.0349827
0.0282054
0.0218493
0.112707
0.11066
0.107216
0.102554
0.0969091
0.0903981
0.0832526
0.0756288
0.0677519
0.0597684
0.051864
0.0441398
0.0367267
0.0296624
0.0230201
0.115017
0.113062
0.10981
0.105351
0.0998982
0.0935189
0.0864404
0.0787977
0.0708245
0.0626653
0.0545258
0.046515
0.0387874
0.0313871
0.0244079
0.117482
0.115639
0.112614
0.108398
0.103182
0.0969772
0.0900045
0.0823689
0.0743126
0.065974
0.0575819
0.0492533
0.0411705
0.0333863
0.0260186
0.120054
0.118342
0.115579
0.111646
0.106716
0.100734
0.0939147
0.0863217
0.0782049
0.0696918
0.0610363
0.052363
0.0438871
0.0356709
0.0278625
0.122688
0.121128
0.118662
0.115048
0.110456
0.104753
0.0981424
0.0906368
0.0824925
0.0738186
0.0648969
0.0558571
0.0469524
0.0382563
0.0299533
0.125344
0.12396
0.121818
0.118561
0.114364
0.108997
0.102659
0.0952949
0.0871669
0.0783563
0.0691739
0.0597516
0.0503856
0.041162
0.0323085
0.12799
0.126805
0.12501
0.122148
0.1184
0.11343
0.107436
0.100276
0.0922196
0.0833071
0.0738797
0.0640655
0.0542096
0.0444111
0.0349494
0.130596
0.129635
0.128202
0.125771
0.122526
0.118018
0.112443
0.105558
0.0976403
0.0886729
0.0790274
0.0688203
0.0584507
0.0480308
0.0379011
0.13314
0.132424
0.131361
0.1294
0.126705
0.122724
0.117647
0.111116
0.103417
0.0944537
0.0846298
0.0740386
0.0631379
0.0520519
0.0411929
0.135602
0.13515
0.13446
0.133006
0.130903
0.127514
0.123015
0.116924
0.109534
0.100647
0.0906991
0.079744
0.0683031
0.0565092
0.0448584
0.137968
0.137795
0.137474
0.136564
0.135083
0.132354
0.128509
0.122952
0.11597
0.107246
0.0972452
0.0859602
0.0739801
0.0614411
0.0489356
0.140229
0.140342
0.140385
0.14005
0.139215
0.137211
0.13409
0.129168
0.122703
0.114241
0.104275
0.0927095
0.0802044
0.0668895
0.0534673
0.142375
0.142778
0.143178
0.143444
0.143269
0.142054
0.139719
0.135537
0.129699
0.121617
0.111792
0.100012
0.0870124
0.0728997
0.0585008
0.144404
0.145093
0.145842
0.146729
0.147218
0.146851
0.145353
0.142024
0.136922
0.129352
0.119792
0.107884
0.0944408
0.079519
0.0640876
0.146311
0.14728
0.148369
0.149886
0.151043
0.151572
0.150954
0.14859
0.144327
0.137424
0.128263
0.116338
0.102526
0.0867955
0.0702828
0.148097
0.149334
0.150755
0.152903
0.154724
0.156186
0.156484
0.155194
0.151868
0.145802
0.137184
0.125384
0.1113
0.0947766
0.0771441
0.149762
0.151252
0.152999
0.155769
0.158248
0.160668
0.161908
0.161792
0.159493
0.15445
0.146522
0.135028
0.120794
0.103509
0.0847311
0.151308
0.153035
0.155099
0.158475
0.161604
0.16499
0.167195
0.168338
0.167151
0.163323
0.156235
0.145273
0.13103
0.113047
0.0931091
0.152738
0.154686
0.157057
0.161016
0.164784
0.16913
0.17232
0.174782
0.17479
0.172367
0.166269
0.156111
0.142018
0.123455
0.102362
0.154055
0.156208
0.158875
0.16339
0.167783
0.173071
0.177257
0.181079
0.182361
0.181517
0.176567
0.167525
0.153739
0.134805
0.1126
0.155266
0.157606
0.160557
0.165597
0.170597
0.1768
0.181987
0.187185
0.189819
0.190703
0.187075
0.179484
0.166145
0.147138
0.123888
0.156373
0.158885
0.162108
0.167641
0.173228
0.18031
0.186499
0.19307
0.197128
0.199856
0.19775
0.191952
0.179187
0.160413
0.136018
0.157383
0.160051
0.163532
0.169527
0.175678
0.183599
0.190782
0.198702
0.204248
0.208887
0.208528
0.204851
0.192906
0.174647
0.14831
0.1583
0.161109
0.164829
0.171248
0.177932
0.186639
0.194788
0.204008
0.211071
0.21764
0.219251
0.21802
0.207513
0.190564
0.160535
0.15913
0.162063
0.16599
0.172787
0.179939
0.189365
0.1984
0.208859
0.217406
0.225954
0.229728
0.231436
0.2234
0.210427
0.176634
0.0155973
0.0136011
0.011584
0.00955745
0.00752289
0.00547868
0.00342422
0.00136037
-0.000711416
-0.00278973
-0.00487337
-0.00696125
-0.00905229
-0.0111453
-0.0132393
-0.0153328
-0.0174246
-0.0195128
-0.0215996
-0.0236846
0.015825
0.0138205
0.0117946
0.00976107
0.00771935
0.00566586
0.0035993
0.00152066
-0.000568357
-0.00266623
-0.00477172
-0.00688371
-0.00900104
-0.0111225
-0.013247
-0.0153731
-0.0174998
-0.0196255
-0.0217502
-0.0238722
0.0162582
0.0142169
0.0121504
0.0100785
0.00799922
0.00590668
0.00379858
0.0016761
-0.000458539
-0.00260343
-0.00475716
-0.00691848
-0.00908612
-0.0112587
-0.0134347
-0.0156126
-0.0177905
-0.0199657
-0.022141
-0.0243151
0.0168805
0.0147763
0.0126428
0.0105092
0.00837185
0.00622074
0.00405193
0.00186678
-0.00033181
-0.00254152
-0.00476081
-0.0069884
-0.00922298
-0.0114631
-0.0137071
-0.0159533
-0.0181999
-0.0204439
-0.0226888
-0.0249329
0.0176843
0.0154916
0.0132653
0.0110472
0.00883074
0.0066007
0.00435073
0.00208242
-0.000200418
-0.00249494
-0.00479951
-0.00711292
-0.00943386
-0.0117608
-0.014092
-0.0164256
-0.0187587
-0.0210855
-0.0234149
-0.0257452
0.0186672
0.0163609
0.0140156
0.0116902
0.0093744
0.00704584
0.00469513
0.00232427
-6.17114e-05
-0.00245931
-0.00486676
-0.00728292
-0.00970648
-0.0121358
-0.0145691
-0.0170046
-0.0194404
-0.0218755
-0.0243102
-0.0267422
0.0198312
0.0173853
0.014894
0.0124378
0.010002
0.00755504
0.00508357
0.00259017
8.14256e-05
-0.00243834
-0.0049673
-0.00750449
-0.0100486
-0.0125981
-0.0151509
-0.0177054
-0.0202601
-0.0228179
-0.0253727
-0.0279221
0.0211817
0.018569
0.0159028
0.0132913
0.0107142
0.00812827
0.00551531
0.00287865
0.00022686
-0.00243474
-0.00510436
-0.00778128
-0.0104644
-0.0131521
-0.0158423
-0.0185332
-0.021223
-0.0239141
-0.0266025
-0.0292853
0.0227276
0.0199191
0.0170468
0.0142537
0.0115129
0.00876658
0.00599043
0.00318882
0.000372906
-0.00245082
-0.00528064
-0.00811624
-0.0109567
-0.0138004
-0.0166451
-0.0194889
-0.0223298
-0.0251713
-0.0280098
-0.0308419
0.0244813
0.0214455
0.0183326
0.0153293
0.0124009
0.00947144
0.00650896
0.00351928
0.000516827
-0.00249049
-0.00550111
-0.0085153
-0.0115324
-0.0145508
-0.0175681
-0.0205823
-0.0235912
-0.0265999
-0.0296048
-0.0326023
0.0264581
0.0231606
0.0197686
0.0165236
0.0133819
0.0102448
0.00707105
0.00386834
0.000655238
-0.00255859
-0.00577192
-0.00898578
-0.0121999
-0.0154125
-0.0186213
-0.0218239
-0.0250179
-0.0282108
-0.0313993
-0.0345785
0.0286772
0.0250799
0.0213654
0.0178437
0.0144606
0.0110894
0.0076771
0.00423411
0.000784223
-0.00266084
-0.00610039
-0.00953646
-0.0129692
-0.0163969
-0.019817
-0.0232267
-0.0266232
-0.0300179
-0.0334073
-0.0367853
0.0311613
0.0272219
0.0231357
0.0192982
0.015643
0.0120087
0.00832789
0.00461469
0.000899437
-0.00280371
-0.0064949
-0.0101775
-0.0138522
-0.0175173
-0.0211697
-0.0248064
-0.0284231
-0.0320377
-0.0356462
-0.0392407
0.0339371
0.0296085
0.0250948
0.0208976
0.0169364
0.0130071
0.00902475
0.00500825
0.000996253
-0.00299427
-0.0069647
-0.0109201
-0.014862
-0.0187883
-0.0226956
-0.0265801
-0.0304346
-0.0342879
-0.0381358
-0.0419661
0.037036
0.0322656
0.0272607
0.0226544
0.0183499
0.0140904
0.00976975
0.00541329
0.00107002
-0.00323994
-0.00751997
-0.0117775
-0.0160146
-0.0202284
-0.0244135
-0.0285635
-0.0326693
-0.0367802
-0.0408891
-0.0449758
0.0404938
0.035223
0.0296546
0.0245837
0.0198946
0.0152658
0.0105657
0.00582865
0.00111668
-0.00354675
-0.00816806
-0.0127586
-0.0173231
-0.0218624
-0.0263722
-0.0308405
-0.0352025
-0.0395824
-0.0439646
-0.0483179
0.0443515
0.038515
0.0323011
0.0267034
0.0215837
0.0165413
0.0114149
0.00625157
0.00112937
-0.00392397
-0.00891769
-0.0138645
-0.0187669
-0.0236197
-0.0284203
-0.0331788
-0.0379822
-0.0427234
-0.0473967
-0.0520207
0.0486553
0.042181
0.0352293
0.0290356
0.0234339
0.0179275
0.0123209
0.0066781
0.00109686
-0.00439194
-0.00980335
-0.0151551
-0.0204524
-0.0256919
-0.0308717
-0.0359933
-0.0411029
-0.0461581
-0.0511483
-0.0560804
0.0534569
0.0462655
0.0384736
0.0316079
0.0254674
0.0194393
0.0132906
0.0071087
0.00101463
-0.00495861
-0.0108335
-0.0166324
-0.0223596
-0.0280093
-0.0335773
-0.0390636
-0.0445288
-0.04994
-0.0552787
-0.0605439
0.0588119
0.0508174
0.0420734
0.0344539
0.0277122
0.0210966
0.0143351
0.00754773
0.000882426
-0.00562815
-0.0120166
-0.0183096
-0.0245105
-0.0306107
-0.0366047
-0.0424892
-0.0483438
-0.0541392
-0.0598473
-0.0654621
0.0647785
0.0558874
0.0460722
0.0376139
0.0302028
0.0229234
0.0154676
0.00800061
0.000699845
-0.00640746
-0.0133671
-0.0202095
-0.0269348
-0.0335308
-0.0399883
-0.0462966
-0.0525736
-0.0587846
-0.0648863
-0.0708692
0.0714129
0.0615239
0.0505156
0.0411352
0.0329807
0.0249472
0.0167033
0.0084754
0.000469539
-0.00730047
-0.0148961
-0.0223494
-0.0296573
-0.0368054
-0.0437805
-0.0505428
-0.0572779
-0.0639321
-0.0704463
-0.076813
0.0787636
0.0677647
0.0554482
0.0450723
0.0360936
0.0271985
0.0180598
0.00898393
0.000197503
-0.00830934
-0.0166117
-0.024737
-0.0326767
-0.0404216
-0.0479704
-0.0553016
-0.0625568
-0.0696677
-0.0765976
-0.0833566
0.0868686
0.0746313
0.0609121
0.0494866
0.0395927
0.0297074
0.0195572
0.00954278
-0.000108663
-0.00944129
-0.0185353
-0.0274009
-0.0360104
-0.0443505
-0.0524435
-0.0605492
-0.0684183
-0.0760146
-0.0833794
-0.0905472
0.0957567
0.082136
0.0669601
0.0544518
0.0435295
0.0325025
0.0212213
0.0101771
-0.000436059
-0.0107033
-0.0206993
-0.0304166
-0.0398243
-0.0489144
-0.0576913
-0.0663861
-0.0748389
-0.08298
-0.0908324
-0.0984363
0.105432
0.0903014
0.0736804
0.0600643
0.0479599
0.0356174
0.0230906
0.0109249
-0.000761022
-0.0120857
-0.0230995
-0.0337722
-0.0440643
-0.053952
-0.0634261
-0.07281
-0.0819254
-0.0906609
-0.0990346
-0.107096
0.115778
0.0991311
0.0811969
0.0664495
0.052952
0.0391025
0.0252233
0.0118346
-0.00105408
-0.0135669
-0.0257137
-0.0374568
-0.0487739
-0.0596489
-0.0699016
-0.080045
-0.0898447
-0.0991829
-0.108096
-0.116634
0.126333
0.108408
0.0895597
0.073715
0.0585846
0.0430556
0.0277274
0.0129826
-0.0012728
-0.0151213
-0.0285184
-0.0413926
-0.0536965
-0.0654449
-0.0770186
-0.0881321
-0.0986407
-0.1086
-0.118087
-0.12713
0.136198
0.117402
0.0984736
0.0816693
0.0647435
0.0474868
0.0306426
0.0143797
-0.00142271
-0.0167783
-0.0316306
-0.0459214
-0.0595736
-0.0724323
-0.0850558
-0.0970335
-0.108275
-0.118902
-0.128997
-0.13857
0.144854
0.125816
0.107829
0.0901425
0.0716077
0.0528904
0.0345803
0.0167227
-0.000703555
-0.0176308
-0.0339959
-0.0497727
-0.0649621
-0.0794666
-0.0936006
-0.106725
-0.118873
-0.130264
-0.140998
-0.151087
-0.0257655
-0.0278406
-0.0299086
-0.031969
-0.0340212
-0.0360644
-0.0380979
-0.0401212
-0.0421335
-0.0441343
-0.0461229
-0.0480988
-0.0500616
-0.0520107
-0.0539457
-0.0558661
-0.0577716
-0.0596619
-0.0615367
-0.063397
-0.0259901
-0.0281024
-0.0302082
-0.0323065
-0.0343962
-0.0364764
-0.0385462
-0.0406044
-0.0426504
-0.044683
-0.0467016
-0.0487053
-0.0506934
-0.0526651
-0.0546197
-0.0565565
-0.0584749
-0.0603742
-0.0622545
-0.064116
-0.0264855
-0.02865
-0.0308071
-0.0329559
-0.0350953
-0.0372243
-0.0393417
-0.0414465
-0.0435377
-0.0456143
-0.0476755
-0.0497203
-0.0517481
-0.0537579
-0.0557491
-0.0577209
-0.059673
-0.0616043
-0.0635159
-0.0654071
-0.0271731
-0.0294069
-0.0316329
-0.03385
-0.0360572
-0.0382533
-0.0404372
-0.0426076
-0.0447635
-0.0469038
-0.0490276
-0.0511338
-0.0532217
-0.0552904
-0.057339
-0.0593668
-0.0613733
-0.0633574
-0.065321
-0.0672622
-0.0280718
-0.0303914
-0.0327024
-0.035004
-0.0372949
-0.0395741
-0.0418402
-0.0440919
-0.0463283
-0.0485481
-0.0507503
-0.0529339
-0.0550981
-0.0572419
-0.0593646
-0.0614652
-0.0635436
-0.0655981
-0.0676322
-0.0696424
-0.0291691
-0.0315888
-0.0339997
-0.0364007
-0.0387904
-0.0411677
-0.0435311
-0.0458794
-0.0482116
-0.0505264
-0.0528228
-0.0550998
-0.0573565
-0.0595919
-0.0618055
-0.0639959
-0.0661636
-0.0683062
-0.0704291
-0.0725272
-0.0304651
-0.0330003
-0.0355265
-0.038042
-0.0405456
-0.043036
-0.0455118
-0.0479718
-0.0504148
-0.0528398
-0.0552457
-0.0576314
-0.0599961
-0.0623389
-0.0646591
-0.0669555
-0.0692287
-0.071476
-0.0737048
-0.0759085
-0.0319608
-0.0346275
-0.037284
-0.0399292
-0.0425615
-0.0451797
-0.0477826
-0.0503689
-0.0529375
-0.0554874
-0.0580174
-0.0605268
-0.0630145
-0.0654797
-0.0679219
-0.0703397
-0.0727343
-0.0751023
-0.0774536
-0.0797805
-0.0336655
-0.0364789
-0.039281
-0.0420704
-0.0448461
-0.0476068
-0.0503512
-0.0530782
-0.0557867
-0.0584758
-0.0611445
-0.0637918
-0.0664171
-0.0690194
-0.0715984
-0.0741527
-0.0766838
-0.079188
-0.0816778
-0.084145
-0.0355895
-0.0385649
-0.0415273
-0.0444759
-0.0474095
-0.0503269
-0.053227
-0.0561088
-0.0589713
-0.0618136
-0.0646349
-0.0674342
-0.0702111
-0.0729646
-0.0756947
-0.0783998
-0.081082
-0.0837373
-0.086381
-0.0890054
-0.0377453
-0.0408981
-0.0440361
-0.0471585
-0.0502645
-0.0533529
-0.0564228
-0.0594733
-0.0625035
-0.0655126
-0.0685
-0.0714649
-0.0744069
-0.0773252
-0.0802199
-0.0830895
-0.0859367
-0.0887571
-0.0915694
-0.0943675
-0.040148
-0.043494
-0.0468227
-0.0501338
-0.0534266
-0.0567002
-0.0599537
-0.0631863
-0.0663975
-0.0695866
-0.0727531
-0.0758964
-0.0790164
-0.0821122
-0.0851843
-0.0882313
-0.0912564
-0.094255
-0.0972496
-0.100237
-0.042816
-0.0463709
-0.0499055
-0.0534199
-0.0569137
-0.0603862
-0.0638366
-0.0672645
-0.0706695
-0.074051
-0.0774089
-0.0807428
-0.0840526
-0.0873377
-0.0905989
-0.0938348
-0.0970494
-0.100238
-0.103427
-0.10662
-0.0457716
-0.0495515
-0.053307
-0.0570391
-0.0607477
-0.0644323
-0.0680924
-0.0717278
-0.0753383
-0.0789237
-0.0824842
-0.0860194
-0.0895297
-0.0930146
-0.0964751
-0.0999099
-0.103324
-0.106713
-0.110107
-0.113517
-0.0490299
-0.0530517
-0.057044
-0.0610089
-0.0649464
-0.0688564
-0.0727387
-0.0765934
-0.0804206
-0.0842206
-0.0879935
-0.0917397
-0.0954595
-0.0991529
-0.102821
-0.106464
-0.110085
-0.113682
-0.11729
-0.120929
-0.0526323
-0.0569093
-0.0611522
-0.0653625
-0.0695407
-0.0736871
-0.077802
-0.0818857
-0.0859389
-0.0899621
-0.0939558
-0.0979203
-0.101856
-0.105764
-0.109646
-0.1135
-0.117334
-0.121145
-0.124972
-0.128848
-0.0566052
-0.0611511
-0.0656579
-0.0701257
-0.0745555
-0.078948
-0.0833043
-0.0876251
-0.0919113
-0.0961639
-0.100384
-0.104572
-0.10873
-0.112857
-0.116955
-0.121024
-0.12507
-0.129094
-0.133141
-0.137259
-0.0609616
-0.0657944
-0.0705795
-0.0753179
-0.0800108
-0.0846597
-0.0892661
-0.0938314
-0.0983566
-0.102843
-0.107292
-0.111705
-0.116083
-0.12043
-0.124746
-0.129031
-0.13329
-0.137524
-0.141786
-0.146142
-0.0657416
-0.0708771
-0.0759538
-0.0809739
-0.0859391
-0.0908517
-0.0957137
-0.100527
-0.105295
-0.110018
-0.114697
-0.119333
-0.123928
-0.128485
-0.133006
-0.137497
-0.141963
-0.146407
-0.150881
-0.15547
-0.0709907
-0.0764417
-0.0818207
-0.0871308
-0.0923744
-0.0975542
-0.102673
-0.107734
-0.112739
-0.117693
-0.122598
-0.127458
-0.132269
-0.137037
-0.141752
-0.146429
-0.151068
-0.155699
-0.160365
-0.165189
-0.076744
-0.082523
-0.0882137
-0.0938202
-0.099346
-0.104795
-0.11017
-0.115474
-0.120711
-0.125884
-0.130995
-0.136055
-0.141062
-0.146033
-0.150947
-0.155828
-0.160631
-0.165429
-0.170228
-0.175272
-0.0830482
-0.089166
-0.0951746
-0.10108
-0.106886
-0.112599
-0.118224
-0.123767
-0.129229
-0.134616
-0.139923
-0.145162
-0.150319
-0.155436
-0.160482
-0.165545
-0.170512
-0.175538
-0.180458
-0.185748
-0.0899621
-0.096425
-0.102753
-0.108953
-0.115031
-0.120995
-0.126851
-0.132608
-0.138273
-0.143856
-0.149355
-0.154784
-0.160106
-0.165368
-0.170482
-0.175622
-0.180597
-0.185817
-0.190816
-0.196507
-0.0975337
-0.104346
-0.110992
-0.117481
-0.12382
-0.130018
-0.136083
-0.142022
-0.147842
-0.153561
-0.159182
-0.164746
-0.170221
-0.175684
-0.180966
-0.186289
-0.191222
-0.196535
-0.201323
-0.207516
-0.105814
-0.112977
-0.119935
-0.1267
-0.133284
-0.139697
-0.145948
-0.152047
-0.157995
-0.163804
-0.169471
-0.175036
-0.180483
-0.185957
-0.191309
-0.196902
-0.202041
-0.207792
-0.212351
-0.219189
-0.114873
-0.122381
-0.129635
-0.136649
-0.143441
-0.150026
-0.156421
-0.162641
-0.168696
-0.174595
-0.180329
-0.185911
-0.191291
-0.196585
-0.201649
-0.207019
-0.212013
-0.218264
-0.222952
-0.231156
-0.124817
-0.132659
-0.140181
-0.147402
-0.154343
-0.161025
-0.167471
-0.173707
-0.179759
-0.185658
-0.191423
-0.197078
-0.202586
-0.207987
-0.213065
-0.2182
-0.222658
-0.228534
-0.23266
-0.242557
-0.135734
-0.143913
-0.151686
-0.159079
-0.166114
-0.172812
-0.1792
-0.185305
-0.191163
-0.196816
-0.202318
-0.207741
-0.213145
-0.218632
-0.224131
-0.229862
-0.235052
-0.241244
-0.244867
-0.255735
-0.147617
-0.156146
-0.164179
-0.171737
-0.178842
-0.185514
-0.191778
-0.197655
-0.203174
-0.208368
-0.213284
-0.217996
-0.222606
-0.22728
-0.232195
-0.237717
-0.243757
-0.251423
-0.257587
-0.270495
-0.160532
-0.169349
-0.177565
-0.185203
-0.192287
-0.198843
-0.204898
-0.21048
-0.215612
-0.22032
-0.224636
-0.228597
-0.232268
-0.235748
-0.239195
-0.242878
-0.247124
-0.252855
-0.259734
-0.273517
-0.0680628
-0.0755065
-0.0829547
-0.090316
-0.0974813
-0.104358
-0.110835
-0.116815
-0.122171
-0.126797
-0.130553
-0.133339
-0.135024
-0.135531
-0.134752
-0.132656
-0.129172
-0.124338
-0.118143
-0.110719
-0.102128
-0.0926076
-0.0822799
-0.0714583
-0.0602746
-0.049046
-0.0378296
-0.0268515
-0.0159975
-0.00535537
-0.0688217
-0.0763296
-0.0838244
-0.0912172
-0.0984032
-0.105293
-0.111775
-0.117753
-0.123094
-0.127696
-0.131417
-0.134161
-0.135794
-0.136245
-0.135401
-0.133236
-0.129676
-0.124765
-0.118487
-0.110982
-0.102311
-0.0927181
-0.082324
-0.0714506
-0.0602259
-0.0489763
-0.0377504
-0.0267842
-0.0159485
-0.00534038
-0.0702288
-0.0778729
-0.0854562
-0.0929063
-0.100131
-0.107046
-0.113538
-0.119508
-0.124823
-0.129378
-0.133034
-0.135696
-0.137234
-0.137577
-0.136613
-0.134318
-0.130618
-0.125559
-0.119128
-0.111471
-0.102652
-0.0929217
-0.0824052
-0.0714333
-0.0601344
-0.0488433
-0.0376025
-0.026655
-0.0158565
-0.0053095
-0.0722474
-0.0800805
-0.0877852
-0.0953118
-0.102586
-0.109532
-0.116035
-0.121991
-0.127264
-0.131749
-0.13531
-0.137856
-0.139258
-0.139449
-0.138316
-0.135837
-0.131939
-0.126671
-0.120025
-0.112154
-0.103125
-0.0932018
-0.0825138
-0.0714031
-0.0600011
-0.0486512
-0.0373913
-0.0264691
-0.0157251
-0.00526392
-0.0748392
-0.0829077
-0.0907581
-0.0983725
-0.105702
-0.11268
-0.119189
-0.12512
-0.130334
-0.134727
-0.138165
-0.140562
-0.141792
-0.14179
-0.140445
-0.137734
-0.133586
-0.128056
-0.121141
-0.113
-0.103709
-0.0935423
-0.0826401
-0.0713553
-0.0598258
-0.0484027
-0.0371207
-0.0262306
-0.0155573
-0.00520479
-0.0779814
-0.0863244
-0.0943356
-0.102041
-0.109424
-0.116429
-0.122936
-0.128828
-0.133964
-0.138239
-0.141526
-0.143744
-0.14477
-0.144539
-0.142942
-0.139956
-0.135515
-0.129675
-0.122442
-0.113981
-0.104382
-0.093928
-0.0827748
-0.0712849
-0.059608
-0.0480992
-0.0367944
-0.0259427
-0.0153556
-0.0051329
-0.0816621
-0.0903104
-0.098488
-0.106277
-0.113704
-0.120726
-0.127218
-0.133055
-0.13809
-0.142223
-0.145332
-0.147342
-0.148133
-0.147641
-0.145758
-0.142459
-0.137685
-0.131493
-0.1239
-0.115074
-0.105127
-0.0943448
-0.0829095
-0.0711869
-0.0593468
-0.0477417
-0.0364151
-0.0256077
-0.0151223
-0.00504881
-0.0858748
-0.0948513
-0.10319
-0.111048
-0.118502
-0.125525
-0.131985
-0.137745
-0.142655
-0.146619
-0.149525
-0.1513
-0.15183
-0.151047
-0.148847
-0.145202
-0.14006
-0.133477
-0.125488
-0.116257
-0.105926
-0.0947801
-0.0830366
-0.0710567
-0.0590417
-0.0473308
-0.0359858
-0.0252276
-0.0148597
-0.00495282
-0.090619
-0.099937
-0.10842
-0.11632
-0.123778
-0.130781
-0.137188
-0.142847
-0.147607
-0.151375
-0.154052
-0.155568
-0.155813
-0.154713
-0.152169
-0.148147
-0.142609
-0.135601
-0.127182
-0.11751
-0.106764
-0.0952226
-0.0831497
-0.07089
-0.0586927
-0.0468667
-0.0355094
-0.0248042
-0.0145699
-0.00484506
-0.0958963
-0.105559
-0.114157
-0.122062
-0.129492
-0.136452
-0.142782
-0.148313
-0.152893
-0.15644
-0.158864
-0.1601
-0.160039
-0.158599
-0.155688
-0.151263
-0.145302
-0.137838
-0.128961
-0.118816
-0.10763
-0.095662
-0.0832433
-0.0706831
-0.0583
-0.0463502
-0.0349891
-0.0243388
-0.0142553
-0.00472539
-0.10171
-0.111708
-0.120376
-0.12824
-0.135608
-0.142496
-0.148722
-0.154096
-0.158467
-0.161766
-0.163918
-0.164854
-0.164467
-0.162668
-0.159369
-0.15452
-0.148112
-0.140167
-0.130808
-0.120159
-0.108511
-0.0960897
-0.0833129
-0.070433
-0.0578647
-0.0457817
-0.0344283
-0.0238326
-0.0139184
-0.00459345
-0.108064
-0.118373
-0.127052
-0.134818
-0.142083
-0.148871
-0.154964
-0.16015
-0.164282
-0.16731
-0.16917
-0.169791
-0.169062
-0.166887
-0.163184
-0.157891
-0.151018
-0.142568
-0.132705
-0.121526
-0.109398
-0.0964983
-0.083355
-0.0701374
-0.0573882
-0.0451621
-0.0338306
-0.023287
-0.0135621
-0.00444863
-0.114959
-0.12554
-0.134154
-0.141758
-0.148879
-0.155537
-0.161464
-0.166428
-0.170293
-0.173031
-0.174582
-0.174875
-0.173789
-0.171225
-0.167103
-0.161353
-0.153997
-0.145024
-0.134637
-0.122905
-0.110281
-0.0968817
-0.083367
-0.069795
-0.0568727
-0.0444929
-0.0332001
-0.0227032
-0.0131893
-0.00429014
-0.122392
-0.133186
-0.141645
-0.149017
-0.155953
-0.162452
-0.168179
-0.172888
-0.176457
-0.178888
-0.180118
-0.180071
-0.178617
-0.175656
-0.171102
-0.164885
-0.157031
-0.147519
-0.13659
-0.124287
-0.111153
-0.0972351
-0.0833468
-0.0694052
-0.0563202
-0.0437758
-0.0325404
-0.0220828
-0.012803
-0.00411701
-0.130356
-0.141283
-0.14948
-0.156549
-0.163264
-0.169575
-0.175065
-0.179484
-0.182735
-0.184847
-0.185744
-0.185351
-0.183516
-0.180155
-0.175159
-0.168469
-0.160101
-0.15004
-0.138552
-0.125663
-0.112008
-0.0975551
-0.0832933
-0.0689684
-0.0557335
-0.0430134
-0.0318558
-0.0214278
-0.0124063
-0.00392825
-0.138836
-0.149793
-0.157609
-0.164307
-0.170771
-0.176863
-0.182078
-0.186176
-0.18909
-0.190875
-0.191429
-0.190684
-0.188463
-0.184699
-0.179251
-0.172086
-0.163191
-0.152576
-0.140512
-0.127027
-0.112838
-0.0978395
-0.0832055
-0.0684857
-0.0551155
-0.0422088
-0.0311503
-0.0207406
-0.0120023
-0.00372291
-0.147808
-0.158666
-0.165974
-0.172244
-0.178434
-0.184275
-0.189174
-0.192923
-0.195488
-0.19694
-0.197144
-0.196044
-0.193432
-0.189267
-0.18336
-0.175722
-0.166286
-0.155115
-0.142458
-0.128373
-0.113639
-0.0980873
-0.0830834
-0.0679598
-0.0544696
-0.0413663
-0.0304281
-0.0200247
-0.0115939
-0.00350028
-0.15724
-0.167839
-0.174514
-0.180316
-0.186215
-0.191766
-0.196309
-0.199691
-0.201898
-0.203013
-0.202861
-0.201406
-0.198398
-0.193836
-0.187465
-0.179359
-0.169369
-0.157647
-0.144378
-0.129697
-0.114405
-0.0982984
-0.0829271
-0.0673942
-0.0537998
-0.0404912
-0.0296939
-0.0192842
-0.0111842
-0.0032601
-0.167085
-0.177237
-0.183164
-0.188482
-0.194073
-0.199291
-0.203443
-0.206443
-0.208288
-0.209061
-0.208548
-0.206738
-0.203335
-0.19838
-0.19154
-0.182975
-0.172421
-0.160158
-0.146261
-0.130992
-0.11513
-0.0984737
-0.0827379
-0.0667939
-0.0531111
-0.03959
-0.0289529
-0.0185247
-0.0107763
-0.00300271
-0.177275
-0.186765
-0.191866
-0.196705
-0.201963
-0.206799
-0.210532
-0.21314
-0.214619
-0.215044
-0.214166
-0.212002
-0.208206
-0.202864
-0.195555
-0.186543
-0.175416
-0.162628
-0.148089
-0.13225
-0.115807
-0.0986146
-0.0825175
-0.0661658
-0.0524094
-0.0386712
-0.028211
-0.0177527
-0.0103731
-0.00272925
-0.187711
-0.196311
-0.200563
-0.204945
-0.209828
-0.214229
-0.217521
-0.21973
-0.220838
-0.220908
-0.21966
-0.217141
-0.212957
-0.207235
-0.199463
-0.190021
-0.178321
-0.165033
-0.149842
-0.133462
-0.116431
-0.0987228
-0.0822687
-0.0655179
-0.0517016
-0.0377444
-0.0274746
-0.016976
-0.00997775
-0.00244172
-0.198243
-0.205739
-0.209202
-0.213142
-0.217586
-0.221501
-0.224336
-0.226136
-0.226864
-0.226568
-0.224955
-0.222071
-0.217507
-0.211424
-0.203205
-0.193357
-0.181094
-0.167341
-0.151498
-0.134616
-0.116994
-0.0988004
-0.0819947
-0.0648599
-0.0509955
-0.0368209
-0.0267508
-0.0162033
-0.00959321
-0.00214299
-0.208622
-0.214886
-0.21771
-0.221202
-0.225119
-0.228505
-0.230869
-0.232245
-0.232583
-0.231915
-0.229947
-0.226734
-0.22177
-0.215348
-0.206711
-0.19649
-0.183688
-0.169513
-0.153033
-0.135695
-0.117488
-0.0988497
-0.0816998
-0.0642025
-0.0502992
-0.0359126
-0.0260467
-0.0154439
-0.00922226
-0.00183672
-0.218454
-0.223547
-0.225977
-0.228967
-0.232265
-0.23509
-0.236971
-0.23791
-0.237855
-0.236816
-0.2345
-0.230947
-0.225655
-0.218926
-0.209912
-0.199358
-0.186058
-0.171512
-0.154423
-0.136687
-0.117909
-0.0988729
-0.0813886
-0.0635562
-0.049621
-0.0350315
-0.025369
-0.014707
-0.00886736
-0.0015271
-0.227289
-0.23149
-0.233821
-0.236212
-0.238821
-0.241074
-0.242465
-0.242969
-0.242532
-0.241142
-0.238506
-0.234654
-0.229084
-0.222086
-0.212748
-0.201911
-0.188169
-0.173309
-0.155652
-0.137578
-0.118255
-0.0988721
-0.0810664
-0.0629311
-0.0489681
-0.0341886
-0.0247239
-0.014001
-0.00853054
-0.00121865
-0.234624
-0.238495
-0.240977
-0.242663
-0.244574
-0.24627
-0.247189
-0.247284
-0.246499
-0.2448
-0.241898
-0.237794
-0.232003
-0.224785
-0.215187
-0.20412
-0.19
-0.174882
-0.156712
-0.13836
-0.118525
-0.0988492
-0.0807379
-0.0623353
-0.0483466
-0.0333931
-0.0241162
-0.0133331
-0.0082133
-0.000915806
-0.239938
-0.244365
-0.247128
-0.248075
-0.24936
-0.250548
-0.251046
-0.250788
-0.249714
-0.247763
-0.244653
-0.240362
-0.234407
-0.227022
-0.217227
-0.205981
-0.191549
-0.176227
-0.157604
-0.13903
-0.118724
-0.0988075
-0.0804094
-0.061776
-0.0477618
-0.0326526
-0.0235497
-0.0127095
-0.00791669
-0.000622762
-0.24349
-0.248971
-0.25199
-0.252321
-0.25313
-0.253892
-0.254049
-0.253518
-0.252227
-0.250077
-0.246825
-0.242408
-0.236344
-0.228841
-0.218906
-0.207525
-0.192846
-0.177365
-0.158351
-0.139602
-0.11887
-0.0987568
-0.0800913
-0.0612618
-0.0472199
-0.031974
-0.0230276
-0.0121347
-0.00764141
-0.000343231
-0.24671
-0.252355
-0.255441
-0.255446
-0.25596
-0.256391
-0.256302
-0.25558
-0.254149
-0.251862
-0.248515
-0.244012
-0.237883
-0.230299
-0.220271
-0.208791
-0.193919
-0.178314
-0.158967
-0.14008
-0.118968
-0.098696
-0.0797842
-0.0607908
-0.0467194
-0.0313562
-0.0225491
-0.0116095
-0.00738722
-7.96053e-05
-0.251636
-0.254945
-0.257676
-0.257597
-0.257954
-0.258137
-0.257874
-0.257021
-0.255513
-0.253236
-0.249761
-0.245155
-0.238966
-0.231315
-0.221215
-0.209658
-0.194634
-0.178939
-0.159319
-0.140339
-0.118908
-0.0985303
-0.0794144
-0.0603034
-0.0462208
-0.0307694
-0.0220992
-0.0111225
-0.00715213
0.000168544
-0.263582
-0.257477
-0.258853
-0.258648
-0.258911
-0.258932
-0.258552
-0.257589
-0.255976
-0.253537
-0.250075
-0.245451
-0.239229
-0.231541
-0.221397
-0.209807
-0.1947
-0.178982
-0.159212
-0.140222
-0.118611
-0.0982152
-0.078993
-0.0598408
-0.0457806
-0.0302858
-0.0217369
-0.0107352
-0.00696728
0.000368586
-0.266046
-0.258723
-0.259903
-0.259638
-0.259815
-0.259676
-0.259172
-0.258086
-0.256362
-0.25382
-0.250255
-0.24552
-0.239207
-0.231417
-0.221189
-0.209504
-0.194306
-0.178531
-0.15865
-0.139673
-0.117959
-0.0976218
-0.0783712
-0.0592698
-0.0452784
-0.0298114
-0.0213889
-0.0104028
-0.00680356
0.000529438
-0.266466
-0.259017
-0.260578
-0.260273
-0.260427
-0.260173
-0.259577
-0.258391
-0.256575
-0.253939
-0.250305
-0.245473
-0.23907
-0.231172
-0.220854
-0.20906
-0.19377
-0.177921
-0.15794
-0.138974
-0.117173
-0.0969161
-0.0776537
-0.0586364
-0.0447265
-0.0293161
-0.0210253
-0.0100727
-0.00663729
0.000685183
-0.266833
-0.259173
-0.261068
-0.260698
-0.260843
-0.260501
-0.259838
-0.258574
-0.256688
-0.253983
-0.25028
-0.245365
-0.238886
-0.230898
-0.220505
-0.208619
-0.193253
-0.177343
-0.157278
-0.138324
-0.116446
-0.0962641
-0.0769884
-0.0580499
-0.0442121
-0.0288555
-0.0206851
-0.00976411
-0.00647971
0.00083343
-0.266851
-0.259263
-0.261453
-0.260998
-0.261144
-0.260722
-0.260005
-0.258672
-0.256725
-0.253954
-0.250196
-0.245196
-0.238646
-0.230577
-0.220119
-0.208153
-0.192726
-0.176764
-0.156633
-0.137696
-0.115756
-0.0956483
-0.0763635
-0.0575028
-0.0437318
-0.028428
-0.0203682
-0.00947737
-0.00633159
0.000973736
-0.266614
-0.259295
-0.261735
-0.261184
-0.261339
-0.26085
-0.260087
-0.258693
-0.25669
-0.253857
-0.25003
-0.244971
-0.238354
-0.230211
-0.219693
-0.207655
-0.192176
-0.176169
-0.155988
-0.13707
-0.115083
-0.0950513
-0.0757636
-0.0569835
-0.0432765
-0.028028
-0.0200711
-0.00921091
-0.0061922
0.00110585
-0.266245
-0.259305
-0.261914
-0.261266
-0.26144
-0.260891
-0.260093
-0.258645
-0.256592
-0.2537
-0.249762
-0.2447
-0.238019
-0.229807
-0.219236
-0.207132
-0.191612
-0.175566
-0.155348
-0.136451
-0.114431
-0.0944752
-0.0751898
-0.0564923
-0.0428461
-0.0276554
-0.0197934
-0.00896484
-0.00606174
0.00122938
-0.265796
-0.259301
-0.262003
-0.261263
-0.261461
-0.260859
-0.260033
-0.258537
-0.256441
-0.253498
-0.24954
-0.244389
-0.237649
-0.229376
-0.218755
-0.206594
-0.191041
-0.174962
-0.154721
-0.135846
-0.113804
-0.0939241
-0.0746457
-0.0560316
-0.0424423
-0.0273112
-0.0195359
-0.00873957
-0.00594065
0.00134393
-0.265306
-0.259264
-0.262023
-0.261185
-0.261415
-0.260766
-0.25992
-0.258382
-0.256249
-0.253257
-0.249252
-0.244044
-0.237253
-0.228924
-0.218259
-0.206047
-0.190469
-0.174362
-0.15411
-0.135258
-0.113207
-0.0934005
-0.0741334
-0.0556024
-0.042066
-0.0269955
-0.0192989
-0.0085352
-0.00582931
0.00144922
-0.264807
-0.259182
-0.261987
-0.261045
-0.261315
-0.260624
-0.259763
-0.258189
-0.256023
-0.252987
-0.248941
-0.243703
-0.23684
-0.22846
-0.217756
-0.205501
-0.189903
-0.173775
-0.153521
-0.134693
-0.112642
-0.0929065
-0.0736542
-0.0552051
-0.0417176
-0.0267083
-0.0190825
-0.00835153
-0.00572801
0.00154501
-0.264224
-0.259162
-0.261818
-0.260896
-0.261165
-0.260447
-0.259573
-0.257968
-0.255773
-0.252698
-0.248613
-0.243275
-0.236421
-0.227993
-0.217255
-0.204965
-0.189348
-0.173207
-0.15296
-0.134155
-0.112113
-0.0924445
-0.0732097
-0.0548401
-0.0413973
-0.0264492
-0.0188865
-0.00818821
-0.00563697
0.0016312
-0.263408
-0.25919
-0.261597
-0.260716
-0.260985
-0.260244
-0.259361
-0.257729
-0.255509
-0.252399
-0.248279
-0.242896
-0.236004
-0.227533
-0.216766
-0.20444
-0.188823
-0.172668
-0.152429
-0.13365
-0.111623
-0.092017
-0.0728015
-0.0545078
-0.0411054
-0.0262174
-0.0187107
-0.00804475
-0.00555636
0.0017077
-0.262647
-0.259168
-0.261354
-0.260514
-0.260785
-0.260025
-0.259137
-0.257483
-0.255242
-0.252099
-0.247948
-0.242538
-0.235598
-0.227089
-0.216298
-0.203943
-0.188326
-0.172159
-0.151942
-0.133186
-0.111175
-0.0916268
-0.0724312
-0.0542086
-0.0408421
-0.0260125
-0.0185549
-0.00792055
-0.00548631
0.00177454
-0.261957
-0.259105
-0.261098
-0.260307
-0.260577
-0.259804
-0.258913
-0.257239
-0.25498
-0.25181
-0.247629
-0.242187
-0.235213
-0.226672
-0.21586
-0.203482
-0.187868
-0.171693
-0.151504
-0.132763
-0.110773
-0.0912765
-0.0721001
-0.0539426
-0.0406077
-0.0258337
-0.0184188
-0.00781492
-0.0054269
0.00183178
-0.261331
-0.259019
-0.260843
-0.260104
-0.260373
-0.25959
-0.258697
-0.257007
-0.254734
-0.251538
-0.247333
-0.241863
-0.234859
-0.22629
-0.215462
-0.203067
-0.187457
-0.17128
-0.151115
-0.132387
-0.110426
-0.0909693
-0.0718101
-0.0537102
-0.0404023
-0.0256802
-0.0183023
-0.00772715
-0.00537818
0.00187955
-0.26078
-0.258925
-0.260605
-0.259917
-0.260184
-0.259393
-0.2585
-0.256797
-0.254511
-0.251295
-0.247068
-0.241575
-0.234545
-0.225954
-0.215113
-0.202706
-0.187103
-0.170926
-0.150785
-0.132069
-0.110131
-0.0907067
-0.0715625
-0.0535118
-0.0402264
-0.0255513
-0.0182049
-0.00765655
-0.00534011
0.001918
-0.260319
-0.258831
-0.260397
-0.259754
-0.260019
-0.259224
-0.25833
-0.256618
-0.254321
-0.251088
-0.246843
-0.241331
-0.234279
-0.225671
-0.214822
-0.202407
-0.186813
-0.170638
-0.150519
-0.131813
-0.109892
-0.0904923
-0.071359
-0.0533476
-0.0400802
-0.0254466
-0.0181266
-0.00760244
-0.00531266
0.00194732
-0.25996
-0.258751
-0.260231
-0.259625
-0.259888
-0.25909
-0.258196
-0.256475
-0.254171
-0.250924
-0.246664
-0.241139
-0.234069
-0.225449
-0.214596
-0.202178
-0.186594
-0.170423
-0.150322
-0.131623
-0.109713
-0.0903282
-0.0712011
-0.0532181
-0.0399642
-0.0253655
-0.0180672
-0.00756426
-0.00529572
0.00196768
-0.259716
-0.258692
-0.260115
-0.259535
-0.259797
-0.258997
-0.258103
-0.256376
-0.254066
-0.250808
-0.246538
-0.241002
-0.233919
-0.225295
-0.214441
-0.202024
-0.186451
-0.170285
-0.150197
-0.131501
-0.109596
-0.0902159
-0.0710897
-0.0531235
-0.0398787
-0.0253077
-0.0180265
-0.00754154
-0.00528917
0.00197927
-0.259592
-0.258661
-0.260057
-0.259489
-0.259751
-0.25895
-0.258055
-0.256325
-0.25401
-0.250745
-0.246469
-0.240926
-0.233842
-0.225213
-0.214362
-0.201951
-0.186387
-0.170228
-0.150148
-0.131451
-0.109542
-0.0901567
-0.0710258
-0.0530643
-0.0398242
-0.0252731
-0.0180045
-0.00753394
-0.00529287
0.00198225
)
;

boundaryField
{
    inlet
    {
        type            zeroGradient;
    }
    outlet
    {
        type            fixedValue;
        value           uniform 0;
    }
    cylinder
    {
        type            zeroGradient;
    }
    top
    {
        type            symmetryPlane;
    }
    bottom
    {
        type            symmetryPlane;
    }
    defaultFaces
    {
        type            empty;
    }
}


// ************************************************************************* //
