/*--------------------------------*- C++ -*----------------------------------*\
  =========                 |
  \\      /  F ield         | OpenFOAM: The Open Source CFD Toolbox
   \\    /   O peration     | Website:  https://openfoam.org
    \\  /    A nd           | Version:  7
     \\/     M anipulation  |
\*---------------------------------------------------------------------------*/
FoamFile
{
    version     2.0;
    format      ascii;
    class       volVectorField;
    location    "385";
    object      U;
}
// * * * * * * * * * * * * * * * * * * * * * * * * * * * * * * * * * * * * * //

dimensions      [0 1 -1 0 0 0 0];

internalField   nonuniform List<vector> 
2125
(
(-0.0016512 -0.0426165 1.0418e-21)
(-0.0114599 -0.077067 -2.99714e-21)
(-0.0304509 -0.0798501 -3.50044e-21)
(-0.0529423 -0.0642454 3.48308e-21)
(-0.077166 -0.0400898 -3.19878e-21)
(-0.101849 -0.0127565 -1.70746e-21)
(-0.126012 0.0162826 2.92488e-21)
(-0.149035 0.0478153 3.58353e-21)
(-0.170402 0.0833558 -5.75218e-22)
(-0.190178 0.124963 1.72871e-21)
(-0.000274138 -0.0384033 -1.15495e-21)
(-0.00897198 -0.0679747 3.56431e-21)
(-0.0275801 -0.0681175 -8.11939e-21)
(-0.0499279 -0.0512401 7.35776e-21)
(-0.0739692 -0.0266733 3.73042e-22)
(-0.0983173 0.000485863 5.48428e-21)
(-0.121966 0.0289167 -9.46846e-21)
(-0.144297 0.0595682 -1.37903e-20)
(-0.164651 0.0941319 -2.59158e-21)
(-0.182697 0.134781 5.88021e-21)
(0.000849277 -0.0341985 9.87777e-22)
(-0.00686237 -0.0590565 7.47635e-21)
(-0.0248873 -0.0567788 1.77631e-20)
(-0.0467133 -0.038824 -1.60654e-20)
(-0.0700359 -0.013984 -3.5161e-21)
(-0.0933472 0.0129062 -3.27768e-21)
(-0.115586 0.0406339 1.65268e-20)
(-0.136102 0.0702638 1.04725e-20)
(-0.154085 0.103647 2.67057e-21)
(-0.168469 0.142955 -1.80484e-20)
(0.00171976 -0.0301123 3.47285e-21)
(-0.00515862 -0.0505139 -4.44512e-21)
(-0.0224688 -0.0460743 -3.22651e-20)
(-0.0434755 -0.0272656 2.94772e-21)
(-0.0656321 -0.00231936 8.89657e-21)
(-0.0873003 0.0241757 -6.72681e-21)
(-0.10734 0.0510727 -7.1814e-22)
(-0.125044 0.0794966 -2.62533e-21)
(-0.139513 0.111444 6.15298e-21)
(-0.148551 0.149003 1.71461e-20)
(0.00234557 -0.0262256 2.34962e-21)
(-0.00388028 -0.0424979 -1.34771e-20)
(-0.0204204 -0.0361928 3.276e-20)
(-0.0404025 -0.016789 -1.4602e-20)
(-0.0610497 0.00805665 -1.07024e-22)
(-0.0805858 0.0339915 2.00235e-20)
(-0.0977754 0.0598941 -9.31907e-21)
(-0.111826 0.0868919 1.15194e-21)
(-0.121897 0.11711 -3.75451e-21)
(-0.124203 0.152518 8.48827e-22)
(0.00273799 -0.0225876 2.79503e-20)
(-0.00304308 -0.0351039 3.42668e-20)
(-0.0188356 -0.0272648 -8.92583e-21)
(-0.0376838 -0.00756537 1.6793e-20)
(-0.0565912 0.0169252 5.01673e-21)
(-0.0736376 0.0420871 -7.55043e-21)
(-0.0874819 0.0667933 -2.80788e-21)
(-0.0972154 0.0921149 -1.1534e-20)
(-0.10228 0.120279 2.48599e-21)
(-0.0968255 0.153237 -1.48352e-20)
(0.00290684 -0.019215 -2.68775e-20)
(-0.00266279 -0.0283708 -1.77465e-20)
(-0.0178029 -0.0193583 1.40821e-20)
(-0.0354998 0.000295876 -2.41885e-20)
(-0.0525492 0.0241244 2.45261e-21)
(-0.066885 0.0482472 2.77219e-20)
(-0.0770585 0.0715115 -4.91899e-21)
(-0.081992 0.0948746 3.17551e-20)
(-0.0816602 0.120597 -1.05385e-21)
(-0.06787 0.151093 -1.20668e-20)
(0.00285666 -0.0160951 2.17242e-20)
(-0.00275773 -0.0222845 -3.94831e-20)
(-0.0174009 -0.0124792 -1.56374e-20)
(-0.034007 0.00675204 1.86843e-20)
(-0.049181 0.0295614 2.90428e-22)
(-0.0607147 0.0523249 -5.15282e-20)
(-0.0670615 0.0738551 -2.68139e-21)
(-0.066909 0.094936 -2.43964e-20)
(-0.0608321 0.117638 -3.06306e-20)
(-0.0385672 0.145852 1.74031e-20)
(0.00258433 -0.0131915 -1.21146e-20)
(-0.00334893 -0.0167864 5.94143e-21)
(-0.0176909 -0.00657624 1.43694e-20)
(-0.0333202 0.0118296 -1.22189e-20)
(-0.0466771 0.0332233 -4.37539e-20)
(-0.0554226 0.0542629 1.51686e-20)
(-0.0579383 0.0737301 2.34804e-21)
(-0.0526725 0.092207 3.57993e-20)
(-0.0404927 0.111301 4.54712e-20)
(-0.00960072 0.136734 -1.99828e-20)
(0.0020786 -0.0104512 1.84398e-20)
(-0.00445721 -0.0117852 1.67709e-20)
(-0.0187063 -0.00154918 -2.45379e-21)
(-0.0334914 0.0156218 6.18563e-20)
(-0.0451233 0.0351841 2.6178e-20)
(-0.0511502 0.0541108 1.93431e-20)
(-0.0499007 0.0711662 2.64449e-20)
(-0.0396465 0.0867263 -1.18254e-20)
(-0.0213994 0.101819 -1.50177e-20)
(0.0186648 0.123164 -2.29343e-20)
(0.00132201 -0.00781538 -2.05526e-21)
(-0.00609667 -0.00717229 -2.61857e-20)
(-0.0204399 0.00273741 -1.8763e-20)
(-0.0344863 0.018282 -3.01398e-20)
(-0.0444612 0.0356066 -2.35044e-20)
(-0.0478222 0.0520349 2.33107e-20)
(-0.0428407 0.0663246 -2.18338e-20)
(-0.0276373 0.0787194 -1.48217e-20)
(-0.00352043 0.0894858 1.85605e-21)
(0.0465776 0.105517 6.48038e-21)
(0.000295405 -0.00522911 -4.94384e-20)
(-0.00826499 -0.00283875 2.38001e-20)
(-0.0228282 0.00643786 1.73259e-20)
(-0.0361602 0.0200102 1.13604e-20)
(-0.0444488 0.0347363 -2.03574e-20)
(-0.0450868 0.0483283 -1.70505e-20)
(-0.0362371 0.0595983 2.41738e-20)
(-0.0158298 0.0686703 -1.90559e-20)
(0.0142718 0.0747762 -1.28349e-21)
(0.0760683 0.0847326 -1.81283e-20)
(-0.00101505 -0.00265266 4.07231e-20)
(-0.0109312 0.00130692 1.65138e-20)
(-0.0257366 0.0097062 1.0353e-21)
(-0.0382381 0.0210346 -2.07364e-20)
(-0.0446241 0.0328857 1.71781e-21)
(-0.0422234 0.0434052 2.19015e-20)
(-0.0290496 0.051542 -6.00784e-21)
(-0.00266955 0.0573124 -6.92256e-21)
(0.0342938 0.0585977 -1.51343e-20)
(0.110842 0.0625144 2.78134e-20)
(-0.00261188 -6.66976e-05 2.67754e-20)
(-0.014024 0.00532345 -4.42565e-20)
(-0.0289491 0.0126759 -3.38539e-20)
(-0.0403037 0.0215865 1.47152e-20)
(-0.0442974 0.0304026 2.96149e-20)
(-0.0381551 0.0377451 2.42002e-20)
(-0.0196481 0.0427846 -2.52015e-20)
(0.0141941 0.0455826 4.74069e-20)
(0.0600372 0.0421363 -1.38119e-20)
(0.155794 0.0414828 -3.14525e-20)
(-0.00447789 0.00251571 -4.07451e-20)
(-0.0174243 0.00922255 2.45924e-20)
(-0.0321649 0.01544 -1.14048e-20)
(-0.0418065 0.0218727 1.18734e-21)
(-0.0425709 0.027632 1.21642e-20)
(-0.0314958 0.0318522 -3.8427e-20)
(-0.00595497 0.0340204 3.28816e-20)
(0.0376684 0.0344347 -3.13833e-20)
(0.0957957 0.0266398 4.81976e-20)
(0.215541 0.0246645 1.67404e-20)
(-0.00656729 0.00504879 8.36428e-21)
(-0.0209579 0.0129636 4.70426e-20)
(-0.0350061 0.0180356 -1.16172e-20)
(-0.0420869 0.0220471 1.18525e-20)
(-0.0383948 0.0248735 1.33497e-20)
(-0.020664 0.0261938 -3.95594e-21)
(0.0143151 0.0259107 2.80572e-20)
(0.070716 0.0246881 1.65255e-21)
(0.145841 0.0133281 -3.0267e-20)
(0.292337 0.0145068 3.95584e-20)
(-0.00880803 0.00746078 -2.2618e-20)
(-0.0244016 0.0164532 -4.43616e-20)
(-0.0370363 0.0204335 3.84727e-20)
(-0.0404208 0.0221874 1.90645e-20)
(-0.0306541 0.0223391 -8.77057e-20)
(-0.00405588 0.0211482 7.03533e-20)
(0.0433366 0.0190035 -6.17717e-20)
(0.11579 0.0169078 1.07699e-21)
(0.213394 0.00350842 -1.28684e-20)
(0.384313 0.0121321 -3.61868e-20)
(-0.0111016 0.00965862 1.93648e-20)
(-0.027492 0.0195528 -2.55058e-21)
(-0.0377881 0.0225377 -9.43316e-21)
(-0.0360782 0.0222841 -1.20328e-21)
(-0.0182799 0.0201444 -5.46893e-21)
(0.01978 0.0169587 -2.23546e-20)
(0.0828602 0.0136894 9.08656e-21)
(0.174467 0.0113528 -1.43498e-20)
(0.299657 -0.00123427 4.42588e-21)
(0.485218 0.0174279 1.1646e-21)
(-0.0133295 0.0115406 -3.95165e-20)
(-0.0299405 0.0220951 -2.78765e-21)
(-0.0367897 0.0241976 4.30736e-21)
(-0.0283668 0.0222487 1.75842e-21)
(-0.000342384 0.0182927 2.86262e-20)
(0.0519781 0.0137297 -8.21908e-20)
(0.133985 0.0101958 5.39242e-20)
(0.247405 0.0080631 -3.96625e-20)
(0.403182 0.00073335 3.18714e-20)
(0.586826 0.0286884 3.35829e-20)
(-0.0153627 0.0130106 -4.79189e-21)
(-0.0314485 0.0239058 2.20806e-20)
(-0.0335893 0.0252314 -2.76581e-20)
(-0.0166743 0.0219342 -8.64543e-21)
(0.02391 0.0166992 1.65366e-20)
(0.0932747 0.0114761 7.81708e-20)
(0.196992 0.00860872 -1.52263e-20)
(0.334271 0.00719644 7.33195e-21)
(0.519405 0.00995487 -3.74707e-20)
(0.684834 0.0395828 1.66996e-20)
(-0.017072 0.0139916 -1.44286e-20)
(-0.0317198 0.024829 -1.12568e-20)
(-0.0277659 0.0254619 2.79849e-21)
(-0.000476041 0.0211811 1.08603e-20)
(0.0550281 0.0152635 -3.20189e-20)
(0.144016 0.0101918 -1.28249e-20)
(0.271344 0.00895997 -3.95846e-20)
(0.433212 0.00941051 3.91349e-20)
(0.639654 0.0238388 4.03211e-20)
(0.783155 0.0398814 -1.63007e-20)
(-0.018337 0.0144352 -6.90793e-21)
(-0.03047 0.0247542 2.81259e-20)
(-0.0189259 0.0247532 -3.14378e-20)
(0.0206813 0.0198725 -3.66168e-21)
(0.0933968 0.0139423 -1.47468e-20)
(0.2042 0.00995289 3.16146e-20)
(0.355892 0.0113797 3.9879e-20)
(0.540649 0.015504 -3.74989e-20)
(0.753191 0.0356696 3.91651e-20)
(0.910032 0.0389802 5.35851e-21)
(-0.0190473 0.0143264 -2.00427e-20)
(-0.0274299 0.0236359 -5.69176e-20)
(-0.0066909 0.0230467 5.55584e-20)
(0.047207 0.0179912 7.99201e-21)
(0.139277 0.0128161 1.15406e-20)
(0.273494 0.0109845 7.08253e-21)
(0.448899 0.0161326 3.0648e-20)
(0.651563 0.025218 2.19833e-20)
(0.862466 0.0475671 -7.61091e-20)
(1.02107 0.052213 -3.63931e-20)
(-0.022334 0.021501 1.37766e-20)
(0.00931009 0.0203918 -3.14835e-20)
(0.0794848 0.0156618 6.09407e-21)
(0.192809 0.0121364 9.74879e-21)
(0.351184 0.0136712 -6.91814e-20)
(0.547913 0.023541 3.02944e-20)
(0.761228 0.0378539 -1.97862e-20)
(0.963502 0.061477 2.05027e-20)
(1.10932 0.0672719 -7.11916e-21)
(0.0294513 0.0169612 -1.57478e-21)
(0.117866 0.0131684 -8.59193e-21)
(0.253964 0.0123342 2.53791e-22)
(0.436069 0.0184904 5.02204e-22)
(0.649777 0.0337766 -4.5915e-20)
(0.865496 0.0527688 6.14641e-21)
(1.05231 0.0766686 5.53729e-20)
(1.18049 0.0827456 2.44149e-20)
(0.0541033 0.0130461 5.37161e-20)
(0.16263 0.0109493 1.36724e-21)
(0.322429 0.0139787 -2.24507e-20)
(0.526358 0.0258849 5.96384e-20)
(0.750961 0.0467398 1.29643e-20)
(0.960934 0.0693035 7.64005e-22)
(1.12758 0.0924663 -2.43897e-20)
(1.23453 0.0979737 -3.12978e-20)
(0.213909 0.00956486 -2.23377e-20)
(0.397477 0.0176911 3.63799e-20)
(0.619679 0.0361241 -1.7674e-20)
(0.848034 0.0620704 -1.97927e-20)
(1.0453 0.0868278 -4.57852e-21)
(1.189 0.108327 -1.42048e-20)
(1.27458 0.112453 1.50426e-20)
(0.477871 0.0240263 1.9882e-20)
(0.713283 0.0492217 -6.57972e-20)
(0.938134 0.0792557 4.18583e-20)
(1.11754 0.104798 -1.87611e-20)
(1.23751 0.123869 2.78935e-20)
(1.303 0.126166 7.58963e-21)
(1.01925 0.0977504 -1.07125e-20)
(1.1776 0.1228 8.89665e-21)
(1.27457 0.138894 -2.13061e-20)
(1.32228 0.139117 -2.13873e-20)
(1.22617 0.140554 -2.82397e-20)
(1.30188 0.153328 5.26677e-22)
(1.33447 0.151441 1.48455e-20)
(1.32114 0.167191 2.11867e-20)
(1.3413 0.163279 -8.96338e-21)
(-0.221829 0.197124 -1.32802e-22)
(-0.25519 0.334379 4.09831e-23)
(-0.248381 0.464902 1.74432e-22)
(-0.215581 0.565852 -1.70794e-22)
(-0.124464 0.562455 4.3705e-23)
(0.0262103 0.409752 1.67558e-22)
(0.199356 0.12335 4.22493e-23)
(0.374989 -0.213967 -9.68198e-23)
(0.524026 -0.482296 -8.47387e-23)
(0.609327 -0.625944 -6.31529e-23)
(0.656132 -0.663191 3.25967e-24)
(0.648559 -0.636763 -6.86518e-23)
(0.539151 -0.661928 3.8844e-23)
(0.480019 -0.50219 -1.78408e-23)
(0.584228 -0.149763 -1.50961e-23)
(0.739562 0.210981 -1.0347e-23)
(0.850133 0.431232 5.81547e-23)
(0.901226 0.451045 7.34187e-23)
(0.864784 0.555313 2.07993e-24)
(0.753569 0.4993 2.81308e-23)
(0.737274 0.379017 -1.33356e-23)
(0.846761 0.0945325 -1.02594e-23)
(0.922707 -0.184769 -4.22773e-24)
(0.933837 -0.287114 -2.0685e-23)
(0.962524 -0.558545 -2.19682e-23)
(0.942739 -0.384308 -7.2173e-24)
(0.941308 -0.24067 6.46366e-24)
(0.961325 0.00230244 5.11461e-23)
(1.00367 0.519365 7.75139e-24)
(0.971349 0.31132 3.70032e-24)
(-0.213849 0.206383 5.55244e-23)
(-0.242176 0.335744 -4.09425e-22)
(-0.228333 0.458116 -5.64734e-23)
(-0.182822 0.548215 4.43111e-22)
(-0.07255 0.533825 -1.92826e-23)
(0.0880126 0.375496 -6.4088e-22)
(0.259562 0.0901131 5.38419e-22)
(0.430395 -0.244395 -5.26054e-22)
(0.572137 -0.504486 2.42289e-22)
(0.64578 -0.637825 -3.77221e-22)
(0.678706 -0.666552 5.21789e-22)
(0.66773 -0.627779 -3.95676e-22)
(0.560419 -0.648155 -1.86192e-23)
(0.478535 -0.50478 2.88482e-22)
(0.566497 -0.168397 -5.00865e-23)
(0.72038 0.1918 -6.42979e-23)
(0.836807 0.419572 -1.77887e-22)
(0.893786 0.449674 1.30722e-22)
(0.856261 0.563601 8.69089e-23)
(0.746265 0.506475 -1.12226e-22)
(0.731902 0.374563 -3.09473e-23)
(0.849463 0.0855966 6.41868e-23)
(0.928232 -0.188725 -3.06709e-24)
(0.939068 -0.288642 -7.64109e-23)
(0.96986 -0.558758 3.87346e-23)
(0.947234 -0.383833 6.56766e-23)
(0.943889 -0.241279 -8.68225e-25)
(0.960283 0.000113847 -9.68207e-23)
(0.998672 0.519118 1.70679e-24)
(0.96915 0.312125 -2.233e-23)
(-0.196601 0.213092 2.91082e-21)
(-0.21841 0.334184 -2.19728e-21)
(-0.19651 0.448134 1.48363e-21)
(-0.138644 0.527197 -1.38523e-21)
(-0.0123974 0.503297 -7.16395e-22)
(0.152789 0.343018 3.64063e-21)
(0.321638 0.0600452 -1.29433e-21)
(0.487243 -0.271484 -1.47466e-21)
(0.620851 -0.523728 7.08877e-22)
(0.683118 -0.647098 -1.88547e-23)
(0.701948 -0.668625 1.38154e-22)
(0.686715 -0.618913 -2.93442e-23)
(0.582632 -0.633341 -3.68634e-23)
(0.480227 -0.505478 9.56884e-23)
(0.550942 -0.186995 4.89669e-23)
(0.702335 0.171396 -1.21936e-22)
(0.824259 0.406849 3.79428e-22)
(0.88696 0.447822 8.82766e-23)
(0.847935 0.571798 -4.92517e-23)
(0.73949 0.513698 -7.67988e-23)
(0.727734 0.370053 5.04961e-23)
(0.852868 0.0766565 8.99012e-23)
(0.934159 -0.192521 -1.77077e-22)
(0.944578 -0.290018 6.04583e-23)
(0.977025 -0.558864 -1.17584e-22)
(0.951571 -0.383307 -7.54122e-23)
(0.946544 -0.241815 1.45182e-23)
(0.959434 -0.00195436 1.69541e-22)
(0.993625 0.518849 -2.03722e-23)
(0.966847 0.312855 1.37227e-23)
(-0.171513 0.21687 -3.14432e-21)
(-0.185654 0.32957 1.46017e-21)
(-0.155048 0.435015 -1.88206e-22)
(-0.0856076 0.503316 4.22568e-22)
(0.0530737 0.471744 -4.7543e-22)
(0.219075 0.312756 -2.46657e-21)
(0.384478 0.0331873 1.31695e-21)
(0.544983 -0.29517 -2.06664e-22)
(0.669819 -0.54003 9.44476e-22)
(0.720983 -0.653829 1.47256e-21)
(0.725772 -0.669379 -3.45886e-22)
(0.705483 -0.610258 2.58971e-22)
(0.605427 -0.617741 -2.84798e-22)
(0.485253 -0.504275 -3.14621e-22)
(0.537931 -0.205325 5.36674e-23)
(0.685584 0.14987 -1.60454e-22)
(0.81259 0.393064 -3.31765e-22)
(0.880753 0.445465 -8.09596e-23)
(0.839853 0.579875 1.09061e-22)
(0.733333 0.520938 -3.86422e-23)
(0.724783 0.365517 -1.52937e-22)
(0.856937 0.067758 -5.46546e-24)
(0.940463 -0.196149 7.07938e-23)
(0.95035 -0.291223 1.05841e-23)
(0.984009 -0.558845 4.10507e-23)
(0.955735 -0.382739 2.11265e-23)
(0.949249 -0.24229 1.69164e-23)
(0.958763 -0.00389751 5.63594e-23)
(0.988529 0.518569 1.15953e-22)
(0.964448 0.31351 7.60388e-24)
(-0.140289 0.217478 2.20836e-21)
(-0.145961 0.321919 2.33371e-21)
(-0.10635 0.418896 1.4653e-21)
(-0.0262338 0.476955 -1.24052e-21)
(0.121318 0.44012 1.6195e-22)
(0.285427 0.284838 -8.40969e-22)
(0.447055 0.00953277 -2.24691e-21)
(0.603047 -0.315458 -6.98374e-22)
(0.718721 -0.553419 3.80883e-22)
(0.759025 -0.658107 -7.16706e-23)
(0.750081 -0.668797 -5.11443e-22)
(0.724007 -0.601877 1.09576e-22)
(0.628487 -0.601627 5.36355e-22)
(0.493634 -0.501223 -3.25972e-22)
(0.527852 -0.223122 3.22419e-22)
(0.670313 0.127351 4.64224e-23)
(0.801897 0.378224 6.89944e-22)
(0.875158 0.442578 -9.49487e-23)
(0.832074 0.587797 -1.83974e-22)
(0.72787 0.528166 -2.53125e-23)
(0.723045 0.360991 -2.0223e-22)
(0.861634 0.0589479 -3.08952e-22)
(0.947119 -0.199598 -5.75727e-25)
(0.95636 -0.292235 1.76232e-22)
(0.990801 -0.558683 1.26744e-23)
(0.959716 -0.382137 3.52354e-23)
(0.951982 -0.242714 -7.53432e-23)
(0.958251 -0.00571187 -2.46369e-22)
(0.983385 0.518286 -1.93843e-22)
(0.961962 0.314093 -4.39415e-23)
(-0.104761 0.214811 1.31875e-21)
(-0.101509 0.311578 2.94496e-21)
(-0.0529482 0.399648 1.30539e-21)
(0.0369632 0.448688 -4.85851e-21)
(0.190185 0.40898 5.48898e-21)
(0.350465 0.259321 -2.66578e-21)
(0.508458 -0.0109625 -6.48725e-22)
(0.660907 -0.332419 -1.14229e-21)
(0.767265 -0.56394 -2.90757e-22)
(0.796909 -0.660036 2.72211e-21)
(0.774777 -0.666874 -5.931e-22)
(0.742262 -0.593809 -9.06402e-22)
(0.651551 -0.585279 3.03184e-24)
(0.505232 -0.496435 4.33703e-22)
(0.52109 -0.240141 -5.8701e-22)
(0.656744 0.103994 6.42918e-22)
(0.792276 0.362347 -6.85997e-22)
(0.870159 0.439138 3.65333e-22)
(0.82466 0.59552 4.25927e-23)
(0.723161 0.535354 3.13505e-22)
(0.722496 0.356519 1.40268e-22)
(0.866924 0.0502774 1.16724e-22)
(0.954106 -0.202862 3.1969e-23)
(0.96258 -0.293037 2.00613e-22)
(0.997394 -0.558364 7.71065e-23)
(0.963504 -0.381508 -4.1714e-23)
(0.954718 -0.243101 2.17871e-22)
(0.957873 -0.00739469 -2.27096e-22)
(0.978194 0.518007 2.95768e-22)
(0.9594 0.314603 7.32405e-23)
(-0.0667168 0.208825 -2.51436e-21)
(-0.0544923 0.298192 4.36366e-22)
(0.00262817 0.377858 5.01411e-22)
(0.101649 0.419136 -8.2617e-22)
(0.257834 0.378645 5.95291e-22)
(0.412978 0.236172 1.34396e-21)
(0.567953 -0.0284331 1.16137e-21)
(0.718076 -0.346183 -1.61335e-21)
(0.815182 -0.571658 -1.36896e-21)
(0.834321 -0.659733 8.24336e-22)
(0.799755 -0.663624 1.58981e-22)
(0.760227 -0.586068 7.49615e-22)
(0.674412 -0.568965 -7.5724e-22)
(0.519763 -0.490077 -3.79602e-22)
(0.517976 -0.256166 5.40945e-22)
(0.645131 0.0799817 2.39974e-22)
(0.783812 0.345464 8.20802e-24)
(0.865738 0.435118 5.73461e-24)
(0.817678 0.602996 -1.30101e-22)
(0.71925 0.542481 -5.14199e-22)
(0.723099 0.352144 -2.23636e-24)
(0.872772 0.0418025 -1.86115e-22)
(0.961401 -0.205931 -1.28784e-22)
(0.968981 -0.293612 -1.13887e-22)
(1.00378 -0.557871 -1.80686e-22)
(0.967096 -0.380859 -3.38419e-23)
(0.957438 -0.243458 -2.03545e-22)
(0.957604 -0.00894472 2.61047e-22)
(0.972958 0.517738 -2.67866e-22)
(0.956773 0.315043 -7.40706e-23)
(-0.0280679 0.199415 2.77097e-21)
(-0.00673445 0.281762 4.21081e-22)
(0.0583302 0.35436 -8.83486e-23)
(0.165547 0.388683 -2.25301e-22)
(0.32268 0.349353 -8.26022e-22)
(0.471939 0.215247 5.75749e-21)
(0.625032 -0.0432328 -4.6995e-21)
(0.774162 -0.356937 -1.88391e-21)
(0.862223 -0.576652 -6.30441e-22)
(0.870975 -0.657326 1.08524e-21)
(0.824907 -0.659073 1.49975e-21)
(0.777884 -0.578651 -5.03918e-22)
(0.696905 -0.552935 -6.32869e-22)
(0.536824 -0.482361 8.97474e-22)
(0.518729 -0.271006 -1.07885e-21)
(0.635743 0.0555215 2.57751e-22)
(0.776582 0.327625 4.20558e-23)
(0.861874 0.430493 2.70832e-22)
(0.811189 0.61017 -4.08541e-22)
(0.71616 0.549529 5.89351e-22)
(0.724799 0.347917 -4.95073e-23)
(0.879142 0.0335449 8.52992e-22)
(0.96898 -0.208799 1.7799e-22)
(0.975535 -0.293942 -5.05485e-22)
(1.00995 -0.557191 3.91635e-23)
(0.970492 -0.380194 -7.19493e-23)
(0.96012 -0.243796 3.06319e-23)
(0.957415 -0.0103597 -2.20138e-22)
(0.967679 0.517485 1.59578e-22)
(0.954094 0.315412 7.02107e-23)
(0.00978869 0.186955 -1.81311e-21)
(0.0401899 0.26302 1.11477e-21)
(0.112378 0.32921 1.97957e-21)
(0.226778 0.357631 7.80493e-22)
(0.38337 0.32122 -4.70248e-21)
(0.526561 0.196297 3.50906e-22)
(0.679447 -0.0557976 1.17933e-21)
(0.828881 -0.364891 -3.95707e-21)
(0.908157 -0.579011 -9.97724e-22)
(0.906619 -0.65295 4.05076e-21)
(0.850116 -0.653265 -1.79661e-22)
(0.795222 -0.571537 7.17568e-22)
(0.718896 -0.537408 -9.21989e-22)
(0.555948 -0.473528 4.77817e-22)
(0.523386 -0.284519 -3.93499e-22)
(0.628846 0.0308445 6.27621e-22)
(0.770646 0.308898 6.88987e-23)
(0.858542 0.425236 -3.96988e-22)
(0.805249 0.616983 7.34933e-22)
(0.713896 0.556484 -4.37053e-22)
(0.727525 0.343887 2.93646e-22)
(0.885994 0.0255491 -1.20628e-22)
(0.97682 -0.211459 -5.4432e-22)
(0.982214 -0.294013 5.61286e-22)
(1.01588 -0.556312 -9.0345e-23)
(0.973699 -0.379518 2.37103e-22)
(0.962748 -0.244122 -2.34481e-22)
(0.957276 -0.0116395 3.95895e-22)
(0.962361 0.517251 -2.11839e-22)
(0.951374 0.315712 2.53975e-24)
(0.0462985 0.171956 2.27532e-22)
(0.0850639 0.242235 4.29674e-21)
(0.163475 0.302691 -5.49673e-21)
(0.28394 0.326259 -1.34413e-21)
(0.438824 0.294234 5.95011e-21)
(0.576386 0.178972 1.71534e-21)
(0.731235 -0.066611 -4.69557e-21)
(0.882051 -0.370271 -1.25212e-21)
(0.952762 -0.578825 1.94316e-21)
(0.941035 -0.646742 1.93574e-21)
(0.875259 -0.646255 -1.64122e-22)
(0.812239 -0.564689 -4.54064e-23)
(0.740272 -0.52257 3.53966e-22)
(0.576657 -0.463832 -3.31588e-22)
(0.531756 -0.296623 2.39337e-22)
(0.624658 0.00632428 -2.32955e-22)
(0.766045 0.289368 -9.27903e-23)
(0.855719 0.419318 5.06951e-22)
(0.799902 0.623371 -1.04762e-21)
(0.712447 0.563339 6.00455e-22)
(0.731195 0.340101 -2.25558e-22)
(0.893287 0.0178806 -5.84981e-22)
(0.984894 -0.213903 6.73577e-23)
(0.988991 -0.293811 -1.42005e-22)
(1.02158 -0.555223 3.03118e-22)
(0.97673 -0.378836 -1.26309e-22)
(0.965307 -0.244442 -6.43233e-23)
(0.957155 -0.0127863 -1.83423e-22)
(0.957008 0.517038 -9.40522e-23)
(0.948626 0.315942 -1.22849e-23)
(0.0817328 0.154691 -3.0435e-21)
(0.127347 0.219742 5.69502e-21)
(0.210942 0.275192 -1.23498e-21)
(0.336199 0.294835 -8.4851e-21)
(0.488355 0.268288 1.04274e-20)
(0.621393 0.162825 3.95669e-21)
(0.78072 -0.0761635 -9.38663e-21)
(0.93358 -0.373318 -1.5128e-22)
(0.995824 -0.576185 -2.70753e-21)
(0.974044 -0.638839 8.87543e-22)
(0.900203 -0.638109 -1.35787e-21)
(0.828948 -0.558059 1.29321e-21)
(0.760938 -0.508568 -8.12328e-23)
(0.598506 -0.453524 1.07409e-22)
(0.543417 -0.307289 3.12948e-22)
(0.623302 -0.0180716 -7.61648e-22)
(0.762773 0.269129 5.0562e-22)
(0.853377 0.412713 -3.51482e-22)
(0.795182 0.629271 1.90801e-22)
(0.711784 0.570091 4.61312e-22)
(0.73572 0.336609 -8.46985e-23)
(0.900981 0.0105762 -2.60772e-22)
(0.993172 -0.216127 1.1336e-21)
(0.995843 -0.293324 -4.42021e-22)
(1.02703 -0.553917 6.16265e-23)
(0.979606 -0.378153 -2.11085e-22)
(0.967787 -0.24476 4.72212e-22)
(0.95702 -0.0137998 5.17448e-22)
(0.951621 0.516847 2.38126e-22)
(0.945864 0.316102 1.17112e-22)
(0.117482 0.135622 -1.67459e-21)
(0.167472 0.196016 7.38915e-21)
(0.254906 0.247128 -1.82229e-21)
(0.383442 0.263623 -2.79924e-21)
(0.531857 0.243211 9.65789e-21)
(0.662127 0.147339 -7.96619e-21)
(0.828497 -0.0848941 -5.10462e-21)
(0.983431 -0.374277 1.19229e-22)
(1.03713 -0.571177 8.37448e-21)
(1.0055 -0.629383 -7.18177e-22)
(0.924812 -0.628912 -6.49709e-22)
(0.845373 -0.551595 2.23322e-22)
(0.780807 -0.495522 3.68905e-22)
(0.621114 -0.442835 -4.39132e-22)
(0.557692 -0.316535 4.23726e-22)
(0.624756 -0.042265 -8.34798e-25)
(0.760837 0.248296 2.16156e-22)
(0.851487 0.405394 -2.78878e-23)
(0.791107 0.634617 6.19751e-22)
(0.711863 0.576738 -7.17277e-22)
(0.741003 0.333455 -2.69105e-22)
(0.909035 0.00372781 4.74363e-22)
(1.00162 -0.218125 -6.71359e-22)
(1.00275 -0.292541 2.29929e-22)
(1.03223 -0.552386 -2.36147e-22)
(0.982357 -0.377472 -3.69959e-23)
(0.970182 -0.245078 -7.17963e-23)
(0.956837 -0.0146811 -5.13055e-22)
(0.946206 0.516678 -2.59565e-23)
(0.943101 0.316191 -2.02952e-22)
(0.156256 0.115534 -2.85302e-22)
(0.207116 0.171665 4.49101e-21)
(0.296516 0.218961 -5.3814e-21)
(0.426457 0.232926 6.22446e-21)
(0.570035 0.218806 4.24581e-21)
(0.6998 0.131971 -4.18397e-21)
(0.875357 -0.0931511 3.10134e-21)
(1.03157 -0.373336 -3.71415e-21)
(1.07649 -0.5639 4.87121e-21)
(1.03529 -0.618532 -7.29418e-21)
(0.948944 -0.618775 1.29875e-21)
(0.861551 -0.545253 1.01129e-21)
(0.799811 -0.483523 -4.73677e-22)
(0.644166 -0.431965 5.45227e-22)
(0.573822 -0.324396 -4.75942e-22)
(0.628826 -0.0658567 2.37735e-22)
(0.760163 0.226984 -4.10165e-22)
(0.850009 0.397334 2.91069e-22)
(0.787682 0.639342 -2.5127e-22)
(0.712628 0.583283 -2.73951e-22)
(0.746956 0.330682 3.65203e-22)
(0.917408 -0.00283011 -7.86682e-22)
(1.01021 -0.219898 1.32046e-21)
(1.00969 -0.291454 -5.142e-22)
(1.03717 -0.550627 -4.09167e-22)
(0.985019 -0.376798 -7.85747e-23)
(0.97249 -0.245397 3.46094e-23)
(0.956573 -0.0154333 8.94353e-24)
(0.940766 0.516527 -1.17877e-22)
(0.94035 0.31621 1.83319e-22)
(0.20177 0.0955894 4.72926e-21)
(0.24925 0.147456 -2.36228e-21)
(0.338088 0.191239 1.86524e-21)
(0.467106 0.203103 -2.06028e-22)
(0.604619 0.194888 4.6862e-21)
(0.736322 0.116237 -3.96032e-21)
(0.922187 -0.101145 -6.31485e-21)
(1.07794 -0.370583 2.22316e-21)
(1.11369 -0.55448 3.67502e-21)
(1.06334 -0.606457 3.44251e-21)
(0.972464 -0.607814 -3.17072e-21)
(0.877534 -0.53898 2.72126e-21)
(0.817904 -0.472629 3.94085e-22)
(0.667399 -0.421073 -2.13005e-22)
(0.591042 -0.33092 -1.22566e-23)
(0.635133 -0.0887644 -1.63122e-22)
(0.760623 0.205304 -1.22911e-23)
(0.848894 0.388506 1.46072e-22)
(0.784894 0.643381 -9.38531e-23)
(0.714013 0.58973 1.04174e-22)
(0.753468 0.328324 -4.21978e-22)
(0.926069 -0.00903772 1.99667e-22)
(1.01893 -0.221436 -9.80379e-22)
(1.01664 -0.290055 -4.24472e-23)
(1.04185 -0.548638 3.37891e-22)
(0.987635 -0.376131 2.78517e-22)
(0.974713 -0.245712 -5.03521e-23)
(0.956197 -0.0160589 2.52159e-23)
(0.935304 0.516391 3.56339e-22)
(0.937624 0.316156 -4.52534e-23)
(0.25783 0.0772246 -3.7799e-21)
(0.297773 0.124299 5.42794e-21)
(0.382997 0.164607 -1.16931e-21)
(0.508348 0.174583 -2.89608e-21)
(0.638451 0.171354 3.88596e-21)
(0.774169 0.0998099 4.36409e-22)
(0.969801 -0.108892 -2.00317e-21)
(1.12236 -0.366003 7.85492e-21)
(1.14852 -0.54302 -1.05572e-20)
(1.0896 -0.593255 6.61507e-21)
(0.995251 -0.596062 -7.19598e-22)
(0.89338 -0.532641 -1.84476e-21)
(0.835063 -0.462807 -4.32261e-22)
(0.690586 -0.410248 4.0294e-22)
(0.608695 -0.336122 -1.03452e-22)
(0.643144 -0.110918 3.19073e-22)
(0.762029 0.183344 -3.88725e-22)
(0.848078 0.378883 2.96519e-22)
(0.782722 0.646669 2.59384e-22)
(0.715943 0.596081 9.96548e-23)
(0.760467 0.326415 4.48601e-22)
(0.934996 -0.0146821 -6.13527e-23)
(1.02772 -0.222738 4.45342e-22)
(1.02359 -0.288342 -7.94166e-23)
(1.04629 -0.546415 3.70276e-22)
(0.990245 -0.375473 2.82989e-23)
(0.976852 -0.246015 2.01607e-22)
(0.955677 -0.0165592 -2.90167e-22)
(0.929822 0.516266 -3.34127e-22)
(0.934936 0.31603 -9.1116e-23)
(0.327133 0.0618527 -3.36336e-22)
(0.356771 0.103143 -2.12386e-21)
(0.435263 0.139757 -4.80257e-21)
(0.553999 0.147858 2.21967e-21)
(0.675312 0.148247 2.29641e-21)
(0.81606 0.0826312 -1.78436e-21)
(1.01875 -0.116256 -9.31039e-22)
(1.16457 -0.359536 6.38042e-21)
(1.18079 -0.529552 -6.78317e-21)
(1.11404 -0.578891 -1.20869e-21)
(1.0172 -0.583443 5.78952e-23)
(0.90914 -0.526024 -2.44914e-22)
(0.851282 -0.453954 1.70004e-21)
(0.713513 -0.399539 -9.07068e-22)
(0.626313 -0.340001 3.50078e-22)
(0.652235 -0.132231 -3.33042e-22)
(0.764128 0.161183 -3.33126e-24)
(0.84748 0.368431 -3.96706e-22)
(0.781127 0.649138 2.43509e-22)
(0.718339 0.602339 -7.28668e-22)
(0.767893 0.324976 1.71581e-22)
(0.944183 -0.0198519 4.77609e-22)
(1.03657 -0.223801 -3.38549e-22)
(1.0305 -0.286309 2.89631e-22)
(1.05051 -0.543966 -6.31184e-22)
(0.992878 -0.374825 2.61488e-22)
(0.978902 -0.246297 -3.74184e-22)
(0.954979 -0.0169305 3.1483e-22)
(0.924323 0.516143 8.44425e-23)
(0.932298 0.315829 -1.56496e-23)
(0.410489 0.0504921 -4.42984e-23)
(0.429764 0.0847771 -2.18875e-21)
(0.49894 0.117318 8.97353e-21)
(0.608205 0.123387 -9.0005e-21)
(0.719415 0.125748 6.82586e-21)
(0.864431 0.0650575 -7.25106e-21)
(1.06909 -0.122993 2.98912e-21)
(1.20416 -0.351194 -2.60526e-22)
(1.21034 -0.514277 -1.72385e-21)
(1.13669 -0.563588 1.45141e-21)
(1.03823 -0.570239 1.68294e-21)
(0.924847 -0.519254 3.5384e-22)
(0.86657 -0.446175 1.48674e-21)
(0.735976 -0.389133 -7.35496e-22)
(0.643653 -0.342671 8.96576e-22)
(0.661778 -0.152645 2.04611e-22)
(0.766612 0.13892 -5.24166e-22)
(0.847001 0.357127 1.15992e-22)
(0.780062 0.650728 6.71149e-22)
(0.721115 0.608497 4.20848e-22)
(0.775718 0.324 -1.3472e-21)
(0.953651 -0.0245576 3.3048e-22)
(1.04544 -0.224628 2.96096e-22)
(1.03736 -0.283955 -1.31296e-22)
(1.05454 -0.541315 2.88132e-22)
(0.995549 -0.374207 -2.53119e-22)
(0.980853 -0.246557 -7.48209e-23)
(0.95407 -0.0171704 4.2998e-22)
(0.918807 0.516017 4.75632e-23)
(0.929724 0.315551 4.35587e-23)
(0.50743 0.0431941 -1.34285e-22)
(0.51947 0.0694829 -1.20066e-21)
(0.577544 0.0978183 -4.5571e-21)
(0.674696 0.101617 4.94294e-21)
(0.774636 0.10417 -8.80203e-21)
(0.920819 0.0476125 -9.99593e-22)
(1.12022 -0.128179 1.12185e-20)
(1.24059 -0.340981 -8.15549e-21)
(1.23705 -0.498056 1.39966e-21)
(1.15759 -0.548592 -9.77398e-22)
(1.0583 -0.557724 3.62668e-21)
(0.940539 -0.513259 -1.24739e-21)
(0.880983 -0.440104 4.57893e-22)
(0.757811 -0.379508 3.42094e-22)
(0.660686 -0.344461 2.69943e-22)
(0.671236 -0.172405 7.95733e-23)
(0.769157 0.116532 -4.74955e-22)
(0.846513 0.344987 5.14646e-22)
(0.779468 0.651332 7.60143e-23)
(0.724182 0.61458 -4.23772e-22)
(0.783985 0.323536 2.58748e-22)
(0.96346 -0.0286943 -3.28307e-22)
(1.05429 -0.225205 2.14668e-22)
(1.04415 -0.281288 -2.35988e-22)
(1.05839 -0.538489 3.00739e-22)
(0.998251 -0.373651 1.20216e-22)
(0.982682 -0.246815 -1.18281e-22)
(0.952916 -0.0173125 -1.31752e-22)
(0.913273 0.515877 -2.31644e-22)
(0.927227 0.315197 2.40745e-23)
(0.619142 0.0376843 -2.28186e-21)
(0.628317 0.0565991 5.469e-21)
(0.673603 0.0817908 -2.65051e-21)
(0.75598 0.0835069 -3.82492e-21)
(0.843558 0.0850849 1.53655e-21)
(0.985469 0.0308639 -5.86984e-21)
(1.17086 -0.129348 7.30771e-21)
(1.27305 -0.328149 1.82758e-21)
(1.26072 -0.481331 -5.65029e-21)
(1.17674 -0.534608 3.01195e-21)
(1.07744 -0.54637 -1.71736e-21)
(0.956295 -0.508203 -2.05808e-22)
(0.894671 -0.435793 1.56285e-21)
(0.778931 -0.370722 -1.13212e-22)
(0.677517 -0.345302 -2.27769e-22)
(0.680208 -0.191763 5.22627e-22)
(0.771551 0.0934101 -7.52012e-22)
(0.845842 0.331493 3.65901e-22)
(0.779246 0.651105 -6.88042e-22)
(0.727412 0.620346 6.74208e-22)
(0.792933 0.324049 1.67906e-22)
(0.973735 -0.0318736 -3.79394e-22)
(1.06307 -0.225488 1.43524e-22)
(1.05084 -0.278354 1.15383e-23)
(1.0621 -0.535457 -4.32692e-23)
(1.00095 -0.373113 -1.36028e-22)
(0.984356 -0.247041 5.79022e-23)
(0.951488 -0.0174777 -4.08432e-24)
(0.907717 0.515712 1.12276e-22)
(0.924819 0.31477 -2.48444e-23)
(0.754593 0.0301758 -7.86608e-21)
(0.758668 0.0463087 1.77906e-21)
(0.788022 0.0687949 -2.79778e-21)
(0.852724 0.0686713 9.25578e-21)
(0.926632 0.0687343 -4.80649e-21)
(1.05718 0.0198045 5.79493e-21)
(1.21923 -0.127143 3.53794e-21)
(1.30066 -0.311414 -8.9231e-21)
(1.28113 -0.459956 6.99719e-22)
(1.19414 -0.515848 3.94154e-21)
(1.09563 -0.530511 -1.4292e-21)
(0.972084 -0.499321 -2.67758e-21)
(0.907747 -0.429713 3.41396e-23)
(0.799253 -0.360743 1.3557e-21)
(0.694244 -0.34346 1.02045e-23)
(0.688392 -0.208925 5.03762e-23)
(0.77378 0.0697692 -5.17361e-23)
(0.844658 0.315362 -1.73495e-22)
(0.779488 0.648512 -2.98017e-22)
(0.730847 0.62733 6.38742e-22)
(0.803522 0.325663 -5.21051e-22)
(0.984681 -0.0345559 -1.49031e-22)
(1.0717 -0.225525 1.97084e-22)
(1.05741 -0.275203 1.80237e-22)
(1.06569 -0.532066 -2.05823e-22)
(1.0036 -0.372317 1.96868e-22)
(0.985824 -0.247044 3.67212e-23)
(0.949765 -0.0176656 -6.6419e-23)
(0.902142 0.515426 -2.38399e-23)
(0.922516 0.314261 1.14958e-23)
(0.947689 0.0365271 0)
(0.915118 0.0451557 0)
(0.922835 0.0562658 0)
(0.96805 0.0489848 0)
(1.02804 0.0411281 0)
(1.13944 -0.00626373 0)
(1.26909 -0.137272 0)
(1.32829 -0.292817 0)
(1.30293 -0.426167 0)
(1.21357 -0.481092 0)
(1.11662 -0.499716 0)
(0.991116 -0.478669 0)
(0.922813 -0.415905 0)
(0.822874 -0.345 0)
(0.71468 -0.336475 0)
(0.697184 -0.222677 0)
(0.776182 0.0494021 0)
(0.841784 0.307274 0)
(0.777597 0.65021 0)
(0.736371 0.626682 0)
(0.82101 0.31667 0)
(0.999307 -0.0425426 0)
(1.08214 -0.225791 0)
(1.06546 -0.270996 0)
(1.07009 -0.52741 0)
(1.00676 -0.370732 0)
(0.987306 -0.246472 0)
(0.947268 -0.0154627 0)
(0.895361 0.516213 0)
(0.919855 0.313343 0)
(1.10793 0.0554647 0)
(1.07845 0.0544227 0)
(1.07621 0.0520502 0)
(1.10422 0.0355141 0)
(1.14914 0.0171496 0)
(1.23539 -0.0383234 0)
(1.33034 -0.160782 0)
(1.36122 -0.299911 0)
(1.31915 -0.417489 0)
(1.21961 -0.463033 0)
(1.12187 -0.476392 0)
(0.999423 -0.456614 0)
(0.928755 -0.396996 0)
(0.83863 -0.323979 0)
(0.736347 -0.321801 0)
(0.709131 -0.224944 0)
(0.777123 0.0402866 0)
(0.837094 0.306111 0)
(0.77587 0.656057 0)
(0.745868 0.623241 0)
(0.844733 0.298318 0)
(1.01948 -0.0609712 0)
(1.096 -0.230996 0)
(1.07535 -0.27128 0)
(1.07477 -0.52412 0)
(1.00913 -0.365794 0)
(0.988261 -0.242806 0)
(0.943588 -0.00998212 0)
(0.887083 0.518196 0)
(0.916848 0.31166 0)
(1.21866 0.0663592 0)
(1.19977 0.0606599 0)
(1.19855 0.0501173 0)
(1.21812 0.0262479 0)
(1.25193 -0.00110758 0)
(1.31487 -0.0607495 0)
(1.37835 -0.173821 0)
(1.38247 -0.294926 0)
(1.32762 -0.396919 0)
(1.22354 -0.436845 0)
(1.12812 -0.449639 0)
(1.00963 -0.434451 0)
(0.935854 -0.380152 0)
(0.853462 -0.305122 0)
(0.758525 -0.30806 0)
(0.721991 -0.22805 0)
(0.776621 0.0316667 0)
(0.831578 0.307122 0)
(0.774018 0.662906 0)
(0.758571 0.617472 0)
(0.872086 0.277029 0)
(1.0424 -0.0788697 0)
(1.1106 -0.235061 0)
(1.08542 -0.269731 0)
(1.0793 -0.519309 0)
(1.01096 -0.361151 0)
(0.988493 -0.238993 0)
(0.938939 -0.00408726 0)
(0.878338 0.520406 0)
(0.913987 0.30944 0)
(1.28907 0.0733885 0)
(1.27938 0.0629474 0)
(1.28195 0.0471053 0)
(1.29829 0.0182694 0)
(1.32472 -0.0154489 0)
(1.36839 -0.0762831 0)
(1.40591 -0.17874 0)
(1.3896 -0.28448 0)
(1.32768 -0.375277 0)
(1.22313 -0.41162 0)
(1.13119 -0.424225 0)
(1.0184 -0.412003 0)
(0.94266 -0.362971 0)
(0.86671 -0.286956 0)
(0.780578 -0.293731 0)
(0.735468 -0.229705 0)
(0.775074 0.0233897 0)
(0.825355 0.307465 0)
(0.771619 0.668285 0)
(0.774681 0.608985 0)
(0.903572 0.255041 0)
(1.06735 -0.0958683 0)
(1.12547 -0.238119 0)
(1.09544 -0.267316 0)
(1.08347 -0.513941 0)
(1.01214 -0.356084 0)
(0.987907 -0.23473 0)
(0.933082 0.00251017 0)
(0.869058 0.522481 0)
(0.911408 0.306762 0)
(1.32761 0.077315 0)
(1.32488 0.062261 0)
(1.33042 0.0428211 0)
(1.34515 0.0111427 0)
(1.36636 -0.0264549 0)
(1.39504 -0.0863366 0)
(1.41371 -0.178308 0)
(1.38472 -0.270882 0)
(1.32116 -0.352093 0)
(1.21979 -0.385415 0)
(1.13241 -0.398532 0)
(1.02629 -0.38895 0)
(0.949599 -0.34543 0)
(0.878366 -0.269545 0)
(0.802107 -0.27893 0)
(0.749651 -0.228926 0)
(0.773048 0.0166498 0)
(0.818213 0.307096 0)
(0.768446 0.671262 0)
(0.794386 0.597408 0)
(0.939056 0.231792 0)
(1.09381 -0.112354 0)
(1.14027 -0.240206 0)
(1.10525 -0.264066 0)
(1.08719 -0.50766 0)
(1.01254 -0.350432 0)
(0.986371 -0.22981 0)
(0.925774 0.00989152 0)
(0.859174 0.524372 0)
(0.909251 0.303573 0)
(1.34345 0.0782992 0)
(1.34571 0.059565 0)
(1.3527 0.037732 0)
(1.36583 0.00483614 0)
(1.38285 -0.0346484 0)
(1.40037 -0.0921447 0)
(1.40673 -0.174157 0)
(1.37156 -0.255247 0)
(1.31009 -0.328437 0)
(1.21438 -0.359291 0)
(1.13212 -0.373324 0)
(1.03313 -0.365715 0)
(0.956828 -0.327472 0)
(0.888523 -0.252878 0)
(0.822685 -0.263889 0)
(0.764534 -0.225684 0)
(0.771104 0.0120711 0)
(0.809708 0.306493 0)
(0.76447 0.671533 0)
(0.818015 0.581941 0)
(0.978093 0.206857 0)
(1.12128 -0.127971 0)
(1.15467 -0.241043 0)
(1.11465 -0.259851 0)
(1.09035 -0.500421 0)
(1.01198 -0.344106 0)
(0.983733 -0.224142 0)
(0.916775 0.0181347 0)
(0.848643 0.526037 0)
(0.907664 0.299754 0)
(1.34477 0.0772002 0)
(1.35032 0.0557872 0)
(1.35762 0.0323442 0)
(1.3688 -0.00062997 0)
(1.38222 -0.040528 0)
(1.39178 -0.0947828 0)
(1.39064 -0.167642 0)
(1.35371 -0.238782 0)
(1.29629 -0.305108 0)
(1.20769 -0.333578 0)
(1.13081 -0.348626 0)
(1.03884 -0.342478 0)
(0.964461 -0.30905 0)
(0.897432 -0.236873 0)
(0.841926 -0.248851 0)
(0.779909 -0.219972 0)
(0.769529 0.0101351 0)
(0.799206 0.306018 0)
(0.759872 0.668562 0)
(0.846019 0.561591 0)
(1.02012 0.180462 0)
(1.14918 -0.142217 0)
(1.16824 -0.240369 0)
(1.12344 -0.254585 0)
(1.09283 -0.492112 0)
(1.01028 -0.336991 0)
(0.979835 -0.217623 0)
(0.905848 0.0272902 0)
(0.837463 0.52732 0)
(0.90681 0.29517 0)
(1.3377 0.0746922 0)
(1.34524 0.0515527 0)
(1.35224 0.0270682 0)
(1.36123 -0.00535693 0)
(1.37151 -0.044526 0)
(1.37559 -0.0951158 0)
(1.36998 -0.15984 0)
(1.33388 -0.222287 0)
(1.28119 -0.282555 0)
(1.20023 -0.308581 0)
(1.12892 -0.324552 0)
(1.04335 -0.31948 0)
(0.97247 -0.290192 0)
(0.905512 -0.221387 0)
(0.8595 -0.233994 0)
(0.795426 -0.21177 0)
(0.768205 0.0113951 0)
(0.786001 0.305889 0)
(0.75513 0.661281 0)
(0.878848 0.53559 0)
(1.06435 0.15301 0)
(1.17676 -0.154598 0)
(1.1805 -0.237945 0)
(1.13138 -0.248207 0)
(1.09451 -0.482631 0)
(1.00727 -0.328954 0)
(0.974518 -0.210134 0)
(0.892774 0.0373826 0)
(0.825693 0.527963 0)
(0.90688 0.289676 0)
(1.32634 0.0711847 0)
(1.33492 0.0472031 0)
(1.34134 0.0221617 0)
(1.34817 -0.00938563 0)
(1.35572 -0.0470063 0)
(1.35609 -0.0938094 0)
(1.34776 -0.151424 0)
(1.31375 -0.206192 0)
(1.26576 -0.260993 0)
(1.19232 -0.284501 0)
(1.12676 -0.30112 0)
(1.04671 -0.296888 0)
(0.980638 -0.270999 0)
(0.913347 -0.20623 0)
(0.875139 -0.2194 0)
(0.810689 -0.201061 0)
(0.766734 0.0164926 0)
(0.769612 0.306168 0)
(0.751241 0.648253 0)
(0.91685 0.50337 0)
(1.10976 0.124986 0)
(1.20311 -0.164595 0)
(1.1909 -0.233558 0)
(1.13823 -0.240683 0)
(1.09529 -0.471871 0)
(1.00273 -0.31984 0)
(0.967635 -0.201539 0)
(0.87738 0.0484175 0)
(0.813468 0.52764 0)
(0.9081 0.283114 0)
(1.31311 0.0670479 0)
(1.32208 0.042933 0)
(1.32783 0.0177775 0)
(1.33272 -0.0126161 0)
(1.33787 -0.0482851 0)
(1.33574 -0.0913168 0)
(1.32567 -0.142747 0)
(1.29422 -0.190693 0)
(1.25059 -0.240471 0)
(1.18413 -0.261467 0)
(1.1245 -0.278335 0)
(1.04912 -0.274802 0)
(0.988543 -0.251672 0)
(0.921618 -0.191202 0)
(0.888693 -0.205013 0)
(0.825288 -0.187827 0)
(0.764792 0.0260922 0)
(0.750266 0.306731 0)
(0.750007 0.627859 0)
(0.960228 0.464531 0)
(1.15499 0.0969837 0)
(1.22718 -0.171682 0)
(1.19886 -0.227054 0)
(1.14376 -0.232028 0)
(1.09509 -0.45972 0)
(0.996479 -0.309475 0)
(0.959077 -0.191696 0)
(0.859566 0.0603758 0)
(0.801015 0.52597 0)
(0.910731 0.275306 0)
(1.29919 0.0625556 0)
(1.30814 0.0388367 0)
(1.31322 0.0139695 0)
(1.3165 -0.015074 0)
(1.31954 -0.0486134 0)
(1.31573 -0.0879344 0)
(1.30452 -0.133971 0)
(1.27564 -0.175858 0)
(1.23603 -0.22095 0)
(1.1758 -0.239553 0)
(1.12213 -0.256224 0)
(1.05095 -0.253235 0)
(0.995647 -0.232495 0)
(0.930917 -0.176141 0)
(0.900279 -0.190625 0)
(0.838742 -0.172032 0)
(0.762724 0.0407353 0)
(0.729986 0.307172 0)
(0.754714 0.598349 0)
(1.0091 0.419013 0)
(1.1984 0.0700161 0)
(1.24781 -0.175314 0)
(1.20382 -0.218361 0)
(1.14775 -0.22231 0)
(1.09384 -0.446057 0)
(0.988328 -0.297667 0)
(0.94879 -0.180459 0)
(0.839343 0.0732014 0)
(0.788719 0.522496 0)
(0.915073 0.266063 0)
(1.28507 0.05787 0)
(1.29373 0.0349381 0)
(1.29819 0.0107219 0)
(1.30018 -0.0168169 0)
(1.30145 -0.0481632 0)
(1.29648 -0.0838724 0)
(1.2846 -0.125164 0)
(1.25807 -0.161691 0)
(1.22221 -0.20237 0)
(1.16747 -0.21877 0)
(1.11949 -0.234863 0)
(1.05265 -0.232129 0)
(1.00154 -0.213785 0)
(0.941421 -0.161013 0)
(0.91052 -0.175838 0)
(0.85045 -0.153782 0)
(0.762233 0.0603603 0)
(0.714961 0.306396 0)
(0.771867 0.558017 0)
(1.06353 0.367597 0)
(1.23795 0.0452744 0)
(1.26372 -0.175019 0)
(1.20527 -0.207529 0)
(1.15004 -0.21166 0)
(1.09155 -0.430748 0)
(0.978137 -0.284217 0)
(0.936804 -0.167688 0)
(0.816883 0.086782 0)
(0.77719 0.516673 0)
(0.921455 0.255195 0)
(1.27092 0.0531116 0)
(1.27914 0.0312492 0)
(1.28302 0.00798425 0)
(1.28404 -0.0179164 0)
(1.28385 -0.0470615 0)
(1.27809 -0.0793006 0)
(1.26595 -0.116364 0)
(1.24148 -0.148173 0)
(1.20913 -0.184685 0)
(1.15934 -0.199075 0)
(1.11646 -0.214367 0)
(1.05452 -0.21142 0)
(1.00627 -0.195772 0)
(0.952612 -0.146007 0)
(0.920569 -0.160063 0)
(0.859873 -0.133573 0)
(0.766687 0.0832943 0)
(0.717212 0.302143 0)
(0.811321 0.506201 0)
(1.12235 0.312683 0)
(1.27091 0.0242017 0)
(1.27372 -0.170487 0)
(1.20289 -0.194767 0)
(1.15049 -0.200278 0)
(1.08828 -0.413646 0)
(0.965832 -0.26892 0)
(0.923275 -0.153266 0)
(0.792597 0.100922 0)
(0.767325 0.507873 0)
(0.930224 0.24253 0)
(1.25681 0.0483793 0)
(1.2645 0.0277827 0)
(1.26785 0.00570419 0)
(1.26814 -0.0184545 0)
(1.26684 -0.0454126 0)
(1.26055 -0.0743631 0)
(1.24848 -0.107608 0)
(1.22583 -0.135272 0)
(1.19673 -0.167877 0)
(1.15152 -0.180401 0)
(1.11302 -0.194839 0)
(1.05648 -0.191135 0)
(1.01044 -0.1785 0)
(0.963384 -0.131493 0)
(0.931655 -0.142808 0)
(0.867289 -0.112241 0)
(0.779883 0.105586 0)
(0.748961 0.291355 0)
(0.87852 0.445062 0)
(1.18057 0.258596 0)
(1.29374 0.00858944 0)
(1.27684 -0.16171 0)
(1.19662 -0.180459 0)
(1.14907 -0.188417 0)
(1.08414 -0.394602 0)
(0.951463 -0.251576 0)
(0.908524 -0.137122 0)
(0.767241 0.115303 0)
(0.760335 0.495407 0)
(0.941705 0.22794 0)
(1.24283 0.0437475 0)
(1.24993 0.0245459 0)
(1.25278 0.00383853 0)
(1.25257 -0.018513 0)
(1.25044 -0.0433084 0)
(1.24383 -0.0691819 0)
(1.2321 -0.0989384 0)
(1.2111 -0.122959 0)
(1.18498 -0.151942 0)
(1.14406 -0.162693 0)
(1.10937 -0.176316 0)
(1.05821 -0.17144 0)
(1.0149 -0.16185 0)
(0.972727 -0.117823 0)
(0.944196 -0.124061 0)
(0.8747 -0.0908221 0)
(0.803435 0.121856 0)
(0.80993 0.271403 0)
(0.96285 0.379839 0)
(1.22826 0.210269 0)
(1.30286 -0.000465097 0)
(1.27276 -0.149252 0)
(1.18678 -0.16517 0)
(1.14581 -0.176352 0)
(1.07929 -0.373482 0)
(0.935264 -0.232005 0)
(0.893094 -0.119219 0)
(0.742068 0.129464 0)
(0.757739 0.47858 0)
(0.956178 0.211361 0)
(1.22907 0.0392763 0)
(1.23555 0.0215472 0)
(1.23794 0.00232915 0)
(1.23737 -0.0181798 0)
(1.23467 -0.0408383 0)
(1.22794 -0.0638611 0)
(1.21673 -0.0904054 0)
(1.19726 -0.111217 0)
(1.17389 -0.136867 0)
(1.13694 -0.145936 0)
(1.10576 -0.158755 0)
(1.05943 -0.1526 0)
(1.02012 -0.145659 0)
(0.980477 -0.105121 0)
(0.9574 -0.104514 0)
(0.885401 -0.0705402 0)
(0.83537 0.127913 0)
(0.882954 0.241957 0)
(1.03951 0.316708 0)
(1.25502 0.170794 0)
(1.29673 -0.00358489 0)
(1.26226 -0.13428 0)
(1.17417 -0.14954 0)
(1.14078 -0.164335 0)
(1.07391 -0.350187 0)
(0.917762 -0.210069 0)
(0.877815 -0.0996742 0)
(0.718979 0.142754 0)
(0.761326 0.456784 0)
(0.973828 0.192835 0)
(1.21561 0.0350143 0)
(1.22148 0.018792 0)
(1.22343 0.00113642 0)
(1.22265 -0.0175306 0)
(1.21957 -0.0380868 0)
(1.21289 -0.0584873 0)
(1.20229 -0.0820569 0)
(1.18432 -0.100043 0)
(1.16344 -0.122631 0)
(1.13012 -0.130147 0)
(1.10235 -0.142089 0)
(1.06012 -0.134858 0)
(1.02592 -0.129891 0)
(0.987336 -0.0932361 0)
(0.969994 -0.0854815 0)
(0.901554 -0.0525558 0)
(0.871221 0.12344 0)
(0.946742 0.206378 0)
(1.08826 0.260402 0)
(1.25772 0.140122 0)
(1.27766 -0.00283828 0)
(1.24723 -0.118279 0)
(1.15989 -0.134137 0)
(1.13411 -0.152541 0)
(1.06816 -0.324679 0)
(0.899866 -0.185769 0)
(0.863883 -0.0787516 0)
(0.700728 0.154293 0)
(0.773086 0.429594 0)
(0.994704 0.172564 0)
(1.20256 0.0309953 0)
(1.20782 0.0162803 0)
(1.20938 0.000219579 0)
(1.20848 -0.0166312 0)
(1.20518 -0.0351322 0)
(1.1987 -0.0531331 0)
(1.18877 -0.0739378 0)
(1.17225 -0.0894423 0)
(1.15365 -0.109208 0)
(1.12366 -0.11534 0)
(1.09915 -0.126287 0)
(1.06053 -0.118339 0)
(1.03174 -0.114695 0)
(0.994147 -0.0819213 0)
(0.981347 -0.0683659 0)
(0.922272 -0.0374977 0)
(0.906284 0.111796 0)
(0.990952 0.169988 0)
(1.10712 0.212826 0)
(1.24269 0.11596 0)
(1.25079 -0.000388849 0)
(1.2298 -0.102559 0)
(1.1451 -0.119322 0)
(1.12598 -0.141056 0)
(1.06204 -0.297052 0)
(0.883007 -0.159228 0)
(0.852978 -0.0570285 0)
(0.690944 0.162992 0)
(0.794951 0.396907 0)
(1.01862 0.150974 0)
(1.18999 0.0272421 0)
(1.19468 0.0140099 0)
(1.19588 -0.000460907 0)
(1.19494 -0.0155425 0)
(1.19154 -0.0320481 0)
(1.18537 -0.0478584 0)
(1.17612 -0.0660911 0)
(1.16106 -0.0794193 0)
(1.14448 -0.0965834 0)
(1.11761 -0.101513 0)
(1.09608 -0.111368 0)
(1.06095 -0.103067 0)
(1.03708 -0.10029 0)
(1.0013 -0.0710851 0)
(0.991677 -0.0539932 0)
(0.944474 -0.025588 0)
(0.937563 0.0970426 0)
(1.01767 0.136761 0)
(1.10706 0.173433 0)
(1.21981 0.0957758 0)
(1.22137 0.00203223 0)
(1.21147 -0.0879841 0)
(1.13081 -0.105235 0)
(1.11675 -0.129889 0)
(1.0554 -0.267597 0)
(0.869171 -0.130881 0)
(0.847287 -0.0355054 0)
(0.693767 0.167698 0)
(0.828203 0.359178 0)
(1.04502 0.128769 0)
(1.17799 0.0237661 0)
(1.18213 0.0119742 0)
(1.18303 -0.000926684 0)
(1.18211 -0.0143128 0)
(1.1787 -0.028899 0)
(1.17294 -0.0427106 0)
(1.16434 -0.0585573 0)
(1.15075 -0.069973 0)
(1.13591 -0.0847497 0)
(1.11205 -0.088648 0)
(1.09309 -0.0973746 0)
(1.06153 -0.0890163 0)
(1.04174 -0.0868575 0)
(1.00867 -0.0608149 0)
(1.00137 -0.0424909 0)
(0.965241 -0.016636 0)
(0.964143 0.0818945 0)
(1.03334 0.108315 0)
(1.09955 0.140833 0)
(1.19604 0.0780831 0)
(1.19296 0.00356214 0)
(1.19301 -0.0749856 0)
(1.11767 -0.0918887 0)
(1.10709 -0.118906 0)
(1.04776 -0.23691 0)
(0.860825 -0.101633 0)
(0.849504 -0.0155109 0)
(0.713059 0.167332 0)
(0.872785 0.317581 0)
(1.07284 0.106907 0)
(1.16664 0.0205682 0)
(1.17028 0.0101611 0)
(1.17091 -0.00121332 0)
(1.17005 -0.0129849 0)
(1.16669 -0.0257415 0)
(1.16142 -0.0377264 0)
(1.15342 -0.0513725 0)
(1.14131 -0.0610974 0)
(1.12794 -0.0737031 0)
(1.107 -0.0767191 0)
(1.09018 -0.0843406 0)
(1.06225 -0.0761564 0)
(1.04573 -0.0744927 0)
(1.01592 -0.0513004 0)
(1.0106 -0.0334974 0)
(0.983134 -0.010179 0)
(0.986138 0.0676699 0)
(1.04285 0.084777 0)
(1.09101 0.113736 0)
(1.17418 0.062435 0)
(1.16743 0.00429175 0)
(1.17483 -0.0636547 0)
(1.10579 -0.0793243 0)
(1.09796 -0.107767 0)
(1.03858 -0.205775 0)
(0.860509 -0.0731564 0)
(0.862025 0.00121453 0)
(0.751111 0.161137 0)
(0.92666 0.274055 0)
(1.10034 0.0865399 0)
(1.15601 0.0176402 0)
(1.15919 0.00855349 0)
(1.1596 -0.00135474 0)
(1.15884 -0.011597 0)
(1.15557 -0.0226243 0)
(1.15083 -0.032934 0)
(1.14338 -0.0445645 0)
(1.13273 -0.0527833 0)
(1.12059 -0.0634329 0)
(1.10244 -0.0657004 0)
(1.08742 -0.0722725 0)
(1.06304 -0.064463 0)
(1.04914 -0.0632077 0)
(1.02275 -0.042703 0)
(1.01921 -0.0264901 0)
(0.99794 -0.00577054 0)
(1.00392 0.0548759 0)
(1.04876 0.0656588 0)
(1.08372 0.0911374 0)
(1.15471 0.0487843 0)
(1.14546 0.00451968 0)
(1.15732 -0.0538534 0)
(1.09494 -0.0676995 0)
(1.09022 -0.0960888 0)
(1.0278 -0.174962 0)
(0.869665 -0.0476653 0)
(0.884914 0.0132248 0)
(0.805707 0.149153 0)
(0.984516 0.231182 0)
(1.12478 0.068864 0)
(1.14617 0.0149658 0)
(1.14894 0.00713212 0)
(1.14917 -0.00137994 0)
(1.14853 -0.0101787 0)
(1.14538 -0.0195848 0)
(1.1412 -0.0283528 0)
(1.13424 -0.0381488 0)
(1.12501 -0.0450181 0)
(1.1139 -0.053916 0)
(1.09835 -0.055563 0)
(1.08483 -0.0611483 0)
(1.06382 -0.0539029 0)
(1.05202 -0.0529672 0)
(1.02897 -0.0350912 0)
(1.02691 -0.0209959 0)
(1.01001 -0.00294608 0)
(1.01791 0.0436806 0)
(1.05233 0.0502898 0)
(1.07806 0.0722779 0)
(1.13744 0.0371395 0)
(1.12702 0.00442394 0)
(1.14106 -0.0452867 0)
(1.08479 -0.0572095 0)
(1.08404 -0.0836755 0)
(1.01666 -0.145378 0)
(0.887383 -0.0272537 0)
(0.913995 0.0197905 0)
(0.867203 0.132364 0)
(1.03695 0.191468 0)
(1.14266 0.0546909 0)
(1.1372 0.0125215 0)
(1.13962 0.00587533 0)
(1.1397 -0.0013156 0)
(1.13919 -0.00875417 0)
(1.13617 -0.0166506 0)
(1.13254 -0.0239944 0)
(1.12603 -0.0321281 0)
(1.11811 -0.0377829 0)
(1.1079 -0.045117 0)
(1.0947 -0.0462661 0)
(1.08246 -0.0509265 0)
(1.06453 -0.0444154 0)
(1.0544 -0.0437084 0)
(1.03451 -0.0284457 0)
(1.03351 -0.0166246 0)
(1.01978 -0.00129383 0)
(1.02861 0.0340984 0)
(1.05433 0.0379915 0)
(1.07376 0.0565695 0)
(1.12229 0.0274818 0)
(1.11168 0.00408085 0)
(1.12654 -0.0376379 0)
(1.07538 -0.0478808 0)
(1.07882 -0.0707316 0)
(1.00723 -0.117936 0)
(0.910238 -0.0130011 0)
(0.942553 0.0212392 0)
(0.921889 0.112519 0)
(1.07417 0.15631 0)
(1.1514 0.0439674 0)
(1.12917 0.0102812 0)
(1.13129 0.00476094 0)
(1.13126 -0.00118595 0)
(1.13088 -0.00734193 0)
(1.12801 -0.013837 0)
(1.12489 -0.0198607 0)
(1.1188 -0.0264892 0)
(1.11204 -0.0310483 0)
(1.10263 -0.0369855 0)
(1.09147 -0.0377501 0)
(1.08034 -0.0415477 0)
(1.06514 -0.0359067 0)
(1.05629 -0.035353 0)
(1.03931 -0.0226726 0)
(1.03891 -0.0130738 0)
(1.02761 -0.000430056 0)
(1.03655 0.0260503 0)
(1.05534 0.0281795 0)
(1.07041 0.0435168 0)
(1.10934 0.0196983 0)
(1.09897 0.00353045 0)
(1.11402 -0.0306782 0)
(1.06698 -0.0395295 0)
(1.07386 -0.057782 0)
(1.0012 -0.0932574 0)
(0.933866 -0.00444149 0)
(0.965492 0.0192927 0)
(0.960912 0.0917852 0)
(1.09265 0.125715 0)
(1.15141 0.0358001 0)
(1.12218 0.00820983 0)
(1.12404 0.00376079 0)
(1.12393 -0.0010138 0)
(1.12367 -0.00595652 0)
(1.12095 -0.0111486 0)
(1.11828 -0.0159441 0)
(1.11259 -0.0212034 0)
(1.1068 -0.0247724 0)
(1.09812 -0.0294548 0)
(1.08867 -0.0299348 0)
(1.07851 -0.0329323 0)
(1.06563 -0.0282546 0)
(1.05775 -0.0278031 0)
(1.04334 -0.0176423 0)
(1.04316 -0.0101006 0)
(1.03378 -4.95462e-05 0)
(1.04223 0.0193807 0)
(1.0558 0.0203787 0)
(1.06763 0.0326606 0)
(1.09866 0.0136272 0)
(1.08853 0.00285838 0)
(1.1035 -0.0242717 0)
(1.0599 -0.0318719 0)
(1.06892 -0.0453888 0)
(0.998777 -0.0715215 0)
(0.954739 -0.000224985 0)
(0.981636 0.0159491 0)
(0.98461 0.0719134 0)
(1.09681 0.0987924 0)
(1.14584 0.0290242 0)
(1.11632 0.00627903 0)
(1.11797 0.00285437 0)
(1.1178 -0.000810903 0)
(1.11764 -0.00460119 0)
(1.11508 -0.00857351 0)
(1.11278 -0.0122213 0)
(1.10745 -0.0162218 0)
(1.10244 -0.018893 0)
(1.09442 -0.0224363 0)
(1.08629 -0.0227153 0)
(1.07699 -0.0249749 0)
(1.06597 -0.0213118 0)
(1.05884 -0.0209392 0)
(1.04658 -0.0132034 0)
(1.04636 -0.00752921 0)
(1.03852 5.15101e-05 0)
(1.04611 0.0138734 0)
(1.05601 0.0141848 0)
(1.06525 0.0235842 0)
(1.09024 0.00901738 0)
(1.08016 0.00213012 0)
(1.09495 -0.018353 0)
(1.05427 -0.0246305 0)
(1.06421 -0.0339217 0)
(0.999037 -0.052537 0)
(0.971076 0.00135482 0)
(0.992389 0.0123898 0)
(0.998291 0.0537264 0)
(1.09393 0.0744972 0)
(1.1383 0.0227285 0)
(1.11169 0.00444175 0)
(1.11318 0.00200803 0)
(1.11298 -0.000592556 0)
(1.11289 -0.00327721 0)
(1.11048 -0.0060906 0)
(1.10844 -0.00865586 0)
(1.10345 -0.0114772 0)
(1.09901 -0.0133286 0)
(1.09155 -0.0158174 0)
(1.0844 -0.0159625 0)
(1.07582 -0.0175392 0)
(1.06618 -0.0149107 0)
(1.05961 -0.0146195 0)
(1.04902 -0.00919502 0)
(1.04864 -0.00522774 0)
(1.042 3.16756e-05 0)
(1.0486 0.00928039 0)
(1.05611 0.00923908 0)
(1.06325 0.0158871 0)
(1.084 0.00558168 0)
(1.07378 0.0014273 0)
(1.08835 -0.0128449 0)
(1.0501 -0.0175997 0)
(1.06013 -0.0234444 0)
(1.0007 -0.0358642 0)
(0.982626 0.00155242 0)
(0.999489 0.0089101 0)
(1.00658 0.0372292 0)
(1.08931 0.0520691 0)
(1.13123 0.0164527 0)
(1.10843 0.00266121 0)
(1.10981 0.00119773 0)
(1.10959 -0.000365884 0)
(1.10956 -0.00197447 0)
(1.10726 -0.00366322 0)
(1.1054 -0.00519064 0)
(1.10066 -0.00687945 0)
(1.09659 -0.00796845 0)
(1.08956 -0.00945406 0)
(1.08305 -0.00951614 0)
(1.075 -0.0104508 0)
(1.06629 -0.00886248 0)
(1.06012 -0.00867214 0)
(1.05067 -0.00545115 0)
(1.05011 -0.00309137 0)
(1.04432 1.15217e-06 0)
(1.05004 0.00533266 0)
(1.05617 0.00519525 0)
(1.06176 0.00916877 0)
(1.07982 0.00300449 0)
(1.0694 0.000799262 0)
(1.08377 -0.0076311 0)
(1.04732 -0.0106299 0)
(1.05709 -0.0137736 0)
(1.00258 -0.0208947 0)
(0.989911 0.00109803 0)
(1.00398 0.00542546 0)
(1.01169 0.0219616 0)
(1.08546 0.0309002 0)
(1.12593 0.0100295 0)
(1.10669 0.000904507 0)
(1.10801 0.000411301 0)
(1.10779 -0.000116112 0)
(1.10778 -0.000655743 0)
(1.10555 -0.00122306 0)
(1.10379 -0.0017326 0)
(1.09919 -0.00229865 0)
(1.0953 -0.00265899 0)
(1.08851 -0.00315593 0)
(1.08232 -0.00317185 0)
(1.07457 -0.00348298 0)
(1.06633 -0.00294939 0)
(1.06037 -0.00288268 0)
(1.05152 -0.00181127 0)
(1.05084 -0.00102531 0)
(1.0455 -2.99247e-06 0)
(1.05071 0.00174254 0)
(1.0562 0.0016776 0)
(1.06094 0.00300053 0)
(1.07766 0.000940815 0)
(1.06712 0.000251809 0)
(1.08135 -0.00254018 0)
(1.0459 -0.00357273 0)
(1.05543 -0.00454922 0)
(1.00378 -0.00687213 0)
(0.993479 0.000387302 0)
(1.00624 0.00182881 0)
(1.01427 0.00727773 0)
(1.08335 0.0102719 0)
(1.12305 0.00338336 0)
(1.33925 0.173894 -3.1665e-21)
(1.34121 0.164318 7.23914e-21)
(1.34098 0.154567 1.24564e-20)
(1.33782 0.144546 -3.90604e-22)
(1.33066 0.134135 6.69513e-21)
(1.3182 0.123243 6.86279e-21)
(1.29874 0.111705 -2.94276e-21)
(1.27023 0.0997095 1.16702e-21)
(1.23136 0.0867648 -3.78909e-21)
(1.17657 0.0746958 1.61987e-20)
(1.11838 0.0605857 -4.20503e-21)
(1.00648 0.0534119 5.41691e-21)
(1.33099 0.170748 6.23158e-21)
(1.33517 0.162468 1.93905e-21)
(1.33808 0.154154 -8.20729e-21)
(1.33932 0.145782 1.37239e-20)
(1.33834 0.13725 -1.48016e-20)
(1.3342 0.128584 -5.0326e-21)
(1.32631 0.119456 3.77198e-21)
(1.31189 0.11025 -2.57067e-21)
(1.29332 0.0998999 -2.19093e-20)
(1.25758 0.0898937 -2.05562e-20)
(1.23044 0.0781946 7.11775e-21)
(1.14201 0.0648424 -7.36419e-21)
(1.32032 0.166518 8.66526e-22)
(1.32588 0.159379 -9.4472e-21)
(1.33078 0.152276 5.58098e-22)
(1.33475 0.145234 -1.78702e-20)
(1.33769 0.138138 -1.1346e-20)
(1.33859 0.131064 -6.35767e-21)
(1.33814 0.123634 -5.44448e-22)
(1.33211 0.116062 -5.51983e-21)
(1.3265 0.107695 1.74808e-20)
(1.30366 0.0983229 4.32368e-21)
(1.2947 0.0896108 -1.07211e-20)
(1.23511 0.0746147 -3.81437e-21)
(1.30843 0.161305 -7.95106e-21)
(1.31469 0.155058 5.61073e-21)
(1.32065 0.148844 -1.19081e-20)
(1.32601 0.142684 5.5237e-21)
(1.33103 0.136485 1.87502e-20)
(1.33444 0.130267 5.74742e-21)
(1.3379 0.12388 7.69012e-21)
(1.33656 0.117164 -1.92613e-21)
(1.33809 0.110525 -6.54169e-22)
(1.32586 0.10222 -7.3135e-21)
(1.32696 0.0963529 1.49579e-20)
(1.29343 0.0837341 -7.84168e-21)
(1.29617 0.155128 3.08326e-21)
(1.30255 0.149538 4.75094e-22)
(1.30883 0.143973 1.34264e-20)
(1.31469 0.138432 1.26368e-20)
(1.32058 0.132908 -1.11205e-20)
(1.32525 0.127341 5.04159e-21)
(1.33069 0.12189 -3.28552e-21)
(1.33267 0.116076 2.54272e-21)
(1.33796 0.110943 -4.71657e-21)
(1.33405 0.104138 4.63516e-21)
(1.33938 0.0997593 -1.08207e-20)
(1.32422 0.0902577 1.32928e-20)
(1.28417 0.148322 2.08558e-22)
(1.29037 0.143265 1.2692e-21)
(1.29658 0.138248 5.91789e-21)
(1.30252 0.133258 -5.74703e-22)
(1.30871 0.128361 -6.61595e-21)
(1.31412 0.123432 -9.25803e-21)
(1.32044 0.118759 2.62395e-21)
(1.32457 0.113737 2.24224e-22)
(1.33109 0.109397 8.98328e-21)
(1.33221 0.103767 2.4989e-21)
(1.33853 0.0997792 9.98905e-21)
(1.33476 0.0928858 5.34636e-22)
(1.27272 0.141188 7.13613e-22)
(1.27867 0.136602 -4.21956e-21)
(1.28467 0.132067 -8.15077e-21)
(1.29054 0.127556 -5.89119e-21)
(1.29664 0.123149 1.51269e-20)
(1.30231 0.1187 -5.86392e-21)
(1.30859 0.114468 -1.32448e-20)
(1.31367 0.109967 -9.51049e-21)
(1.32007 0.10594 4.04778e-21)
(1.32395 0.101222 2.02531e-21)
(1.33035 0.0973986 -8.16314e-21)
(1.33297 0.0924293 -6.99305e-21)
(1.26181 0.133835 -2.83934e-21)
(1.26749 0.129657 2.89397e-21)
(1.27321 0.125515 1.26039e-21)
(1.27885 0.12138 -1.06061e-21)
(1.28465 0.117316 1.61436e-21)
(1.29022 0.11322 4.86502e-21)
(1.29612 0.109272 1.64009e-20)
(1.30154 0.105209 1.4573e-20)
(1.30762 0.101432 -9.18614e-21)
(1.31287 0.097438 6.63086e-21)
(1.31905 0.0937567 1.12223e-21)
(1.32459 0.0899672 7.88926e-21)
(1.25126 0.126296 -8.4259e-22)
(1.25665 0.122468 3.44596e-23)
(1.26207 0.118658 -1.08472e-21)
(1.26744 0.114848 -9.76922e-22)
(1.2729 0.111085 -4.17465e-21)
(1.27829 0.107319 4.82154e-21)
(1.28386 0.103646 -1.13788e-20)
(1.28933 0.0999639 -6.43043e-21)
(1.29504 0.0964023 3.51638e-21)
(1.30066 0.0928638 -8.34766e-21)
(1.30643 0.089281 -7.90288e-21)
(1.31294 0.0861217 -1.11261e-20)
(1.24098 0.118646 2.18692e-21)
(1.24608 0.115132 -5.10813e-22)
(1.2512 0.111624 5.79668e-22)
(1.25632 0.108118 5.59539e-22)
(1.26148 0.104636 -4.8151e-21)
(1.26665 0.101166 -7.69353e-21)
(1.2719 0.097735 4.96681e-21)
(1.27717 0.094331 1.29202e-21)
(1.28249 0.0909425 -4.17579e-21)
(1.288 0.087684 8.4495e-21)
(1.2934 0.0842287 3.91779e-21)
(1.3 0.0814149 -2.36406e-21)
(1.23093 0.11096 9.96578e-22)
(1.23574 0.107728 1.65155e-22)
(1.24056 0.104493 -1.31815e-21)
(1.2454 0.101255 -2.03074e-21)
(1.25026 0.0980231 -1.57918e-21)
(1.25516 0.0947983 7.29578e-22)
(1.26008 0.0915808 3.59053e-21)
(1.26508 0.0884013 -2.4612e-21)
(1.27006 0.0851956 -2.28717e-21)
(1.27534 0.0821531 -7.92328e-21)
(1.28041 0.0788593 2.1175e-21)
(1.28673 0.0762438 8.73089e-21)
(1.22106 0.103297 -7.51846e-23)
(1.22557 0.100315 5.24856e-22)
(1.23009 0.0973223 -1.45768e-22)
(1.23463 0.0943211 1.37295e-21)
(1.23919 0.0913136 3.76539e-21)
(1.24379 0.0883095 4.17759e-21)
(1.2484 0.0852988 -5.91792e-21)
(1.25312 0.0823242 7.0394e-22)
(1.2578 0.0793056 3.2652e-21)
(1.26276 0.0764381 7.55494e-21)
(1.2675 0.073308 -1.26447e-21)
(1.27343 0.070817 2.03589e-21)
(1.21137 0.0957164 6.69792e-22)
(1.21556 0.0929593 6.51751e-22)
(1.21978 0.0901858 9.00694e-22)
(1.22401 0.0873996 -1.05405e-21)
(1.22826 0.0846009 -2.53484e-21)
(1.23256 0.0817997 2.00861e-21)
(1.23687 0.0789834 3.423e-23)
(1.24127 0.0761916 5.94697e-21)
(1.24563 0.0733481 9.43652e-22)
(1.25025 0.070631 -3.26038e-21)
(1.25467 0.0676648 6.51691e-22)
(1.26017 0.0652729 -1.0675e-21)
(1.20185 0.0882685 -1.18374e-21)
(1.20573 0.085717 -6.28776e-22)
(1.20964 0.0831456 -8.4472e-22)
(1.21356 0.0805573 4.83701e-22)
(1.2175 0.0779513 2.17217e-21)
(1.22148 0.0753361 -9.20182e-22)
(1.22547 0.0727 -5.22409e-22)
(1.22954 0.0700768 -3.84407e-21)
(1.23358 0.0674016 -6.32135e-22)
(1.23785 0.0648274 3.16465e-21)
(1.24193 0.0620266 -3.95564e-22)
(1.24701 0.0597265 -3.47968e-21)
(1.19252 0.0810011 -1.2764e-21)
(1.19609 0.07864 7.34364e-22)
(1.19968 0.0762561 1.19368e-21)
(1.20329 0.0738516 4.10998e-22)
(1.20692 0.0714256 -1.29895e-22)
(1.21058 0.068985 -7.73891e-22)
(1.21425 0.0665204 1.87178e-21)
(1.21799 0.0640591 -1.1294e-21)
(1.2217 0.0615473 1.76985e-21)
(1.22561 0.0591123 -1.07163e-21)
(1.22935 0.056475 1.93579e-21)
(1.23399 0.0542651 1.75398e-21)
(1.18666 0.0717709 -2.77692e-22)
(1.18994 0.069563 -1.64113e-23)
(1.19324 0.0673321 -2.34053e-22)
(1.19655 0.0650774 7.02637e-22)
(1.19989 0.0628041 8.42507e-22)
(1.20324 0.0605045 -8.13021e-22)
(1.20665 0.0582001 1.34361e-21)
(1.21003 0.0558474 -5.85714e-22)
(1.21358 0.0535502 -2.81899e-22)
(1.21697 0.0510753 -3.08586e-21)
(1.22117 0.0489588 -3.80673e-22)
(1.17745 0.0651429 3.71326e-22)
(1.18044 0.0631032 4.73855e-22)
(1.18343 0.0610389 -6.0491e-22)
(1.18644 0.0589492 -4.92033e-22)
(1.18946 0.0568378 7.50003e-23)
(1.1925 0.0546988 7.9697e-23)
(1.19557 0.0525486 -4.56071e-22)
(1.19862 0.0503528 -2.22654e-21)
(1.20183 0.0481947 -2.07112e-21)
(1.20487 0.0458826 2.31588e-21)
(1.20864 0.0438659 -1.02493e-22)
(1.16851 0.0587825 -7.43871e-22)
(1.17121 0.056905 -2.80527e-22)
(1.17391 0.055002 6.92241e-22)
(1.17662 0.0530728 2.22854e-22)
(1.17934 0.0511199 -8.19819e-23)
(1.18206 0.0491391 -1.50691e-21)
(1.18482 0.0471423 -4.21731e-22)
(1.18755 0.045103 1.30686e-21)
(1.19041 0.0430869 5.60834e-22)
(1.19311 0.0409384 -2.04476e-22)
(1.19646 0.0390294 -1.56813e-21)
(1.15986 0.0527069 3.277e-22)
(1.16228 0.0509873 -1.85481e-22)
(1.1647 0.0492421 -2.31727e-22)
(1.16713 0.0474706 -8.93333e-22)
(1.16956 0.0456746 -3.11957e-22)
(1.17199 0.0438506 4.37835e-22)
(1.17444 0.0420077 1.06681e-21)
(1.17686 0.0401252 4.61957e-22)
(1.17939 0.0382546 -4.02954e-23)
(1.18178 0.0362708 -3.20055e-22)
(1.18472 0.0344785 1.03569e-21)
(1.15154 0.0469266 5.55276e-23)
(1.15371 0.0453617 -3.78323e-22)
(1.15587 0.0437717 -5.8519e-22)
(1.15802 0.0421559 -2.78792e-22)
(1.16018 0.0405156 3.52418e-22)
(1.16233 0.038848 6.06382e-22)
(1.16449 0.0371598 -1.62716e-22)
(1.16662 0.035435 -4.40233e-22)
(1.16883 0.0337136 -2.80847e-22)
(1.17092 0.0318959 9.23311e-23)
(1.17348 0.0302295 -1.25915e-22)
(1.1436 0.0414422 -1.16632e-22)
(1.14553 0.0400298 -6.7993e-23)
(1.14744 0.0385934 6.97177e-22)
(1.14935 0.0371322 2.05047e-22)
(1.15125 0.0356471 8.93509e-24)
(1.15313 0.0341359 -6.8138e-22)
(1.15502 0.0326035 1.22197e-22)
(1.15689 0.0310376 1.98876e-22)
(1.15881 0.0294691 1.16172e-22)
(1.16061 0.0278189 3.14362e-22)
(1.16281 0.0262868 -9.00062e-23)
(1.13609 0.0362483 -7.46067e-24)
(1.1378 0.0349868 -1.88813e-22)
(1.13949 0.0337027 -4.29624e-22)
(1.14116 0.0323953 1.79182e-22)
(1.14283 0.0310652 2.89066e-23)
(1.14447 0.0297106 2.63895e-22)
(1.14611 0.028335 -6.77436e-23)
(1.14772 0.026929 2.74646e-22)
(1.14937 0.0255163 -4.47115e-22)
(1.15092 0.0240347 -8.14913e-22)
(1.15279 0.0226442 5.26217e-23)
(1.12907 0.0313326 2.04561e-22)
(1.13058 0.0302206 2.34312e-22)
(1.13206 0.0290877 8.36834e-23)
(1.13353 0.0279334 -2.37454e-23)
(1.13498 0.026758 2.70107e-22)
(1.1364 0.02556 -4.32132e-23)
(1.13782 0.024342 1.19418e-22)
(1.1392 0.0230968 -1.62711e-22)
(1.14061 0.0218424 3.60314e-22)
(1.14192 0.0205302 3.61506e-22)
(1.14349 0.0192874 2.31119e-22)
(1.12261 0.0266749 -3.21055e-23)
(1.12393 0.0257111 -7.98374e-23)
(1.12523 0.0247285 1.96676e-22)
(1.12651 0.0237267 -4.10887e-24)
(1.12777 0.0227057 1.35684e-22)
(1.129 0.0216643 1.23169e-24)
(1.13021 0.0206044 -3.27033e-22)
(1.13139 0.0195205 -3.5737e-23)
(1.13258 0.0184263 -4.61479e-22)
(1.13369 0.0172838 -8.14253e-23)
(1.13499 0.0161935 9.62559e-23)
(1.11676 0.022249 -5.08347e-23)
(1.11793 0.0214324 -1.17945e-22)
(1.11907 0.0205995 5.02626e-23)
(1.12018 0.0197496 -1.00428e-22)
(1.12127 0.0188827 -2.6451e-22)
(1.12233 0.017998 1.02034e-22)
(1.12337 0.0170967 -8.12671e-23)
(1.12437 0.0161745 2.2388e-22)
(1.12537 0.0152418 1.41565e-22)
(1.1263 0.0142694 -2.41129e-22)
(1.12736 0.0133356 -1.28253e-22)
(1.11161 0.0180174 -7.69427e-23)
(1.11265 0.0173474 8.85831e-23)
(1.11365 0.0166634 -8.89312e-23)
(1.11462 0.0159651 5.9089e-23)
(1.11557 0.0152522 1.46483e-22)
(1.11648 0.0145242 5.18437e-23)
(1.11737 0.0137818 -4.76194e-23)
(1.11822 0.0130218 -6.35988e-23)
(1.11906 0.0122519 1.07544e-22)
(1.11983 0.01145 1.93759e-22)
(1.1207 0.010676 -8.60274e-23)
(1.10725 0.0139434 2.55659e-23)
(1.10818 0.0134198 -3.45213e-23)
(1.10907 0.0128849 -6.7875e-23)
(1.10992 0.0123384 1.14206e-22)
(1.11075 0.0117799 -2.25175e-23)
(1.11155 0.0112091 -7.44253e-23)
(1.11231 0.0106264 -3.26438e-23)
(1.11304 0.0100294 -1.03796e-22)
(1.11374 0.00942383 1.3611e-22)
(1.11439 0.00879312 -4.56186e-23)
(1.1151 0.00818196 5.4988e-23)
(1.10378 0.00995821 3.72446e-23)
(1.10462 0.00958185 1.04594e-23)
(1.10542 0.00919708 -5.40647e-24)
(1.10619 0.00880358 -1.22914e-22)
(1.10693 0.00840118 1.84353e-22)
(1.10763 0.00798945 2.42361e-23)
(1.1083 0.00756868 -3.83619e-23)
(1.10893 0.00713722 -1.15342e-23)
(1.10953 0.00669888 -8.65604e-23)
(1.11008 0.00624212 -1.43556e-23)
(1.11067 0.00579816 3.76487e-23)
(1.10131 0.00602738 2.45405e-23)
(1.10209 0.00579829 -1.05951e-24)
(1.10283 0.00556376 3.59442e-24)
(1.10354 0.00532362 -2.65218e-23)
(1.10421 0.00507774 -3.32507e-23)
(1.10485 0.00482588 4.82466e-23)
(1.10546 0.0045682 6.94475e-23)
(1.10602 0.00430373 -1.99967e-23)
(1.10656 0.00403474 1.5e-24)
(1.10704 0.00375434 -2.99882e-23)
(1.10754 0.0034812 1.04334e-24)
(1.09997 0.00202925 1.30924e-23)
(1.10071 0.00195582 -4.34944e-23)
(1.10142 0.00188011 5.51801e-23)
(1.10209 0.00180202 -6.97653e-23)
(1.10274 0.00172142 -8.74389e-24)
(1.10334 0.0016382 -6.53493e-24)
(1.10391 0.00155236 2.1109e-23)
(1.10445 0.00146355 5.75124e-23)
(1.10495 0.00137251 -2.97444e-23)
(1.10541 0.00127693 2.808e-23)
(1.10586 0.001183 -1.33652e-23)
(0.962575 0.00460594 -4.92925e-23)
(1.00861 0.519582 -7.74887e-24)
(0.973436 0.310436 -3.2478e-24)
)
;

boundaryField
{
    inlet
    {
        type            uniformFixedValue;
        uniformValue    constant (1 0 0);
        value           nonuniform 0();
    }
    outlet
    {
        type            pressureInletOutletVelocity;
        value           nonuniform List<vector> 
51
(
(0.919855 0.313343 0)
(0.916848 0.31166 0)
(0.913987 0.30944 0)
(0.911408 0.306762 0)
(0.909251 0.303573 0)
(0.907664 0.299754 0)
(0.90681 0.29517 0)
(0.90688 0.289676 0)
(0.9081 0.283114 0)
(0.910731 0.275306 0)
(0.915073 0.266063 0)
(0.921455 0.255195 0)
(0.930224 0.24253 0)
(0.941705 0.22794 0)
(0.956178 0.211361 0)
(0.973828 0.192835 0)
(0.994704 0.172564 0)
(1.01862 0.150974 0)
(1.04502 0.128769 0)
(1.07284 0.106907 0)
(1.10034 0.0865399 0)
(1.12478 0.068864 0)
(1.14266 0.0546909 0)
(1.1514 0.0439674 0)
(1.15141 0.0358001 0)
(1.14584 0.0290242 0)
(1.1383 0.0227285 0)
(1.13123 0.0164527 0)
(1.12593 0.0100295 0)
(1.12305 0.00338336 0)
(0.971349 0.31132 3.70032e-24)
(0.96915 0.312125 -2.233e-23)
(0.966847 0.312855 1.37227e-23)
(0.964448 0.31351 7.60388e-24)
(0.961962 0.314093 -4.39415e-23)
(0.9594 0.314603 7.32405e-23)
(0.956773 0.315043 -7.40706e-23)
(0.954094 0.315412 7.02107e-23)
(0.951374 0.315712 2.53975e-24)
(0.948626 0.315942 -1.22849e-23)
(0.945864 0.316102 1.17112e-22)
(0.943101 0.316191 -2.02952e-22)
(0.94035 0.31621 1.83319e-22)
(0.937624 0.316156 -4.52534e-23)
(0.934936 0.31603 -9.1116e-23)
(0.932298 0.315829 -1.56496e-23)
(0.929724 0.315551 4.35587e-23)
(0.927227 0.315197 2.40745e-23)
(0.924819 0.31477 -2.48444e-23)
(0.922516 0.314261 1.14958e-23)
(0.973436 0.310436 -3.2478e-24)
)
;
    }
    cylinder
    {
        type            fixedValue;
        value           uniform (0 0 0);
    }
    top
    {
        type            symmetryPlane;
    }
    bottom
    {
        type            symmetryPlane;
    }
    defaultFaces
    {
        type            empty;
    }
    procBoundary3to1
    {
        type            processor;
        value           nonuniform List<vector> 
41
(
(-0.00327111 -0.0467052 1.35276e-21)
(-0.0142865 -0.086091 -3.40364e-21)
(-0.0334041 -0.0916946 -2.74667e-21)
(-0.0555969 -0.0775385 1.93891e-21)
(-0.0793992 -0.0539143 -2.67175e-21)
(-0.103646 -0.0264796 -1.27506e-21)
(-0.127354 0.00310167 1.35756e-21)
(-0.14986 0.035429 6.66278e-21)
(-0.170727 0.0718039 -2.34427e-21)
(-0.190124 0.114052 2.41435e-21)
(-0.219532 0.185853 1.50751e-22)
(-0.256151 0.330324 -1.55941e-23)
(-0.254947 0.468505 -3.73378e-22)
(-0.234704 0.579586 6.83466e-23)
(-0.165235 0.58848 1.07316e-22)
(-0.0309389 0.4447 -3.1254e-22)
(0.142156 0.159728 1.37565e-22)
(0.321566 -0.180385 1.37394e-22)
(0.476912 -0.457199 -1.65128e-22)
(0.574113 -0.611419 1.71626e-22)
(0.634305 -0.658581 -2.11382e-22)
(0.629247 -0.645745 4.41123e-23)
(0.519219 -0.674431 2.99708e-23)
(0.484422 -0.497783 4.01568e-23)
(0.603797 -0.131305 -9.49176e-23)
(0.759752 0.228849 3.97394e-23)
(0.864141 0.441832 5.48939e-23)
(0.909263 0.451959 1.26111e-23)
(0.873468 0.546954 3.92025e-23)
(0.761305 0.492204 4.06202e-23)
(0.743813 0.383391 -3.93723e-24)
(0.844801 0.103421 -2.94607e-23)
(0.917612 -0.180665 1.51116e-23)
(0.928898 -0.285455 -3.91265e-23)
(0.955032 -0.558241 -1.73878e-23)
(0.938106 -0.384723 -6.0549e-24)
(0.938825 -0.239977 1.01838e-23)
(0.96404 0.00701782 -1.07525e-22)
(1.0135 0.519758 8.60325e-24)
(0.975405 0.309473 -1.70489e-23)
(0.938825 -0.239977 1.01838e-23)
)
;
    }
    procBoundary3to2
    {
        type            processor;
        value           nonuniform List<vector> 
50
(
(-0.0191032 0.0136862 -6.8457e-20)
(-0.0191032 0.0136862 -6.8457e-20)
(-0.0149146 0.0184505 2.6909e-20)
(-0.0149146 0.0184505 2.6909e-20)
(-0.00490477 0.0146574 -1.24563e-20)
(0.083606 0.00903944 -5.87496e-21)
(0.083606 0.00903944 -5.87496e-21)
(0.271601 0.00964415 2.78571e-20)
(0.271601 0.00964415 2.78571e-20)
(0.561875 0.0333613 9.54681e-21)
(0.80439 0.064947 -5.79792e-20)
(0.80439 0.064947 -5.79792e-20)
(1.09027 0.117064 5.84215e-21)
(1.09027 0.117064 5.84215e-21)
(1.26435 0.157901 6.39102e-21)
(1.26435 0.157901 6.39102e-21)
(1.33391 0.180561 2.63524e-22)
(1.3441 0.174778 9.77357e-21)
(1.3441 0.174778 9.77357e-21)
(1.33566 0.183367 1.07547e-20)
(1.32584 0.179023 -5.08763e-21)
(1.3142 0.17371 8.34078e-22)
(1.30187 0.167608 4.26169e-22)
(1.28961 0.160755 -1.68522e-21)
(1.27785 0.153406 -1.08201e-21)
(1.26671 0.145795 2.45431e-21)
(1.25609 0.138024 8.40289e-22)
(1.24584 0.130123 -1.5221e-21)
(1.23587 0.122154 1.28851e-21)
(1.22612 0.114182 -1.2071e-21)
(1.21656 0.106264 9.39388e-22)
(1.20718 0.0984552 -1.32938e-21)
(1.19797 0.0907989 7.53328e-22)
(1.18895 0.0833387 1.4875e-22)
(1.18339 0.0739541 -1.46214e-21)
(1.18339 0.0739541 -1.46214e-21)
(1.17447 0.0671568 2.21856e-22)
(1.16581 0.060634 -1.7974e-22)
(1.15743 0.0544006 5.03741e-22)
(1.14937 0.0484663 -3.2164e-23)
(1.14166 0.0428307 1.74178e-22)
(1.13437 0.0374874 -2.65901e-22)
(1.12755 0.0324242 2.05614e-22)
(1.12126 0.0276203 -1.27937e-22)
(1.11557 0.0230494 -6.90888e-23)
(1.11055 0.0186738 -1.68813e-24)
(1.1063 0.014456 -2.42845e-23)
(1.10292 0.0103264 3.76198e-23)
(1.10051 0.00625121 -6.05836e-24)
(1.09919 0.00210054 -2.28013e-24)
)
;
    }
}


// ************************************************************************* //
