/*--------------------------------*- C++ -*----------------------------------*\
  =========                 |
  \\      /  F ield         | OpenFOAM: The Open Source CFD Toolbox
   \\    /   O peration     | Website:  https://openfoam.org
    \\  /    A nd           | Version:  7
     \\/     M anipulation  |
\*---------------------------------------------------------------------------*/
FoamFile
{
    version     2.0;
    format      ascii;
    class       volVectorField;
    location    "165";
    object      U;
}
// * * * * * * * * * * * * * * * * * * * * * * * * * * * * * * * * * * * * * //

dimensions      [0 1 -1 0 0 0 0];

internalField   nonuniform List<vector> 
2125
(
(1.39784 -0.0935827 -1.29544e-20)
(1.40063 -0.0879347 -3.77213e-20)
(1.39899 -0.0778714 -6.37816e-21)
(1.34722 -0.0687868 2.63353e-20)
(1.3907 -0.0717281 -3.04975e-21)
(1.39778 -0.061978 3.19197e-20)
(0.995407 -0.0193407 7.5597e-20)
(1.19019 -0.0393312 -1.57002e-19)
(1.31401 -0.0508436 3.18229e-20)
(1.37541 -0.0555076 -2.46361e-20)
(1.39344 -0.0458313 -3.3896e-20)
(0.657462 0.0122083 1.57343e-20)
(0.911414 -0.00468872 -1.28052e-19)
(1.12449 -0.0222895 8.64678e-20)
(1.27165 -0.0333875 -6.71556e-20)
(1.35351 -0.0393376 6.61388e-20)
(1.38494 -0.0293805 -2.91653e-21)
(0.340151 0.0198404 -6.93514e-22)
(0.57042 0.0176081 5.26332e-20)
(0.821663 0.0068798 2.55221e-21)
(1.04897 -0.0071369 -7.03465e-20)
(1.2191 -0.0167176 -2.27224e-21)
(1.32355 -0.023357 -2.88936e-20)
(1.37105 -0.0125571 3.39764e-20)
(0.123328 0.00736283 9.96033e-21)
(0.277374 0.015851 2.7803e-20)
(0.486153 0.0191288 -4.71626e-20)
(0.728365 0.0148846 1.11178e-19)
(0.964375 0.00557101 -7.37299e-22)
(1.15558 -0.00123802 -9.60133e-21)
(1.28415 -0.00780179 -5.73531e-20)
(1.34996 0.00459583 -7.58937e-21)
(0.0897917 -0.00043366 7.85505e-21)
(0.22118 0.00926855 -2.01672e-20)
(0.406819 0.0168421 -2.34255e-20)
(0.634295 0.0189155 -1.52196e-20)
(0.872295 0.01522 -1.14841e-20)
(1.0809 0.0125262 1.35247e-20)
(1.23387 0.00697183 5.557e-20)
(1.32035 0.0220482 4.06528e-20)
(5.33137e-05 -0.0139153 4.26702e-20)
(0.0613876 -0.00932207 -9.83182e-20)
(0.171991 0.00040706 5.49063e-20)
(0.334222 0.0109678 4.81239e-20)
(0.542543 0.0187143 -1.21489e-19)
(0.775298 0.0211908 3.2755e-20)
(0.995644 0.0239541 -2.04607e-21)
(1.17201 0.0204205 2.4055e-20)
(1.27893 0.0395437 -4.54387e-20)
(-0.0159207 -0.0131812 1.20856e-19)
(-0.0100909 -0.0207147 -3.32981e-20)
(0.0377896 -0.0191925 4.84269e-20)
(0.129903 -0.0104453 3.04587e-20)
(0.269653 0.00185027 -1.66525e-20)
(0.456117 0.0142578 3.89932e-20)
(0.676809 0.0229724 -1.65316e-20)
(0.901591 0.0323088 9.22031e-20)
(1.09802 0.0320294 -1.4815e-19)
(1.22649 0.0563959 -4.96041e-20)
(-0.0171314 -0.0153873 -3.55739e-20)
(-0.0181342 -0.0278319 1.33396e-19)
(0.0185563 -0.0299672 -1.04734e-19)
(0.0947008 -0.0230067 -2.99043e-21)
(0.213801 -0.0100648 -4.84579e-20)
(0.377514 0.00581249 5.29292e-20)
(0.580734 0.0203138 5.79819e-20)
(0.801684 0.0368986 -2.88034e-20)
(1.01328 0.0408684 2.38114e-20)
(1.15628 0.0723298 2.87072e-20)
(-0.0180253 -0.01773 7.374e-21)
(-0.0244579 -0.0353434 -3.67332e-20)
(0.00315614 -0.041563 4.54783e-20)
(0.0658868 -0.0369682 -4.26566e-20)
(0.166732 -0.0242382 -5.22089e-20)
(0.308384 -0.00606241 -2.35911e-20)
(0.490799 0.0133972 -8.81374e-20)
(0.699729 0.0369207 5.43678e-20)
(0.921424 0.0473856 9.98593e-20)
(1.06984 0.082527 -3.21266e-20)
(-0.0187424 -0.0203051 2.2813e-20)
(-0.0294215 -0.0433083 1.74485e-20)
(-0.00899972 -0.0538576 -4.13787e-21)
(0.0427283 -0.0519634 -7.41398e-20)
(0.12794 -0.0400371 7.72607e-20)
(0.249359 -0.0205625 8.7025e-20)
(0.409736 0.00288227 3.00668e-20)
(0.600988 0.0313609 -4.16792e-21)
(0.820247 0.0546195 -1.07279e-19)
(1.00148 0.0774267 3.2327e-20)
(-0.0193846 -0.0231902 -6.88323e-20)
(-0.0333386 -0.0517416 -8.65521e-21)
(-0.0185137 -0.0666654 1.82176e-20)
(0.0243326 -0.0675534 5.74492e-21)
(0.0964535 -0.0567441 2.3473e-20)
(0.200071 -0.0367095 -1.40172e-19)
(0.338887 -0.0103065 8.46222e-20)
(0.509981 0.0208588 -1.02396e-19)
(0.714393 0.0584393 7.45518e-20)
(0.925209 0.0774035 9.11484e-20)
(-0.0200087 -0.0264296 3.03719e-20)
(-0.0364575 -0.0605943 -1.92601e-20)
(-0.025955 -0.079728 8.55594e-21)
(0.00974285 -0.0832342 -4.04859e-20)
(0.0709994 -0.073588 5.45217e-21)
(0.15935 -0.0534378 -1.1043e-20)
(0.278235 -0.0250785 -5.31423e-20)
(0.42902 0.00747936 2.79648e-20)
(0.609769 0.0565054 5.69495e-20)
(0.838941 0.0789608 -8.35862e-20)
(-0.0206254 -0.0300241 -4.1887e-20)
(-0.0389503 -0.0697448 -6.09599e-20)
(-0.0318178 -0.0927206 4.77746e-20)
(-0.00196279 -0.0984615 4.62016e-20)
(0.0502028 -0.0897919 -1.14165e-19)
(0.125545 -0.069689 1.14424e-19)
(0.226701 -0.0401986 -1.29166e-19)
(0.358212 -0.00652206 3.65438e-20)
(0.511846 0.0495287 -3.91342e-20)
(0.744285 0.0790257 -6.46307e-20)
(-0.0212057 -0.0339263 2.1552e-20)
(-0.0409136 -0.0789999 4.89004e-20)
(-0.0364941 -0.105269 1.22339e-20)
(-0.0115854 -0.11269 1.33255e-20)
(0.0327719 -0.104632 -8.18568e-22)
(0.0968881 -0.0845138 2.01475e-20)
(0.18257 -0.0544072 3.98711e-20)
(0.296203 -0.0193976 7.72467e-20)
(0.423926 0.039572 -7.68945e-20)
(0.645438 0.0771314 2.88703e-20)
(-0.0216918 -0.0380423 -5.21717e-20)
(-0.04238 -0.0881066 9.72142e-22)
(-0.0402645 -0.116979 1.65257e-20)
(-0.0197542 -0.125411 -2.95722e-20)
(0.017633 -0.117492 5.86451e-20)
(0.0718051 -0.097147 -1.39681e-19)
(0.143975 -0.0666251 7.52609e-20)
(0.241087 -0.0300723 -7.16761e-20)
(0.346616 0.0288619 1.40228e-19)
(0.546875 0.0739121 3.70778e-20)
(-0.0220109 -0.0422394 2.76562e-20)
(-0.0433373 -0.0967709 -5.51374e-20)
(-0.0433068 -0.127459 -1.65987e-20)
(-0.0269092 -0.136191 2.46141e-20)
(0.00400772 -0.127906 4.15599e-20)
(0.0491035 -0.107057 6.77949e-21)
(0.109279 -0.0761147 -2.55041e-20)
(0.191099 -0.0380519 5.98183e-20)
(0.278576 0.0192446 -3.51468e-20)
(0.452027 0.070098 -4.5605e-21)
(-0.0220893 -0.0463563 7.47669e-20)
(-0.0437501 -0.104681 2.04512e-20)
(-0.0457158 -0.136357 3.73319e-21)
(-0.0333161 -0.144697 -5.38466e-20)
(-0.00858723 -0.135578 4.81956e-20)
(0.0280179 -0.113967 1.62157e-20)
(0.0773134 -0.0825259 8.30941e-21)
(0.14499 -0.0432433 -1.85862e-20)
(0.217757 0.011881 2.21904e-20)
(0.363011 0.0662427 3.76448e-20)
(-0.0218643 -0.0502176 -5.55803e-20)
(-0.0435811 -0.111533 3.02535e-20)
(-0.0475299 -0.143377 -3.4893e-21)
(-0.0391001 -0.150707 7.69301e-20)
(-0.0203827 -0.140374 -8.47542e-20)
(0.00817133 -0.117819 2.85675e-20)
(0.047421 -0.0858402 -1.79962e-20)
(0.102079 -0.0457879 -1.65038e-20)
(0.162367 0.00718301 -5.12063e-20)
(0.28084 0.0627245 1.92185e-20)
(-0.0212937 -0.0536478 2.39441e-20)
(-0.0428079 -0.117054 -5.97758e-20)
(-0.0487557 -0.148299 -3.36098e-20)
(-0.0442879 -0.154112 -5.27024e-20)
(-0.0314247 -0.142302 1.46466e-20)
(-0.0105268 -0.118725 -4.5724e-21)
(0.0193623 -0.0862647 -4.59803e-20)
(0.0621231 -0.0459458 -9.73684e-21)
(0.111269 0.00500882 -7.84385e-22)
(0.205781 0.0598453 2.25774e-20)
(-0.0203603 -0.0564855 4.21407e-20)
(-0.0414331 -0.121022 4.28896e-21)
(-0.04939 -0.150986 1.79899e-20)
(-0.0488478 -0.154903 7.91191e-20)
(-0.0416455 -0.141477 7.93381e-20)
(-0.027992 -0.116903 -1.39905e-20)
(-0.00682759 -0.0841061 3.66024e-20)
(0.0251343 -0.0439742 -2.37937e-20)
(0.0639073 0.00493641 -1.45174e-20)
(0.137647 0.0579634 -3.41818e-20)
(-0.0190745 -0.0585952 -5.40148e-20)
(-0.0394899 -0.123279 4.4901e-20)
(-0.0494338 -0.15139 2.27685e-20)
(-0.0527229 -0.153161 -4.48017e-20)
(-0.0509231 -0.138093 -5.08322e-20)
(-0.0440541 -0.112629 1.61719e-20)
(-0.0309645 -0.0796946 1.17643e-21)
(-0.00879023 -0.0400447 7.37682e-20)
(0.0200896 0.00654021 4.51198e-20)
(0.0760743 0.0575409 -1.87368e-20)
(-0.0174717 -0.0598768 2.93792e-20)
(-0.0370407 -0.123744 -1.28838e-20)
(-0.0489018 -0.149541 -4.60738e-20)
(-0.0558552 -0.149039 1.93436e-20)
(-0.0591232 -0.132388 -5.18154e-22)
(-0.0585227 -0.106193 -6.62404e-20)
(-0.0528103 -0.0733407 -4.07626e-21)
(-0.0396319 -0.0344622 -6.74998e-20)
(-0.0200303 0.00986004 -3.11353e-20)
(0.0207014 0.0591059 5.27301e-20)
(-0.0156093 -0.0602714 -3.54011e-20)
(-0.0341722 -0.12241 -2.88282e-21)
(-0.0478261 -0.145547 -2.0482e-21)
(-0.0581998 -0.14274 -4.16801e-20)
(-0.0661234 -0.124625 6.48754e-21)
(-0.0712167 -0.097872 4.03055e-20)
(-0.0722015 -0.0652816 -2.15973e-20)
(-0.0671954 -0.0274217 3.49973e-20)
(-0.0560565 0.0151113 1.63602e-20)
(-0.0292432 0.0625277 -1.88576e-20)
(-0.0135593 -0.059765 2.23604e-20)
(-0.0309895 -0.119342 4.23544e-20)
(-0.0462559 -0.139581 -9.34134e-21)
(-0.0597281 -0.13451 1.96131e-20)
(-0.0718224 -0.115076 1.34539e-20)
(-0.0819807 -0.0879261 -3.29039e-20)
(-0.0889441 -0.0557265 8.19868e-21)
(-0.0911712 -0.0189398 -9.50189e-21)
(-0.0879404 0.0221773 1.21559e-20)
(-0.0736471 0.0677462 -2.39938e-20)
(-0.0114028 -0.0583882 -6.95868e-21)
(-0.027608 -0.114677 -2.72769e-20)
(-0.0442534 -0.131872 3.787e-20)
(-0.0604336 -0.124627 -1.94456e-20)
(-0.0761489 -0.10403 9.08137e-21)
(-0.0906869 -0.0766167 2.75401e-20)
(-0.102842 -0.0448788 -2.35556e-20)
(-0.111338 -0.0091115 -6.25192e-21)
(-0.115347 0.0308029 5.59825e-22)
(-0.111832 0.0750872 2.8796e-20)
(-0.00922272 -0.0562121 -2.05266e-21)
(-0.0241445 -0.108608 -7.99203e-21)
(-0.0418915 -0.122691 -3.31512e-20)
(-0.0603329 -0.113395 6.42555e-21)
(-0.0790649 -0.0917841 5.31887e-21)
(-0.0972433 -0.0642138 -2.24723e-21)
(-0.113733 -0.0329663 -1.59821e-22)
(-0.127474 0.00187039 -9.31842e-21)
(-0.13775 0.0407802 1.30949e-20)
(-0.143117 0.0843225 9.01457e-21)
(-0.00709768 -0.0533426 5.42001e-21)
(-0.0207106 -0.101376 9.71613e-21)
(-0.0392511 -0.112345 2.45805e-20)
(-0.0594661 -0.101138 -1.26439e-20)
(-0.0805698 -0.0786493 -1.10573e-20)
(-0.101603 -0.0510038 -3.8586e-22)
(-0.121503 -0.0202524 2.16227e-20)
(-0.139378 0.0137502 1.01429e-20)
(-0.154675 0.0518039 -9.19046e-21)
(-0.166895 0.094913 -1.03645e-20)
(-0.00509663 -0.0499116 -8.63984e-22)
(-0.0174071 -0.0932525 1.87657e-21)
(-0.0364182 -0.101161 -4.67937e-21)
(-0.0578977 -0.088191 3.36838e-21)
(-0.0807054 -0.0649485 2.84553e-21)
(-0.103776 -0.0372936 2.05242e-21)
(-0.126102 -0.00705272 -4.23841e-21)
(-0.146927 0.0261925 -1.72863e-20)
(-0.165799 0.0634735 -2.78772e-21)
(-0.182724 0.106243 5.51706e-21)
(-0.003275 -0.0460672 1.35213e-21)
(-0.0143201 -0.0845242 -3.40224e-21)
(-0.0334826 -0.0894721 -2.74563e-21)
(-0.0557173 -0.0748952 1.9382e-21)
(-0.0795597 -0.0510127 -2.67073e-21)
(-0.103845 -0.023403 -1.27452e-21)
(-0.127581 0.00632467 1.35692e-21)
(-0.150108 0.0388096 6.6585e-21)
(-0.170999 0.0753259 -2.34232e-21)
(-0.190417 0.117673 2.41148e-21)
(1.08844 -0.00174175 -1.63765e-22)
(1.08909 -0.0017058 4.28424e-22)
(1.08971 -0.00166993 -4.20601e-22)
(1.09032 -0.00163411 1.35274e-22)
(1.09091 -0.00159837 3.25492e-22)
(1.09148 -0.00156262 -6.0759e-25)
(1.09204 -0.00152708 -1.53106e-22)
(1.09258 -0.00149123 -2.44852e-22)
(1.0931 -0.00145656 1.60269e-22)
(1.09361 -0.00141912 -6.83947e-23)
(1.09409 -0.00138946 4.93291e-23)
(1.08946 -0.0051534 -1.25009e-22)
(1.09012 -0.00503779 -3.37524e-23)
(1.09076 -0.00492339 9.42075e-23)
(1.09137 -0.0048102 2.09936e-22)
(1.09197 -0.00469833 -1.79249e-23)
(1.09256 -0.00458759 -5.30672e-23)
(1.09312 -0.00447863 -6.71881e-23)
(1.09367 -0.00436985 2.17467e-22)
(1.0942 -0.00426558 5.5103e-23)
(1.09471 -0.00415426 -5.45988e-23)
(1.0952 -0.00406644 -8.97143e-23)
(1.09133 -0.0084053 -2.12699e-22)
(1.09201 -0.00821077 1.53882e-23)
(1.09267 -0.00801844 2.37768e-23)
(1.09331 -0.00782833 4.66508e-22)
(1.09393 -0.00764062 -6.18293e-22)
(1.09453 -0.00745497 1.6699e-22)
(1.09511 -0.00727239 1.71141e-22)
(1.09568 -0.00709035 9.7396e-23)
(1.09622 -0.00691571 -9.32319e-23)
(1.09676 -0.00673011 -8.04209e-24)
(1.09727 -0.00658195 5.20555e-24)
(1.09398 -0.0115565 2.51712e-22)
(1.09469 -0.0112754 -1.54335e-22)
(1.09537 -0.0109974 4.04108e-22)
(1.09604 -0.0107225 -1.67268e-22)
(1.09669 -0.0104511 -8.07062e-23)
(1.09732 -0.0101826 -4.17364e-22)
(1.09793 -0.00991852 1.63409e-23)
(1.09852 -0.00965549 1.28814e-23)
(1.0991 -0.0094026 1.23993e-22)
(1.09966 -0.00913578 -9.67973e-23)
(1.10021 -0.00891834 1.41681e-22)
(1.09734 -0.014593 2.04808e-22)
(1.09808 -0.0142159 -1.54589e-22)
(1.09881 -0.0138426 -9.24641e-23)
(1.09951 -0.0134733 -5.92756e-23)
(1.10019 -0.0131083 1.98863e-22)
(1.10086 -0.0127473 3.05837e-22)
(1.1015 -0.0123918 -1.39171e-25)
(1.10213 -0.0120379 2.44766e-22)
(1.10274 -0.0116966 -8.88412e-23)
(1.10334 -0.0113392 5.23689e-22)
(1.10393 -0.0110402 -2.57843e-22)
(1.10136 -0.0175407 -2.06722e-22)
(1.10214 -0.0170546 2.54102e-22)
(1.10291 -0.016573 -1.82908e-22)
(1.10366 -0.016096 -5.51134e-22)
(1.10438 -0.0156239 5.47767e-23)
(1.10509 -0.0151564 -3.8537e-22)
(1.10578 -0.0146953 1.89285e-22)
(1.10644 -0.0142363 6.17171e-22)
(1.10709 -0.0137915 -9.16786e-23)
(1.10773 -0.0133295 -5.39568e-22)
(1.10838 -0.0129308 -1.69491e-22)
(1.10599 -0.0204029 5.33451e-23)
(1.10683 -0.0197917 -1.95834e-22)
(1.10765 -0.0191851 5.78554e-22)
(1.10845 -0.0185833 2.68636e-22)
(1.10922 -0.0179867 1.12934e-22)
(1.10998 -0.0173949 1.83546e-22)
(1.11071 -0.0168099 -4.90367e-22)
(1.11142 -0.0162272 -9.40752e-22)
(1.11211 -0.0156593 -3.95459e-22)
(1.11281 -0.0150744 2.5085e-23)
(1.11351 -0.014552 8.93843e-23)
(1.11123 -0.0231903 3.84206e-22)
(1.11213 -0.0224345 2.92633e-22)
(1.11301 -0.021683 3.50751e-22)
(1.11386 -0.0209358 -6.99831e-22)
(1.11469 -0.0201935 8.09972e-22)
(1.1155 -0.0194557 -2.20657e-22)
(1.11628 -0.0187244 7.47544e-22)
(1.11704 -0.0179952 -4.07631e-22)
(1.11778 -0.0172797 6.39461e-22)
(1.11853 -0.0165491 8.59396e-22)
(1.11929 -0.0158728 3.27454e-22)
(1.11704 -0.0259105 3.29778e-22)
(1.11801 -0.0249873 2.72098e-23)
(1.11896 -0.0240671 -1.08054e-21)
(1.11988 -0.0231503 3.72114e-22)
(1.12077 -0.0222371 -1.5619e-22)
(1.12163 -0.0213273 -1.04975e-22)
(1.12247 -0.0204225 5.83038e-22)
(1.12329 -0.0195193 -5.36695e-23)
(1.12408 -0.0186265 -6.29299e-22)
(1.1249 -0.0177223 -1.26998e-21)
(1.12573 -0.016855 1.16272e-22)
(1.12343 -0.0285723 -5.6079e-22)
(1.12448 -0.0274554 1.80958e-22)
(1.1255 -0.0263395 1.32994e-21)
(1.1265 -0.0252249 8.28556e-22)
(1.12746 -0.0241116 -9.55722e-22)
(1.12839 -0.0229996 -4.39457e-22)
(1.1293 -0.0218897 -4.69744e-22)
(1.13018 -0.0207803 2.67754e-22)
(1.13102 -0.0196748 4.93428e-22)
(1.13191 -0.0185646 7.42744e-22)
(1.13282 -0.0174622 -2.52651e-22)
(1.1304 -0.0311853 1.18306e-22)
(1.13154 -0.0298451 -1.48847e-21)
(1.13265 -0.0285028 -7.68254e-24)
(1.13373 -0.0271583 -1.16914e-21)
(1.13477 -0.0258117 7.19314e-22)
(1.13578 -0.0244631 1.06763e-21)
(1.13675 -0.0231118 -1.50771e-22)
(1.13771 -0.0217591 -7.79851e-22)
(1.13862 -0.0204003 -3.92207e-22)
(1.13958 -0.0190462 4.56875e-22)
(1.14059 -0.0176574 -4.13167e-22)
(1.13668 -0.0353499 7.43075e-22)
(1.13796 -0.0337602 9.86314e-22)
(1.1392 -0.0321639 -3.51079e-23)
(1.14041 -0.0305608 -1.71216e-21)
(1.14158 -0.028951 -9.32961e-22)
(1.14271 -0.0273338 -7.89413e-22)
(1.14381 -0.0257098 1.26874e-21)
(1.14487 -0.0240762 1.72136e-21)
(1.1459 -0.0224387 6.31151e-22)
(1.14689 -0.0207804 6.18254e-23)
(1.14794 -0.01914 -7.73123e-22)
(1.14905 -0.0174064 1.65706e-21)
(1.14471 -0.0381852 -4.56873e-22)
(1.14612 -0.036309 -1.93639e-21)
(1.14748 -0.0344204 3.15273e-22)
(1.1488 -0.032519 7.0984e-22)
(1.15008 -0.0306046 7.12556e-22)
(1.15132 -0.0286756 -9.04588e-22)
(1.15251 -0.0267336 -1.68455e-21)
(1.15366 -0.0247723 -3.57409e-22)
(1.15479 -0.022804 7.87536e-22)
(1.15586 -0.0207945 1.69713e-21)
(1.15702 -0.0188211 -4.90792e-22)
(1.15826 -0.0166775 -2.29245e-21)
(1.15334 -0.0410446 1.2608e-21)
(1.15489 -0.0388444 3.76217e-22)
(1.15639 -0.0366246 7.68318e-22)
(1.15784 -0.0343839 -1.45117e-22)
(1.15925 -0.0321223 -9.15241e-22)
(1.1606 -0.0298366 6.84398e-23)
(1.16191 -0.0275301 -2.59618e-22)
(1.16317 -0.025191 -1.51887e-21)
(1.1644 -0.0228414 -2.67252e-21)
(1.16557 -0.0204229 -3.53079e-21)
(1.16685 -0.0180646 3.5551e-21)
(1.16824 -0.0154373 7.39555e-23)
(1.16259 -0.0439452 1.86533e-21)
(1.1643 -0.0413809 -7.27623e-22)
(1.16595 -0.0387878 -6.15337e-22)
(1.16756 -0.036164 1.6249e-22)
(1.16911 -0.0335093 9.64233e-22)
(1.1706 -0.0308188 1.82667e-21)
(1.17205 -0.0280977 -1.1377e-21)
(1.17343 -0.0253271 2.07432e-21)
(1.17479 -0.0225424 -8.01889e-22)
(1.17608 -0.0196525 -9.46364e-22)
(1.1775 -0.016854 -3.97842e-21)
(1.17906 -0.0136619 -8.26116e-22)
(1.17247 -0.0469021 -1.46114e-21)
(1.17437 -0.0439311 1.20826e-21)
(1.1762 -0.0409205 2.12349e-21)
(1.17797 -0.0378672 1.15456e-21)
(1.17969 -0.0347713 -6.70238e-22)
(1.18134 -0.031625 -2.77019e-21)
(1.18294 -0.0284369 4.37222e-21)
(1.18447 -0.0251783 -1.18415e-21)
(1.18598 -0.0219027 2.67007e-21)
(1.18741 -0.0184767 -1.96297e-21)
(1.18901 -0.0151846 2.71309e-21)
(1.19079 -0.0113463 2.49555e-21)
(1.18301 -0.0499298 -2.20239e-22)
(1.18511 -0.0465077 -1.5988e-21)
(1.18714 -0.0430333 -2.04257e-21)
(1.18911 -0.0395021 4.14523e-22)
(1.19102 -0.0359145 3.45526e-21)
(1.19285 -0.0322589 -1.96953e-21)
(1.19463 -0.0285488 4.5532e-22)
(1.19633 -0.0247417 -6.40992e-21)
(1.19801 -0.020916 -9.84167e-22)
(1.1996 -0.0168827 4.47239e-21)
(1.20139 -0.0130374 7.55226e-23)
(1.20342 -0.00845852 -5.13566e-21)
(1.1942 -0.0530426 9.53136e-23)
(1.19654 -0.0491229 6.12684e-22)
(1.19881 -0.0451364 2.124e-21)
(1.201 -0.0410766 -1.61648e-21)
(1.20312 -0.036945 -3.64845e-21)
(1.20516 -0.0327248 1.78404e-21)
(1.20714 -0.0284365 1.38476e-21)
(1.20904 -0.0240197 9.39349e-21)
(1.21092 -0.019584 5.209e-22)
(1.21271 -0.0148708 -4.51885e-21)
(1.21474 -0.0104106 7.89664e-22)
(1.21708 -0.00499826 -1.14441e-21)
(1.20608 -0.0562508 -4.08784e-22)
(1.20868 -0.0517856 4.02e-22)
(1.2112 -0.0472378 -4.98123e-22)
(1.21364 -0.0425977 2.5656e-21)
(1.216 -0.0378693 6.89252e-21)
(1.21828 -0.0330281 7.03712e-21)
(1.2205 -0.0281053 -1.05983e-20)
(1.22263 -0.0230168 1.61457e-21)
(1.22475 -0.0179141 5.57417e-21)
(1.22679 -0.0124526 1.12489e-20)
(1.22909 -0.00732392 -1.81383e-21)
(1.23181 -0.000996478 2.66081e-21)
(1.21865 -0.0595606 1.54161e-21)
(1.22154 -0.0545007 9.79101e-22)
(1.22435 -0.0493419 -3.41209e-21)
(1.22706 -0.0440702 -2.1628e-21)
(1.2297 -0.0386939 -2.66987e-21)
(1.23225 -0.0331765 6.26284e-22)
(1.23474 -0.0275657 6.25259e-21)
(1.23714 -0.0217428 -5.37909e-21)
(1.23954 -0.0159176 -2.78775e-21)
(1.24186 -0.00963534 -1.20467e-20)
(1.2445 -0.00378786 3.5087e-21)
(1.24768 0.00354249 1.30702e-20)
(1.23192 -0.0629732 2.98595e-21)
(1.23513 -0.0572691 -8.60414e-22)
(1.23826 -0.0514497 2.02141e-21)
(1.24128 -0.0454939 1.14383e-21)
(1.24424 -0.0394202 -7.5189e-21)
(1.24709 -0.0331728 -1.38567e-20)
(1.24991 -0.0268283 9.82566e-21)
(1.25262 -0.0202131 8.5477e-22)
(1.25536 -0.0136209 -5.64978e-21)
(1.25803 -0.00644258 1.17e-20)
(1.26106 0.000169798 6.35184e-21)
(1.26477 0.00860226 -3.50161e-21)
(1.24591 -0.0664876 -9.23054e-22)
(1.24947 -0.0600898 -1.84333e-21)
(1.25296 -0.0535617 -1.33239e-21)
(1.25632 -0.0468707 -2.35385e-21)
(1.25964 -0.0400511 -4.75249e-21)
(1.26283 -0.0330162 6.68929e-21)
(1.26605 -0.0258926 -1.79476e-20)
(1.2691 -0.0184228 -1.01727e-20)
(1.2723 -0.0110329 5.25193e-21)
(1.27532 -0.00288358 -1.21458e-20)
(1.27885 0.00452002 -1.28814e-20)
(1.28305 0.014174 -1.70145e-20)
(1.26065 -0.070087 -5.13701e-21)
(1.2646 -0.0629489 3.69454e-21)
(1.26849 -0.0556686 3.56997e-21)
(1.27224 -0.048199 -2.17694e-21)
(1.276 -0.0405951 2.32087e-21)
(1.27955 -0.0327219 9.18939e-21)
(1.28325 -0.0247772 2.64037e-20)
(1.28661 -0.0163727 2.20269e-20)
(1.29035 -0.00814372 -1.44488e-20)
(1.2936 0.00108563 1.02287e-20)
(1.29777 0.00929213 1.84435e-21)
(1.30216 0.0203228 1.23353e-20)
(1.2762 -0.0737674 1.89868e-21)
(1.28058 -0.0658418 -8.40437e-21)
(1.28493 -0.0577618 -1.40313e-20)
(1.28909 -0.04947 -9.48331e-21)
(1.29336 -0.0410422 2.52566e-20)
(1.29728 -0.0322931 -1.10648e-20)
(1.30157 -0.0235023 -2.12395e-20)
(1.30511 -0.0141009 -1.28236e-20)
(1.30948 -0.00499906 5.43579e-21)
(1.31251 0.00546506 2.97192e-21)
(1.31735 0.0145093 -1.21697e-20)
(1.32106 0.027161 -1.16093e-20)
(1.29265 -0.0775192 5.07228e-22)
(1.2975 -0.0687636 1.77982e-21)
(1.30234 -0.0598338 8.57265e-21)
(1.30691 -0.0506725 -4.77179e-22)
(1.31166 -0.0413558 -8.9174e-21)
(1.31584 -0.0316777 -1.52281e-20)
(1.32068 -0.0219801 3.71303e-21)
(1.3241 -0.0115394 -2.09265e-22)
(1.32917 -0.00155289 1.43888e-20)
(1.33118 0.0102495 5.47025e-21)
(1.3367 0.02014 1.52473e-20)
(1.33786 0.0347334 6.53931e-22)
(1.31006 -0.081265 5.83612e-21)
(1.31537 -0.071629 3.41479e-22)
(1.32064 -0.0617945 2.38077e-20)
(1.32555 -0.0517212 1.92325e-20)
(1.33063 -0.0414394 -1.7091e-20)
(1.33479 -0.030779 6.86703e-21)
(1.33984 -0.020033 -6.05984e-21)
(1.34244 -0.00847531 5.59895e-21)
(1.3478 0.00255285 -7.74091e-21)
(1.34739 0.0157551 7.98299e-21)
(1.35354 0.0264878 -1.8786e-20)
(1.34914 0.0432337 2.22489e-20)
(1.32828 -0.084811 -1.19259e-20)
(1.3339 -0.0742011 8.82735e-21)
(1.33936 -0.0633759 -2.02097e-20)
(1.34436 -0.0523307 8.80928e-21)
(1.34938 -0.0410192 3.25066e-20)
(1.35318 -0.0293771 8.16973e-21)
(1.35777 -0.0174762 1.40243e-20)
(1.35874 -0.00483052 -4.96474e-21)
(1.36323 0.00755335 8.91972e-22)
(1.35812 0.0221704 -1.36205e-20)
(1.36385 0.0340801 2.5227e-20)
(1.34925 0.0529524 -1.29198e-20)
(1.3469 -0.0880359 3.34551e-21)
(1.35248 -0.0763395 -1.65108e-20)
(1.35769 -0.0644288 1.13989e-21)
(1.36227 -0.0523256 -2.96071e-20)
(1.36648 -0.0399279 -1.89665e-20)
(1.36926 -0.0272994 -1.06404e-20)
(1.37215 -0.014238 3.86703e-23)
(1.37071 -0.000732064 -8.84287e-21)
(1.3723 0.0131046 2.80081e-20)
(1.36054 0.0285899 8.8961e-21)
(1.36304 0.0422666 -1.85439e-20)
(1.33181 0.0626024 -6.8947e-21)
(1.36512 -0.0911477 1.10432e-20)
(1.37022 -0.0783458 3.19504e-21)
(1.37461 -0.0653465 -1.27614e-20)
(1.37808 -0.0521567 2.24541e-20)
(1.38045 -0.0386685 -2.4905e-20)
(1.38098 -0.024974 -8.732e-21)
(1.38003 -0.0107574 5.22002e-21)
(1.37447 0.00359504 -3.74716e-21)
(1.36918 0.0187795 -3.67663e-20)
(1.34953 0.0342266 -3.5857e-20)
(1.34356 0.0497148 1.24677e-20)
(1.29091 0.0688684 -1.32129e-20)
(1.3816 -0.0938401 -3.46889e-21)
(1.38563 -0.0799517 -1.60185e-21)
(1.38844 -0.0658797 6.80884e-21)
(1.38966 -0.0515874 -1.41847e-20)
(1.38874 -0.0369929 3.61618e-20)
(1.38493 -0.0220959 2.80229e-20)
(1.37734 -0.00669705 -1.83425e-20)
(1.36429 0.00888807 2.15809e-20)
(1.34622 0.0253119 2.28643e-20)
(1.31565 0.0410623 9.64818e-21)
(1.28988 0.0579285 4.28404e-21)
(1.21743 0.0724909 3.54962e-20)
(1.09536 -0.00126214 0)
(1.09688 -0.00106416 0)
(1.09858 -0.00087307 0)
(1.09959 -0.000679714 0)
(1.10085 -0.000558888 0)
(1.10149 -0.000358986 0)
(1.10211 -0.000324159 0)
(1.10278 -6.11226e-05 0)
(1.10221 -6.93523e-05 0)
(1.10332 0.000334023 0)
(1.10045 0.000416456 0)
(1.10192 0.00104319 0)
(1.09494 0.00139598 0)
(1.09567 0.00225329 0)
(1.08233 0.00290503 0)
(1.08053 0.00369855 0)
(1.05993 0.00448625 0)
(1.05409 0.00432725 0)
(1.03136 0.00518937 0)
(1.02005 0.00278751 0)
(1.0109 0.00326587 0)
(0.995948 -0.00127543 0)
(1.02014 -0.00513619 0)
(1.03648 -0.00523051 0)
(1.06578 -0.00599581 0)
(1.0952 -0.000382593 0)
(1.06792 -0.000426682 0)
(1.10088 0.00473839 0)
(1.01557 0.00618487 0)
(1.0364 -0.00214676 0)
(1.0965 -0.00368814 0)
(1.09799 -0.00309787 0)
(1.09965 -0.0025307 0)
(1.10058 -0.0019589 0)
(1.10178 -0.00161018 0)
(1.10236 -0.00102545 0)
(1.10295 -0.000943328 0)
(1.10364 -0.000180817 0)
(1.10308 -0.000237396 0)
(1.10434 0.000940686 0)
(1.10152 0.00116612 0)
(1.10325 0.00301611 0)
(1.09633 0.00407263 0)
(1.09725 0.00664155 0)
(1.08381 0.00859923 0)
(1.08198 0.0110254 0)
(1.06089 0.013362 0)
(1.05476 0.0129824 0)
(1.03122 0.0155511 0)
(1.01912 0.00843423 0)
(1.00952 0.0100371 0)
(0.992229 -0.00377423 0)
(1.01861 -0.0156599 0)
(1.03687 -0.0159398 0)
(1.06838 -0.0179801 0)
(1.09819 -0.00120078 0)
(1.07033 -0.00115625 0)
(1.10384 0.0143942 0)
(1.01369 0.0187282 0)
(1.0339 -0.00625336 0)
(1.09863 -0.00594974 0)
(1.10005 -0.00496208 0)
(1.10164 -0.00402402 0)
(1.1024 -0.0030851 0)
(1.1035 -0.00253838 0)
(1.10395 -0.00160075 0)
(1.10448 -0.00153035 0)
(1.1052 -0.000324945 0)
(1.10464 -0.00050474 0)
(1.10621 0.00136908 0)
(1.10349 0.00169049 0)
(1.10573 0.00469368 0)
(1.09895 0.00648266 0)
(1.10024 0.0107687 0)
(1.08666 0.0140925 0)
(1.08469 0.0182691 0)
(1.0628 0.0221459 0)
(1.05595 0.0217639 0)
(1.03108 0.0260439 0)
(1.01729 0.0143663 0)
(1.00698 0.0175742 0)
(0.984903 -0.0061555 0)
(1.01541 -0.0271121 0)
(1.03778 -0.0274759 0)
(1.07329 -0.0300737 0)
(1.10403 -0.00220067 0)
(1.07483 -0.00155124 0)
(1.10935 0.0246919 0)
(1.0106 0.0319428 0)
(1.02866 -0.00989191 0)
(1.10166 -0.00801695 0)
(1.10298 -0.00660776 0)
(1.10443 -0.00529509 0)
(1.10493 -0.00399151 0)
(1.10585 -0.00328653 0)
(1.10612 -0.00203276 0)
(1.10652 -0.00206422 0)
(1.10731 -0.000490093 0)
(1.10672 -0.000911053 0)
(1.10877 0.00154891 0)
(1.10619 0.00190093 0)
(1.10923 0.00596683 0)
(1.10268 0.00856692 0)
(1.10452 0.014597 0)
(1.09082 0.019449 0)
(1.08853 0.0255354 0)
(1.06571 0.0310348 0)
(1.0575 0.0309018 0)
(1.03122 0.0369594 0)
(1.01455 0.020896 0)
(1.00345 0.0264514 0)
(0.973816 -0.00830047 0)
(1.01013 -0.0403505 0)
(1.03951 -0.040492 0)
(1.08016 -0.0426112 0)
(1.11286 -0.00345728 0)
(1.08103 -0.0014448 0)
(1.11705 0.0360142 0)
(1.00755 0.0465447 0)
(1.01978 -0.0126851 0)
(1.10548 -0.00984782 0)
(1.10667 -0.00797868 0)
(1.1079 -0.00628225 0)
(1.10806 -0.00460953 0)
(1.10869 -0.00379743 0)
(1.10873 -0.0022682 0)
(1.10889 -0.00252385 0)
(1.10979 -0.000675895 0)
(1.10911 -0.00150348 0)
(1.11185 0.00140559 0)
(1.10945 0.00169823 0)
(1.11362 0.0067184 0)
(1.10744 0.0102494 0)
(1.11 0.0180754 0)
(1.09627 0.0247188 0)
(1.09339 0.0328791 0)
(1.06972 0.0402045 0)
(1.05925 0.0405408 0)
(1.03192 0.0484913 0)
(1.01097 0.0283509 0)
(0.999055 0.0371855 0)
(0.958702 -0.00993313 0)
(1.00215 -0.0562158 0)
(1.0423 -0.0555704 0)
(1.08868 -0.055989 0)
(1.12517 -0.00488256 0)
(1.08829 -0.000634076 0)
(1.12656 0.0483122 0)
(1.0064 0.0632698 0)
(1.00614 -0.0138606 0)
(1.11006 -0.0114152 0)
(1.11106 -0.00902837 0)
(1.11197 -0.00692875 0)
(1.11167 -0.00487197 0)
(1.11189 -0.00401054 0)
(1.11162 -0.00224954 0)
(1.11143 -0.00288209 0)
(1.11246 -0.000873766 0)
(1.11163 -0.00231888 0)
(1.11527 0.000867635 0)
(1.11311 0.000980256 0)
(1.11877 0.00682559 0)
(1.11316 0.0114412 0)
(1.11666 0.0211517 0)
(1.10299 0.0299461 0)
(1.09925 0.0403231 0)
(1.07489 0.0498201 0)
(1.0611 0.0507517 0)
(1.03338 0.0607475 0)
(1.00674 0.0370564 0)
(0.993821 0.0502844 0)
(0.939299 -0.0106422 0)
(0.990601 -0.0754941 0)
(1.04597 -0.0732835 0)
(1.09862 -0.0706586 0)
(1.14132 -0.0062459 0)
(1.09603 0.00112354 0)
(1.13758 0.0610747 0)
(1.00888 0.0828592 0)
(0.9875 -0.0122817 0)
(1.11533 -0.0126711 0)
(1.11608 -0.00969111 0)
(1.11655 -0.00715803 0)
(1.11568 -0.004694 0)
(1.11533 -0.00384584 0)
(1.11464 -0.00190401 0)
(1.11396 -0.00309265 0)
(1.11512 -0.00106599 0)
(1.11409 -0.00338774 0)
(1.11881 -0.000130675 0)
(1.11705 -0.000355299 0)
(1.12454 0.00615783 0)
(1.11984 0.012031 0)
(1.12448 0.0237837 0)
(1.11097 0.0351598 0)
(1.10613 0.0478796 0)
(1.0812 0.0600259 0)
(1.06308 0.0615539 0)
(1.03569 0.0737326 0)
(1.00232 0.0473157 0)
(0.987806 0.0662884 0)
(0.915476 -0.00986194 0)
(0.97388 -0.0987534 0)
(1.04894 -0.0942795 0)
(1.10957 -0.0871672 0)
(1.16084 -0.00730626 0)
(1.10419 0.00403711 0)
(1.14979 0.0736471 0)
(1.01546 0.105763 0)
(0.965653 -0.00693148 0)
(1.12127 -0.013572 0)
(1.12171 -0.00990419 0)
(1.12158 -0.00689125 0)
(1.11998 -0.00398826 0)
(1.11889 -0.00321432 0)
(1.11764 -0.00115226 0)
(1.11632 -0.0030976 0)
(1.11755 -0.00123175 0)
(1.11629 -0.00473737 0)
(1.12224 -0.0016915 0)
(1.12114 -0.00244977 0)
(1.13078 0.00456623 0)
(1.12748 0.0118796 0)
(1.13347 0.0259498 0)
(1.12021 0.0403645 0)
(1.11407 0.0555792 0)
(1.08853 0.0709239 0)
(1.06532 0.0729494 0)
(1.03873 0.0873392 0)
(0.998253 0.0593385 0)
(0.981402 0.0857541 0)
(0.887498 -0.00668403 0)
(0.948639 -0.125973 0)
(1.04669 -0.11944 0)
(1.1197 -0.106272 0)
(1.1818 -0.00793345 0)
(1.11327 0.00817583 0)
(1.1627 0.0855944 0)
(1.02517 0.131908 0)
(0.944147 0.00253178 0)
(1.12789 -0.0140657 0)
(1.12791 -0.00959706 0)
(1.12703 -0.00603827 0)
(1.1245 -0.00265657 0)
(1.12246 -0.00201088 0)
(1.12046 0.00010355 0)
(1.11833 -0.00282004 0)
(1.11952 -0.00134175 0)
(1.11803 -0.00638075 0)
(1.12532 -0.00391541 0)
(1.12523 -0.00544723 0)
(1.13738 0.00188034 0)
(1.13615 0.0108275 0)
(1.14365 0.027648 0)
(1.13074 0.0455479 0)
(1.12314 0.0634865 0)
(1.09675 0.0825627 0)
(1.06803 0.0849398 0)
(1.04234 0.101396 0)
(0.994954 0.0730896 0)
(0.975657 0.109107 0)
(0.856581 0.000389996 0)
(0.91003 -0.155856 0)
(1.031 -0.149884 0)
(1.12394 -0.129267 0)
(1.20067 -0.00850667 0)
(1.12347 0.0132515 0)
(1.17556 0.0967925 0)
(1.03654 0.160687 0)
(0.926463 0.015688 0)
(1.13517 -0.0140991 0)
(1.13467 -0.00869835 0)
(1.13285 -0.00450459 0)
(1.12916 -0.000614677 0)
(1.12598 -0.000126937 0)
(1.12296 0.00196319 0)
(1.11985 -0.00216875 0)
(1.12081 -0.00135534 0)
(1.11909 -0.00831883 0)
(1.1278 -0.00687715 0)
(1.12919 -0.00947691 0)
(1.14421 -0.00210118 0)
(1.14589 0.00870779 0)
(1.15509 0.0288836 0)
(1.14261 0.0507025 0)
(1.13331 0.0717003 0)
(1.10571 0.0949395 0)
(1.0714 0.0975283 0)
(1.04619 0.115746 0)
(0.992802 0.0881479 0)
(0.97181 0.136376 0)
(0.825445 0.0140065 0)
(0.857219 -0.185276 0)
(0.994162 -0.186178 0)
(1.1148 -0.157998 0)
(1.21272 -0.0104466 0)
(1.13383 0.0184819 0)
(1.18731 0.107281 0)
(1.04847 0.191172 0)
(0.914454 0.0316503 0)
(1.14315 -0.0136175 0)
(1.142 -0.0071352 0)
(1.13902 -0.00218753 0)
(1.13391 0.00227041 0)
(1.12936 0.00257295 0)
(1.12501 0.0045364 0)
(1.1207 -0.00104014 0)
(1.12118 -0.00121684 0)
(1.11924 -0.0105485 0)
(1.12944 -0.0106658 0)
(1.13278 -0.0146971 0)
(1.15124 -0.0076272 0)
(1.15679 0.00535378 0)
(1.16784 0.0296517 0)
(1.15594 0.0558577 0)
(1.14446 0.0803418 0)
(1.11536 0.108005 0)
(1.0756 0.110754 0)
(1.04976 0.130254 0)
(0.992634 0.103754 0)
(0.970111 0.166896 0)
(0.798443 0.036252 0)
(0.801182 -0.210257 0)
(0.938207 -0.226969 0)
(1.08773 -0.1938 0)
(1.21385 -0.0156168 0)
(1.14237 0.0227187 0)
(1.19688 0.117016 0)
(1.06033 0.222435 0)
(0.908249 0.0494017 0)
(1.15186 -0.0125682 0)
(1.14993 -0.00483188 0)
(1.14556 0.00100313 0)
(1.13872 0.00611108 0)
(1.13253 0.00622376 0)
(1.12648 0.00795843 0)
(1.12074 0.000696769 0)
(1.12041 -0.000849781 0)
(1.11826 -0.0130611 0)
(1.13 -0.0153494 0)
(1.13575 -0.0212961 0)
(1.15846 -0.0149667 0)
(1.16887 0.000588684 0)
(1.18208 0.0299216 0)
(1.17084 0.06111 0)
(1.15642 0.0895292 0)
(1.12573 0.121684 0)
(1.08058 0.124732 0)
(1.05244 0.144731 0)
(0.995637 0.119111 0)
(0.968946 0.199597 0)
(0.781069 0.0651303 0)
(0.761594 -0.227995 0)
(0.877732 -0.268566 0)
(1.0461 -0.236037 0)
(1.20288 -0.0254196 0)
(1.14709 0.0247571 0)
(1.20344 0.125789 0)
(1.07169 0.253561 0)
(0.906993 0.0680552 0)
(1.16135 -0.0109039 0)
(1.15847 -0.00175786 0)
(1.15244 0.00519172 0)
(1.14359 0.0110073 0)
(1.13543 0.0109624 0)
(1.1273 0.0123629 0)
(1.11982 0.00315188 0)
(1.11828 -0.000146643 0)
(1.1159 -0.0158438 0)
(1.12921 -0.0209607 0)
(1.13781 -0.0295073 0)
(1.1659 -0.0244155 0)
(1.18218 -0.00569631 0)
(1.19806 0.0296569 0)
(1.18732 0.0666304 0)
(1.16905 0.0993567 0)
(1.13688 0.135905 0)
(1.08596 0.139672 0)
(1.05423 0.15879 0)
(1.00215 0.133892 0)
(0.965931 0.233192 0)
(0.777546 0.0966767 0)
(0.749895 -0.237367 0)
(0.828401 -0.306001 0)
(0.99814 -0.281835 0)
(1.18182 -0.040133 0)
(1.14704 0.0237484 0)
(1.20656 0.133252 0)
(1.0822 0.283712 0)
(0.909499 0.0869118 0)
(1.17162 -0.00856555 0)
(1.16769 0.00220862 0)
(1.15972 0.010484 0)
(1.14852 0.0170837 0)
(1.13802 0.0169338 0)
(1.12739 0.0178882 0)
(1.11779 0.00646102 0)
(1.11458 0.00095728 0)
(1.11195 -0.0188701 0)
(1.12676 -0.0274958 0)
(1.13868 -0.0396129 0)
(1.1736 -0.0363222 0)
(1.19678 -0.0136319 0)
(1.2161 0.028838 0)
(1.20528 0.0726476 0)
(1.18237 0.109864 0)
(1.14881 0.1507 0)
(1.0911 0.155694 0)
(1.05597 0.172043 0)
(1.01064 0.14824 0)
(0.960695 0.26627 0)
(0.787723 0.126756 0)
(0.760271 -0.239211 0)
(0.795363 -0.335439 0)
(0.950398 -0.327507 0)
(1.15386 -0.0590599 0)
(1.14227 0.019405 0)
(1.20622 0.139077 0)
(1.09157 0.312263 0)
(0.914604 0.105435 0)
(1.1828 -0.00551362 0)
(1.17763 0.00715472 0)
(1.16739 0.0169444 0)
(1.15353 0.0244353 0)
(1.14025 0.0242736 0)
(1.12671 0.0246721 0)
(1.11452 0.0108037 0)
(1.10911 0.00255922 0)
(1.10627 -0.0220729 0)
(1.12226 -0.0349108 0)
(1.1381 -0.0519524 0)
(1.18153 -0.0510257 0)
(1.2129 -0.0234372 0)
(1.23653 0.0275066 0)
(1.22452 0.0793997 0)
(1.19657 0.121071 0)
(1.16119 0.166225 0)
(1.09555 0.172678 0)
(1.05877 0.184354 0)
(1.01846 0.162474 0)
(0.954732 0.297416 0)
(0.807094 0.15246 0)
(0.780771 -0.235404 0)
(0.775709 -0.355707 0)
(0.905848 -0.370276 0)
(1.12175 -0.0812151 0)
(1.13336 0.0118714 0)
(1.20269 0.143089 0)
(1.09962 0.338789 0)
(0.921317 0.123282 0)
(1.19493 -0.00177456 0)
(1.18836 0.0130677 0)
(1.17549 0.02465 0)
(1.15867 0.0331648 0)
(1.14211 0.0331247 0)
(1.12523 0.0328485 0)
(1.1099 0.0163533 0)
(1.1017 0.00477312 0)
(1.0987 -0.0253339 0)
(1.11532 -0.0431309 0)
(1.13579 -0.0668911 0)
(1.18958 -0.0689008 0)
(1.23084 -0.0353344 0)
(1.25956 0.0257813 0)
(1.24491 0.0870853 0)
(1.21185 0.13303 0)
(1.17351 0.182684 0)
(1.09933 0.190308 0)
(1.06312 0.195879 0)
(1.02346 0.176926 0)
(0.949934 0.325387 0)
(0.830423 0.173632 0)
(0.803798 -0.227444 0)
(0.765913 -0.367472 0)
(0.866101 -0.408636 0)
(1.0877 -0.105565 0)
(1.12112 0.00153829 0)
(1.19639 0.145256 0)
(1.10621 0.363036 0)
(0.928858 0.14023 0)
(1.20806 0.00272347 0)
(1.19994 0.0200028 0)
(1.18408 0.0336546 0)
(1.16399 0.043364 0)
(1.14364 0.0436178 0)
(1.12298 0.0425476 0)
(1.10383 0.023297 0)
(1.09224 0.00765793 0)
(1.08908 -0.0284824 0)
(1.10558 -0.0520402 0)
(1.13139 -0.0848165 0)
(1.19747 -0.0903875 0)
(1.25088 -0.0495174 0)
(1.28519 0.023868 0)
(1.26642 0.0958599 0)
(1.22827 0.14586 0)
(1.18521 0.200242 0)
(1.10279 0.208199 0)
(1.06863 0.206999 0)
(1.02489 0.191697 0)
(0.947223 0.349519 0)
(0.853972 0.190747 0)
(0.826039 -0.216634 0)
(0.763635 -0.372076 0)
(0.832499 -0.441861 0)
(1.05355 -0.131126 0)
(1.10648 -0.0111024 0)
(1.18778 0.145638 0)
(1.11131 0.384897 0)
(0.93665 0.156124 0)
(1.22228 0.00801961 0)
(1.2124 0.0279939 0)
(1.19326 0.0439905 0)
(1.16956 0.0551133 0)
(1.14489 0.0558703 0)
(1.11997 0.0538935 0)
(1.09626 0.0318107 0)
(1.08067 0.0112909 0)
(1.0772 -0.0312933 0)
(1.09279 -0.0614906 0)
(1.12423 -0.106036 0)
(1.20444 -0.115951 0)
(1.2728 -0.0662497 0)
(1.31302 0.0219582 0)
(1.289 0.105825 0)
(1.24561 0.159733 0)
(1.19592 0.218957 0)
(1.1063 0.22604 0)
(1.07443 0.218137 0)
(1.02308 0.20667 0)
(0.946396 0.369705 0)
(0.875545 0.204404 0)
(0.845844 -0.204134 0)
(0.766709 -0.371054 0)
(0.805724 -0.469748 0)
(1.02081 -0.15703 0)
(1.09031 -0.0255072 0)
(1.17739 0.144357 0)
(1.11495 0.404367 0)
(0.94429 0.170881 0)
(1.23767 0.0140469 0)
(1.22583 0.037043 0)
(1.20311 0.0556748 0)
(1.17547 0.0684848 0)
(1.14594 0.0699899 0)
(1.11623 0.0669977 0)
(1.08715 0.0420552 0)
(1.06698 0.0157838 0)
(1.06274 -0.0335028 0)
(1.07684 -0.0712674 0)
(1.11319 -0.130624 0)
(1.20844 -0.146002 0)
(1.29497 -0.0858784 0)
(1.34196 0.0201151 0)
(1.31236 0.116994 0)
(1.26342 0.174816 0)
(1.20545 0.238779 0)
(1.11005 0.24365 0)
(1.07968 0.229613 0)
(1.01885 0.221668 0)
(0.946739 0.386186 0)
(0.894028 0.215285 0)
(0.862565 -0.190854 0)
(0.773244 -0.365893 0)
(0.785698 -0.49251 0)
(0.990569 -0.182557 0)
(1.07344 -0.0410838 0)
(1.16569 0.141589 0)
(1.11722 0.42152 0)
(0.951512 0.18448 0)
(1.25432 0.0207975 0)
(1.24032 0.0471238 0)
(1.21376 0.0687054 0)
(1.18185 0.0835441 0)
(1.14689 0.0860704 0)
(1.11177 0.0819596 0)
(1.07648 0.0541773 0)
(1.05115 0.0212879 0)
(1.04516 -0.0348334 0)
(1.05761 -0.0810213 0)
(1.0962 -0.1581 0)
(1.20494 -0.180727 0)
(1.31309 -0.108928 0)
(1.36942 0.0180681 0)
(1.33551 0.129194 0)
(1.28096 0.191181 0)
(1.21375 0.259578 0)
(1.11393 0.260954 0)
(1.08381 0.241616 0)
(1.01299 0.236534 0)
(0.947464 0.399411 0)
(0.908994 0.223947 0)
(0.876265 -0.177457 0)
(0.781881 -0.357881 0)
(0.771821 -0.510593 0)
(0.963498 -0.207136 0)
(1.05651 -0.0572841 0)
(1.15312 0.137537 0)
(1.11822 0.436484 0)
(0.958152 0.196933 0)
(1.27228 0.0282544 0)
(1.25592 0.0581952 0)
(1.22528 0.0830695 0)
(1.18876 0.100358 0)
(1.14776 0.104195 0)
(1.10654 0.0988798 0)
(1.06418 0.0682915 0)
(1.0331 0.0280439 0)
(1.0237 -0.0349764 0)
(1.0345 -0.0900921 0)
(1.0697 -0.186931 0)
(1.18638 -0.219714 0)
(1.31947 -0.136314 0)
(1.39076 0.0148503 0)
(1.35642 0.14186 0)
(1.2972 0.208691 0)
(1.22074 0.281143 0)
(1.11771 0.27793 0)
(1.08653 0.254221 0)
(1.00614 0.251144 0)
(0.947924 0.409902 0)
(0.920453 0.230881 0)
(0.887258 -0.164425 0)
(0.791685 -0.348055 0)
(0.763218 -0.524561 0)
(0.939923 -0.230367 0)
(1.04004 -0.0736514 0)
(1.14006 0.132413 0)
(1.11811 0.449427 0)
(0.964122 0.20828 0)
(1.29147 0.0363893 0)
(1.27256 0.0701943 0)
(1.23763 0.0987511 0)
(1.19614 0.118998 0)
(1.14846 0.124441 0)
(1.1003 0.117855 0)
(1.04997 0.0844851 0)
(1.01261 0.0363795 0)
(0.997539 -0.0335109 0)
(1.00542 -0.0972886 0)
(1.02849 -0.214274 0)
(1.14385 -0.261572 0)
(1.30427 -0.169108 0)
(1.39956 0.0087729 0)
(1.37198 0.153876 0)
(1.31076 0.226904 0)
(1.22617 0.303175 0)
(1.12106 0.294557 0)
(1.08781 0.267413 0)
(0.998745 0.265412 0)
(0.947684 0.418168 0)
(0.928631 0.236464 0)
(0.895902 -0.152112 0)
(0.802038 -0.337212 0)
(0.758977 -0.535016 0)
(0.919894 -0.252002 0)
(1.02439 -0.0898073 0)
(1.12684 0.12643 0)
(1.11703 0.460533 0)
(0.969383 0.218577 0)
(1.31146 0.0451916 0)
(1.28979 0.0830417 0)
(1.25046 0.115738 0)
(1.2036 0.139533 0)
(1.14859 0.146866 0)
(1.09258 0.13899 0)
(1.03338 0.102817 0)
(0.989245 0.0466433 0)
(0.965675 -0.0297119 0)
(0.966124 -0.100794 0)
(0.967146 -0.236696 0)
(1.07177 -0.304219 0)
(1.25976 -0.2082 0)
(1.3895 -0.00198722 0)
(1.37859 0.163656 0)
(1.32006 0.245043 0)
(1.22968 0.325259 0)
(1.12364 0.310786 0)
(1.08768 0.281107 0)
(0.99106 0.279279 0)
(0.946519 0.424667 0)
(0.933849 0.240936 0)
(0.902522 -0.140774 0)
(0.812513 -0.325951 0)
(0.758285 -0.542526 0)
(0.903282 -0.271914 0)
(1.00978 -0.105458 0)
(1.11371 0.119789 0)
(1.11513 0.469997 0)
(0.973935 0.227893 0)
(1.33109 0.0546581 0)
(1.30656 0.0966315 0)
(1.26286 0.134014 0)
(1.21028 0.162008 0)
(1.1474 0.171489 0)
(1.08255 0.162387 0)
(1.01369 0.123286 0)
(0.962316 0.0592706 0)
(0.926535 -0.0222907 0)
(0.911133 -0.0984577 0)
(0.883435 -0.251918 0)
(0.972654 -0.346012 0)
(1.18509 -0.254051 0)
(1.35728 -0.0198783 0)
(1.37328 0.169398 0)
(1.32358 0.262086 0)
(1.23078 0.34688 0)
(1.12512 0.326518 0)
(1.08627 0.295168 0)
(0.983226 0.292705 0)
(0.94436 0.429793 0)
(0.936471 0.244455 0)
(0.907392 -0.130585 0)
(0.822766 -0.314732 0)
(0.760474 -0.547608 0)
(0.889847 -0.290045 0)
(0.996368 -0.120393 0)
(1.10088 0.112672 0)
(1.11256 0.478003 0)
(0.977802 0.236302 0)
(1.34816 0.0646972 0)
(1.32086 0.110782 0)
(1.27316 0.153503 0)
(1.21467 0.186372 0)
(1.1436 0.198266 0)
(1.06897 0.18809 0)
(0.990065 0.145838 0)
(0.93068 0.074855 0)
(0.877572 -0.00963892 0)
(0.836775 -0.0887594 0)
(0.781781 -0.260148 0)
(0.857442 -0.386527 0)
(1.08695 -0.306242 0)
(1.30403 -0.0463595 0)
(1.35506 0.169577 0)
(1.32036 0.276969 0)
(1.22904 0.367474 0)
(1.12527 0.34161 0)
(1.08371 0.309435 0)
(0.975292 0.305665 0)
(0.941243 0.433861 0)
(0.936889 0.247167 0)
(0.910746 -0.121641 0)
(0.832504 -0.303913 0)
(0.764985 -0.550762 0)
(0.879288 -0.306374 0)
(0.9842 -0.134471 0)
(1.08849 0.105242 0)
(1.10944 0.48473 0)
(0.981023 0.243882 0)
(1.3591 0.0751783 0)
(1.32953 0.125243 0)
(1.27871 0.174021 0)
(1.21457 0.212424 0)
(1.13541 0.227043 0)
(1.05034 0.215999 0)
(0.96169 0.170392 0)
(0.892504 0.0942387 0)
(0.81603 0.00983952 0)
(0.744392 -0.0719862 0)
(0.673041 -0.26378 0)
(0.740706 -0.425725 0)
(0.976136 -0.362998 0)
(1.23436 -0.0809169 0)
(1.32476 0.163375 0)
(1.31015 0.28882 0)
(1.22417 0.386498 0)
(1.12391 0.355891 0)
(1.08012 0.323737 0)
(0.967263 0.318141 0)
(0.937263 0.437121 0)
(0.935503 0.249203 0)
(0.912805 -0.113975 0)
(0.841498 -0.293746 0)
(0.771316 -0.552488 0)
(0.871273 -0.32092 0)
(0.973291 -0.147591 0)
(1.07667 0.0976402 0)
(1.10591 0.490337 0)
(0.983645 0.250708 0)
(1.35857 0.086078 0)
(1.32798 0.139754 0)
(1.27575 0.195277 0)
(1.20707 0.239789 0)
(1.12054 0.257518 0)
(1.02506 0.245805 0)
(0.927666 0.196913 0)
(0.845543 0.118247 0)
(0.740714 0.0368247 0)
(0.640839 -0.0504924 0)
(0.570156 -0.265653 0)
(0.635179 -0.462479 0)
(0.863064 -0.421419 0)
(1.15421 -0.122241 0)
(1.28454 0.150792 0)
(1.29341 0.297071 0)
(1.21614 0.403536 0)
(1.12097 0.369211 0)
(1.07563 0.337915 0)
(0.959125 0.330125 0)
(0.932538 0.439757 0)
(0.932688 0.250648 0)
(0.913779 -0.107536 0)
(0.849617 -0.28433 0)
(0.77897 -0.553189 0)
(0.86546 -0.333822 0)
(0.963626 -0.159706 0)
(1.06549 0.0900035 0)
(1.10206 0.494985 0)
(0.985721 0.256856 0)
(1.33951 0.0968275 0)
(1.31021 0.153675 0)
(1.25955 0.216662 0)
(1.1887 0.267953 0)
(1.09642 0.289281 0)
(0.991724 0.277032 0)
(0.886881 0.225491 0)
(0.787863 0.147344 0)
(0.653348 0.0695501 0)
(0.536474 -0.0280608 0)
(0.483491 -0.267391 0)
(0.548985 -0.494756 0)
(0.755957 -0.478795 0)
(1.0694 -0.168651 0)
(1.23722 0.132614 0)
(1.27108 0.301663 0)
(1.20515 0.418175 0)
(1.11651 0.38138 0)
(1.07034 0.351813 0)
(0.950868 0.341603 0)
(0.927185 0.441945 0)
(0.928777 0.251556 0)
(0.913868 -0.102033 0)
(0.856839 -0.275578 0)
(0.787449 -0.553056 0)
(0.861519 -0.345312 0)
(0.955181 -0.170935 0)
(1.05501 0.0824303 0)
(1.09798 0.498774 0)
(0.987303 0.262391 0)
(1.29432 0.105544 0)
(1.26922 0.165011 0)
(1.22495 0.235956 0)
(1.1559 0.295497 0)
(1.06065 0.321892 0)
(0.949316 0.30945 0)
(0.838157 0.256542 0)
(0.718502 0.181847 0)
(0.558355 0.105797 0)
(0.442506 -0.00931771 0)
(0.419102 -0.269897 0)
(0.484557 -0.522522 0)
(0.661175 -0.533676 0)
(0.984897 -0.220071 0)
(1.18598 0.108171 0)
(1.24436 0.302642 0)
(1.1914 0.431085 0)
(1.11058 0.39255 0)
(1.06434 0.36534 0)
(0.942489 0.352633 0)
(0.921279 0.443688 0)
(0.9241 0.252462 0)
(0.913259 -0.0968798 0)
(0.863214 -0.267464 0)
(0.796309 -0.552169 0)
(0.85917 -0.35541 0)
(0.947919 -0.181435 0)
(1.04529 0.0747518 0)
(1.09375 0.501955 0)
(0.988439 0.267419 0)
(1.21264 0.112015 0)
(1.19743 0.17219 0)
(1.16839 0.248693 0)
(1.10737 0.315336 0)
(1.01348 0.348544 0)
(0.898956 0.339631 0)
(0.781006 0.290774 0)
(0.637953 0.223343 0)
(0.461524 0.145624 0)
(0.368059 0.0117103 0)
(0.378953 -0.278229 0)
(0.43931 -0.551172 0)
(0.583733 -0.586067 0)
(0.903744 -0.27337 0)
(1.13517 0.0766751 0)
(1.21533 0.295708 0)
(1.17613 0.438907 0)
(1.10373 0.402609 0)
(1.05813 0.378637 0)
(0.934279 0.362783 0)
(0.914905 0.445707 0)
(0.919148 0.254607 0)
(0.912116 -0.0927387 0)
(0.868824 -0.260852 0)
(0.805252 -0.550909 0)
(0.858256 -0.363617 0)
(0.941719 -0.19082 0)
(1.03644 0.0670478 0)
(1.08944 0.50406 0)
(0.98915 0.272033 0)
(1.07873 0.119872 1.68809e-20)
(1.10701 0.193164 -3.64058e-21)
(1.10372 0.285601 4.04843e-21)
(1.05089 0.363686 -1.4406e-20)
(0.955594 0.399392 5.41793e-21)
(0.837594 0.384553 -2.94611e-21)
(0.712052 0.330586 7.23861e-22)
(0.553303 0.259895 6.94592e-22)
(0.382941 0.166355 -1.21715e-22)
(0.32502 0.00463896 9.84179e-22)
(0.362178 -0.302943 -6.32634e-22)
(0.414642 -0.580951 7.26021e-22)
(0.536411 -0.624679 1.99111e-21)
(0.839939 -0.307765 -4.80326e-21)
(1.09713 0.0669764 -4.62546e-22)
(1.19294 0.307105 3.21002e-23)
(1.16039 0.454123 1.49009e-21)
(1.0938 0.412256 7.42664e-22)
(1.04766 0.390216 2.65965e-22)
(0.923743 0.37275 -3.31048e-22)
(0.909439 0.445243 1.51348e-22)
(0.915276 0.248211 -4.06704e-23)
(0.910754 -0.0957534 7.72431e-23)
(0.87305 -0.258221 -1.5489e-22)
(0.812872 -0.550296 4.17169e-22)
(0.858694 -0.368531 -1.591e-22)
(0.937137 -0.197032 -2.99423e-24)
(1.02966 0.0629406 -6.89897e-24)
(1.08581 0.506811 -2.71545e-23)
(0.989314 0.275358 -1.69328e-24)
(0.975312 0.119415 4.543e-21)
(1.01875 0.204036 -1.21883e-20)
(1.03696 0.306339 6.05805e-21)
(0.994645 0.388193 6.27253e-21)
(0.90065 0.421126 -2.50539e-21)
(0.780404 0.400669 1.87806e-21)
(0.647145 0.345687 -2.31129e-21)
(0.475972 0.274918 2.55136e-22)
(0.316924 0.166816 -4.47918e-22)
(0.29827 -0.0244058 2.49427e-22)
(0.360064 -0.339818 5.68544e-23)
(0.408844 -0.604612 1.37686e-21)
(0.520774 -0.634036 -1.31115e-21)
(0.805344 -0.311233 3.6375e-22)
(1.06759 0.0685994 1.08751e-21)
(1.17362 0.315538 -3.72126e-21)
(1.14715 0.46266 2.59899e-21)
(1.08542 0.416701 -1.3904e-21)
(1.03894 0.397865 2.28361e-22)
(0.915127 0.380079 -4.16055e-22)
(0.904789 0.443911 1.32766e-22)
(0.911877 0.240314 3.05415e-22)
(0.909226 -0.10105 -1.47731e-23)
(0.875605 -0.259764 4.98928e-23)
(0.819154 -0.551131 -5.10037e-22)
(0.860522 -0.370215 2.45246e-24)
(0.934174 -0.200353 -5.36815e-23)
(1.02432 0.0604352 1.16147e-23)
(1.08277 0.509018 1.64799e-22)
(0.989374 0.277946 -1.76389e-24)
(0.879263 0.119747 -1.73669e-21)
(0.926502 0.210309 3.92786e-21)
(0.960602 0.321102 1.10244e-20)
(0.929438 0.407208 -7.10975e-21)
(0.838869 0.438074 8.28013e-21)
(0.717244 0.413653 -9.531e-22)
(0.575522 0.359661 -2.18667e-21)
(0.394871 0.286659 2.54662e-22)
(0.258153 0.158961 -2.00257e-22)
(0.284934 -0.0558793 1.55728e-22)
(0.365609 -0.374124 1.88863e-22)
(0.40685 -0.624932 6.02566e-22)
(0.50788 -0.646006 8.97623e-22)
(0.779145 -0.317177 -4.63084e-22)
(1.03972 0.0682801 -1.27109e-21)
(1.15326 0.322056 -7.65614e-23)
(1.13327 0.468846 2.0082e-21)
(1.07675 0.419612 -5.01566e-22)
(1.03007 0.404852 8.27882e-23)
(0.906382 0.386861 1.91176e-22)
(0.899771 0.441795 -8.13361e-23)
(0.908099 0.231742 3.8294e-23)
(0.907445 -0.106429 -2.66189e-22)
(0.877874 -0.261092 4.4913e-22)
(0.825547 -0.551672 -1.74946e-22)
(0.863018 -0.371929 1.22331e-22)
(0.931742 -0.20353 9.9239e-23)
(1.01914 0.0580144 -3.25252e-22)
(1.07961 0.51107 -1.35898e-22)
(0.989367 0.280403 -7.37614e-24)
(0.786054 0.120874 7.26168e-22)
(0.833115 0.215965 3.5904e-21)
(0.877557 0.335078 -2.01455e-20)
(0.85642 0.427116 1.05822e-20)
(0.770467 0.457875 -5.87517e-21)
(0.64778 0.431422 2.53767e-21)
(0.497243 0.378937 -1.46423e-21)
(0.312444 0.298977 -2.26171e-22)
(0.210983 0.145669 -3.94288e-22)
(0.282703 -0.0918441 1.33186e-22)
(0.375018 -0.40676 6.12309e-22)
(0.407225 -0.643096 1.06718e-21)
(0.495439 -0.656804 -1.72973e-21)
(0.755616 -0.324926 3.84054e-21)
(1.01276 0.0655688 -4.14265e-21)
(1.13211 0.32735 -1.19322e-21)
(1.11883 0.474588 2.78351e-21)
(1.06778 0.42279 -4.81007e-22)
(1.02108 0.412282 4.91424e-23)
(0.897505 0.393419 1.69593e-22)
(0.894311 0.439301 -1.16969e-23)
(0.903858 0.223594 -5.29822e-23)
(0.905496 -0.111418 2.77351e-22)
(0.880058 -0.262239 -1.31315e-22)
(0.832145 -0.552174 2.28199e-22)
(0.865951 -0.373603 -2.44948e-22)
(0.92973 -0.206682 1.04256e-22)
(1.01414 0.055426 2.55137e-22)
(1.07634 0.512924 4.83358e-23)
(0.989292 0.282777 -4.34245e-24)
(0.694135 0.121162 1.20559e-21)
(0.739919 0.220865 6.23649e-21)
(0.790045 0.347661 7.5429e-21)
(0.77678 0.445949 -5.80793e-21)
(0.695744 0.477827 -3.69193e-21)
(0.571869 0.451288 -5.32404e-22)
(0.413161 0.400334 1.16508e-22)
(0.232498 0.307863 -2.63843e-22)
(0.178145 0.124509 5.53155e-23)
(0.287887 -0.131384 1.37161e-22)
(0.386732 -0.43728 4.26903e-22)
(0.409833 -0.658546 1.20683e-21)
(0.483949 -0.666943 -4.40685e-21)
(0.73326 -0.333258 1.26007e-21)
(0.98622 0.0617115 -6.15202e-22)
(1.11033 0.331594 -1.48293e-21)
(1.10392 0.479862 3.00191e-22)
(1.05853 0.426199 2.68908e-22)
(1.01195 0.420167 -4.81411e-22)
(0.888518 0.399795 2.26296e-22)
(0.888307 0.436556 1.32851e-22)
(0.899098 0.215788 -2.10034e-22)
(0.903473 -0.11624 -5.14653e-22)
(0.882225 -0.263439 4.82906e-22)
(0.838951 -0.552649 -2.87586e-22)
(0.869231 -0.375137 8.28571e-23)
(0.928083 -0.209704 -9.28706e-23)
(1.00934 0.0527156 1.25918e-22)
(1.07296 0.514588 8.30632e-23)
(0.989147 0.285076 -5.02967e-25)
(0.603662 0.120278 -6.93099e-21)
(0.647578 0.225059 1.34544e-21)
(0.699691 0.358821 3.86009e-21)
(0.691744 0.463136 4.6527e-21)
(0.61524 0.497131 -5.58871e-21)
(0.489889 0.472245 2.34283e-22)
(0.32525 0.421815 -1.01425e-22)
(0.159891 0.310158 -4.54921e-22)
(0.159668 0.0947514 3.51908e-22)
(0.297122 -0.172871 -5.70918e-22)
(0.399829 -0.465231 -4.51198e-22)
(0.414458 -0.671373 5.25146e-22)
(0.473511 -0.676286 1.46071e-21)
(0.711597 -0.34222 -1.29462e-21)
(0.959855 0.0568212 1.69984e-21)
(1.088 0.334681 -8.7946e-22)
(1.0886 0.484293 -4.4752e-22)
(1.049 0.4295 8.24787e-22)
(1.00268 0.428285 -1.47601e-22)
(0.879474 0.405959 4.92988e-22)
(0.881631 0.433557 -3.77393e-22)
(0.893835 0.208119 3.34552e-22)
(0.901488 -0.120993 2.06954e-22)
(0.884409 -0.264722 3.56356e-23)
(0.845958 -0.553107 2.99441e-22)
(0.872811 -0.376524 8.74284e-23)
(0.926777 -0.212569 1.60889e-22)
(1.00473 0.0499343 -2.57613e-22)
(1.06945 0.516073 -3.26598e-22)
(0.988922 0.287291 1.69894e-24)
(0.515491 0.118451 -1.04821e-20)
(0.556556 0.228927 5.17012e-21)
(0.60775 0.369101 -6.09712e-21)
(0.602566 0.47916 9.18215e-22)
(0.52972 0.516365 -3.41451e-21)
(0.402836 0.494509 2.35784e-21)
(0.236518 0.441917 1.35513e-21)
(0.0997043 0.304267 -5.65048e-22)
(0.152961 0.0570977 -2.3695e-22)
(0.308099 -0.21483 -1.21591e-22)
(0.413712 -0.490524 1.25263e-21)
(0.420963 -0.681641 -1.26842e-21)
(0.464228 -0.684785 -4.14178e-22)
(0.690454 -0.351871 2.92513e-22)
(0.933522 0.0508035 6.76404e-22)
(1.06518 0.336544 1.0069e-21)
(1.07292 0.487767 5.69782e-22)
(1.03922 0.432603 -6.56989e-22)
(0.993296 0.436546 -2.07582e-22)
(0.87044 0.41192 1.6173e-22)
(0.874164 0.430311 -2.00114e-22)
(0.888156 0.200542 -1.67612e-22)
(0.89965 -0.125695 -4.22882e-22)
(0.886633 -0.266087 1.75576e-22)
(0.853153 -0.553555 3.99061e-22)
(0.876655 -0.377767 7.74305e-23)
(0.925799 -0.215277 -5.7677e-23)
(1.00033 0.0470998 7.23147e-23)
(1.06582 0.517388 2.75787e-22)
(0.988608 0.28942 -3.42804e-24)
(0.430487 0.11612 3.19764e-21)
(0.467203 0.232825 -9.74524e-21)
(0.5152 0.378926 1.07783e-20)
(0.510465 0.494395 -1.26422e-20)
(0.440222 0.535867 -2.2805e-21)
(0.312457 0.518228 6.73668e-21)
(0.150739 0.457451 -3.90086e-21)
(0.0556834 0.289886 1.03267e-21)
(0.154267 0.0147093 -8.34796e-22)
(0.31965 -0.256243 1.42626e-21)
(0.42803 -0.513282 2.80809e-22)
(0.429245 -0.689458 -8.94234e-22)
(0.456208 -0.692362 -7.28914e-22)
(0.669788 -0.362174 9.28123e-22)
(0.907158 0.0436544 1.21083e-22)
(1.04194 0.337162 -6.17102e-22)
(1.05694 0.490302 2.08603e-22)
(1.02923 0.435537 -1.1082e-21)
(0.983801 0.44494 8.48331e-23)
(0.861476 0.41772 -2.54898e-22)
(0.865827 0.426864 -1.11423e-22)
(0.882209 0.193053 5.52818e-23)
(0.898058 -0.130367 7.11805e-22)
(0.888919 -0.267543 -6.30054e-22)
(0.860522 -0.554002 -5.91397e-23)
(0.880732 -0.378866 -6.36623e-23)
(0.925142 -0.217827 -2.11392e-23)
(0.996141 0.0442218 -6.25725e-23)
(1.06206 0.518537 -6.20825e-23)
(0.988194 0.291458 1.36197e-23)
(0.349179 0.113824 2.45526e-21)
(0.37977 0.237099 -1.59546e-20)
(0.422828 0.388617 5.74046e-21)
(0.416633 0.509086 7.95582e-21)
(0.348242 0.555774 -6.44278e-22)
(0.220975 0.541354 -2.22953e-22)
(0.0723851 0.466644 1.368e-21)
(0.0294987 0.266986 -2.10317e-22)
(0.16044 -0.0301936 -7.76452e-22)
(0.331298 -0.296486 -4.11399e-22)
(0.442606 -0.533726 7.13812e-22)
(0.439228 -0.694947 -1.28864e-22)
(0.449579 -0.698921 -1.11564e-21)
(0.649618 -0.373065 2.00101e-21)
(0.880755 0.0353952 -4.08001e-22)
(1.01835 0.336509 -6.9892e-22)
(1.04073 0.491909 1.50107e-21)
(1.01904 0.438317 8.60077e-23)
(0.974216 0.453453 -5.88435e-22)
(0.85262 0.423415 -1.39435e-22)
(0.856608 0.423268 2.83959e-22)
(0.876175 0.185616 3.43615e-22)
(0.896807 -0.135029 -8.30884e-22)
(0.891288 -0.269092 3.4746e-22)
(0.868049 -0.554453 -2.43736e-22)
(0.885015 -0.379821 2.18282e-23)
(0.924798 -0.220218 -2.67581e-22)
(0.992172 0.041312 -3.48361e-22)
(1.05818 0.519526 -6.7999e-23)
(0.987668 0.293406 -3.3532e-23)
(0.271709 0.112115 5.40572e-21)
(0.294482 0.242179 -1.3408e-20)
(0.331343 0.398441 3.46883e-21)
(0.322348 0.523453 7.29117e-21)
(0.255419 0.575759 -1.0157e-20)
(0.131481 0.561369 -1.37557e-21)
(0.00616892 0.468801 2.79167e-21)
(0.0195083 0.235992 -5.78864e-22)
(0.169925 -0.0772052 3.9931e-22)
(0.343372 -0.335341 -4.16306e-23)
(0.4574 -0.552112 3.74429e-22)
(0.450845 -0.698241 -5.23991e-22)
(0.444487 -0.704354 -3.39036e-22)
(0.629985 -0.384458 -9.14278e-22)
(0.854334 0.0260428 -4.37253e-22)
(0.99449 0.33455 2.19488e-21)
(1.02435 0.492573 -1.19821e-21)
(1.0087 0.44093 4.85328e-23)
(0.964565 0.462058 3.82209e-22)
(0.843883 0.429057 -8.6546e-23)
(0.846573 0.419566 6.58963e-23)
(0.87025 0.178183 5.49335e-23)
(0.895976 -0.139695 3.48783e-22)
(0.893762 -0.270732 -6.0773e-23)
(0.875714 -0.554913 -1.22671e-22)
(0.889474 -0.380633 -1.38616e-22)
(0.924762 -0.222447 4.65629e-22)
(0.988424 0.0383838 4.30206e-22)
(1.05417 0.520364 3.06375e-22)
(0.987024 0.295263 1.6021e-23)
(0.197976 0.111509 -5.64514e-23)
(0.211646 0.248504 -5.78599e-21)
(0.241481 0.408348 7.46054e-21)
(0.228972 0.537623 -1.13621e-21)
(0.16377 0.594715 -4.35396e-21)
(0.0477421 0.577682 2.73654e-21)
(-0.0438212 0.462397 2.28061e-22)
(0.0221809 0.19814 1.34968e-22)
(0.182578 -0.124512 -2.3832e-22)
(0.356438 -0.372655 -1.15785e-21)
(0.472445 -0.568681 5.58645e-22)
(0.464012 -0.699481 -1.30173e-22)
(0.441104 -0.70854 -1.02943e-22)
(0.610945 -0.396245 2.36878e-21)
(0.82794 0.0156106 -2.25509e-21)
(0.970447 0.331248 -2.37276e-22)
(1.00787 0.492276 -6.48638e-22)
(0.998247 0.443359 -5.40534e-23)
(0.954882 0.470721 1.53185e-22)
(0.835249 0.434698 1.55683e-22)
(0.835856 0.415785 -6.51764e-23)
(0.864628 0.170708 -1.42419e-22)
(0.895632 -0.14437 -1.66193e-22)
(0.896364 -0.272456 -1.78158e-22)
(0.883497 -0.555384 3.44795e-22)
(0.894082 -0.381305 -6.42353e-23)
(0.925025 -0.224516 -8.97947e-23)
(0.984897 0.035451 -1.70892e-22)
(1.05005 0.521059 -9.31529e-23)
(0.986252 0.297028 2.46331e-24)
(0.127855 0.11239 4.86538e-21)
(0.131716 0.256224 -5.76801e-21)
(0.154171 0.418304 -1.9642e-21)
(0.138066 0.551537 1.86743e-21)
(0.0759619 0.611869 2.40591e-21)
(-0.0262526 0.588935 -1.49635e-21)
(-0.075026 0.44697 -3.99615e-22)
(0.0339728 0.155189 1.56691e-21)
(0.198947 -0.170774 -4.31929e-22)
(0.371076 -0.408305 8.01888e-23)
(0.48782 -0.583646 1.2442e-22)
(0.478617 -0.698818 -3.5143e-22)
(0.43962 -0.711355 7.7879e-22)
(0.592564 -0.408292 -3.05781e-21)
(0.801635 0.00402689 1.15622e-21)
(0.946312 0.326566 1.53235e-21)
(0.991346 0.491003 2.31124e-22)
(0.987717 0.445583 -6.28063e-22)
(0.945207 0.479417 5.75912e-22)
(0.826682 0.440389 -3.16018e-22)
(0.824648 0.411943 2.29422e-22)
(0.859482 0.163146 -1.57134e-22)
(0.895828 -0.149051 -1.00036e-22)
(0.899115 -0.274254 1.27481e-22)
(0.891375 -0.555866 -7.57008e-23)
(0.898812 -0.38184 3.17117e-22)
(0.925579 -0.226425 -2.1823e-22)
(0.981592 0.0325271 3.63573e-22)
(1.04581 0.52162 -2.08874e-22)
(0.98535 0.298701 -3.12335e-24)
(0.0614045 0.114716 -5.60841e-21)
(0.0555058 0.265807 1.93406e-21)
(0.0706863 0.428515 -1.92917e-21)
(0.0516169 0.564622 -1.07719e-21)
(-0.00489253 0.626432 1.5116e-21)
(-0.0867704 0.593382 -2.16131e-21)
(-0.0871306 0.423116 9.80604e-22)
(0.0525485 0.109007 9.5761e-22)
(0.219658 -0.215386 8.13894e-22)
(0.38778 -0.442132 -9.74428e-22)
(0.503628 -0.597183 -1.03271e-21)
(0.494516 -0.696412 6.6936e-23)
(0.440241 -0.712675 -5.277e-22)
(0.574907 -0.420435 2.93344e-22)
(0.775491 -0.0086661 6.03651e-22)
(0.922196 0.320467 -8.77186e-22)
(0.974857 0.488746 1.89918e-22)
(0.977171 0.447585 6.39136e-22)
(0.935578 0.488125 -4.20979e-22)
(0.818145 0.446172 3.65623e-22)
(0.813174 0.408048 1.27855e-22)
(0.854961 0.155454 2.41089e-22)
(0.896597 -0.153731 6.93515e-23)
(0.902039 -0.276112 -2.00517e-22)
(0.899324 -0.556358 -7.14807e-23)
(0.903636 -0.382241 -6.40561e-23)
(0.926411 -0.228178 8.88448e-23)
(0.978509 0.0296254 -1.98893e-22)
(1.04147 0.522056 1.35163e-22)
(0.984314 0.300282 2.08463e-23)
(-0.000838741 0.119626 4.21189e-21)
(-0.015705 0.276563 -2.73836e-21)
(-0.0075281 0.438704 1.33043e-21)
(-0.0280002 0.576209 1.1981e-21)
(-0.0754757 0.637215 -1.46077e-21)
(-0.130691 0.589943 -1.65899e-21)
(-0.082233 0.392169 8.12027e-22)
(0.0768977 0.0613259 -5.46667e-22)
(0.245077 -0.258021 1.27692e-21)
(0.406894 -0.473947 -7.11552e-22)
(0.519974 -0.609431 -3.29274e-22)
(0.511529 -0.692436 -7.77144e-23)
(0.443169 -0.712387 2.75389e-21)
(0.558079 -0.43249 -8.2348e-22)
(0.749596 -0.0221215 5.85923e-22)
(0.898202 0.312929 -1.07283e-21)
(0.958462 0.485496 6.28839e-23)
(0.966674 0.449341 -3.47971e-22)
(0.926026 0.496828 1.33683e-22)
(0.809602 0.452084 -3.84899e-22)
(0.801671 0.404098 -2.02241e-22)
(0.851179 0.1476 1.87922e-22)
(0.89796 -0.158395 -1.55066e-22)
(0.905157 -0.278013 -1.01223e-22)
(0.907317 -0.556856 -3.36874e-22)
(0.908527 -0.382515 4.44367e-23)
(0.927507 -0.229778 -2.19631e-22)
(0.975647 0.0267588 2.38945e-22)
(1.03702 0.522378 -2.33807e-22)
(0.983143 0.301771 -3.29383e-23)
(-0.0577631 0.127835 -1.90024e-21)
(-0.080665 0.287458 -2.35772e-21)
(-0.0784259 0.448329 -1.46808e-21)
(-0.0981353 0.585691 6.88886e-21)
(-0.13266 0.643113 -4.23694e-21)
(-0.15587 0.578406 3.28065e-21)
(-0.0639137 0.355975 -2.87575e-22)
(0.106682 0.0145248 1.79283e-21)
(0.275206 -0.298452 -6.55273e-22)
(0.428607 -0.503557 -1.48126e-21)
(0.536956 -0.620491 3.90989e-22)
(0.529455 -0.687077 -4.17622e-22)
(0.448582 -0.710397 -1.13445e-21)
(0.54224 -0.444251 1.01135e-21)
(0.72406 -0.0363974 -3.09702e-22)
(0.874409 0.303933 -2.83625e-22)
(0.942223 0.481246 -2.28668e-22)
(0.956303 0.450829 5.03138e-23)
(0.916577 0.505516 1.82295e-22)
(0.80104 0.458149 2.94842e-22)
(0.790375 0.400086 3.12601e-22)
(0.848216 0.139572 -1.67367e-22)
(0.899921 -0.163025 -3.65509e-23)
(0.90849 -0.279938 1.29314e-22)
(0.915325 -0.557356 1.26434e-22)
(0.913455 -0.382667 4.61191e-23)
(0.928853 -0.23123 2.32544e-22)
(0.973006 0.0239399 -2.19642e-22)
(1.03248 0.522594 2.84551e-22)
(0.981836 0.30317 3.64499e-23)
(-0.108141 0.13838 -3.85264e-21)
(-0.137735 0.298447 -3.55974e-21)
(-0.139819 0.456916 1.84382e-21)
(-0.156184 0.592316 -2.48458e-21)
(-0.173892 0.643289 2.00907e-21)
(-0.161509 0.559365 -1.95407e-21)
(-0.0355078 0.316159 1.65123e-21)
(0.14159 -0.0301556 -2.65034e-22)
(0.309583 -0.3365 -5.98823e-22)
(0.452955 -0.530796 -6.8835e-22)
(0.554656 -0.63042 4.88072e-23)
(0.548081 -0.680536 5.62518e-22)
(0.456606 -0.706637 3.97144e-23)
(0.527542 -0.455482 4.74527e-22)
(0.699009 -0.051711 7.70889e-22)
(0.850937 0.293453 -1.86446e-22)
(0.926202 0.475988 3.05208e-22)
(0.946138 0.452022 -1.87647e-22)
(0.907243 0.514181 2.1457e-23)
(0.792465 0.464383 -1.60934e-22)
(0.779505 0.395999 3.05163e-23)
(0.846118 0.131361 -2.49387e-22)
(0.902471 -0.167602 1.15848e-22)
(0.912059 -0.281868 3.94008e-23)
(0.92332 -0.557849 1.28406e-22)
(0.918395 -0.382704 -5.3025e-23)
(0.930431 -0.23254 -1.03467e-23)
(0.970588 0.0211805 -2.83132e-22)
(1.02786 0.522715 -1.77361e-22)
(0.980394 0.30448 -2.43421e-23)
(-0.150658 0.150541 4.73931e-21)
(-0.185176 0.309118 -3.18716e-21)
(-0.189611 0.463924 1.04718e-21)
(-0.199922 0.595373 -1.15348e-21)
(-0.197539 0.637269 2.36084e-21)
(-0.148559 0.534067 -1.71985e-22)
(0.000798441 0.273909 -1.40016e-21)
(0.181396 -0.0732184 1.0726e-21)
(0.347686 -0.37207 3.00338e-22)
(0.479864 -0.555536 -3.57315e-22)
(0.573135 -0.639245 1.27973e-22)
(0.567202 -0.673021 -3.82541e-22)
(0.467288 -0.701073 5.75983e-23)
(0.514187 -0.465939 1.97978e-22)
(0.674595 -0.0679567 -2.12742e-22)
(0.827905 0.281478 -5.34266e-22)
(0.910461 0.469714 -4.39147e-22)
(0.936266 0.452895 -1.7109e-23)
(0.898028 0.522819 6.41787e-23)
(0.783912 0.47079 1.7437e-22)
(0.769259 0.391823 -2.08097e-22)
(0.844904 0.122967 -4.702e-23)
(0.905594 -0.172105 8.59654e-23)
(0.915882 -0.283779 9.24483e-23)
(0.931273 -0.558326 -4.48538e-23)
(0.923318 -0.382634 5.40555e-23)
(0.932221 -0.233715 -1.43471e-23)
(0.968393 0.0184917 6.49962e-23)
(1.02316 0.522751 1.25683e-22)
(0.978818 0.305701 1.99837e-24)
(-0.18405 0.16363 -3.1136e-21)
(-0.221433 0.318904 2.91245e-21)
(-0.22605 0.468807 -2.24411e-21)
(-0.227799 0.594339 1.8195e-21)
(-0.20307 0.625053 1.32402e-21)
(-0.119544 0.504124 -2.16145e-21)
(0.0436629 0.231146 1.7714e-21)
(0.225537 -0.114227 4.28943e-22)
(0.388891 -0.405079 -1.00811e-21)
(0.509169 -0.577699 6.30349e-23)
(0.592429 -0.646971 2.545e-23)
(0.58663 -0.664749 -4.84312e-23)
(0.480576 -0.693714 9.4421e-23)
(0.502427 -0.475371 -2.2336e-22)
(0.650995 -0.0849789 -6.59644e-23)
(0.805429 0.268012 5.43229e-22)
(0.895067 0.462417 -2.12073e-23)
(0.926769 0.45342 -3.23178e-24)
(0.888932 0.531427 -3.86645e-23)
(0.775437 0.477365 6.97837e-24)
(0.759806 0.387548 9.92374e-23)
(0.844565 0.114403 2.56993e-23)
(0.909265 -0.176517 -7.9918e-23)
(0.919975 -0.285651 1.82843e-23)
(0.939154 -0.558777 -1.17214e-22)
(0.928199 -0.382465 -9.69235e-23)
(0.934203 -0.234763 6.16136e-23)
(0.966421 0.0158837 1.29945e-22)
(1.01839 0.522713 -8.78251e-24)
(0.977112 0.306837 1.33632e-23)
(-0.207305 0.176884 -4.18039e-22)
(-0.245371 0.327243 3.13595e-22)
(-0.247976 0.471103 5.56141e-22)
(-0.239116 0.588941 -7.20953e-22)
(-0.191047 0.607152 -4.67749e-22)
(-0.0778964 0.471339 4.63725e-22)
(0.0922052 0.18941 -8.10641e-22)
(0.273367 -0.152917 5.58824e-22)
(0.43257 -0.435448 1.10531e-22)
(0.540644 -0.597255 1.37937e-22)
(0.612549 -0.653587 -2.20602e-22)
(0.606204 -0.655932 3.95317e-22)
(0.496305 -0.684609 -1.05113e-22)
(0.492568 -0.483542 -9.78458e-23)
(0.628413 -0.102633 -2.21975e-23)
(0.783617 0.253076 -6.43716e-23)
(0.88009 0.454089 -5.35079e-23)
(0.917721 0.453571 1.57124e-23)
(0.879951 0.540001 -2.14644e-23)
(0.767118 0.484095 -8.83581e-23)
(0.751285 0.383168 8.68509e-23)
(0.84508 0.105692 -1.59214e-23)
(0.913456 -0.180817 3.27531e-23)
(0.92435 -0.28746 -1.08249e-22)
(0.946938 -0.559187 5.96699e-23)
(0.933012 -0.382207 7.35537e-23)
(0.936356 -0.235694 -2.88188e-24)
(0.964673 0.0133661 -1.07782e-22)
(1.01355 0.522612 8.58531e-24)
(0.975278 0.307889 -1.7435e-23)
(-0.21984 0.189513 1.50283e-22)
(-0.256435 0.333625 -1.57516e-23)
(-0.254975 0.470476 -3.71928e-22)
(-0.234092 0.579148 6.8092e-23)
(-0.162941 0.584468 1.07451e-22)
(-0.0270747 0.437039 -3.13459e-22)
(0.1455 0.150126 1.38193e-22)
(0.324284 -0.189124 1.37606e-22)
(0.478168 -0.463098 -1.64363e-22)
(0.574015 -0.614197 1.70769e-22)
(0.633483 -0.659074 -2.10432e-22)
(0.625797 -0.646773 4.38423e-23)
(0.514211 -0.673857 2.99717e-23)
(0.484941 -0.490231 4.02998e-23)
(0.607086 -0.120863 -9.50274e-23)
(0.762573 0.236697 3.96256e-23)
(0.865612 0.444721 5.45335e-23)
(0.909185 0.453324 1.25566e-23)
(0.871091 0.548535 3.90198e-23)
(0.759048 0.490957 4.05674e-23)
(0.743804 0.378681 -3.92441e-24)
(0.846413 0.0968647 -2.9581e-23)
(0.918135 -0.184992 1.51346e-23)
(0.929016 -0.289183 -3.90687e-23)
(0.9546 -0.559542 -1.72838e-23)
(0.937733 -0.38187 -6.03148e-24)
(0.938658 -0.236517 1.02225e-23)
)
;

boundaryField
{
    inlet
    {
        type            uniformFixedValue;
        uniformValue    constant (1 0 0);
        value           nonuniform 0();
    }
    outlet
    {
        type            pressureInletOutletVelocity;
        value           nonuniform List<vector> 
49
(
(0.989314 0.275358 -1.69328e-24)
(0.989374 0.277946 -1.76389e-24)
(0.989367 0.280403 -7.37614e-24)
(0.989292 0.282777 -4.34245e-24)
(0.989147 0.285076 -5.02967e-25)
(0.988922 0.287291 1.69894e-24)
(0.988608 0.28942 -3.42804e-24)
(0.988194 0.291458 1.36197e-23)
(0.987668 0.293406 -3.3532e-23)
(0.987024 0.295263 1.6021e-23)
(0.986252 0.297028 2.46331e-24)
(0.98535 0.298701 -3.12335e-24)
(0.984314 0.300282 2.08463e-23)
(0.983143 0.301771 -3.29383e-23)
(0.981836 0.30317 3.64499e-23)
(0.980394 0.30448 -2.43421e-23)
(0.978818 0.305701 1.99837e-24)
(0.977112 0.306837 1.33632e-23)
(0.975278 0.307889 -1.7435e-23)
(1.0364 -0.00214676 0)
(1.0339 -0.00625336 0)
(1.02866 -0.00989191 0)
(1.01978 -0.0126851 0)
(1.00614 -0.0138606 0)
(0.9875 -0.0122817 0)
(0.965653 -0.00693148 0)
(0.944147 0.00253178 0)
(0.926463 0.015688 0)
(0.914454 0.0316503 0)
(0.908249 0.0494017 0)
(0.906993 0.0680552 0)
(0.909499 0.0869118 0)
(0.914604 0.105435 0)
(0.921317 0.123282 0)
(0.928858 0.14023 0)
(0.93665 0.156124 0)
(0.94429 0.170881 0)
(0.951512 0.18448 0)
(0.958152 0.196933 0)
(0.964122 0.20828 0)
(0.969383 0.218577 0)
(0.973935 0.227893 0)
(0.977802 0.236302 0)
(0.981023 0.243882 0)
(0.983645 0.250708 0)
(0.985721 0.256856 0)
(0.987303 0.262391 0)
(0.988439 0.267419 0)
(0.98915 0.272033 0)
)
;
    }
    cylinder
    {
        type            fixedValue;
        value           uniform (0 0 0);
    }
    top
    {
        type            symmetryPlane;
    }
    bottom
    {
        type            symmetryPlane;
    }
    defaultFaces
    {
        type            empty;
    }
    procBoundary1to0
    {
        type            processor;
        value           nonuniform List<vector> 
50
(
(1.39487 -0.109165 1.5035e-20)
(1.40628 -0.104107 -4.08482e-20)
(1.40628 -0.104107 -4.08482e-20)
(1.37248 -0.0870102 6.46578e-20)
(1.37248 -0.0870102 6.46578e-20)
(1.0721 -0.0365858 -3.97934e-20)
(1.24603 -0.0577906 -1.15256e-19)
(1.24603 -0.0577906 -1.15256e-19)
(0.744986 0.00300887 9.35034e-21)
(0.744986 0.00300887 9.35034e-21)
(0.408751 0.0209048 3.62806e-20)
(0.408751 0.0209048 3.62806e-20)
(0.162188 0.013895 -9.42697e-21)
(0.162188 0.013895 -9.42697e-21)
(0.0281361 -0.00106023 -2.29636e-20)
(0.0126772 -0.00737074 7.1273e-20)
(0.0126772 -0.00737074 7.1273e-20)
(-0.014226 -0.0110145 1.77748e-20)
(-0.014226 -0.0110145 1.77748e-20)
(1.08778 -0.0017778 4.47527e-23)
(1.08879 -0.00527015 7.25133e-24)
(1.09064 -0.00860198 -2.27113e-22)
(1.09326 -0.0118405 3.03898e-23)
(1.09658 -0.0149739 4.91344e-22)
(1.10055 -0.0180309 9.01057e-23)
(1.10513 -0.0210183 1.13474e-22)
(1.1103 -0.0239499 6.24366e-23)
(1.11604 -0.0268364 -1.24469e-22)
(1.12235 -0.0296899 -4.00809e-22)
(1.12923 -0.0325231 2.39326e-22)
(1.12923 -0.0325231 2.39326e-22)
(1.13536 -0.0369329 -9.78555e-22)
(1.14326 -0.0400493 -4.73094e-22)
(1.15175 -0.0432254 1.33441e-22)
(1.16083 -0.0464815 9.31487e-22)
(1.17052 -0.0498347 1.55385e-21)
(1.18084 -0.0533011 1.9942e-21)
(1.19179 -0.0568971 -3.17712e-21)
(1.2034 -0.060635 6.15187e-22)
(1.21566 -0.0645222 -2.01726e-21)
(1.2286 -0.06856 1.45614e-21)
(1.24222 -0.072749 -3.37574e-21)
(1.25656 -0.0770712 1.832e-21)
(1.27167 -0.0815234 3.53397e-21)
(1.28764 -0.0860932 -1.31534e-21)
(1.30455 -0.0907142 -2.39208e-21)
(1.3224 -0.0952353 8.12018e-22)
(1.34092 -0.0995527 1.87498e-21)
(1.35941 -0.103784 -7.08368e-21)
(1.37662 -0.107579 -3.73924e-21)
)
;
    }
    procBoundary1to3
    {
        type            processor;
        value           nonuniform List<vector> 
41
(
(-0.00167272 -0.0419627 1.04146e-21)
(-0.0115196 -0.075479 -2.99618e-21)
(-0.0305364 -0.0776097 -3.49934e-21)
(-0.0530395 -0.0615882 3.48196e-21)
(-0.0772665 -0.0371772 -3.19769e-21)
(-0.101946 -0.00967086 -1.7068e-21)
(-0.126091 0.0195182 2.92348e-21)
(-0.149082 0.0511928 3.58156e-21)
(-0.170403 0.0868677 -5.74812e-22)
(-0.190111 0.128568 1.72709e-21)
(-0.221608 0.200756 -1.32465e-22)
(-0.254736 0.337613 4.10271e-23)
(-0.24744 0.466723 1.73992e-22)
(-0.213805 0.565136 -1.70502e-22)
(-0.121064 0.558147 4.3821e-23)
(0.0303888 0.402018 1.68006e-22)
(0.202792 0.113933 4.19673e-23)
(0.377689 -0.22252 -9.70389e-23)
(0.525199 -0.487936 -8.44461e-23)
(0.608975 -0.628516 -6.28411e-23)
(0.655194 -0.663401 3.31373e-24)
(0.645315 -0.637453 -6.84654e-23)
(0.533946 -0.6616 3.8864e-23)
(0.479888 -0.495255 -1.78807e-23)
(0.587275 -0.139532 -1.51132e-23)
(0.742406 0.218923 -1.0334e-23)
(0.851718 0.434306 5.78564e-23)
(0.901209 0.452654 7.31462e-23)
(0.862362 0.557021 2.08334e-24)
(0.751326 0.497924 2.81489e-23)
(0.737446 0.374098 -1.33656e-23)
(0.848522 0.0879552 -1.03235e-23)
(0.923271 -0.189025 -4.23258e-24)
(0.933972 -0.290799 -2.06467e-23)
(0.962118 -0.559825 -2.18498e-23)
(0.942339 -0.381462 -7.17335e-24)
(0.941085 -0.237243 6.49569e-24)
(0.963144 0.0109474 -4.94143e-23)
(1.00865 0.522457 -7.72306e-24)
(0.97332 0.308858 -3.31688e-24)
(0.963144 0.0109474 -4.94143e-23)
)
;
    }
}


// ************************************************************************* //
