/*--------------------------------*- C++ -*----------------------------------*\
  =========                 |
  \\      /  F ield         | OpenFOAM: The Open Source CFD Toolbox
   \\    /   O peration     | Website:  https://openfoam.org
    \\  /    A nd           | Version:  7
     \\/     M anipulation  |
\*---------------------------------------------------------------------------*/
FoamFile
{
    version     2.0;
    format      ascii;
    class       surfaceScalarField;
    location    "295";
    object      phi;
}
// * * * * * * * * * * * * * * * * * * * * * * * * * * * * * * * * * * * * * //

dimensions      [0 3 -1 0 0 0 0];

internalField   nonuniform List<scalar> 
4136
(
-0.000985607
1.46507e-05
-0.00301142
9.96562e-05
0.000179794
-0.000984458
0.000999108
-0.00300853
0.00212373
-0.00552443
0.0026957
-0.00824709
0.00295742
-0.0110831
0.00311062
-0.0140256
0.00325606
-0.0170895
0.00342081
-0.0202922
0.00360766
-0.0236503
0.00381527
0.00404325
-0.0271801
-0.000979019
0.00197813
-0.00299511
0.00413982
-0.00550354
0.00520413
-0.00821963
0.00567351
-0.0110495
0.00594045
-0.0139858
0.00619243
-0.0170435
0.00647851
-0.0202401
0.00680419
-0.0235918
0.00716705
0.00756637
-0.027115
-0.000969299
0.00294743
-0.00297116
0.00614169
-0.0054663
0.00769927
-0.00817071
0.00837791
-0.0109895
0.00875929
-0.013915
0.00911788
-0.0169616
0.00952514
-0.0201468
0.00998942
-0.0234871
0.0105073
0.0110775
-0.0269983
-0.000955315
0.00390274
-0.0029367
0.00812307
-0.00541271
0.0101753
-0.00810031
0.0110655
-0.0109034
0.0115623
-0.0138131
0.0120276
-0.0168437
0.0125558
-0.0200127
0.0131583
-0.0233364
0.013831
0.0145713
-0.0268302
-0.000937092
0.00483983
-0.00289174
0.0100777
-0.00534276
0.0126263
-0.00800844
0.0137312
-0.0107909
0.0143448
-0.0136801
0.0149168
-0.0166899
0.0155656
-0.0198375
0.016306
-0.0231395
0.017133
0.0180424
-0.0266106
-0.000914665
0.0057545
-0.00283632
0.0119994
-0.00525648
0.0150465
-0.00789508
0.0163698
-0.0106521
0.0171018
-0.0135161
0.0177807
-0.0165002
0.0185497
-0.0196216
0.0194273
-0.0228967
0.0204081
0.0214854
-0.0263397
-0.000888076
0.00664257
-0.00277047
0.0138818
-0.00515387
0.0174299
-0.00776025
0.0189762
-0.0104871
0.0198287
-0.013321
0.0206146
-0.0162747
0.0215033
-0.0193648
0.0225175
-0.022608
0.0236513
0.0248949
-0.0260175
-0.00085738
0.00749995
-0.00269425
0.0157186
-0.00503494
0.0197706
-0.00760394
0.0215452
-0.0102959
0.0225207
-0.0130951
0.0234138
-0.0160134
0.0244217
-0.0190675
0.0255715
-0.0222736
0.0268575
0.0282656
-0.0256443
-0.000822642
0.0083226
-0.00260771
0.0175037
-0.00489973
0.0220626
-0.00742615
0.0240716
-0.0100784
0.0251729
-0.0128382
0.0261737
-0.0157166
0.0273
-0.0187297
0.0285846
-0.0218939
0.0300217
0.0315921
-0.0252204
-0.00078394
0.00910654
-0.00251094
0.0192307
-0.00474826
0.0242999
-0.00722689
0.0265502
-0.00983474
0.0277808
-0.0125506
0.0288895
-0.0153842
0.0301337
-0.0183517
0.0315521
-0.021469
0.0331391
0.0348695
-0.0247464
-0.000741363
0.0098479
-0.00240403
0.0208934
-0.00458057
0.0264764
-0.00700617
0.0289758
-0.00956491
0.0303395
-0.0122322
0.0315568
-0.0150166
0.0329181
-0.0179336
0.0344691
-0.0209996
0.036205
0.0380928
-0.0242229
-0.000695018
0.0105429
-0.00228709
0.0224854
-0.00439672
0.0285861
-0.006764
0.0313431
-0.00926894
0.0328445
-0.0118831
0.0341709
-0.0146137
0.0356487
-0.0174759
0.0373313
-0.0204859
0.039215
0.0412577
-0.0236508
-0.000645027
0.0111879
-0.00216026
0.0240007
-0.00419677
0.0306226
-0.00650042
0.0336467
-0.00894689
0.0352909
-0.0115036
0.0367276
-0.0141758
0.0383209
-0.0169786
0.0401341
-0.0199285
0.0421648
0.0443603
-0.023031
-0.000591534
0.0117795
-0.0020237
0.0254328
-0.00398082
0.0325797
-0.00621544
0.0358814
-0.00859879
0.0376743
-0.0110935
0.0392224
-0.0137031
0.0409305
-0.016442
0.042873
-0.0193279
0.0450507
0.0473974
-0.0223649
-0.000534701
0.0123142
-0.00187761
0.0267758
-0.00374897
0.0344511
-0.00590913
0.0380415
-0.0082247
0.0399898
-0.0106532
0.0416509
-0.0131956
0.0434729
-0.0158659
0.0455433
-0.0186842
0.047869
0.0503672
-0.021654
-0.000474712
0.0127889
-0.00172222
0.0280233
-0.00350138
0.0362302
-0.00558153
0.0401217
-0.00782467
0.042233
-0.0101828
0.044009
-0.0126537
0.0459438
-0.0152505
0.0481401
-0.0179972
0.0506157
0.05327
-0.0209001
-0.000411777
0.0132007
-0.00155782
0.0291693
-0.00323822
0.0379106
-0.00523274
0.0421162
-0.00739876
0.044399
-0.00968223
0.0462925
-0.0120777
0.0483393
-0.014595
0.0506573
-0.0172645
0.0532853
0.0561105
-0.020105
-0.000346126
0.0135468
-0.00138475
0.0302079
-0.00295972
0.0394856
-0.00486289
0.0440194
-0.00694711
0.0464832
-0.00915187
0.0484972
-0.0114686
0.0506561
-0.0139017
0.0530904
-0.0164852
0.0558688
0.0588998
-0.0192745
-0.00027802
0.0138248
-0.0012034
0.0311333
-0.00266615
0.0409483
-0.00447213
0.0458253
-0.00646978
0.0484809
-0.00859137
0.0506188
-0.0108255
0.0528902
-0.0131677
0.0554326
-0.0156353
0.0583363
0.0616632
-0.0183986
-0.000207763
0.0140326
-0.00101424
0.0319398
-0.00235779
0.0422919
-0.00406069
0.0475282
-0.00596715
0.0503873
-0.00800142
0.0526531
-0.0101511
0.0550399
-0.0124162
0.0576977
-0.0147583
0.0606785
0.0644401
-0.0175353
-0.000135791
0.0141684
-0.000817711
0.0326217
-0.00203501
0.0435092
-0.00362884
0.0491221
-0.00543949
0.052198
-0.00738218
0.0545958
-0.00943928
0.057097
-0.0116232
0.0598816
-0.0139439
0.0629992
0.0667197
-0.0162235
-6.31297e-05
0.0142315
-0.000614071
0.0331726
-0.00169818
0.0445933
-0.00317692
0.0506008
-0.00488692
0.053908
-0.00673418
0.056443
-0.0086931
0.0590559
-0.0107727
0.0619611
-0.0129758
0.0652024
0.0690438
-0.0152999
6.63751e-06
0.0142249
-0.000402617
0.0335819
-0.00134795
0.0455386
-0.00270545
0.0519583
-0.00430981
0.0555123
-0.00605829
0.0581915
-0.00791716
0.0609148
-0.00989317
0.0639371
-0.0120042
0.0673134
0.0712683
-0.0142287
8.84906e-05
0.0141364
-0.00017969
0.0338501
-0.000985369
0.0463443
-0.00221498
0.0531879
-0.00370877
0.0570061
-0.00535542
0.0598382
-0.00711342
0.0626728
-0.00898667
0.0658104
-0.0109933
0.06932
0.0733777
-0.0131027
0.000162795
0.0139736
5.17253e-05
0.0339612
-0.000612175
0.0470082
-0.00170587
0.0542816
-0.00308443
0.0583847
-0.00462603
0.0613798
-0.00628123
0.064328
-0.00804978
0.0675789
-0.00994751
0.0712178
0.0753743
-0.0119441
0.000232669
0.0137409
0.000254845
0.033939
-0.000225536
0.0474886
-0.00117934
0.0552354
-0.00243762
0.059643
-0.00387042
0.0628126
-0.00542015
0.0658777
-0.00708135
0.0692401
-0.00886758
0.073004
0.0772618
-0.0107551
0.000301513
0.0134394
0.000473346
0.0337671
0.000168545
0.0477934
-0.000638548
0.0560425
-0.00176892
0.0607733
-0.00308902
0.0641327
-0.00453048
0.0673192
-0.00608183
0.0707915
-0.00775338
0.0746756
0.0790356
-0.00952714
0.000369292
0.0130701
0.000693119
0.0334433
0.000557768
0.0479287
-7.93331e-05
0.0566796
-0.00107892
0.0617729
-0.00228242
0.0653362
-0.00361277
0.0686495
-0.00505189
0.0722306
-0.00660611
0.0762298
0.0806893
-0.00825987
0.000434317
0.0126358
0.000912229
0.0329654
0.000959166
0.0478818
0.000486411
0.0571524
-0.000369911
0.0626292
-0.00145133
0.0664176
-0.00266763
0.0698658
-0.00399209
0.0735551
-0.00542703
0.0776647
0.0822193
-0.00695701
0.00049561
0.0121402
0.00112873
0.0323323
0.0013647
0.0476458
0.00106805
0.057449
0.000359202
0.0633381
-0.000597007
0.0673738
-0.0016959
0.0709647
-0.00290308
0.0747623
-0.00421739
0.078979
0.0836229
-0.00562101
0.00055231
0.0115879
0.00134003
0.0315446
0.00177119
0.0472147
0.00166012
0.0575601
0.00110672
0.0638915
0.000280076
0.0682004
-0.000699262
0.071944
-0.00178588
0.0758489
-0.00297862
0.0801718
0.0848981
-0.00425377
0.000603494
0.0109844
0.00154341
0.0306047
0.00217545
0.0465826
0.00225939
0.0574761
0.00187063
0.0642802
0.00118207
0.068889
0.000321987
0.0728041
-0.000643798
0.0768147
-0.00171061
0.0812386
0.0860448
-0.00285731
0.00064828
0.0103361
0.0017361
0.0295168
0.00257372
0.045745
0.00286264
0.0571872
0.00264823
0.0644947
0.00210352
0.0694337
0.0013727
0.0735349
0.000525906
0.0776615
-0.000404298
0.0821688
0.0870801
-0.00143964
0.000685866
0.00965022
0.00191523
0.0282875
0.00296179
0.0446985
0.00346592
0.0566831
0.00343666
0.0645239
0.00304339
0.069827
0.00244352
0.0741348
0.0017239
0.0783811
0.000907375
0.0829853
0.0880313
-4.38139e-05
0.000715559
0.00893467
0.00207779
0.0269252
0.00333493
0.0434413
0.00406447
0.0559536
0.00423231
0.0643561
0.00399934
0.07006
0.00353514
0.074599
0.00294155
0.0789747
0.00225804
0.0836688
0.088788
0.00150133
0.000736792
0.00819787
0.00222051
0.0254415
0.00368787
0.041974
0.00465271
0.0549887
0.00503073
0.063978
0.00496844
0.0701222
0.00464617
0.0749213
0.00418284
0.079438
0.00363286
0.0842188
0.0894098
0.00301105
0.000749179
0.00744869
0.00234026
0.0238504
0.00401482
0.0402994
0.00522415
0.0537794
0.00582645
0.0633757
0.00594697
0.0700017
0.00577402
0.0750942
0.00544423
0.0797678
0.00502465
0.0846384
0.0898984
0.00453608
0.000752544
0.00669615
0.00243423
0.0221687
0.00430961
0.038424
0.0057713
0.0523177
0.00661288
0.0625342
0.00693017
0.0696844
0.00691529
0.0751091
0.00672255
0.0799605
0.00643368
0.0849272
0.0902544
0.00607765
0.000746921
0.00594923
0.00249991
0.0204158
0.00456568
0.0363582
0.0062856
0.0505978
0.00738205
0.0614377
0.00791211
0.0691544
0.00806613
0.0749551
0.00801543
0.0800112
0.00785901
0.0850837
0.0904787
0.00763471
0.000732561
0.00521667
0.00253527
0.0186131
0.00477635
0.0341172
0.00675746
0.0486167
0.00812452
0.0600706
0.00888555
0.0683933
0.00922189
0.0746188
0.00932021
0.0799129
0.00929892
0.085105
0.0905713
0.00920632
0.000709945
0.00450672
0.00253903
0.016784
0.00493508
0.0317211
0.00717636
0.0463754
0.00882922
0.0584178
0.00984152
0.067381
0.0103767
0.0740836
0.0106334
0.0796561
0.0107512
0.0849872
0.0905314
0.0107911
0.00067978
0.00382694
0.00251077
0.014953
0.00503585
0.029196
0.00753102
0.0438802
0.00948332
0.0564655
0.0107691
0.0660953
0.0115229
0.0733298
0.0119505
0.0792285
0.0122131
0.0847246
0.0903568
0.0123877
0.000642984
0.00318396
0.00245116
0.0131448
0.00507368
0.0265735
0.00780978
0.0411441
0.0100722
0.0542031
0.0116549
0.0645126
0.0126509
0.0723339
0.0132655
0.0786139
0.0136811
0.0843089
0.0900442
0.0139937
0.000600654
0.00258331
0.00236195
0.0113835
0.00504522
0.0238902
0.0080011
0.0381882
0.0105797
0.0516245
0.0124832
0.0626091
0.0137484
0.0710686
0.0145705
0.0777919
0.0151507
0.0837287
0.0895888
0.0156061
0.000554022
0.00202928
0.00224603
0.0096915
0.00494928
0.021187
0.00809436
0.0350432
0.0109882
0.0487306
0.0132351
0.0603622
0.0148002
0.0695035
0.0158553
0.0767368
0.0166156
0.0829684
0.0889833
0.0172211
0.000504402
0.00152488
0.00210729
0.00808861
0.00478739
0.0185069
0.00808084
0.0317497
0.0112796
0.0455319
0.0138893
0.0577524
0.0157873
0.0676055
0.0171064
0.0754177
0.0180679
0.0820068
0.0882171
0.0188342
0.000453123
0.00107176
0.00195036
0.00659137
0.00456409
0.0158932
0.00795492
0.0283589
0.0114358
0.042051
0.0144216
0.0547666
0.0166868
0.0653403
0.0183066
0.073798
0.0194967
0.0808167
0.0872746
0.0204392
0.000401461
0.000670298
0.00178034
0.0052125
0.0042868
0.0133867
0.00771535
0.0249303
0.0114409
0.0383255
0.014806
0.0514015
0.0174715
0.0626748
0.0194338
0.0718357
0.0208872
0.0793632
0.0220279
0.00035056
0.000319738
0.00160237
0.00396068
0.00396544
0.0110236
0.00736634
0.0215294
0.0112822
0.0344096
0.0150157
0.047668
0.0181097
0.0595808
0.0204602
0.0694853
0.000301362
1.83765e-05
0.0014213
0.00284074
0.00361149
0.00883345
0.00691812
0.0182228
0.0109533
0.0303744
0.0150253
0.043596
0.0185664
0.0560397
0.00025454
-0.000236163
0.00124129
0.00185399
0.00323691
0.00683783
0.00638651
0.0150732
0.010456
0.0263049
0.0148133
0.00021042
-0.000446584
0.00106552
0.00099889
0.00285288
0.00505048
0.00579149
0.0121346
0.000169041
-0.000615625
0.000896158
0.000271773
0.00246893
0.0034777
0.000130185
-0.000745809
0.00073439
-0.000332432
9.35368e-05
-0.000839346
-0.000819728
5.88854e-05
-0.000898232
0.0344354
-2.85206e-05
0.000948412
0.0335023
-0.00123417
0.00216733
0.0325412
-0.00366549
0.00462656
0.0315578
-0.00512973
0.00611314
0.030532
-0.00780797
0.00883376
0.0294673
-0.0093347
0.0103995
0.0283411
-0.0121517
0.0132778
0.027157
-0.0137715
0.0149557
0.0258973
-0.0168069
0.0180666
0.0245717
-0.0185431
0.0198687
0.0231827
-0.0219078
0.0232968
0.021759
-0.023587
0.0250107
0.0203343
-0.0273925
0.0288172
0.0190315
-0.0284831
0.0297858
-0.0332477
0.034744
0.0345625
0.000764349
0.0337458
-0.000417474
0.0328891
-0.00280885
0.0320014
-0.00424202
0.0310604
-0.00686699
0.030074
-0.00834823
0.029016
-0.0110936
0.0278967
-0.0126522
0.0266909
-0.0156011
0.0254204
-0.0172726
0.0240664
-0.0205539
0.0226836
-0.0222042
0.0212396
-0.0259485
0.0199048
-0.0271482
-0.0317416
0.0346843
0.00143538
0.0339808
0.000286073
0.0332252
-0.00205334
0.0324329
-0.00344968
0.0315765
-0.00601059
0.0306708
-0.00744255
0.0296836
-0.0101065
0.0286327
-0.0116013
0.0274839
-0.0144523
0.0262683
-0.0160571
0.0249497
-0.0192353
0.0236003
-0.0208548
0.022149
-0.0244972
0.0207863
-0.0257855
-0.0302298
0.0348006
0.00199017
0.034205
0.000881578
0.0335464
-0.00139473
0.0328456
-0.00274884
0.0320705
-0.0052355
0.0312427
-0.00661474
0.0303239
-0.00918769
0.0293393
-0.0106166
0.0282458
-0.0133588
0.027084
-0.0148953
0.0258009
-0.0179521
0.0244838
-0.0195377
0.0230343
-0.0230476
0.0216481
-0.0243993
-0.0286867
0.0349108
0.0024347
0.0344182
0.00137416
0.0338516
-0.000828108
0.0332379
-0.0021351
0.0325401
-0.00453772
0.0317864
-0.00586109
0.0309327
-0.00833392
0.0300113
-0.00969528
0.0289704
-0.0123178
0.02786
-0.013785
0.0266118
-0.0167039
0.0253243
-0.0182502
0.0238814
-0.0216048
0.0224744
-0.0229923
-0.0271124
0.035015
0.00277501
0.0346199
0.00176932
0.0341404
-0.000348599
0.0336091
-0.00160386
0.0329846
-0.00391318
0.0323014
-0.00517787
0.0315092
-0.00754173
0.0306478
-0.00883396
0.0296567
-0.0113267
0.0285946
-0.0127229
0.0273801
-0.0154894
0.026119
-0.0169891
0.0246852
-0.020171
0.0232609
-0.0215681
-0.0255054
0.0351131
0.00301727
0.0348095
0.00207289
0.0344121
4.8825e-05
0.0339586
-0.00115041
0.0334031
-0.00335763
0.0327864
-0.00456117
0.0320522
-0.00680752
0.0312474
-0.0080292
0.0303032
-0.0103825
0.0292859
-0.0117056
0.0281039
-0.0143074
0.0268664
-0.0157516
0.0254425
-0.0187471
0.024004
-0.0201295
-0.0238664
0.0352048
0.00316785
0.0349874
0.0022902
0.0346657
0.000370585
0.0342858
-0.000770531
0.0337948
-0.00286665
0.0332406
-0.0040069
0.0325606
-0.00612756
0.0318087
-0.00727728
0.0309085
-0.00948225
0.0299324
-0.0107295
0.0287814
-0.0131564
0.027565
-0.0145352
0.026151
-0.0173331
0.0247006
-0.0186791
-0.0221968
0.0352899
0.00323326
0.0351523
0.0024278
0.0349019
0.00062101
0.03459
-0.000458591
0.0341591
-0.00243576
0.033663
-0.00351079
0.0330335
-0.00549809
0.0323305
-0.00657433
0.0314714
-0.00862309
0.0305329
-0.00979107
0.0294111
-0.0120346
0.0282137
-0.0133378
0.0268091
-0.0159285
0.0253487
-0.0172187
-0.0204988
0.0353684
0.00322022
0.0353044
0.00249181
0.0351198
0.000805565
0.0348707
-0.000209426
0.0344952
-0.00206033
0.0340529
-0.00306844
0.0334701
-0.00491527
0.0328121
-0.00591638
0.031991
-0.007802
0.0310866
-0.00888666
0.029992
-0.01094
0.0288116
-0.0121574
0.0274157
-0.0145326
0.0259467
-0.0157498
-0.018775
0.03544
0.00313553
0.0354435
0.00248837
0.0353191
0.00092993
0.0351274
-1.77104e-05
0.0348028
-0.00173569
0.0344096
-0.00267533
0.0338696
-0.00437526
0.0332527
-0.00529941
0.0324666
-0.00701593
0.0315928
-0.00801286
0.0305232
-0.0098704
0.0293581
-0.0109923
0.0279697
-0.0131442
0.0264934
-0.0142735
-0.017028
0.0355048
0.00298609
0.0355694
0.00242377
0.0354997
0.000999637
0.0353595
0.000122472
0.0350812
-0.00145738
0.0347327
-0.00232685
0.0342316
-0.00387415
0.0336515
-0.00471936
0.0328974
-0.00626177
0.0320509
-0.00716635
0.0310039
-0.00882348
0.0298523
-0.00984063
0.0284707
-0.0117626
0.0269878
-0.0127906
-0.0152606
0.0355625
0.00277891
0.0356818
0.00230451
0.0356608
0.00102063
0.035567
0.000216309
0.03533
-0.00122045
0.0350215
-0.00201833
0.0345554
-0.00340801
0.0340082
-0.00417218
0.0332828
-0.00553634
0.0324603
-0.00634391
0.0314336
-0.00779679
0.0302938
-0.00870085
0.0289179
-0.0103867
0.0274292
-0.0113019
-0.0134757
0.0356132
0.00252104
0.0357806
0.00213716
0.0358022
0.000999011
0.0357496
0.000268858
0.035549
-0.00101981
0.0352757
-0.00174502
0.0348405
-0.00297283
0.0343222
-0.00365385
0.0336222
-0.00483636
0.0328207
-0.00554245
0.0318118
-0.00678784
0.0306823
-0.00757135
0.0293112
-0.00901563
0.0278174
-0.00980811
-0.0116757
0.0356567
0.00221963
0.0358655
0.00192844
0.0359238
0.000940661
0.0359069
0.000285738
0.0357377
-0.000850564
0.0354948
-0.00150214
0.0350865
-0.00256457
0.0345931
-0.00316037
0.0339152
-0.00415852
0.0331318
-0.00475898
0.0321381
-0.00579413
0.0310173
-0.00645058
0.0296502
-0.00764856
0.028152
-0.00830989
-0.00986341
0.0356931
0.00188188
0.0359364
0.00168515
0.0360256
0.00085148
0.0360386
0.000272683
0.0358959
-0.000707803
0.0356786
-0.00128487
0.0352932
-0.00217914
0.0348206
-0.00268777
0.0341615
-0.00349945
0.0333931
-0.00399063
0.0324122
-0.00481318
0.0312987
-0.00533711
0.0299349
-0.00628474
0.028433
-0.00680796
-0.00804107
0.0357222
0.00151503
0.0359932
0.0014141
0.0361073
0.000737452
0.0361445
0.000235446
0.0360233
-0.000586568
0.0358268
-0.00108837
0.03546
-0.00181238
0.0350044
-0.00223212
0.0343606
-0.00285573
0.0336046
-0.00323456
0.0326339
-0.00384255
0.0315264
-0.00422955
0.0301651
-0.00492351
0.0286603
-0.00530309
-0.00621097
0.035744
0.00112638
0.0360359
0.00112218
0.0361688
0.000604584
0.0362244
0.000179855
0.0361197
-0.000481897
0.0359391
-0.000907803
0.0355869
-0.00146012
0.0351443
-0.00178952
0.0345125
-0.00222395
0.0337659
-0.00248803
0.0328032
-0.00287978
0.0317003
-0.00312663
0.030341
-0.00356429
0.0288341
-0.00379612
-0.00437519
0.0357585
0.000723242
0.0360643
0.000816315
0.03621
0.000458905
0.0362781
0.000111792
0.036185
-0.000388817
0.0360155
-0.000738315
0.0356735
-0.00111812
0.0352401
-0.00135607
0.0346168
-0.00160066
0.0338772
-0.00174841
0.0329198
-0.00192239
0.0318203
-0.00202714
0.0304626
-0.00220658
0.0289544
-0.00228794
-0.00253576
0.0357656
0.0360785
0.0362309
0.0363056
0.0362191
0.0360558
0.0357199
0.0352917
0.0346733
0.0339382
0.0329837
0.0318863
0.0305297
0.029021
0.201995
-0.000191526
0.202481
-0.000485543
0.203237
-0.000756178
0.204172
-0.000935286
0.20526
-0.00108761
0.206421
-0.00116121
0.207632
-0.00121064
0.20883
-0.00119839
0.210006
-0.00117591
0.211116
-0.00111017
0.212166
-0.00104985
0.213126
-0.000959654
0.214013
-0.00088764
0.214805
-0.000791855
-0.000722764
0.215528
0.192566
-0.000373641
0.193026
-0.000945768
0.193744
-0.00147385
0.194633
-0.0018242
0.19567
-0.00212492
0.19678
-0.00227152
0.197943
-0.00237278
0.199096
-0.00235181
0.200232
-0.00231168
0.201306
-0.00218464
0.202325
-0.00206881
0.203258
-0.00189228
0.204122
-0.00175227
0.204894
-0.00156384
-0.00143015
0.205602
0.183576
-0.0005462
0.184006
-0.00137512
0.184684
-0.00215255
0.185527
-0.00266673
0.186519
-0.0031169
0.187584
-0.00333704
0.188708
-0.00349613
0.189826
-0.00347062
0.190935
-0.00342034
0.191987
-0.00323661
0.19299
-0.00307191
0.19391
-0.00281235
0.194767
-0.00260941
0.195533
-0.00232989
-0.00213455
0.196238
0.175006
-0.000709263
0.175402
-0.00177116
0.176041
-0.00279139
0.176836
-0.00346203
0.177784
-0.00406515
0.178808
-0.00436053
0.179898
-0.00458628
0.180989
-0.00456178
0.18208
-0.00451122
0.183119
-0.00427613
0.184118
-0.00407063
0.185037
-0.00373114
0.185898
-0.00347085
0.186669
-0.00310095
-0.00284783
0.187383
0.166835
-0.000862927
0.167195
-0.00213154
0.167793
-0.00338953
0.16854
-0.00420846
0.169445
-0.00496991
0.170427
-0.00534259
0.171487
-0.0056463
0.172554
-0.00562929
0.173634
-0.00559056
0.174667
-0.00531007
0.17567
-0.00507338
0.176596
-0.00465709
0.177471
-0.00434592
0.178256
-0.00388578
-0.00357911
0.178987
0.159045
-0.00100723
0.159368
-0.00245399
0.159924
-0.00394622
0.160619
-0.00490365
0.16148
-0.00583022
0.162419
-0.00628197
0.16345
-0.00667701
0.164495
-0.00667458
0.165566
-0.00666196
0.166599
-0.00634264
0.167612
-0.00608603
0.168551
-0.00559624
0.169447
-0.00524172
0.170252
-0.00469115
-0.00433569
0.171009
0.151618
-0.00114203
0.151901
-0.00273654
0.152415
-0.00446085
0.153056
-0.00554461
0.15387
-0.00664422
0.154764
-0.0071759
0.155765
-0.0076774
0.156787
-0.0076969
0.157852
-0.00772672
0.158885
-0.00737572
0.159911
-0.00711226
0.160868
-0.00655265
0.161789
-0.00616356
0.16262
-0.00552222
-0.0051235
0.163408
0.144537
-0.00126693
0.144779
-0.00297783
0.145251
-0.00493303
0.145834
-0.00612784
0.146599
-0.00740949
0.147444
-0.00802039
0.148411
-0.00864499
0.149408
-0.00869363
0.150466
-0.00878416
0.151499
-0.00840918
0.152541
-0.0081539
0.153517
-0.00752865
0.154468
-0.00711523
0.155329
-0.00638286
-0.00594736
0.156153
0.137786
-0.00138117
0.137985
-0.0031774
0.138415
-0.00536242
0.138937
-0.0066497
0.13965
-0.00812335
0.140441
-0.00881056
0.141372
-0.00957618
0.142339
-0.00966058
0.143386
-0.00983191
0.144418
-0.00944111
0.145476
-0.00921109
0.146472
-0.00852505
0.147456
-0.0080992
0.148349
-0.00727581
-0.00681111
0.149213
0.131348
-0.0014836
0.131506
-0.00333602
0.131892
-0.00574849
0.132349
-0.00710685
0.133009
-0.00878315
0.13374
-0.00954099
0.13463
-0.0104665
0.135562
-0.0105923
0.136596
-0.0108662
0.137623
-0.0104681
0.138694
-0.0102825
0.139711
-0.00954129
0.140728
-0.00911677
0.141655
-0.0082028
-0.00771781
0.142562
0.125208
-0.00157274
0.125328
-0.00345577
0.125669
-0.00609024
0.126059
-0.00749691
0.126663
-0.00938628
0.127328
-0.010206
0.128172
-0.0113112
0.129062
-0.0114822
0.130078
-0.0118819
0.131095
-0.0114852
0.132178
-0.0113656
0.133212
-0.0105756
0.134264
-0.0101682
0.135226
-0.00916473
-0.00866983
0.136178
0.119353
-0.00164697
0.119437
-0.00353998
0.119733
-0.00638604
0.120055
-0.00781898
0.120599
-0.0099301
0.121193
-0.0108004
0.121987
-0.012105
0.122828
-0.012323
0.123819
-0.0128731
0.12482
-0.0124865
0.125911
-0.0124564
0.12696
-0.0116249
0.128045
-0.0112527
0.129042
-0.0101617
-0.00966895
0.130041
0.113768
-0.00170474
0.113821
-0.00359292
0.114069
-0.00663367
0.114324
-0.00807406
0.114806
-0.0104118
0.115325
-0.0113196
0.116063
-0.0128428
0.116847
-0.013107
0.117807
-0.0138331
0.118785
-0.0134648
0.119878
-0.0135498
0.120939
-0.0126852
0.122055
-0.0123687
0.123086
-0.0111929
-0.0107164
0.124133
0.108443
-0.00174487
0.108469
-0.0036193
0.108666
-0.00683058
0.108857
-0.00826515
0.109274
-0.0108281
0.109715
-0.0117606
0.110391
-0.013519
0.11111
-0.0138264
0.112032
-0.0147546
0.112979
-0.0144122
0.114069
-0.0146399
0.115135
-0.0137513
0.11628
-0.0135135
0.117344
-0.0122571
-0.0118128
0.118441
0.103365
-0.00176678
0.103369
-0.00362376
0.103513
-0.00697446
0.103645
-0.00839692
0.103992
-0.0111754
0.104354
-0.0121225
0.104963
-0.0141279
0.10561
-0.0144739
0.106486
-0.0156302
0.107394
-0.0153198
0.108473
-0.0157194
0.109539
-0.0148171
0.110709
-0.0146836
0.111804
-0.013352
-0.0129585
0.11295
0.0985227
-0.00177064
0.0985092
-0.0036103
0.0985986
-0.0070639
0.0986769
-0.00847515
0.0989516
-0.0114502
0.0992357
-0.0124067
0.0997711
-0.0146633
0.100341
-0.0150435
0.101162
-0.0164517
0.102021
-0.0161782
0.103082
-0.0167806
0.10414
-0.0158755
0.105331
-0.0158743
0.106454
-0.0144747
-0.0141529
0.107648
0.0939069
-0.00175746
0.0938785
-0.00358193
0.0939135
-0.00709891
0.0939443
-0.00850594
0.0941432
-0.0116491
0.0943528
-0.0126163
0.094808
-0.0151184
0.0952958
-0.0155313
0.0960547
-0.0172106
0.0968542
-0.0169777
0.0978885
-0.0178149
0.0989311
-0.0169181
0.100137
-0.01708
0.101284
-0.0156217
-0.0153952
0.102526
0.0895076
-0.00172902
0.0894662
-0.00354054
0.0894485
-0.00708128
0.0894376
-0.00849495
0.0895585
-0.01177
0.0896985
-0.0127563
0.0900665
-0.0154864
0.0904707
-0.0159355
0.0911575
-0.0178973
0.0918892
-0.0177094
0.0928872
-0.0188129
0.0939047
-0.0179355
0.0951188
-0.0182941
0.0962855
-0.0167884
-0.0166836
0.0975739
0.0853152
-0.00168765
0.0852616
-0.00348695
0.085195
-0.00701461
0.0851469
-0.00844687
0.0851898
-0.0118129
0.0852656
-0.0128321
0.0855403
-0.0157611
0.0858616
-0.0162568
0.0864656
-0.0185014
0.0871218
-0.0183656
0.0880732
-0.0197644
0.089055
-0.0189173
0.0902703
-0.0195095
0.0914511
-0.0179692
-0.0180156
0.0927832
0.0813206
-0.00163604
0.0812548
-0.00342108
0.0811443
-0.00690414
0.0810625
-0.0083651
0.0810297
-0.0117801
0.0810465
-0.0128489
0.0812232
-0.0159378
0.0814641
-0.0164977
0.081974
-0.0190113
0.0825491
-0.0189407
0.0834422
-0.0206575
0.0843771
-0.0198522
0.0855856
-0.020718
0.0867738
-0.0191574
-0.0193884
0.0881465
0.0775148
-0.00157689
0.0774361
-0.00334238
0.0772881
-0.00675621
0.0771748
-0.00825179
0.0770711
-0.0116764
0.0770332
-0.012811
0.0771098
-0.0160144
0.0772737
-0.0166616
0.0776782
-0.0194158
0.0781693
-0.0194318
0.0789899
-0.021478
0.0798674
-0.0207298
0.0810602
-0.0219107
0.0822474
-0.0203446
-0.0207981
0.0836571
0.0738886
-0.00151266
0.0737967
-0.00325041
0.073618
-0.00657756
0.0734744
-0.00810814
0.0733068
-0.0115088
0.073217
-0.0127213
0.073195
-0.0159923
0.0732854
-0.016752
0.0735746
-0.019705
0.073981
-0.0198382
0.0747124
-0.0222094
0.0755236
-0.0215409
0.0766902
-0.0230774
0.0778668
-0.0215212
-0.0222408
0.0793095
0.0704335
-0.00144531
0.0703283
-0.0031452
0.0701253
-0.00637462
0.0699521
-0.00793495
0.0697295
-0.0112862
0.0695894
-0.0125811
0.069474
-0.015877
0.0694928
-0.0167708
0.0696602
-0.0198724
0.0699827
-0.0201607
0.0706066
-0.0228333
0.0713449
-0.0222792
0.0724719
-0.0242044
0.0736277
-0.0226769
-0.0237133
0.0751002
0.0671408
-0.00137619
0.0670232
-0.00302753
0.0668015
-0.00615298
0.0666001
-0.0077335
0.0663314
-0.0110175
0.0661417
-0.0123914
0.0659419
-0.0156772
0.0658893
-0.0167182
0.0659335
-0.0199166
0.0661725
-0.0203997
0.0666707
-0.0233315
0.0673327
-0.0229412
0.0684015
-0.0252732
0.0695252
-0.0238006
-0.0252167
0.0710286
0.0640026
-0.00130608
0.063874
-0.00289895
0.0636381
-0.00591709
0.0634107
-0.00750607
0.0631043
-0.0107112
0.0628664
-0.0121535
0.0625928
-0.0154036
0.062468
-0.0165933
0.0623935
-0.0198421
0.062547
-0.0205531
0.0629051
-0.0236896
0.0634903
-0.0235265
0.0644757
-0.0262586
0.0655544
-0.0248793
-0.0267588
0.0670965
0.0610111
-0.0012353
0.0608737
-0.00276156
0.0606269
-0.00567031
0.0603768
-0.007256
0.0600399
-0.0103742
0.0597568
-0.0118704
0.0594202
-0.015067
0.0592226
-0.0163957
0.059039
-0.0196585
0.0591021
-0.0206162
0.0593119
-0.0238994
0.0598208
-0.0240354
0.0606937
-0.0271315
0.0617162
-0.0259019
-0.0283444
0.0633019
0.0581593
-0.00116396
0.0580154
-0.00261769
0.0577604
-0.00541524
0.0574918
-0.00698745
0.0571301
-0.0100125
0.0568067
-0.011547
0.056417
-0.0146774
0.0561486
-0.0161273
0.0558677
-0.0193776
0.055834
-0.0205825
0.0558944
-0.0239598
0.0563216
-0.0244626
0.0570559
-0.0278658
0.0580257
-0.0268717
-0.0299485
0.0596298
0.0554407
-0.00109215
0.0552926
-0.00246958
0.0550316
-0.00515426
0.054749
-0.00670484
0.0543677
-0.00963123
0.0540105
-0.0111898
0.0535764
-0.0142433
0.0532422
-0.0157931
0.0528759
-0.0190113
0.0527404
-0.020447
0.0526555
-0.0238749
0.0529802
-0.0247873
0.0535485
-0.028434
0.0545105
-0.0278337
-0.0314971
0.056059
0.0528492
-0.00102006
0.0526989
-0.00231928
0.0524344
-0.00488981
0.0521423
-0.00641268
0.0517467
-0.00923568
0.0513627
-0.0108058
0.0508924
-0.013773
0.0505001
-0.0154008
0.0500585
-0.0185698
0.0498207
-0.0202092
0.049595
-0.0236491
0.0497855
-0.0249779
0.0501275
-0.028776
0.0511522
-0.0288583
-0.0329762
0.0526313
0.0503793
0.0502274
0.0499641
0.0496646
0.0492626
0.0488564
0.0483611
0.047916
0.0474128
0.0470723
0.04672
0.0467528
0.046794
0.0477216
0.0494893
0.214002
0.00152575
0.212539
0.00146383
0.211146
0.00139213
0.209829
0.00131784
0.208587
0.00124108
0.207425
0.00116198
0.206345
0.00108067
0.205348
0.000997255
0.204436
0.000911873
0.203611
0.000824648
0.202875
0.000735717
0.20223
0.000645218
0.201677
0.000553294
0.201217
0.00046009
0.200851
0.00036576
0.20058
0.000270453
0.200406
0.000174335
0.200329
7.75771e-05
0.200348
-1.96306e-05
-0.000117432
0.200466
0.204144
0.00298368
0.202746
0.00286193
0.201417
0.00272102
0.20016
0.00257506
0.198976
0.00242431
0.197869
0.00226904
0.196841
0.00210948
0.195892
0.00194587
0.195025
0.00177846
0.194243
0.00160749
0.193545
0.00143324
0.192934
0.00125598
0.192412
0.00107598
0.191978
0.000893539
0.191635
0.000708938
0.191383
0.000522479
0.191223
0.000334466
0.191155
0.000145216
0.19118
-4.49683e-05
-0.000235908
0.191299
0.194848
0.00437364
0.193515
0.0041945
0.19225
0.00398675
0.191053
0.00377161
0.189928
0.00354953
0.188876
0.0033209
0.187899
0.00308607
0.187
0.00284539
0.186179
0.00259919
0.185439
0.00234786
0.18478
0.00209179
0.184205
0.00183136
0.183714
0.00156699
0.183308
0.00129909
0.182989
0.00102809
0.182757
0.00075442
0.182613
0.000478525
0.182557
0.000200881
0.182591
-7.81178e-05
-0.00035821
0.182713
0.18606
0.00569625
0.184792
0.0054624
0.183589
0.00519015
0.182452
0.00490827
0.181384
0.00461743
0.180387
0.00431817
0.179462
0.00401094
0.178611
0.00369615
0.177836
0.00337427
0.177138
0.00304577
0.176519
0.00271116
0.175979
0.00237095
0.175521
0.00202567
0.175144
0.00167586
0.17485
0.00132206
0.17464
0.000964843
0.174513
0.000604774
0.174472
0.000242472
0.174515
-0.000121626
-0.000487005
0.174644
0.177731
0.00695219
0.176527
0.0066664
0.175386
0.00633196
0.174308
0.00598571
0.173297
0.00562858
0.172354
0.00526131
0.17148
0.00488441
0.170678
0.00449838
0.169949
0.00410375
0.169293
0.00370112
0.168713
0.0032911
0.16821
0.00287432
0.167784
0.00245141
0.167437
0.00202302
0.167169
0.00158983
0.166982
0.0011525
0.166875
0.000711744
0.166849
0.000268323
0.166905
-0.000177362
-0.000624496
0.167042
0.169819
0.00814204
0.168678
0.00780716
0.167597
0.00741279
0.166578
0.00700448
0.165623
0.00658349
0.164734
0.00615075
0.163912
0.00570683
0.163158
0.0052523
0.162474
0.00478776
0.161861
0.00431392
0.161321
0.00383147
0.160854
0.00334117
0.160461
0.00284374
0.160144
0.00233996
0.159904
0.00183058
0.15974
0.00131641
0.159653
0.000798249
0.159645
0.000277035
0.159714
-0.000246974
-0.000772532
0.159862
0.162284
0.00926619
0.161206
0.0088851
0.160186
0.00843307
0.159225
0.00796499
0.158326
0.00748253
0.15749
0.00698679
0.156719
0.00647844
0.156013
0.00595807
0.155374
0.00542637
0.154804
0.00488411
0.154304
0.00433212
0.153873
0.00377123
0.153515
0.00320227
0.153229
0.00262611
0.153016
0.00204362
0.152876
0.00145569
0.152811
0.000863249
0.152821
0.000267414
0.152906
-0.000331869
-0.000932726
0.153066
0.155094
0.0103249
0.154079
0.00990045
0.153119
0.00939303
0.152216
0.00886749
0.151373
0.0083259
0.15059
0.00776962
0.149869
0.00719937
0.149212
0.00661577
0.148618
0.00601956
0.148091
0.00541163
0.14763
0.00479288
0.147237
0.00416423
0.146913
0.00352662
0.146658
0.00288099
0.146473
0.00222832
0.146359
0.00156959
0.146317
0.000905851
0.146346
0.000238455
0.146447
-0.000433259
-0.00110646
0.146621
0.148219
0.0113181
0.147267
0.0108532
0.146367
0.0102927
0.145522
0.00971204
0.144735
0.0091137
0.144005
0.0084993
0.143335
0.00786964
0.142725
0.00722538
0.142177
0.0065673
0.141693
0.00589637
0.141272
0.00521357
0.140916
0.00451993
0.140626
0.00381644
0.140403
0.00310416
0.140247
0.00238414
0.14016
0.00165746
0.14014
0.000925285
0.140189
0.000189354
0.140308
-0.000552193
-0.00129492
0.140497
0.141634
0.0122457
0.140744
0.0117431
0.139905
0.0111319
0.139119
0.0104985
0.138387
0.00984585
0.13771
0.00917577
0.13709
0.0084892
0.136529
0.00778682
0.136027
0.00706948
0.135585
0.00633817
0.135205
0.005594
0.134887
0.00483805
0.134632
0.00407142
0.13444
0.00329522
0.134314
0.00251059
0.134253
0.00171873
0.134257
0.000920896
0.134327
0.000119564
0.134464
-0.000689632
-0.00149918
0.134669
0.135316
0.0131074
0.13449
0.0125697
0.133711
0.0119103
0.132983
0.0112268
0.132307
0.0105222
0.131684
0.00979888
0.131115
0.0090579
0.130602
0.00829995
0.130145
0.00752593
0.129747
0.00673688
0.129407
0.00593398
0.129126
0.00511838
0.128906
0.00429126
0.128748
0.0034538
0.128651
0.00260722
0.128617
0.0017528
0.128646
0.000891919
0.128736
2.93095e-05
0.128893
-0.000846453
-0.00172014
0.129114
0.129246
0.0139026
0.128483
0.0133323
0.127766
0.0126274
0.127096
0.0118963
0.126476
0.0111424
0.125906
0.0103684
0.125389
0.0095755
0.124924
0.00876457
0.124514
0.00793648
0.124158
0.00709233
0.123859
0.00623334
0.123617
0.00536075
0.123432
0.00447581
0.123306
0.00357977
0.123239
0.00267392
0.123232
0.00175964
0.123286
0.000838513
0.123401
-8.54981e-05
0.123577
-0.00102262
-0.0019579
0.123815
0.123405
0.0146307
0.122707
0.0140303
0.122052
0.0132824
0.121442
0.0125067
0.120878
0.0117062
0.120362
0.0108839
0.119896
0.0100417
0.11948
0.00918041
0.119116
0.00830089
0.118804
0.0074043
0.118545
0.00649188
0.118341
0.00556497
0.118192
0.00462487
0.118099
0.00367292
0.118062
0.0027105
0.118083
0.00173906
0.118161
0.000760383
0.1183
-0.000224159
0.118496
-0.0012189
-0.00221356
0.118752
0.11778
0.0152911
0.117148
0.0146626
0.116556
0.0138748
0.116005
0.0130574
0.115498
0.0122129
0.115037
0.0113451
0.114623
0.0104562
0.114256
0.00954715
0.113938
0.0086189
0.11367
0.00767255
0.113452
0.00670938
0.113286
0.0057308
0.113173
0.00473818
0.113113
0.00373293
0.113107
0.00271651
0.113156
0.00169046
0.113259
0.000656939
0.11342
-0.000385172
0.113637
-0.00143573
-0.00248715
0.11391
0.112358
0.0158827
0.111792
0.0152281
0.111264
0.0144035
0.110773
0.0135477
0.110324
0.0126622
0.109918
0.0117515
0.109555
0.0108184
0.109238
0.00986442
0.108967
0.0088902
0.108743
0.00789682
0.108566
0.00688562
0.108439
0.00585805
0.108362
0.00481558
0.108335
0.00375969
0.10836
0.00269192
0.108436
0.00161393
0.108565
0.000528491
0.108748
-0.000569054
0.108986
-0.00167325
-0.00277906
0.109278
0.107126
0.0164048
0.106628
0.0157257
0.106164
0.0148675
0.105735
0.0139769
0.105344
0.0130533
0.104993
0.0121024
0.104684
0.011128
0.104416
0.0101318
0.104192
0.00911446
0.104012
0.00807686
0.103877
0.00702037
0.103789
0.00594653
0.103747
0.00485693
0.103754
0.0037531
0.103809
0.00263666
0.103914
0.0015094
0.104067
0.000375314
0.104274
-0.000776047
0.104532
-0.0019316
-0.00308932
0.104843
0.102075
0.0168561
0.101646
0.0161541
0.101248
0.0152659
0.100881
0.0143441
0.100548
0.0133856
0.100253
0.0123972
0.0999972
0.0113843
0.0997801
0.0103489
0.0996033
0.00929132
0.0994678
0.00821237
0.0993747
0.00711339
0.0993252
0.00599604
0.0993201
0.00486202
0.0993603
0.00371296
0.0994463
0.00255061
0.0995786
0.00137714
0.0997555
0.000198387
0.099986
-0.00100656
0.100265
-0.00221099
-0.00341799
0.100594
0.0971942
0.0172357
0.0968363
0.0165121
0.0965047
0.0155976
0.0962003
0.0146484
0.0959277
0.0136583
0.0956896
0.0126353
0.0954872
0.0115867
0.095321
0.0105151
0.0951919
0.00942039
0.0951013
0.00830305
0.0950502
0.00716447
0.0950398
0.00600645
0.0950711
0.00483072
0.0951451
0.0036389
0.0952632
0.00243255
0.0954262
0.00121415
0.0956209
3.61443e-06
0.0958762
-0.00126184
0.0961762
-0.00251099
-0.00376472
0.096523
0.0924764
0.0175425
0.0921903
0.0167982
0.0919265
0.0158614
0.0916859
0.014889
0.0914738
0.0138703
0.0912935
0.0128156
0.0911457
0.0117345
0.0910309
0.0106299
0.0909501
0.0095012
0.0909046
0.00834853
0.0908957
0.0071734
0.0909243
0.00597783
0.0909913
0.00476369
0.0910975
0.00353276
0.0912431
0.00228696
0.0914279
0.00102929
0.0916691
-0.000237545
0.0919429
-0.00153562
0.0922617
-0.00282983
-0.00412819
0.0926252
0.0879137
0.0177753
0.0877006
0.0170113
0.0875055
0.0160565
0.0873296
0.0150649
0.0871792
0.0140208
0.0870575
0.0129372
0.0869653
0.0118268
0.0869026
0.0106926
0.0868707
0.00953312
0.086871
0.00834822
0.0869048
0.00713959
0.0869731
0.00590951
0.0870769
0.00465994
0.0872169
0.00339266
0.0873942
0.00210973
0.0876084
0.000815027
0.0878693
-0.00049843
0.0881672
-0.00183353
0.0885063
-0.00316887
-0.00450923
0.0888873
0.0834993
0.0179331
0.0833602
0.0171503
0.0832347
0.016182
0.0831245
0.0151751
0.0830367
0.0141086
0.0829749
0.012999
0.082939
0.0118627
0.0829291
0.0107024
0.0829468
0.00951542
0.0829937
0.00830138
0.0830709
0.00706236
0.0831795
0.00580091
0.0833205
0.004519
0.0834946
0.00321847
0.0837028
0.00190155
0.0839436
0.000574253
0.0842287
-0.000783549
0.0845498
-0.00215464
0.0849089
-0.00352791
-0.0049071
0.0853067
0.0792277
0.0180149
0.0791633
0.0172148
0.0791078
0.0162375
0.079064
0.0152189
0.0790402
0.0141323
0.0790393
0.013
0.0790605
0.0118415
0.0791043
0.0106586
0.0791724
0.00944731
0.0792665
0.00820725
0.0793879
0.00694105
0.0795373
0.00565142
0.079716
0.00434036
0.0799246
0.0030098
0.0801633
0.00166287
0.0804295
0.000308102
0.0807405
-0.00109457
0.0810845
-0.00249867
0.0814631
-0.00390648
-0.00532147
0.0818775
0.0750951
0.0180199
0.0751051
0.0172048
0.0751193
0.0162232
0.0751428
0.0151955
0.0751842
0.0140909
0.0752451
0.0129391
0.0753242
0.0117624
0.0754223
0.0105604
0.0755417
0.00932792
0.0756839
0.00806505
0.0758499
0.00677507
0.0760407
0.00546063
0.0762576
0.00412345
0.0765025
0.0027649
0.0767766
0.00138877
0.0770613
2.33798e-05
0.0774003
-0.00143355
0.0777665
-0.00286486
0.0781642
-0.00430414
-0.00575211
0.0785948
0.0710998
0.0179488
0.0711823
0.0171223
0.0712652
0.0161404
0.0713563
0.0151043
0.071464
0.0139833
0.0715873
0.0128157
0.0717249
0.0116249
0.0718782
0.010407
0.0720499
0.00915625
0.0722411
0.00787386
0.0724524
0.00656375
0.0726847
0.0052284
0.0729385
0.00386959
0.0732138
0.00248957
0.0735092
0.00109337
0.0738539
-0.000321254
0.0742108
-0.00179046
0.0745975
-0.00325157
0.0750131
-0.00471976
-0.00619741
0.0754584
0.0672415
0.0178037
0.0673927
0.0169711
0.0675423
0.0159908
0.0677014
0.0149452
0.0678757
0.013809
0.0680616
0.0126298
0.0682579
0.0114286
0.0684674
0.0101975
0.0686925
0.00893118
0.0689337
0.00763262
0.0691916
0.00630586
0.0694669
0.00495308
0.0697605
0.00357597
0.070073
0.00217715
0.0704021
0.000764187
0.0707709
-0.000689964
0.0711563
-0.0021759
0.0715654
-0.00366065
0.0719998
-0.00515421
-0.00665834
0.0724608
0.063518
0.0175877
0.0637334
0.0167557
0.0639477
0.0157765
0.0641749
0.0147179
0.0644157
0.0135683
0.0646634
0.0123821
0.0649186
0.0111734
0.0651851
0.00993095
0.0654646
0.00865169
0.065757
0.0073402
0.0660629
0.00599997
0.0663832
0.00463285
0.0667184
0.00324074
0.0670671
0.00182845
0.0674261
0.000405197
0.0678256
-0.00108952
0.0682395
-0.00258974
0.068672
-0.00409322
0.0691261
-0.00560823
-0.00713536
0.0696031
0.0599194
0.0172981
0.0601977
0.0164774
0.0604767
0.0154975
0.0607731
0.0144216
0.0610792
0.0132621
0.0613877
0.0120737
0.061702
0.010859
0.0620264
0.00960655
0.062361
0.0083171
0.0627054
0.00699584
0.0630603
0.00564509
0.0634268
0.00426635
0.063807
0.00286052
0.0642018
0.00143367
0.0645805
2.64728e-05
0.065016
-0.00152504
0.0654582
-0.0030319
0.065916
-0.00455103
0.0663921
-0.00608435
-0.00763071
0.0668874
0.0564301
0.016927
0.0567723
0.0161352
0.0571208
0.0151489
0.0574897
0.0140527
0.0578607
0.0128912
0.0582298
0.0117046
0.0586044
0.0104844
0.0589872
0.0092237
0.0593775
0.00792686
0.059775
0.0065983
0.0601802
0.00523988
0.0605927
0.00385389
0.0610096
0.00244357
0.0614268
0.00101649
0.0619001
-0.000446821
0.0623558
-0.00198071
0.062827
-0.00350313
0.0633117
-0.0050357
0.0638104
-0.0065831
-0.00814463
0.0643243
0.0530558
0.0165025
0.0534458
0.0157453
0.0538693
0.0147254
0.0543107
0.0136113
0.0547459
0.0124559
0.0551794
0.0112711
0.0556182
0.0100456
0.0560627
0.00877922
0.0565125
0.00747711
0.0569683
0.00614244
0.0574309
0.00477734
0.0579
0.00338476
0.0583722
0.00197141
0.058835
0.000553657
0.0593407
-0.000952544
0.0598412
-0.00248121
0.0603462
-0.00400814
0.0608593
-0.00554877
0.0613807
-0.00710451
-0.00867442
0.0619105
0.0497683
0.0502137
0.0507103
0.051219
0.0517308
0.0522468
0.0527653
0.0532846
0.0538047
0.0543262
0.0548497
0.0553772
0.0559089
0.0564188
0.0569676
0.0574974
0.0580254
0.0585542
0.0590844
0.0596163
0.200681
-0.000215232
0.200994
-0.000313032
0.201405
-0.000410677
0.201913
-0.000507997
0.202517
-0.000604819
0.203218
-0.000700979
0.204015
-0.000796305
0.204905
-0.000890631
-0.000983789
0.191511
-0.000427035
0.191816
-0.000618147
0.192214
-0.00080892
0.192705
-0.000999033
0.193288
-0.00118816
0.193963
-0.00137597
0.194729
-0.00156214
0.195585
-0.00174635
-0.00192828
0.182924
-0.000638521
0.183225
-0.000918782
0.183615
-0.00119853
0.184093
-0.00147729
0.184659
-0.0017546
0.185313
-0.00202997
0.186054
-0.00230295
0.186881
-0.00257306
-0.00283985
0.174858
-0.000852686
0.175158
-0.00121828
0.175542
-0.0015832
0.176012
-0.00194682
0.176566
-0.00230854
0.177204
-0.00266776
0.177925
-0.00302386
0.178728
-0.00337625
-0.00372432
0.167261
-0.00107199
0.167562
-0.00151938
0.167945
-0.00196593
0.168409
-0.0024109
0.168954
-0.00285357
0.16958
-0.00329319
0.170285
-0.00372903
0.171069
-0.00416037
-0.00458649
0.160089
-0.00129853
0.160394
-0.0018244
0.160777
-0.0023493
0.161239
-0.00287237
0.161778
-0.00339276
0.162394
-0.00390962
0.163087
-0.00442209
0.163856
-0.00492934
-0.00543053
0.153302
-0.00153411
0.153613
-0.00213536
0.153999
-0.00273554
0.15446
-0.00333368
0.154996
-0.0039288
0.155607
-0.00451995
0.156291
-0.00510618
0.157048
-0.00568652
-0.00626004
0.146867
-0.00178028
0.147185
-0.002454
0.147577
-0.00312657
0.14804
-0.00379692
0.148575
-0.00446398
0.149182
-0.00512669
0.149859
-0.00578399
0.150608
-0.00643483
-0.00707816
0.140755
-0.00203838
0.141083
-0.0027818
0.14148
-0.00352404
0.141947
-0.00426392
0.142483
-0.00500029
0.143089
-0.00573199
0.143763
-0.00645786
0.144504
-0.00717677
-0.00788758
0.13494
-0.00230957
0.135278
-0.00312003
0.135683
-0.00392933
0.136156
-0.00473621
0.136695
-0.0055394
0.1373
-0.00633767
0.137972
-0.00712978
0.13871
-0.00791449
-0.0086906
0.129399
-0.00259486
0.129749
-0.0034698
0.130164
-0.00434365
0.130642
-0.00521507
0.131186
-0.00608271
0.131793
-0.00694525
0.132465
-0.00780138
0.1332
-0.00864977
0.124114
-0.00289455
0.124476
-0.00383166
0.1249
-0.00476778
0.125387
-0.00570146
0.125935
-0.00663132
0.126546
-0.00755596
0.127219
-0.008474
-0.00938406
0.119067
-0.00320969
0.119442
-0.00420646
0.119876
-0.00520243
0.120371
-0.00619611
0.120926
-0.00718601
0.12154
-0.00817066
0.122215
-0.00914861
-0.0101184
0.114241
-0.0035404
0.114629
-0.00459459
0.115075
-0.00564821
0.115579
-0.00669969
0.11614
-0.0077475
0.11676
-0.00879011
0.117437
-0.009826
-0.0108537
0.109625
-0.00388703
0.110026
-0.00499631
0.110483
-0.00610531
0.110996
-0.00721243
0.111565
-0.00831606
0.112189
-0.00941463
0.11287
-0.0105066
-0.0115903
0.105205
-0.00424961
0.10562
-0.00541165
0.106089
-0.00657382
0.106611
-0.00773443
0.107187
-0.0088918
0.107816
-0.0100443
0.1085
-0.0111904
-0.0123284
0.100973
-0.00462808
0.101401
-0.00584053
0.101881
-0.00705359
0.102412
-0.00826548
0.102995
-0.0094745
0.10363
-0.010679
0.104317
-0.0118773
-0.0130677
0.0969172
-0.00502233
0.0973595
-0.0062828
0.0978503
-0.0075444
0.0983901
-0.00880532
0.0989795
-0.0100638
0.0996187
-0.0113182
0.100308
-0.0125667
-0.0138077
0.0930338
-0.00543091
0.0934881
-0.00673717
0.0939889
-0.00804515
0.0945365
-0.00935298
0.0951316
-0.0106589
0.0957744
-0.0119611
0.0964656
-0.0132579
-0.0145475
0.0893109
-0.00585446
0.0897776
-0.00720389
0.0902882
-0.00855571
0.0908432
-0.00990802
0.0914433
-0.011259
0.092089
-0.0126068
0.0927809
-0.0139497
-0.015286
0.0857443
-0.00629206
0.0862225
-0.00768204
0.0867419
-0.00907517
0.0873034
-0.0104695
0.0879075
-0.0118631
0.088555
-0.0132543
0.0892464
-0.0146411
-0.0160219
0.0823287
-0.00674329
0.0828177
-0.00817101
0.0833452
-0.00960269
0.0839121
-0.0110364
0.0845191
-0.0124702
0.0851671
-0.0139022
0.0858568
-0.0153308
-0.0167541
0.0790592
-0.00720771
0.0795584
-0.00867012
0.0800931
-0.0101375
0.0806645
-0.0116077
0.0812733
-0.013079
0.0819205
-0.0145495
0.0826071
-0.0160174
-0.017481
0.0759345
-0.00768385
0.0764426
-0.00917814
0.0769835
-0.0106784
0.0775583
-0.0121825
0.078168
-0.0136887
0.0788136
-0.0151951
0.0794962
-0.0167
-0.0182015
0.0729492
-0.00817231
0.0734664
-0.00969527
0.0740133
-0.0112253
0.0745914
-0.0127606
0.0752018
-0.0142991
0.0758456
-0.0158389
0.076524
-0.0173784
-0.0189154
0.0701042
-0.00867348
0.0706308
-0.0102218
0.0711841
-0.0117786
0.0717654
-0.0133419
0.0723758
-0.0149095
0.0730165
-0.0164796
0.0736883
-0.0180502
-0.019619
0.0674031
-0.00918914
0.0679403
-0.0107591
0.0685002
-0.0123385
0.0690837
-0.0139253
0.0696915
-0.0155173
0.070324
-0.0171122
0.0709814
-0.0187076
-0.020301
0.0648541
-0.00971896
0.0654004
-0.0113053
0.0659635
-0.0129016
0.0665435
-0.0145054
0.0671404
-0.0161142
0.0677537
-0.0177254
0.0683822
-0.0193361
-0.0209428
0.0624489
-0.0102574
0.062996
-0.0118524
0.0635518
-0.0134574
0.064116
-0.0150696
0.0646879
-0.0166861
0.0652661
-0.0183036
0.0658483
-0.0199182
-0.0215247
0.0601501
0.0606854
0.0612217
0.0617582
0.0622932
0.0628238
0.0633448
)
;

boundaryField
{
    inlet
    {
        type            calculated;
        value           nonuniform List<scalar> 
50
(
-0.0353553
-0.0353553
-0.0353553
-0.0353553
-0.0353553
-0.0353553
-0.0353553
-0.0353553
-0.0353553
-0.0353553
-0.0353553
-0.0353553
-0.0353553
-0.0353553
-0.0353553
-0.0353553
-0.0353553
-0.0353553
-0.0353553
-0.0353553
-0.201804
-0.192384
-0.183404
-0.174843
-0.166681
-0.158901
-0.151483
-0.144412
-0.137671
-0.131245
-0.125119
-0.119278
-0.113711
-0.108403
-0.103343
-0.0985188
-0.0939201
-0.089536
-0.0853566
-0.0813723
-0.0775739
-0.0739529
-0.0705008
-0.06721
-0.0640727
-0.0610819
-0.0582306
-0.0555125
-0.0529213
-0.050451
)
;
    }
    outlet
    {
        type            calculated;
        value           nonuniform 0();
    }
    cylinder
    {
        type            calculated;
        value           uniform 0;
    }
    top
    {
        type            symmetryPlane;
        value           nonuniform 0();
    }
    bottom
    {
        type            symmetryPlane;
        value           uniform 0;
    }
    defaultFaces
    {
        type            empty;
        value           nonuniform 0();
    }
    procBoundary0to1
    {
        type            processor;
        value           nonuniform List<scalar> 
50
(
0.0861339
0.0222198
0.0776036
0.0213519
0.0666998
0.0392387
0.0188041
0.0520489
0.00980194
0.0222944
0.00515491
0.0094486
0.00209248
0.00211962
0.000580832
0.000436049
-0.00119689
2.63587e-05
-0.00092459
0.205889
0.19653
0.187792
0.179612
0.171931
0.1647
0.157877
0.151426
0.145314
0.139513
0.133999
-0.00948913
0.127953
0.122949
0.118172
0.113606
0.109238
0.105056
0.101048
0.0972054
0.0935193
0.0899824
0.0865889
0.083334
0.0802167
0.0772379
0.074392
0.0716633
0.0690241
0.0664301
0.063848
)
;
    }
    procBoundary0to2
    {
        type            processor;
        value           nonuniform List<scalar> 
26
(
0.000970956
0.00192616
0.00233776
-0.00552898
-0.00023477
-0.000274636
-0.000313557
-0.00035692
-0.000404877
-0.000457196
-0.000513503
0.000312952
0.000503435
0.000306502
3.70832e-05
-0.0003023
-0.00057504
-0.000782167
-0.000927873
-0.000982332
-0.00101323
-0.000967946
-0.000929698
-0.000849969
-0.000779295
-0.000694789
)
;
    }
}


// ************************************************************************* //
